1 0.7526470588235294 0.8606818181818182 0.05 0.04045454545454545
1 0.8411764705882353 0.9381818181818182 0.04470588235294118 0.06
1 0.5579411764705883 0.5681818181818182 0.1111764705882353 0.03636363636363636
1 0.41294117647058826 0.9270454545454545 0.04941176470588235 0.03681818181818182
1 0.3573529411764706 0.6120454545454546 0.10294117647058823 0.03409090909090909
1 0.43441176470588233 0.40863636363636363 0.21470588235294116 0.03909090909090909
1 0.38823529411764707 0.45204545454545453 0.1388235294117647 0.03681818181818182
1 0.42323529411764704 0.7225 0.23588235294117646 0.03954545454545454
1 0.30470588235294116 0.032045454545454544 0.042352941176470586 0.026818181818181817
1 0.10705882352941176 0.6795454545454546 0.08705882352941176 0.03636363636363636
1 0.10147058823529412 0.4465909090909091 0.0888235294117647 0.03681818181818182
1 0.1561764705882353 0.9240909090909091 0.05823529411764706 0.04
1 0.8573529411764705 0.41363636363636364 0.10058823529411764 0.04
1 0.3332352941176471 0.9275 0.060588235294117644 0.03772727272727273
1 0.15411764705882353 0.8579545454545454 0.04941176470588235 0.038636363636363635
1 0.3991176470588235 0.5663636363636364 0.17352941176470588 0.03909090909090909
1 0.09911764705882353 0.5231818181818182 0.08411764705882353 0.034545454545454546
1 0.6179411764705882 0.7277272727272728 0.11588235294117646 0.03909090909090909
1 0.24205882352941177 0.8590909090909091 0.04764705882352941 0.03909090909090909
1 0.24205882352941177 0.9243181818181818 0.051176470588235295 0.03954545454545454
1 0.3723529411764706 0.7727272727272727 0.1376470588235294 0.03363636363636364
1 0.7558823529411764 0.9265909090909091 0.05764705882352941 0.03954545454545454
1 0.1111764705882353 0.36704545454545456 0.10352941176470588 0.03772727272727273
1 0.5011764705882353 0.7727272727272727 0.07764705882352942 0.03090909090909091
1 0.6817647058823529 0.4125 0.2447058823529412 0.04318181818181818
1 0.41205882352941176 0.8590909090909091 0.04294117647058823 0.03909090909090909
1 0.5879411764705882 0.9261363636363636 0.05823529411764706 0.04045454545454545
1 0.4514705882352941 0.6120454545454546 0.07588235294117647 0.031363636363636364
1 0.5885294117647059 0.8577272727272728 0.05588235294117647 0.04090909090909091
1 0.10205882352941177 0.4025 0.09352941176470589 0.03681818181818182
1 0.10088235294117646 0.565 0.0888235294117647 0.03636363636363636
1 0.5661764705882353 0.03681818181818182 0.10647058823529412 0.02181818181818182
1 0.5011764705882353 0.9272727272727272 0.052941176470588235 0.038181818181818185
1 0.85 0.865 0.04941176470588235 0.03727272727272727
1 0.6673529411764706 0.8581818181818182 0.04764705882352941 0.04181818181818182
1 0.10588235294117647 0.7656818181818181 0.08705882352941176 0.03590909090909091
1 0.10735294117647058 0.7243181818181819 0.08647058823529412 0.03681818181818182
1 0.5379411764705883 0.45431818181818184 0.12176470588235294 0.03409090909090909
1 0.49823529411764705 0.860909090909091 0.042352941176470586 0.042727272727272725
1 0.6355882352941177 0.4556818181818182 0.07 0.03227272727272727
1 0.10352941176470588 0.6054545454545455 0.08588235294117647 0.03727272727272727
1 0.6744117647058824 0.9256818181818182 0.05235294117647059 0.04045454545454545
1 0.3270588235294118 0.86 0.04352941176470588 0.04