1 0.4279411764705882 0.6836363636363636 0.2535294117647059 0.031818181818181815
1 0.7597058823529412 0.8631818181818182 0.06764705882352941 0.038181818181818185
1 0.8438235294117648 0.9302272727272727 0.06294117647058824 0.038636363636363635
1 0.5779411764705882 0.5713636363636364 0.1476470588235294 0.034545454545454546
1 0.41352941176470587 0.9270454545454545 0.06588235294117648 0.03772727272727273
1 0.8408823529411765 0.8627272727272727 0.05823529411764706 0.038181818181818185
1 0.37970588235294117 0.6138636363636364 0.14176470588235293 0.031363636363636364
1 0.6820588235294117 0.7743181818181818 0.03 0.030454545454545453
1 0.4223529411764706 0.4531818181818182 0.19647058823529412 0.03636363636363636
1 0.4108823529411765 0.7288636363636364 0.21941176470588236 0.031363636363636364
1 0.10705882352941176 0.6795454545454546 0.0811764705882353 0.034545454545454546
1 0.7182352941176471 0.7325 0.02588235294117647 0.031363636363636364
1 0.10176470588235294 0.4445454545454545 0.07294117647058823 0.035454545454545454
1 0.6073529411764705 0.7311363636363636 0.15823529411764706 0.03227272727272727
1 0.155 0.9236363636363636 0.061764705882352944 0.03909090909090909
1 0.7976470588235294 0.7313636363636363 0.11176470588235295 0.02909090909090909
1 0.3276470588235294 0.9256818181818182 0.06941176470588235 0.03772727272727273
1 0.15588235294117647 0.8554545454545455 0.06470588235294118 0.03272727272727273
1 0.4329411764705882 0.5297727272727273 0.25058823529411767 0.02772727272727273
1 0.10941176470588235 0.5195454545454545 0.08588235294117647 0.034545454545454546
1 0.2388235294117647 0.8575 0.05058823529411765 0.03590909090909091
1 0.2411764705882353 0.9236363636363636 0.05529411764705883 0.03636363636363636
1 0.4052941176470588 0.7709090909090909 0.20352941176470588 0.03
1 0.7602941176470588 0.9272727272727272 0.06411764705882353 0.038181818181818185
1 0.10058823529411764 0.36318181818181816 0.06705882352941177 0.03363636363636364
1 0.5938235294117648 0.7738636363636363 0.13 0.029545454545454545
1 0.6685294117647059 0.571590909090909 0.028823529411764706 0.031363636363636364
1 0.4555882352941176 0.41045454545454546 0.2782352941176471 0.03909090909090909
1 0.41411764705882353 0.860909090909091 0.06 0.03272727272727273
1 0.5829411764705882 0.9304545454545454 0.05764705882352941 0.04
1 0.10441176470588236 0.5659090909090909 0.08176470588235295 0.035454545454545454
1 0.5208823529411765 0.6140909090909091 0.10647058823529412 0.031818181818181815
1 0.5855882352941176 0.8615909090909091 0.05588235294117647 0.03318181818181818
1 0.10323529411764706 0.4034090909090909 0.07352941176470588 0.035
1 0.6464705882352941 0.6156818181818182 0.08588235294117647 0.03318181818181818
1 0.576764705882353 0.04022727272727273 0.11823529411764706 0.02409090909090909
1 0.7461764705882353 0.5729545454545455 0.11941176470588236 0.03318181818181818
1 0.7594117647058823 0.7752272727272728 0.09529411764705882 0.031363636363636364
1 0.4961764705882353 0.9259090909090909 0.06294117647058824 0.03727272727272727
1 0.825 0.6904545454545454 0.12529411764705883 0.02909090909090909
1 0.6702941176470588 0.8611363636363636 0.057058823529411766 0.03409090909090909
1 0.4032352941176471 0.5695454545454546 0.1888235294117647 0.03636363636363636
1 0.10235294117647059 0.7636363636363637 0.07882352941176471 0.034545454545454546
1 0.10529411764705883 0.7195454545454546 0.08470588235294117 0.035454545454545454
1 0.5032352941176471 0.8602272727272727 0.06529411764705882 0.03409090909090909
1 0.6570588235294118 0.5322727272727272 0.16823529411764707 0.028181818181818183
1 0.8158823529411765 0.5329545454545455 0.1188235294117647 0.030454545454545453
1 0.6355882352941177 0.6872727272727273 0.15235294117647058 0.03272727272727273
1 0.4461764705882353 0.3679545454545455 0.2488235294117647 0.03772727272727273
1 0.10764705882352942 0.6034090909090909 0.08823529411764706 0.03590909090909091
1 0.6744117647058824 0.9306818181818182 0.0711764705882353 0.038636363636363635
1 0.32529411764705884 0.8584090909090909 0.052941176470588235 0.03954545454545454
1 0.7376470588235294 0.6952272727272727 0.024705882352941175 0.03590909090909091
1 0.2961764705882353 0.03409090909090909 0.04294117647058823 0.022727272727272728
1 0.5864705882352941 0.6254545454545455 0.02235294117647059 0.03