1 0.4052941176470588 0.69 0.18 0.03636363636363636
1 0.591764705882353 0.6854545454545454 0.13294117647058823 0.035454545454545454
1 0.7711764705882352 0.8595454545454545 0.06 0.03727272727272727
1 0.8544117647058823 0.9265909090909091 0.06294117647058824 0.03681818181818182
1 0.6514705882352941 0.5645454545454546 0.18529411764705883 0.03727272727272727
1 0.5579411764705883 0.6215909090909091 0.11705882352941177 0.04318181818181818
1 0.4238235294117647 0.9272727272727272 0.05235294117647059 0.035454545454545454
1 0.8544117647058823 0.8606818181818182 0.06294117647058824 0.038636363636363635
1 0.3982352941176471 0.6177272727272727 0.16470588235294117 0.04727272727272727
1 0.6929411764705883 0.7225 0.1988235294117647 0.03772727272727273
1 0.4026470588235294 0.4590909090909091 0.1676470588235294 0.035454545454545454
1 0.45029411764705884 0.7254545454545455 0.2676470588235294 0.03727272727272727
1 0.7958823529411765 0.5315909090909091 0.11176470588235295 0.03772727272727273
1 0.10823529411764705 0.6872727272727273 0.06941176470588235 0.034545454545454546
1 0.11352941176470588 0.4506818181818182 0.07411764705882352 0.035
1 0.12558823529411764 0.37022727272727274 0.07352941176470588 0.03318181818181818
1 0.1652941176470588 0.9302272727272727 0.05647058823529412 0.03681818181818182
1 0.3382352941176471 0.9290909090909091 0.052941176470588235 0.034545454545454546
1 0.16117647058823528 0.8586363636363636 0.04352941176470588 0.03636363636363636
1 0.4076470588235294 0.5243181818181818 0.18705882352941178 0.03772727272727273
1 0.10617647058823529 0.5252272727272728 0.06529411764705882 0.03409090909090909
1 0.6379411764705882 0.6213636363636363 0.026470588235294117 0.03363636363636364
1 0.2461764705882353 0.8602272727272727 0.04411764705882353 0.03590909090909091
1 0.2535294117647059 0.928409090909091 0.0611764705882353 0.03590909090909091
1 0.38735294117647057 0.7727272727272727 0.15 0.034545454545454546
1 0.7685294117647059 0.9288636363636363 0.060588235294117644 0.03681818181818182
1 0.28441176470588236 0.03681818181818182 0.04176470588235294 0.024545454545454544
1 0.5514705882352942 0.7727272727272727 0.12411764705882353 0.03272727272727273
1 0.7147058823529412 0.46090909090909093 0.08352941176470588 0.031818181818181815
1 0.7002941176470588 0.3740909090909091 0.03823529411764706 0.03272727272727273
1 0.6155882352941177 0.4088636363636364 0.19 0.03772727272727273
1 0.4244117647058824 0.8625 0.051176470588235295 0.03590909090909091
1 0.5994117647058823 0.9277272727272727 0.05529411764705883 0.035454545454545454
1 0.6061764705882353 0.5281818181818182 0.14294117647058824 0.038181818181818185
1 0.43529411764705883 0.5686363636363636 0.24588235294117647 0.03636363636363636
1 0.5935294117647059 0.8613636363636363 0.04941176470588235 0.03636363636363636
1 0.5602941176470588 0.03681818181818182 0.10764705882352942 0.023636363636363636
1 0.6444117647058824 0.4656818181818182 0.03 0.03318181818181818
1 0.5073529411764706 0.9295454545454546 0.05235294117647059 0.03636363636363636
1 0.6844117647058824 0.8611363636363636 0.060588235294117644 0.03681818181818182
1 0.5902941176470589 0.3734090909090909 0.1535294117647059 0.03681818181818182
1 0.8091176470588235 0.37318181818181817 0.1323529411764706 0.03636363636363636
1 0.8385294117647059 0.5684090909090909 0.09705882352941177 0.03590909090909091
1 0.11294117647058824 0.7725 0.07529411764705882 0.03318181818181818
1 0.1126470588235294 0.725909090909091 0.07823529411764706 0.034545454545454546
1 0.7305882352941176 0.4072727272727273 0.03294117647058824 0.03363636363636364
1 0.5573529411764706 0.4577272727272727 0.10764705882352942 0.03363636363636364
1 0.5067647058823529 0.8636363636363636 0.051176470588235295 0.03909090909090909
1 0.8135294117647058 0.4081818181818182 0.11176470588235295 0.035454545454545454
1 0.40058823529411763 0.3693181818181818 0.18941176470588236 0.03681818181818182
1 0.10205882352941177 0.6093181818181819 0.06529411764705882 0.035
1 0.6820588235294117 0.9263636363636364 0.054705882352941174 0.03636363636363636
1 0.335 0.8611363636363636 0.05 0.03590909090909091
1 0.7085294117647059 0.6177272727272727 0.08294117647058824 0.03090909090909091
1 0.4161764705882353 0.4102272727272727 0.20411764705882354 0.035
1 0.12264705882352941 0.4109090909090909 0.06647058823529411 0.026363636363636363
1 0.09941176470588235 0.5709090909090909 0.07058823529411765 0.03363636363636364
1 0.711764705882353 0.5395454545454546 0.05529411764705883 0.03272727272727273
1 0.7723529411764706 0.5663636363636364 0.04352941176470588 0.02909090909090909