1 0.43176470588235294 0.6845454545454546 0.2647058823529412 0.04
1 0.7567647058823529 0.86 0.05 0.04090909090909091
1 0.8461764705882353 0.9275 0.06294117647058824 0.04045454545454545
1 0.6026470588235294 0.6138636363636364 0.15588235294117647 0.03590909090909091
1 0.4126470588235294 0.9288636363636363 0.061764705882352944 0.03772727272727273
1 0.43441176470588233 0.5690909090909091 0.27 0.03727272727272727
1 0.8711764705882353 0.7315909090909091 0.1188235294117647 0.038636363636363635
1 0.405 0.6077272727272728 0.20411764705882354 0.038181818181818185
1 0.42911764705882355 0.4106818181818182 0.25470588235294117 0.041363636363636366
1 0.7320588235294118 0.7722727272727272 0.11588235294117646 0.03363636363636364
1 0.3997058823529412 0.45840909090909093 0.20411764705882354 0.03681818181818182
1 0.44058823529411767 0.7245454545454545 0.2776470588235294 0.04
1 0.41352941176470587 0.3665909090909091 0.22705882352941176 0.038636363636363635
1 0.8041176470588235 0.53 0.03882352941176471 0.03363636363636364
1 0.12264705882352941 0.6802272727272727 0.08176470588235295 0.035
1 0.8844117647058823 0.5334090909090909 0.09823529411764706 0.03681818181818182
1 0.7991176470588235 0.5729545454545455 0.03705882352941176 0.03590909090909091
1 0.10676470588235294 0.36704545454545456 0.08411764705882353 0.035
1 0.10294117647058823 0.4481818181818182 0.08705882352941176 0.03727272727272727
1 0.6711764705882353 0.7295454545454545 0.17176470588235293 0.03909090909090909
1 0.15764705882352942 0.9240909090909091 0.07176470588235294 0.04
1 0.33029411764705885 0.9256818181818182 0.060588235294117644 0.03954545454545454
1 0.1588235294117647 0.8565909090909091 0.06588235294117648 0.041363636363636366
1 0.7617647058823529 0.6163636363636363 0.07764705882352942 0.031818181818181815
1 0.43558823529411766 0.5238636363636363 0.26294117647058823 0.04045454545454545
1 0.11176470588235295 0.5202272727272728 0.07764705882352942 0.03772727272727273
1 0.7026470588235294 0.6170454545454546 0.027647058823529413 0.035
1 0.2447058823529412 0.8584090909090909 0.06705882352941177 0.041363636363636366
1 0.24441176470588236 0.9236363636363636 0.06294117647058824 0.038181818181818185
1 0.3820588235294118 0.77 0.16411764705882353 0.03636363636363636
1 0.7602941176470588 0.9272727272727272 0.057058823529411766 0.04
1 0.5535294117647059 0.7754545454545455 0.13176470588235295 0.03363636363636364
1 0.7064705882352941 0.4575 0.03411764705882353 0.03590909090909091
1 0.415 0.86 0.06411764705882353 0.04181818181818182
1 0.5870588235294117 0.9290909090909091 0.06235294117647059 0.03909090909090909
1 0.6788235294117647 0.5256818181818181 0.19411764705882353 0.041363636363636366
1 0.5902941176470589 0.8602272727272727 0.0688235294117647 0.04045454545454545
1 0.10705882352941176 0.40863636363636363 0.08588235294117647 0.03727272727272727
1 0.11058823529411765 0.5661363636363637 0.07764705882352942 0.038636363636363635
1 0.6702941176470588 0.5702272727272727 0.20058823529411765 0.04045454545454545
1 0.5747058823529412 0.03681818181818182 0.10705882352941176 0.023636363636363636
1 0.7852941176470588 0.4572727272727273 0.08705882352941176 0.03363636363636364
1 0.5008823529411764 0.9286363636363636 0.06411764705882353 0.038181818181818185
1 0.8705882352941177 0.6881818181818182 0.11764705882352941 0.03909090909090909
1 0.8802941176470588 0.37068181818181817 0.11470588235294117 0.038636363636363635
1 0.8844117647058823 0.571590909090909 0.10764705882352942 0.04045454545454545
1 0.12441176470588235 0.7645454545454545 0.08647058823529412 0.03636363636363636
1 0.12352941176470589 0.7256818181818182 0.0811764705882353 0.03590909090909091
1 0.7070588235294117 0.4097727272727273 0.26235294117647057 0.04318181818181818
1 0.5941176470588235 0.45636363636363636 0.18588235294117647 0.03727272727272727
1 0.6497058823529411 0.7763636363636364 0.033529411764705884 0.034545454545454546
1 0.5038235294117647 0.8588636363636364 0.06764705882352941 0.042272727272727274
1 0.8644117647058823 0.4143181818181818 0.05 0.03318181818181818
1 0.6808823529411765 0.6836363636363636 0.17588235294117646 0.03909090909090909
1 0.10588235294117647 0.605 0.08235294117647059 0.04
1 0.6752941176470588 0.9265909090909091 0.07176470588235294 0.03954545454545454
1 0.6585294117647059 0.3729545454545454 0.2076470588235294 0.041363636363636366
1 0.3291176470588235 0.8579545454545454 0.06529411764705882 0.041363636363636366
1 0.7911764705882353 0.6897727272727273 0.041176470588235294 0.035
1 0.8497058823529412 0.8634090909090909 0.0711764705882353 0.03954545454545454
1 0.2908823529411765 0.0375 0.039411764705882354 0.019545454545454546
1 0.6697058823529412 0.8647727272727272 0.07235294117647059 0.042272727272727274
1 0.9247058823529412 0.41409090909090907 0.07058823529411765 0.04
1 0.7923529411764706 0.725909090909091 0.03764705882352941 0.04363636363636364
1 0.7979411764705883 0.3693181818181818 0.06294117647058824 0.03772727272727273