1 0.7567647058823529 0.8575 0.05352941176470588 0.038636363636363635
1 0.8373529411764706 0.9297727272727273 0.04294117647058823 0.03954545454545454
1 0.40294117647058825 0.9259090909090909 0.047058823529411764 0.038181818181818185
1 0.5373529411764706 0.5215909090909091 0.11352941176470588 0.035
1 0.8391176470588235 0.8556818181818182 0.05235294117647059 0.041363636363636366
1 0.6729411764705883 0.8565909090909091 0.05176470588235294 0.04045454545454545
1 0.38529411764705884 0.3663636363636364 0.15058823529411763 0.03636363636363636
1 0.6626470588235294 0.6759090909090909 0.07941176470588235 0.03727272727272727
1 0.43911764705882356 0.72 0.27705882352941175 0.035454545454545454
1 0.3773529411764706 0.4515909090909091 0.1511764705882353 0.03681818181818182
1 0.09294117647058824 0.6813636363636364 0.07529411764705882 0.03636363636363636
1 0.09264705882352942 0.45045454545454544 0.07352941176470588 0.035454545454545454
1 0.49970588235294117 0.8577272727272728 0.054705882352941174 0.04
1 0.668235294117647 0.7227272727272728 0.1635294117647059 0.03636363636363636
1 0.14823529411764705 0.9220454545454545 0.05411764705882353 0.041363636363636366
1 0.8582352941176471 0.5663636363636364 0.13058823529411764 0.04
1 0.3220588235294118 0.9256818181818182 0.0488235294117647 0.03772727272727273
1 0.14294117647058824 0.8572727272727273 0.04352941176470588 0.038181818181818185
1 0.3841176470588235 0.5213636363636364 0.16705882352941176 0.03363636363636364
1 0.0961764705882353 0.5211363636363636 0.07588235294117647 0.03409090909090909
1 0.23470588235294118 0.8577272727272728 0.04588235294117647 0.03727272727272727
1 0.23529411764705882 0.9259090909090909 0.04470588235294118 0.03636363636363636
1 0.3708823529411765 0.769090909090909 0.13 0.023636363636363636
1 0.7494117647058823 0.9256818181818182 0.05058823529411765 0.03954545454545454
1 0.09794117647058824 0.36477272727272725 0.0711764705882353 0.03409090909090909
1 0.6494117647058824 0.36772727272727274 0.07294117647058823 0.02909090909090909
1 0.5605882352941176 0.45181818181818184 0.024705882352941175 0.035454545454545454
1 0.5270588235294118 0.3675 0.10705882352941176 0.03590909090909091
1 0.40294117647058825 0.8579545454545454 0.04588235294117647 0.03954545454545454
1 0.5805882352941176 0.8588636363636364 0.04470588235294118 0.03954545454545454
1 0.09176470588235294 0.4047727272727273 0.07411764705882352 0.035
1 0.09705882352941177 0.5652272727272727 0.07882352941176471 0.03409090909090909
1 0.6517647058823529 0.5652272727272727 0.17058823529411765 0.03772727272727273
1 0.548235294117647 0.04022727272727273 0.08588235294117647 0.021363636363636362
1 0.8470588235294118 0.7234090909090909 0.11411764705882353 0.030454545454545453
1 0.4929411764705882 0.9277272727272727 0.05176470588235294 0.03636363636363636
1 0.4244117647058824 0.5670454545454545 0.23823529411764705 0.03772727272727273
1 0.09647058823529411 0.7668181818181818 0.07411764705882352 0.03636363636363636
1 0.09411764705882353 0.7238636363636364 0.07647058823529412 0.03590909090909091
1 0.6841176470588235 0.5238636363636363 0.07058823529411765 0.031363636363636364
1 0.6097058823529412 0.678409090909091 0.033529411764705884 0.03590909090909091
1 0.51 0.6084090909090909 0.02823529411764706 0.03681818181818182
1 0.10058823529411764 0.6063636363636363 0.08588235294117647 0.035454545454545454
1 0.6617647058823529 0.9247727272727273 0.04941176470588235 0.04045454545454545
1 0.32382352941176473 0.8570454545454546 0.051176470588235295 0.03681818181818182
1 0.265 0.03613636363636363 0.027647058823529413 0.018636363636363635
1 0.30941176470588233 0.03568181818181818 0.05058823529411765 0.019545454545454546
1 0.5985294117647059 0.37795454545454543 0.026470588235294117 0.031363636363636364
1 0.3841176470588235 0.39795454545454545 0.17411764705882352 0.02409090909090909
1 0.5261764705882352 0.40045454545454545 0.09823529411764706 0.023636363636363636
1 0.5908823529411765 0.4 0.026470588235294117 0.022727272727272728
1 0.6452941176470588 0.4015909090909091 0.06705882352941177 0.021363636363636362
1 0.6038235294117648 0.45136363636363636 0.05 0.019090909090909092
1 0.5023529411764706 0.4506818181818182 0.08941176470588236 0.022272727272727274
1 0.6223529411764706 0.5231818181818182 0.03176470588235294 0.024545454545454544
1 0.7647058823529411 0.5652272727272727 0.03294117647058824 0.038636363636363635
1 0.5511764705882353 0.61 0.04823529411764706 0.016363636363636365
1 0.4585294117647059 0.610909090909091 0.07588235294117647 0.02181818181818182
1 0.355 0.6111363636363636 0.1111764705882353 0.02409090909090909
1 0.3855882352941176 0.6731818181818182 0.1652941176470588 0.025454545454545455
1 0.5344117647058824 0.6765909090909091 0.10882352941176471 0.028636363636363637
1 0.7714705882352941 0.7256818181818182 0.031176470588235295 0.03227272727272727
1 0.47411764705882353 0.7697727272727273 0.06588235294117648 0.017727272727272727
1 0.5188235294117647 0.7679545454545454 0.01647058823529412 0.017727272727272727
1 0.5552941176470588 0.765 0.05058823529411765 0.015454545454545455
1 0.5735294117647058 0.9268181818181818 0.04470588235294118 0.03909090909090909