1 0.8444117647058823 0.8631818181818182 0.06529411764705882 0.03909090909090909
1 0.8526470588235294 0.9272727272727272 0.07235294117647059 0.04
1 0.95 0.7297727272727272 0.09294117647058824 0.035
1 0.41970588235294115 0.9277272727272727 0.06529411764705882 0.03909090909090909
1 0.8179411764705883 0.775 0.09117647058823529 0.03090909090909091
1 0.38323529411764706 0.4586363636363636 0.15470588235294117 0.034545454545454546
1 0.48764705882352943 0.7288636363636364 0.3776470588235294 0.03227272727272727
1 0.7441176470588236 0.7781818181818182 0.036470588235294116 0.03727272727272727
1 0.8188235294117647 0.5722727272727273 0.03764705882352941 0.035454545454545454
1 0.08764705882352941 0.678409090909091 0.08705882352941176 0.03681818181818182
1 0.09852941176470588 0.445 0.08176470588235295 0.034545454545454546
1 0.6129411764705882 0.7704545454545455 0.15764705882352942 0.03272727272727273
1 0.15970588235294117 0.9229545454545455 0.06647058823529411 0.041363636363636366
1 0.335 0.9263636363636364 0.0711764705882353 0.038181818181818185
1 0.15735294117647058 0.8556818181818182 0.06294117647058824 0.038636363636363635
1 0.7791176470588236 0.7286363636363636 0.1711764705882353 0.038181818181818185
1 0.6488235294117647 0.5727272727272728 0.28823529411764703 0.03636363636363636
1 0.09941176470588235 0.5186363636363637 0.0811764705882353 0.034545454545454546
1 0.24823529411764705 0.8579545454545454 0.06235294117647059 0.03954545454545454
1 0.25323529411764706 0.9279545454545455 0.07 0.041363636363636366
1 0.4073529411764706 0.7713636363636364 0.2088235294117647 0.034545454545454546
1 0.768235294117647 0.9265909090909091 0.07058823529411765 0.03954545454545454
1 0.10323529411764706 0.36613636363636365 0.08411764705882353 0.03409090909090909
1 0.6891176470588235 0.4556818181818182 0.0711764705882353 0.03318181818181818
1 0.4167647058823529 0.8579545454545454 0.05823529411764706 0.03772727272727273
1 0.5894117647058823 0.9272727272727272 0.06588235294117648 0.03909090909090909
1 0.3941176470588235 0.5686363636363636 0.17411764705882352 0.038181818181818185
1 0.5882352941176471 0.8593181818181819 0.05764705882352941 0.038636363636363635
1 0.09294117647058824 0.40454545454545454 0.0811764705882353 0.034545454545454546
1 0.09735294117647059 0.5661363636363637 0.07705882352941176 0.03409090909090909
1 0.5691176470588235 0.04 0.13470588235294118 0.019090909090909092
1 0.5044117647058823 0.9270454545454545 0.06294117647058824 0.041363636363636366
1 0.6747058823529412 0.8570454545454546 0.06 0.04045454545454545
1 0.4652941176470588 0.4122727272727273 0.3176470588235294 0.03636363636363636
1 0.895 0.5709090909090909 0.10176470588235294 0.03727272727272727
1 0.10941176470588235 0.7656818181818181 0.10352941176470588 0.03590909090909091
1 0.09411764705882353 0.725909090909091 0.07882352941176471 0.035454545454545454
1 0.725 0.4131818181818182 0.18058823529411766 0.038181818181818185
1 0.5367647058823529 0.4561363636363636 0.13470588235294118 0.03409090909090909
1 0.5108823529411765 0.86 0.05235294117647059 0.03909090909090909
1 0.8967647058823529 0.41454545454545455 0.09235294117647058 0.04090909090909091
1 0.1 0.6047727272727272 0.08470588235294117 0.03590909090909091
1 0.6770588235294117 0.9265909090909091 0.07176470588235294 0.03954545454545454
1 0.3323529411764706 0.86 0.05529411764705883 0.03909090909090909
1 0.3129411764705882 0.03318181818181818 0.05764705882352941 0.025454545454545455
1 0.8364705882352941 0.4138636363636364 0.02823529411764706 0.03954545454545454
1 0.6341176470588236 0.4565909090909091 0.03176470588235294 0.03590909090909091
1 0.8858823529411765 0.7379545454545454 0.027058823529411764 0.045
1 0.7635294117647059 0.865909090909091 0.0811764705882353 0.03272727272727273