1 0.47352941176470587 0.685 0.30823529411764705 0.04
1 0.3864705882352941 0.3729545454545454 0.1423529411764706 0.03772727272727273
1 0.7726470588235295 0.8595454545454545 0.061764705882352944 0.04454545454545455
1 0.8652941176470588 0.9243181818181818 0.0811764705882353 0.041363636363636366
1 0.42705882352941177 0.9288636363636363 0.06 0.038636363636363635
1 0.8573529411764705 0.8570454545454546 0.07235294117647059 0.042272727272727274
1 0.4202941176470588 0.6204545454545455 0.22411764705882353 0.03272727272727273
1 0.7029411764705882 0.7722727272727272 0.25882352941176473 0.03363636363636364
1 0.39705882352941174 0.4138636363636364 0.15058823529411763 0.03681818181818182
1 0.8061764705882353 0.6836363636363636 0.3088235294117647 0.034545454545454546
1 0.4385294117647059 0.7297727272727272 0.2511764705882353 0.04045454545454545
1 0.10735294117647058 0.6897727272727273 0.10058823529411764 0.04045454545454545
1 0.763235294117647 0.6175 0.03470588235294118 0.03409090909090909
1 0.10882352941176471 0.3734090909090909 0.09176470588235294 0.03681818181818182
1 0.11676470588235294 0.4197727272727273 0.10176470588235294 0.042272727272727274
1 0.17352941176470588 0.9288636363636363 0.07411764705882352 0.038636363636363635
1 0.8435294117647059 0.6138636363636364 0.10941176470588235 0.03590909090909091
1 0.3417647058823529 0.9275 0.0611764705882353 0.038636363636363635
1 0.1564705882352941 0.8590909090909091 0.05411764705882353 0.038181818181818185
1 0.11176470588235295 0.5320454545454546 0.0976470588235294 0.038636363636363635
1 0.6417647058823529 0.6195454545454545 0.18588235294117647 0.031818181818181815
1 0.25735294117647056 0.8618181818181818 0.06529411764705882 0.038181818181818185
1 0.25941176470588234 0.9277272727272727 0.06823529411764706 0.038181818181818185
1 0.43 0.7747727272727273 0.24235294117647058 0.03227272727272727
1 0.7670588235294118 0.9261363636363636 0.08 0.04045454545454545
1 0.2817647058823529 0.04068181818181818 0.04588235294117647 0.02409090909090909
1 0.6132352941176471 0.4122727272727273 0.21823529411764706 0.04090909090909091
1 0.4335294117647059 0.8615909090909091 0.07058823529411765 0.041363636363636366
1 0.5988235294117648 0.9281818181818182 0.07058823529411765 0.03909090909090909
1 0.45647058823529413 0.5336363636363637 0.2811764705882353 0.038181818181818185
1 0.6008823529411764 0.86 0.07235294117647059 0.04
1 0.6882352941176471 0.5686363636363636 0.22941176470588234 0.045454545454545456
1 0.5617647058823529 0.03840909090909091 0.1223529411764706 0.023181818181818182
1 0.725 0.5311363636363636 0.23470588235294118 0.038636363636363635
1 0.5094117647058823 0.9277272727272727 0.058823529411764705 0.04181818181818182
1 0.6870588235294117 0.8597727272727272 0.06823529411764706 0.04045454545454545
1 0.3876470588235294 0.45681818181818185 0.13058823529411764 0.03636363636363636
1 0.12352941176470589 0.7715909090909091 0.0976470588235294 0.03590909090909091
1 0.5505882352941176 0.45840909090909093 0.18352941176470589 0.03227272727272727
1 0.7520588235294118 0.7245454545454545 0.3488235294117647 0.04
1 0.11823529411764706 0.6175 0.10941176470588235 0.03681818181818182
1 0.5152941176470588 0.8606818181818182 0.05411764705882353 0.04045454545454545
1 0.9091176470588235 0.5679545454545455 0.12294117647058823 0.04045454545454545
1 0.11705882352941177 0.5795454545454546 0.0988235294117647 0.04
1 0.6970588235294117 0.9261363636363636 0.08823529411764706 0.04045454545454545
1 0.5902941176470589 0.3679545454545455 0.25 0.03954545454545454
1 0.3438235294117647 0.8615909090909091 0.06411764705882353 0.04045454545454545
1 0.12205882352941176 0.4593181818181818 0.10176470588235294 0.04045454545454545
1 0.861764705882353 0.5279545454545455 0.04941176470588235 0.03954545454545454
1 0.9208823529411765 0.5334090909090909 0.07941176470588235 0.02409090909090909
1 0.42970588235294116 0.5718181818181818 0.2511764705882353 0.03727272727272727
1 0.11794117647058823 0.7320454545454546 0.1111764705882353 0.03954545454545454
1 0.8244117647058824 0.5706818181818182 0.04411764705882353 0.035