1 0.41441176470588237 0.6838636363636363 0.18764705882352942 0.03681818181818182
1 0.5547058823529412 0.6804545454545454 0.04 0.03363636363636364
1 0.758235294117647 0.8572727272727273 0.0611764705882353 0.038181818181818185
1 0.8488235294117648 0.9259090909090909 0.07411764705882352 0.03909090909090909
1 0.5364705882352941 0.6129545454545454 0.10823529411764705 0.026818181818181817
1 0.4138235294117647 0.9236363636363636 0.06294117647058824 0.03727272727272727
1 0.8511764705882353 0.8575 0.06705882352941177 0.041363636363636366
1 0.38058823529411767 0.6134090909090909 0.1623529411764706 0.03227272727272727
1 0.3811764705882353 0.44681818181818184 0.14470588235294118 0.03636363636363636
1 0.633235294117647 0.6781818181818182 0.08411764705882353 0.03363636363636364
1 0.4123529411764706 0.7261363636363637 0.2223529411764706 0.03681818181818182
1 0.7544117647058823 0.5247727272727273 0.07941176470588235 0.030454545454545453
1 0.39323529411764707 0.4047727272727273 0.17 0.03590909090909091
1 0.11382352941176471 0.6806818181818182 0.05352941176470588 0.03409090909090909
1 0.7223529411764706 0.5693181818181818 0.023529411764705882 0.03318181818181818
1 0.11088235294117647 0.36363636363636365 0.0488235294117647 0.035454545454545454
1 0.10911764705882353 0.4470454545454545 0.04764705882352941 0.035
1 0.5279411764705882 0.7747727272727273 0.02176470588235294 0.03318181818181818
1 0.5905882352941176 0.7711363636363636 0.08235294117647059 0.03227272727272727
1 0.15470588235294117 0.9229545454545455 0.05647058823529412 0.03772727272727273
1 0.8011764705882353 0.5727272727272728 0.12823529411764706 0.03
1 0.3276470588235294 0.9225 0.06352941176470588 0.038636363636363635
1 0.40441176470588236 0.5247727272727273 0.17470588235294118 0.03681818181818182
1 0.10294117647058823 0.5243181818181818 0.07176470588235294 0.03227272727272727
1 0.6455882352941177 0.7238636363636364 0.12529411764705883 0.03409090909090909
1 0.24441176470588236 0.9222727272727272 0.06294117647058824 0.03727272727272727
1 0.3976470588235294 0.7686363636363637 0.18705882352941178 0.03363636363636364
1 0.7594117647058823 0.9254545454545454 0.06470588235294118 0.038181818181818185
1 0.6276470588235294 0.5681818181818182 0.12941176470588237 0.031818181818181815
1 0.4147058823529412 0.8577272727272728 0.06235294117647059 0.03909090909090909
1 0.5858823529411765 0.9247727272727273 0.05176470588235294 0.04045454545454545
1 0.5935294117647059 0.8552272727272727 0.06588235294117648 0.03954545454545454
1 0.10823529411764705 0.4065909090909091 0.04588235294117647 0.035
1 0.6170588235294118 0.6131818181818182 0.02235294117647059 0.02727272727272727
1 0.5814705882352941 0.525 0.12411764705882353 0.035454545454545454
1 0.5026470588235294 0.9254545454545454 0.06411764705882353 0.04
1 0.6770588235294117 0.855909090909091 0.06352941176470588 0.03909090909090909
1 0.11029411764705882 0.7656818181818181 0.05588235294117647 0.03590909090909091
1 0.11323529411764706 0.7238636363636364 0.06294117647058824 0.035
1 0.42058823529411765 0.5688636363636363 0.2411764705882353 0.029545454545454545
1 0.5064705882352941 0.8579545454545454 0.058823529411764705 0.03954545454545454
1 0.5585294117647058 0.7247727272727272 0.03235294117647059 0.03227272727272727
1 0.39235294117647057 0.36477272727272725 0.16823529411764707 0.03772727272727273
1 0.10588235294117647 0.6106818181818182 0.07647058823529412 0.03409090909090909
1 0.6770588235294117 0.9225 0.06705882352941177 0.038636363636363635
1 0.33647058823529413 0.855 0.06470588235294118 0.038181818181818185
1 0.6758823529411765 0.6134090909090909 0.07529411764705882 0.02772727272727273
1 0.2688235294117647 0.03340909090909091 0.03529411764705882 0.021363636363636362
1 0.33147058823529413 0.034772727272727275 0.07823529411764706 0.02409090909090909
1 0.5617647058823529 0.03772727272727273 0.11176470588235295 0.01818181818181818
1 0.10147058823529412 0.5690909090909091 0.07588235294117647 0.03363636363636364
1 0.15970588235294117 0.8572727272727273 0.07235294117647059 0.03090909090909091
1 0.24588235294117647 0.8572727272727273 0.06235294117647059 0.035454545454545454
1 0.6835294117647058 0.5363636363636364 0.02823529411764706 0.03