1 0.36470588235294116 0.6809090909090909 0.13647058823529412 0.03272727272727273
1 0.7585294117647059 0.8595454545454545 0.07 0.034545454545454546
1 0.5105882352941177 0.5202272727272728 0.11058823529411765 0.038636363636363635
1 0.8397058823529412 0.8588636363636364 0.06529411764705882 0.045909090909090906
1 0.37558823529411767 0.6040909090909091 0.15235294117647058 0.03727272727272727
1 0.63 0.7688636363636364 0.06941176470588235 0.03318181818181818
1 0.5091176470588236 0.6836363636363636 0.11705882352941177 0.02909090909090909
1 0.6097058823529412 0.6890909090909091 0.03470588235294118 0.03
1 0.7214705882352941 0.41545454545454547 0.08764705882352941 0.03636363636363636
1 0.3738235294117647 0.405 0.1476470588235294 0.03090909090909091
1 0.5002941176470588 0.8525 0.07352941176470588 0.042272727272727274
1 0.0976470588235294 0.6756818181818182 0.06705882352941177 0.03227272727272727
1 0.11088235294117647 0.445 0.09 0.035454545454545454
1 0.37323529411764705 0.7261363636363637 0.15470588235294117 0.03318181818181818
1 0.10647058823529412 0.3568181818181818 0.08823529411764706 0.034545454545454546
1 0.49823529411764705 0.7654545454545455 0.09647058823529411 0.03727272727272727
1 0.16088235294117648 0.9186363636363636 0.07588235294117647 0.042727272727272725
1 0.4102941176470588 0.9215909090909091 0.0711764705882353 0.03681818181818182
1 0.15088235294117647 0.8531818181818182 0.08058823529411764 0.04
1 0.6788235294117647 0.7272727272727273 0.08352941176470588 0.03090909090909091
1 0.3779411764705882 0.5188636363636364 0.15705882352941178 0.04045454545454545
1 0.10823529411764705 0.5170454545454546 0.07882352941176471 0.03409090909090909
1 0.6526470588235294 0.6131818181818182 0.06411764705882353 0.031818181818181815
1 0.23911764705882352 0.8540909090909091 0.06529411764705882 0.03636363636363636
1 0.23588235294117646 0.9202272727272728 0.06235294117647059 0.04045454545454545
1 0.36411764705882355 0.7645454545454545 0.1411764705882353 0.03727272727272727
1 0.8479411764705882 0.9261363636363636 0.06411764705882353 0.038636363636363635
1 0.2973529411764706 0.02909090909090909 0.0488235294117647 0.02181818181818182
1 0.6494117647058824 0.37136363636363634 0.04 0.03363636363636364
1 0.6358823529411765 0.45590909090909093 0.02823529411764706 0.038181818181818185
1 0.5417647058823529 0.36568181818181816 0.13058823529411764 0.03772727272727273
1 0.40705882352941175 0.8536363636363636 0.06 0.04181818181818182
1 0.5794117647058824 0.9245454545454546 0.06705882352941177 0.04454545454545455
1 0.3714705882352941 0.5647727272727273 0.15705882352941178 0.038636363636363635
1 0.5982352941176471 0.5309090909090909 0.02588235294117647 0.03727272727272727
1 0.5167647058823529 0.6045454545454545 0.11823529411764706 0.035454545454545454
1 0.5797058823529412 0.7745454545454545 0.02411764705882353 0.03636363636363636
1 0.105 0.4015909090909091 0.08529411764705883 0.03409090909090909
1 0.10852941176470589 0.5647727272727273 0.08529411764705883 0.028636363636363637
1 0.6479411764705882 0.4109090909090909 0.03588235294117647 0.03636363636363636
1 0.7047058823529412 0.44772727272727275 0.09411764705882353 0.03363636363636364
1 0.5 0.9247727272727273 0.07294117647058823 0.041363636363636366
1 0.6755882352941176 0.8568181818181818 0.07352941176470588 0.03636363636363636
1 0.7252941176470589 0.36954545454545457 0.1011764705882353 0.035454545454545454
1 0.38176470588235295 0.44636363636363635 0.1623529411764706 0.03727272727272727
1 0.10029411764705883 0.7606818181818182 0.08647058823529412 0.03227272727272727
1 0.0961764705882353 0.72 0.07588235294117647 0.03090909090909091
1 0.5376470588235294 0.44886363636363635 0.12941176470588237 0.035
1 0.6123529411764705 0.725909090909091 0.03176470588235294 0.02909090909090909
1 0.6529411764705882 0.5252272727272728 0.07529411764705882 0.03590909090909091
1 0.6014705882352941 0.5702272727272727 0.028823529411764706 0.03590909090909091
1 0.38588235294117645 0.35954545454545456 0.16588235294117648 0.03909090909090909
1 0.518235294117647 0.7243181818181819 0.13294117647058823 0.029545454545454545
1 0.11352941176470588 0.6061363636363636 0.08352941176470588 0.03409090909090909
1 0.33147058823529413 0.8538636363636364 0.07235294117647059 0.041363636363636366
1 0.6667647058823529 0.5688636363636363 0.08647058823529412 0.03318181818181818
1 0.685 0.6834090909090909 0.07352941176470588 0.02772727272727273
1 0.5685294117647058 0.0325 0.12529411764705883 0.019545454545454546
1 0.5920588235294117 0.8570454545454546 0.07705882352941176 0.041363636363636366
1 0.7614705882352941 0.9236363636363636 0.09588235294117647 0.046363636363636364
1 0.6720588235294118 0.9243181818181818 0.07352941176470588 0.042272727272727274
1 0.3264705882352941 0.9218181818181819 0.07529411764705882 0.04454545454545455
1 0.53 0.40954545454545455 0.1564705882352941 0.03272727272727273
1 0.5135294117647059 0.5695454545454546 0.12 0.03090909090909091
1 0.6026470588235294 0.6218181818181818 0.022941176470588236 0.038181818181818185