1 0.3602941176470588 0.68 0.12176470588235294 0.03727272727272727
1 0.49176470588235294 0.6831818181818182 0.07411764705882352 0.034545454545454546
1 0.7529411764705882 0.8570454545454546 0.052941176470588235 0.03954545454545454
1 0.8411764705882353 0.925 0.05647058823529412 0.03727272727272727
1 0.5508823529411765 0.5702272727272727 0.14411764705882352 0.03227272727272727
1 0.4067647058823529 0.9236363636363636 0.05352941176470588 0.038181818181818185
1 0.5235294117647059 0.5236363636363637 0.12588235294117647 0.03636363636363636
1 0.8405882352941176 0.855909090909091 0.05411764705882353 0.04
1 0.36970588235294116 0.6106818181818182 0.14058823529411765 0.03590909090909091
1 0.3885294117647059 0.4486363636363636 0.17 0.03727272727272727
1 0.435 0.6884090909090909 0.026470588235294117 0.026818181818181817
1 0.6420588235294118 0.5720454545454545 0.02176470588235294 0.03318181818181818
1 0.39029411764705885 0.40636363636363637 0.17941176470588235 0.03636363636363636
1 0.10529411764705883 0.6777272727272727 0.05411764705882353 0.03727272727272727
1 0.3658823529411765 0.7302272727272727 0.13294117647058823 0.035
1 0.6735294117647059 0.5234090909090909 0.07647058823529412 0.03318181818181818
1 0.10823529411764705 0.36522727272727273 0.07529411764705882 0.03409090909090909
1 0.10705882352941176 0.44931818181818184 0.07764705882352942 0.03681818181818182
1 0.4717647058823529 0.7652272727272728 0.06941176470588235 0.02590909090909091
1 0.15176470588235294 0.923409090909091 0.05058823529411765 0.038636363636363635
1 0.15 0.8575 0.047058823529411764 0.03772727272727273
1 0.5555882352941176 0.455 0.13823529411764707 0.02727272727272727
1 0.37676470588235295 0.5222727272727272 0.1511764705882353 0.03727272727272727
1 0.10470588235294118 0.5213636363636364 0.07647058823529412 0.034545454545454546
1 0.6223529411764706 0.6140909090909091 0.07529411764705882 0.03272727272727273
1 0.6111764705882353 0.53 0.02588235294117647 0.03363636363636364
1 0.23176470588235293 0.9225 0.047058823529411764 0.03772727272727273
1 0.3511764705882353 0.7659090909090909 0.10235294117647059 0.03363636363636364
1 0.7547058823529412 0.9243181818181818 0.05529411764705883 0.03954545454545454
1 0.27441176470588236 0.03659090909090909 0.03823529411764706 0.02590909090909091
1 0.6379411764705882 0.45045454545454544 0.031176470588235295 0.035454545454545454
1 0.6411764705882353 0.3693181818181818 0.07529411764705882 0.03227272727272727
1 0.5205882352941177 0.3654545454545455 0.10941176470588235 0.03636363636363636
1 0.4073529411764706 0.8590909090909091 0.04764705882352941 0.03727272727272727
1 0.5785294117647058 0.9243181818181818 0.04764705882352941 0.038636363636363635
1 0.3864705882352941 0.5709090909090909 0.16823529411764707 0.03090909090909091
1 0.5032352941176471 0.6125 0.10529411764705883 0.031363636363636364
1 0.5808823529411765 0.8629545454545454 0.04294117647058823 0.031363636363636364
1 0.10617647058823529 0.4068181818181818 0.07705882352941176 0.03727272727272727
1 0.10294117647058823 0.5672727272727273 0.07411764705882352 0.035454545454545454
1 0.5479411764705883 0.03727272727272727 0.09117647058823529 0.02090909090909091
1 0.6985294117647058 0.45 0.0888235294117647 0.03363636363636364
1 0.49470588235294116 0.9275 0.05411764705882353 0.03409090909090909
1 0.6667647058823529 0.8629545454545454 0.05 0.031363636363636364
1 0.5570588235294117 0.4075 0.1411764705882353 0.03681818181818182
1 0.10588235294117647 0.7615909090909091 0.052941176470588235 0.03590909090909091
1 0.10558823529411765 0.7245454545454545 0.051176470588235295 0.03636363636363636
1 0.648235294117647 0.40613636363636363 0.02588235294117647 0.03318181818181818
1 0.4894117647058824 0.8595454545454545 0.036470588235294116 0.03272727272727273
1 0.7123529411764706 0.4088636363636364 0.09058823529411765 0.03409090909090909
1 0.5697058823529412 0.6113636363636363 0.026470588235294117 0.03636363636363636
1 0.3811764705882353 0.36613636363636365 0.15058823529411763 0.03772727272727273
1 0.5102941176470588 0.7281818181818182 0.08529411764705883 0.026363636363636363
1 0.10411764705882352 0.6056818181818182 0.07411764705882352 0.03681818181818182
1 0.668235294117647 0.923409090909091 0.05764705882352941 0.03954545454545454
1 0.32588235294117646 0.8586363636363636 0.052941176470588235 0.038181818181818185
1 0.701764705882353 0.5681818181818182 0.08823529411764706 0.03363636363636364
1 0.59 0.375 0.02 0.02181818181818182
1 0.45088235294117646 0.7297727272727272 0.018235294117647058 0.021363636363636362
1 0.4158823529411765 0.7688636363636364 0.021176470588235293 0.022272727272727274
1 0.24176470588235294 0.8613636363636363 0.04352941176470588 0.03
1 0.3170588235294118 0.9281818181818182 0.03529411764705882 0.028181818181818183