1 0.39029411764705885 0.6775 0.18764705882352942 0.03590909090909091
1 0.5458823529411765 0.6781818181818182 0.10823529411764705 0.035454545454545454
1 0.7605882352941177 0.8570454545454546 0.06941176470588235 0.038636363636363635
1 0.846764705882353 0.9252272727272727 0.0688235294117647 0.03954545454545454
1 0.52 0.6090909090909091 0.06705882352941177 0.035454545454545454
1 0.4111764705882353 0.9213636363636364 0.058823529411764705 0.038181818181818185
1 0.4961764705882353 0.519090909090909 0.03470588235294118 0.03727272727272727
1 0.3738235294117647 0.6052272727272727 0.14058823529411765 0.035
1 0.6747058823529412 0.7647727272727273 0.06705882352941177 0.03318181818181818
1 0.39294117647058824 0.44681818181818184 0.1776470588235294 0.03636363636363636
1 0.4208823529411765 0.4002272727272727 0.2323529411764706 0.03318181818181818
1 0.10529411764705883 0.6754545454545454 0.07764705882352942 0.03636363636363636
1 0.09117647058823529 0.44431818181818183 0.07411764705882352 0.03409090909090909
1 0.4188235294117647 0.7231818181818181 0.25176470588235295 0.031818181818181815
1 0.6823529411764706 0.6829545454545455 0.07058823529411765 0.03227272727272727
1 0.09323529411764706 0.3609090909090909 0.08176470588235295 0.03727272727272727
1 0.5511764705882353 0.7704545454545455 0.11647058823529412 0.025454545454545455
1 0.15794117647058822 0.9195454545454546 0.061764705882352944 0.038181818181818185
1 0.7614705882352941 0.7227272727272728 0.0711764705882353 0.031818181818181815
1 0.32735294117647057 0.92 0.060588235294117644 0.038181818181818185
1 0.155 0.850909090909091 0.06411764705882353 0.03727272727272727
1 0.39676470588235296 0.5163636363636364 0.15941176470588236 0.038181818181818185
1 0.0976470588235294 0.5154545454545455 0.07058823529411765 0.034545454545454546
1 0.6247058823529412 0.7261363636363637 0.1423529411764706 0.028636363636363637
1 0.24058823529411766 0.8527272727272728 0.058823529411764705 0.03727272727272727
1 0.6223529411764706 0.6811363636363637 0.02823529411764706 0.035
1 0.24294117647058824 0.9197727272727273 0.05529411764705883 0.03772727272727273
1 0.39323529411764707 0.7684090909090909 0.19588235294117648 0.023181818181818182
1 0.758235294117647 0.923409090909091 0.06235294117647059 0.03772727272727273
1 0.2738235294117647 0.028409090909090908 0.04176470588235294 0.019545454545454546
1 0.6035294117647059 0.40386363636363637 0.13294117647058823 0.035
1 0.5547058823529412 0.36272727272727273 0.1011764705882353 0.035454545454545454
1 0.415 0.8529545454545454 0.0711764705882353 0.038636363636363635
1 0.5894117647058823 0.92 0.06941176470588235 0.038181818181818185
1 0.09441176470588235 0.5602272727272727 0.06764705882352941 0.03318181818181818
1 0.4173529411764706 0.5656818181818182 0.21470588235294116 0.030454545454545453
1 0.4652941176470588 0.6068181818181818 0.03294117647058824 0.035454545454545454
1 0.5844117647058824 0.8568181818181818 0.05823529411764706 0.04
1 0.09382352941176471 0.40045454545454545 0.07823529411764706 0.034545454545454546
1 0.5958823529411764 0.5620454545454545 0.08352941176470588 0.03318181818181818
1 0.5658823529411765 0.5175 0.08588235294117647 0.035
1 0.7147058823529412 0.7270454545454546 0.023529411764705882 0.02590909090909091
1 0.4961764705882353 0.9211363636363636 0.05823529411764706 0.03954545454545454
1 0.8438235294117648 0.8554545454545455 0.057058823529411766 0.03727272727272727
1 0.6755882352941176 0.8547727272727272 0.05823529411764706 0.03681818181818182
1 0.09911764705882353 0.7586363636363637 0.08176470588235295 0.034545454545454546
1 0.10676470588235294 0.7184090909090909 0.09117647058823529 0.03590909090909091
1 0.5261764705882352 0.4475 0.08294117647058824 0.03318181818181818
1 0.5005882352941177 0.8538636363636364 0.0611764705882353 0.038636363636363635
1 0.5438235294117647 0.5629545454545455 0.02411764705882353 0.035
1 0.4061764705882353 0.3613636363636364 0.19 0.035454545454545454
1 0.09441176470588235 0.6031818181818182 0.0688235294117647 0.03363636363636364
1 0.6717647058823529 0.9206818181818182 0.06235294117647059 0.038636363636363635
1 0.3247058823529412 0.8522727272727273 0.06235294117647059 0.038181818181818185
1 0.33147058823529413 0.03340909090909091 0.07705882352941176 0.017727272727272727
1 0.5538235294117647 0.034772727272727275 0.10294117647058823 0.035
1 0.6288235294117647 0.7743181818181818 0.02588235294117647 0.028636363636363637