1 0.39029411764705885 0.6790909090909091 0.17941176470588235 0.03636363636363636
1 0.5376470588235294 0.6822727272727273 0.09176470588235294 0.035454545454545454
1 0.7620588235294118 0.8593181818181819 0.06764705882352941 0.03681818181818182
1 0.8444117647058823 0.9272727272727272 0.06294117647058824 0.038181818181818185
1 0.41705882352941176 0.9225 0.06588235294117648 0.038636363636363635
1 0.4108823529411765 0.5215909090909091 0.21588235294117647 0.03318181818181818
1 0.8461764705882353 0.8618181818181818 0.06294117647058824 0.035454545454545454
1 0.6738235294117647 0.8579545454545454 0.06529411764705882 0.035
1 0.3847058823529412 0.4459090909090909 0.1588235294117647 0.03636363636363636
1 0.41441176470588237 0.3615909090909091 0.21352941176470588 0.029545454545454545
1 0.41441176470588237 0.40545454545454546 0.21588235294117647 0.03636363636363636
1 0.09205882352941176 0.6745454545454546 0.07588235294117647 0.03727272727272727
1 0.09382352941176471 0.4431818181818182 0.08176470588235295 0.03636363636363636
1 0.3764705882352941 0.7236363636363636 0.15294117647058825 0.038181818181818185
1 0.09852941176470588 0.3593181818181818 0.0888235294117647 0.03772727272727273
1 0.6144117647058823 0.6084090909090909 0.1288235294117647 0.031363636363636364
1 0.15705882352941178 0.9195454545454546 0.06470588235294118 0.04
1 0.6547058823529411 0.5677272727272727 0.17294117647058824 0.03727272727272727
1 0.3241176470588235 0.9213636363636364 0.06 0.03636363636363636
1 0.14882352941176472 0.8502272727272727 0.047058823529411764 0.03681818181818182
1 0.7464705882352941 0.6104545454545455 0.07058823529411765 0.03272727272727273
1 0.5638235294117647 0.44886363636363635 0.15941176470588236 0.030454545454545453
1 0.10411764705882352 0.5163636363636364 0.1011764705882353 0.038181818181818185
1 0.2376470588235294 0.8525 0.05647058823529412 0.038636363636363635
1 0.23852941176470588 0.9204545454545454 0.054705882352941174 0.03909090909090909
1 0.36705882352941177 0.7638636363636364 0.1388235294117647 0.035
1 0.7579411764705882 0.925 0.06411764705882353 0.038181818181818185
1 0.6617647058823529 0.3663636363636364 0.26705882352941174 0.031818181818181815
1 0.40794117647058825 0.8556818181818182 0.05 0.03954545454545454
1 0.58 0.923409090909091 0.05176470588235294 0.041363636363636366
1 0.42323529411764704 0.5636363636363636 0.23588235294117646 0.035454545454545454
1 0.4123529411764706 0.6054545454545455 0.21176470588235294 0.03363636363636364
1 0.5829411764705882 0.855909090909091 0.05647058823529412 0.04090909090909091
1 0.09647058823529411 0.4015909090909091 0.07411764705882352 0.03681818181818182
1 0.10264705882352941 0.5586363636363636 0.09117647058823529 0.035454545454545454
1 0.6491176470588236 0.4075 0.24176470588235294 0.04045454545454545
1 0.4908823529411765 0.9240909090909091 0.051176470588235295 0.03727272727272727
1 0.095 0.7586363636363637 0.08294117647058824 0.034545454545454546
1 0.49117647058823527 0.8565909090909091 0.04588235294117647 0.03772727272727273
1 0.6214705882352941 0.5238636363636363 0.19470588235294117 0.031363636363636364
1 0.10205882352941177 0.6018181818181818 0.09235294117647058 0.035454545454545454
1 0.6673529411764706 0.9256818181818182 0.054705882352941174 0.041363636363636366
1 0.3205882352941177 0.8520454545454546 0.04588235294117647 0.03681818181818182
1 0.09411764705882353 0.7177272727272728 0.08235294117647059 0.035454545454545454
1 0.28 0.030454545454545453 0.036470588235294116 0.02909090909090909
1 0.345 0.03272727272727273 0.07823529411764706 0.02909090909090909
1 0.5773529411764706 0.035227272727272725 0.13823529411764707 0.02409090909090909
1 0.7358823529411764 0.5231818181818182 0.02588235294117647 0.03363636363636364
1 0.79 0.5256818181818181 0.07411764705882352 0.03954545454545454
1 0.758235294117647 0.5656818181818182 0.027058823529411764 0.03409090909090909
1 0.816764705882353 0.5693181818181818 0.07941176470588235 0.03590909090909091
1 0.6958823529411765 0.6147727272727272 0.02 0.035
1 0.4988235294117647 0.7236363636363636 0.08 0.03727272727272727
1 0.4776470588235294 0.7652272727272728 0.07529411764705882 0.035