1 0.4011764705882353 0.6870454545454545 0.18588235294117647 0.03681818181818182
1 0.5267647058823529 0.6868181818181818 0.039411764705882354 0.031818181818181815
1 0.3788235294117647 0.37113636363636365 0.14705882352941177 0.03681818181818182
1 0.7652941176470588 0.8656818181818182 0.05764705882352941 0.035
1 0.8494117647058823 0.9293181818181818 0.06823529411764706 0.03772727272727273
1 0.538235294117647 0.6125 0.09411764705882353 0.03318181818181818
1 0.40941176470588236 0.928409090909091 0.05176470588235294 0.03590909090909091
1 0.5552941176470588 0.5252272727272728 0.11529411764705882 0.035
1 0.3935294117647059 0.6140909090909091 0.17411764705882352 0.03727272727272727
1 0.41205882352941176 0.4163636363636364 0.2111764705882353 0.03727272727272727
1 0.3988235294117647 0.7263636363636363 0.18941176470588236 0.03727272727272727
1 0.7097058823529412 0.5259090909090909 0.12058823529411765 0.034545454545454546
1 0.4164705882352941 0.8625 0.06 0.03590909090909091
1 0.10647058823529412 0.6875 0.06 0.03590909090909091
1 0.10529411764705883 0.4481818181818182 0.08823529411764706 0.03909090909090909
1 0.10235294117647059 0.36954545454545457 0.07764705882352942 0.034545454545454546
1 0.5114705882352941 0.7720454545454546 0.10294117647058823 0.03227272727272727
1 0.6020588235294118 0.7268181818181818 0.15588235294117647 0.035454545454545454
1 0.15823529411764706 0.9295454545454546 0.05411764705882353 0.03636363636363636
1 0.7826470588235294 0.5720454545454545 0.14882352941176472 0.03772727272727273
1 0.3288235294117647 0.9293181818181818 0.058823529411764705 0.03772727272727273
1 0.15970588235294117 0.8597727272727272 0.05352941176470588 0.038636363636363635
1 0.5794117647058824 0.45386363636363636 0.07411764705882352 0.03227272727272727
1 0.10352941176470588 0.5277272727272727 0.07529411764705882 0.035454545454545454
1 0.2461764705882353 0.8620454545454546 0.05 0.03772727272727273
1 0.24441176470588236 0.9288636363636363 0.057058823529411766 0.03681818181818182
1 0.7602941176470588 0.9286363636363636 0.05588235294117647 0.038181818181818185
1 0.28647058823529414 0.038181818181818185 0.04352941176470588 0.024545454545454544
1 0.6123529411764705 0.37204545454545457 0.09529411764705882 0.03409090909090909
1 0.3673529411764706 0.7706818181818181 0.1264705882352941 0.03318181818181818
1 0.5861764705882353 0.928409090909091 0.05941176470588235 0.03772727272727273
1 0.39941176470588236 0.5322727272727272 0.1776470588235294 0.03727272727272727
1 0.4764705882352941 0.45636363636363636 0.058823529411764705 0.038181818181818185
1 0.5882352941176471 0.8629545454545454 0.058823529411764705 0.03681818181818182
1 0.10411764705882352 0.4093181818181818 0.08352941176470588 0.03590909090909091
1 0.6023529411764705 0.571590909090909 0.14 0.03409090909090909
1 0.6311764705882353 0.4163636363636364 0.03176470588235294 0.03636363636363636
1 0.7044117647058824 0.4113636363636364 0.13588235294117648 0.03727272727272727
1 0.5058823529411764 0.9290909090909091 0.06705882352941177 0.03727272727272727
1 0.8514705882352941 0.8620454545454546 0.07235294117647059 0.03681818181818182
1 0.6788235294117647 0.8634090909090909 0.06705882352941177 0.03590909090909091
1 0.5397058823529411 0.3734090909090909 0.03235294117647059 0.03318181818181818
1 0.37176470588235294 0.45295454545454544 0.13411764705882354 0.03772727272727273
1 0.11558823529411764 0.77 0.057058823529411766 0.03363636363636364
1 0.6258823529411764 0.6831818181818182 0.12 0.035454545454545454
1 0.5044117647058823 0.8625 0.05352941176470588 0.038636363636363635
1 0.6370588235294118 0.5331818181818182 0.04 0.03090909090909091
1 0.6135294117647059 0.6143181818181818 0.027058823529411764 0.03409090909090909
1 0.5188235294117647 0.7265909090909091 0.042352941176470586 0.035
1 0.10176470588235294 0.6156818181818182 0.08235294117647059 0.03772727272727273
1 0.6752941176470588 0.9293181818181818 0.06352941176470588 0.03772727272727273
1 0.33 0.8620454545454546 0.05411764705882353 0.03681818181818182
1 0.6820588235294117 0.6125 0.10411764705882352 0.03318181818181818
1 0.34205882352941175 0.042045454545454546 0.0711764705882353 0.023181818181818182
1 0.5588235294117647 0.04022727272727273 0.14352941176470588 0.02772727272727273
1 0.49264705882352944 0.37136363636363634 0.05352941176470588 0.035454545454545454
1 0.523235294117647 0.4640909090909091 0.025294117647058825 0.034545454545454546
1 0.41 0.5731818181818182 0.2235294117647059 0.035454545454545454
1 0.6944117647058824 0.5734090909090909 0.03235294117647059 0.03590909090909091
1 0.10823529411764705 0.5740909090909091 0.09176470588235294 0.03636363636363636
1 0.11470588235294117 0.7286363636363636 0.05647058823529412 0.04363636363636364
1 0.44676470588235295 0.7745454545454545 0.026470588235294117 0.03
1 0.5652941176470588 0.4168181818181818 0.09176470588235294 0.03272727272727273