1 0.4164705882352941 0.7215909090909091 0.22941176470588234 0.03954545454545454
1 0.40147058823529413 0.4081818181818182 0.19705882352941176 0.03727272727272727
1 0.758235294117647 0.8575 0.058823529411764705 0.04045454545454545
1 0.8435294117647059 0.9254545454545454 0.06823529411764706 0.04090909090909091
1 0.4152941176470588 0.9256818181818182 0.06352941176470588 0.03590909090909091
1 0.5341176470588235 0.5656818181818182 0.16588235294117648 0.038636363636363635
1 0.8088235294117647 0.7722727272727272 0.12823529411764706 0.034545454545454546
1 0.3635294117647059 0.6104545454545455 0.12352941176470589 0.03636363636363636
1 0.6817647058823529 0.7702272727272728 0.03294117647058824 0.03318181818181818
1 0.3988235294117647 0.45204545454545453 0.19176470588235295 0.038636363636363635
1 0.7855882352941177 0.5654545454545454 0.14882352941176472 0.03909090909090909
1 0.11970588235294118 0.6790909090909091 0.10058823529411764 0.03909090909090909
1 0.11676470588235294 0.4484090909090909 0.09823529411764706 0.03954545454545454
1 0.5055882352941177 0.8570454545454546 0.05941176470588235 0.038636363636363635
1 0.6102941176470589 0.7218181818181818 0.15 0.038181818181818185
1 0.1588235294117647 0.9256818181818182 0.06 0.03681818181818182
1 0.7773529411764706 0.6090909090909091 0.13352941176470587 0.03636363636363636
1 0.33294117647058824 0.9238636363636363 0.07058823529411765 0.038636363636363635
1 0.15441176470588236 0.8584090909090909 0.054705882352941174 0.038636363636363635
1 0.7147058823529412 0.7218181818181818 0.04352941176470588 0.03636363636363636
1 0.6744117647058824 0.4597727272727273 0.3123529411764706 0.042272727272727274
1 0.11794117647058823 0.5231818181818182 0.08058823529411764 0.03727272727272727
1 0.2461764705882353 0.8581818181818182 0.06529411764705882 0.03909090909090909
1 0.6508823529411765 0.6131818181818182 0.03705882352941176 0.03090909090909091
1 0.2411764705882353 0.9254545454545454 0.05058823529411765 0.038181818181818185
1 0.3847058823529412 0.7704545454545455 0.16823529411764707 0.03636363636363636
1 0.7605882352941177 0.9252272727272727 0.05647058823529412 0.038636363636363635
1 0.1126470588235294 0.36727272727272725 0.10529411764705883 0.038181818181818185
1 0.5764705882352941 0.77 0.13294117647058823 0.03363636363636364
1 0.6914705882352942 0.41295454545454546 0.35352941176470587 0.045
1 0.41411764705882353 0.8577272727272728 0.05176470588235294 0.038181818181818185
1 0.59 0.9252272727272727 0.0611764705882353 0.03772727272727273
1 0.3644117647058824 0.5670454545454545 0.12294117647058823 0.03681818181818182
1 0.533235294117647 0.6102272727272727 0.16294117647058823 0.03772727272727273
1 0.5873529411764706 0.8570454545454546 0.054705882352941174 0.038636363636363635
1 0.1161764705882353 0.4075 0.10882352941176471 0.03954545454545454
1 0.5605882352941176 0.03909090909090909 0.08823529411764706 0.02181818181818182
1 0.6523529411764706 0.5668181818181818 0.036470588235294116 0.03272727272727273
1 0.5017647058823529 0.9265909090909091 0.06588235294117648 0.038636363636363635
1 0.6714705882352942 0.860909090909091 0.05 0.04181818181818182
1 0.8241176470588235 0.7229545454545454 0.15176470588235294 0.04045454545454545
1 0.12382352941176471 0.7647727272727273 0.09588235294117647 0.03681818181818182
1 0.12 0.7240909090909091 0.0976470588235294 0.03727272727272727
1 0.11970588235294118 0.6086363636363636 0.09588235294117647 0.03909090909090909
1 0.68 0.9256818181818182 0.06470588235294118 0.03772727272727273
1 0.33029411764705885 0.8586363636363636 0.05823529411764706 0.038181818181818185
1 0.3038235294117647 0.03431818181818182 0.045294117647058825 0.020454545454545454
1 0.12352941176470589 0.5695454545454546 0.0988235294117647 0.03727272727272727
1 0.8470588235294118 0.8602272727272727 0.05529411764705883 0.03590909090909091