1 0.3982352941176471 0.40545454545454546 0.17176470588235293 0.031818181818181815
1 0.7588235294117647 0.8581818181818182 0.047058823529411764 0.035454545454545454
1 0.8402941176470589 0.9268181818181818 0.05235294117647059 0.03727272727272727
1 0.5329411764705883 0.6120454545454546 0.10470588235294118 0.03409090909090909
1 0.4123529411764706 0.9263636363636364 0.04941176470588235 0.03727272727272727
1 0.3847058823529412 0.6147727272727272 0.17294117647058824 0.030454545454545453
1 0.37470588235294117 0.7254545454545455 0.13176470588235295 0.03363636363636364
1 0.2826470588235294 0.02568181818181818 0.03823529411764706 0.03227272727272727
1 0.10558823529411765 0.40545454545454546 0.08764705882352941 0.034545454545454546
1 0.10176470588235294 0.6829545454545455 0.042352941176470586 0.03409090909090909
1 0.726764705882353 0.5806818181818182 0.033529411764705884 0.03409090909090909
1 0.10911764705882353 0.445 0.08529411764705883 0.03636363636363636
1 0.14852941176470588 0.9227272727272727 0.04764705882352941 0.03727272727272727
1 0.7808823529411765 0.5740909090909091 0.07470588235294118 0.03363636363636364
1 0.3211764705882353 0.923409090909091 0.04588235294117647 0.03681818181818182
1 0.14647058823529413 0.855909090909091 0.042352941176470586 0.03636363636363636
1 0.09705882352941177 0.5209090909090909 0.07764705882352942 0.034545454545454546
1 0.6614705882352941 0.6143181818181818 0.05588235294117647 0.03590909090909091
1 0.23441176470588235 0.8552272727272727 0.04411764705882353 0.03590909090909091
1 0.23470588235294118 0.9229545454545455 0.04470588235294118 0.03681818181818182
1 0.3517647058823529 0.7713636363636364 0.07058823529411765 0.034545454545454546
1 0.76 0.9261363636363636 0.05647058823529412 0.03681818181818182
1 0.10470588235294118 0.3643181818181818 0.07411764705882352 0.035
1 0.5632352941176471 0.4075 0.15 0.031363636363636364
1 0.41323529411764703 0.8584090909090909 0.04647058823529412 0.03590909090909091
1 0.5876470588235294 0.9247727272727273 0.06235294117647059 0.03681818181818182
1 0.09352941176470589 0.5643181818181818 0.07647058823529412 0.035
1 0.4288235294117647 0.5686363636363636 0.2529411764705882 0.034545454545454546
1 0.5808823529411765 0.8575 0.04764705882352941 0.038636363636363635
1 0.6355882352941177 0.5745454545454546 0.15235294117647058 0.02727272727272727
1 0.5555882352941176 0.03613636363636363 0.07823529411764706 0.02409090909090909
1 0.4958823529411765 0.9252272727272727 0.041176470588235294 0.03227272727272727
1 0.8402941176470589 0.8625 0.04764705882352941 0.03772727272727273
1 0.6726470588235294 0.8570454545454546 0.051176470588235295 0.03681818181818182
1 0.1011764705882353 0.7643181818181818 0.04352941176470588 0.035
1 0.4979411764705882 0.8581818181818182 0.04294117647058823 0.03636363636363636
1 0.09852941176470588 0.605 0.07941176470588235 0.035454545454545454
1 0.6691176470588235 0.9277272727272727 0.051176470588235295 0.038181818181818185
1 0.3288235294117647 0.8563636363636363 0.052941176470588235 0.034545454545454546
1 0.35911764705882354 0.45 0.10529411764705883 0.03
1 0.09941176470588235 0.7218181818181818 0.042352941176470586 0.03363636363636364
1 0.46705882352941175 0.4561363636363636 0.09647058823529411 0.031363636363636364
1 0.6194117647058823 0.6254545454545455 0.036470588235294116 0.04