1 0.43470588235294116 0.6797727272727273 0.26823529411764707 0.03954545454545454
1 0.7617647058823529 0.8590909090909091 0.07058823529411765 0.04090909090909091
1 0.8444117647058823 0.9229545454545455 0.06411764705882353 0.041363636363636366
1 0.566764705882353 0.6163636363636363 0.08058823529411764 0.04090909090909091
1 0.4188235294117647 0.9254545454545454 0.07294117647058823 0.04
1 0.846764705882353 0.8577272727272728 0.06294117647058824 0.04
1 0.40352941176470586 0.615 0.2188235294117647 0.038181818181818185
1 0.3738235294117647 0.4590909090909091 0.1723529411764706 0.03090909090909091
1 0.6567647058823529 0.6768181818181818 0.17 0.04090909090909091
1 0.4491176470588235 0.7272727272727273 0.3111764705882353 0.038181818181818185
1 0.1011764705882353 0.6795454545454546 0.08705882352941176 0.035454545454545454
1 0.08588235294117647 0.36818181818181817 0.08 0.035454545454545454
1 0.09205882352941176 0.44227272727272726 0.08764705882352941 0.03636363636363636
1 0.14911764705882352 0.9263636363636364 0.05235294117647059 0.042727272727272725
1 0.3332352941176471 0.9238636363636363 0.07352941176470588 0.03954545454545454
1 0.1564705882352941 0.8572727272727273 0.05411764705882353 0.038181818181818185
1 0.7479411764705882 0.7752272727272728 0.10294117647058823 0.03227272727272727
1 0.4661764705882353 0.5243181818181818 0.33 0.03590909090909091
1 0.07705882352941176 0.5270454545454546 0.07764705882352942 0.03318181818181818
1 0.6964705882352941 0.7329545454545454 0.16470588235294117 0.035
1 0.24441176470588236 0.9252272727272727 0.06411764705882353 0.038636363636363635
1 0.3973529411764706 0.7736363636363637 0.2088235294117647 0.03363636363636364
1 0.7629411764705882 0.9247727272727273 0.07411764705882352 0.041363636363636366
1 0.28911764705882353 0.03295454545454545 0.05 0.025
1 0.5764705882352941 0.7693181818181818 0.13647058823529412 0.03409090909090909
1 0.4176470588235294 0.8577272727272728 0.06823529411764706 0.04
1 0.5879411764705882 0.9252272727272727 0.07352941176470588 0.03954545454545454
1 0.4852941176470588 0.5702272727272727 0.3776470588235294 0.035
1 0.5879411764705882 0.8577272727272728 0.06647058823529411 0.04181818181818182
1 0.09705882352941177 0.4031818181818182 0.09529411764705882 0.02909090909090909
1 0.09088235294117647 0.5693181818181818 0.09823529411764706 0.03954545454545454
1 0.5011764705882353 0.9243181818181818 0.07058823529411765 0.041363636363636366
1 0.8491176470588235 0.6725 0.13117647058823528 0.04045454545454545
1 0.6708823529411765 0.8568181818181818 0.05588235294117647 0.04090909090909091
1 0.8732352941176471 0.7288636363636364 0.11823529411764706 0.035
1 0.09529411764705882 0.765 0.07882352941176471 0.035454545454545454
1 0.09558823529411764 0.725 0.08176470588235295 0.03636363636363636
1 0.5002941176470588 0.8570454545454546 0.06647058823529411 0.04045454545454545
1 0.7035294117647058 0.52 0.10588235294117647 0.04090909090909091
1 0.42264705882352943 0.3615909090909091 0.24411764705882352 0.03772727272727273
1 0.09735294117647059 0.610909090909091 0.09705882352941177 0.035454545454545454
1 0.6744117647058824 0.925 0.0711764705882353 0.03909090909090909
1 0.3352941176470588 0.8563636363636363 0.07294117647058823 0.03909090909090909
1 0.7388235294117647 0.5688636363636363 0.11176470588235295 0.03409090909090909
1 0.5670588235294117 0.03613636363636363 0.13058823529411764 0.020454545454545454
1 0.42 0.4143181818181818 0.24705882352941178 0.03409090909090909
1 0.24323529411764705 0.8613636363636363 0.06764705882352941 0.024545454545454544
1 0.6438235294117647 0.3593181818181818 0.20058823529411765 0.041363636363636366
1 0.7711764705882352 0.3588636363636364 0.05176470588235294 0.04681818181818182
1 0.6141176470588235 0.4115909090909091 0.15176470588235294 0.045909090909090906
1 0.7082352941176471 0.4188636363636364 0.03411764705882353 0.04681818181818182
1 0.5088235294117647 0.4581818181818182 0.0988235294117647 0.035454545454545454
1 0.5741176470588235 0.4627272727272727 0.029411764705882353 0.04454545454545455
1 0.7773529411764706 0.5225 0.04411764705882353 0.05045454545454545
1 0.815 0.5672727272727273 0.0488235294117647 0.03727272727272727
1 0.6282352941176471 0.6163636363636363 0.041176470588235294 0.04181818181818182
1 0.7594117647058823 0.6770454545454545 0.03764705882352941 0.05045454545454545
1 0.7964705882352942 0.7331818181818182 0.03882352941176471 0.046363636363636364
1 0.6702941176470588 0.7752272727272728 0.05 0.049545454545454545
1 0.8714705882352941 0.3615909090909091 0.15470588235294117 0.04863636363636364
1 0.803235294117647 0.4106818181818182 0.15823529411764706 0.053181818181818184
1 0.6455882352941177 0.4572727272727273 0.11941176470588236 0.04181818181818182
1 0.8708823529411764 0.5175 0.1476470588235294 0.049545454545454545
1 0.8923529411764706 0.5625 0.11294117647058824 0.04681818181818182
1 0.7041176470588235 0.6156818181818182 0.10823529411764705 0.038636363636363635