1 0.4429411764705882 0.6790909090909091 0.26823529411764707 0.04
1 0.7670588235294118 0.8597727272727272 0.07411764705882352 0.04045454545454545
1 0.8544117647058823 0.9245454545454546 0.07705882352941176 0.042727272727272725
1 0.586764705882353 0.6061363636363636 0.1535294117647059 0.03681818181818182
1 0.42411764705882354 0.9247727272727273 0.07411764705882352 0.03954545454545454
1 0.8152941176470588 0.7718181818181818 0.12705882352941175 0.03272727272727273
1 0.4 0.6079545454545454 0.18941176470588236 0.038636363636363635
1 0.6211764705882353 0.7729545454545454 0.18 0.038636363636363635
1 0.40088235294117647 0.4484090909090909 0.19117647058823528 0.038636363636363635
1 0.6691176470588235 0.6797727272727273 0.16176470588235295 0.03681818181818182
1 0.425 0.725909090909091 0.24176470588235294 0.03909090909090909
1 0.778235294117647 0.5247727272727273 0.09058823529411765 0.03409090909090909
1 0.4244117647058824 0.4047727272727273 0.23352941176470587 0.03681818181818182
1 0.10235294117647059 0.6768181818181818 0.07647058823529412 0.03636363636363636
1 0.0961764705882353 0.44636363636363635 0.07588235294117647 0.035454545454545454
1 0.6470588235294118 0.7277272727272728 0.19058823529411764 0.03363636363636364
1 0.1588235294117647 0.9218181818181819 0.06588235294117648 0.04
1 0.3323529411764706 0.9231818181818182 0.06705882352941177 0.04090909090909091
1 0.15911764705882353 0.8536363636363636 0.05823529411764706 0.04090909090909091
1 0.7638235294117647 0.7329545454545454 0.039411764705882354 0.03227272727272727
1 0.5888235294117647 0.44886363636363635 0.15058823529411763 0.03681818181818182
1 0.4067647058823529 0.5220454545454546 0.19941176470588234 0.03954545454545454
1 0.10529411764705883 0.5204545454545455 0.08823529411764706 0.034545454545454546
1 0.24764705882352941 0.8547727272727272 0.06705882352941177 0.03954545454545454
1 0.695 0.6097727272727272 0.028823529411764706 0.035
1 0.24205882352941177 0.9238636363636363 0.05823529411764706 0.03954545454545454
1 0.4097058823529412 0.7684090909090909 0.21235294117647058 0.03772727272727273
1 0.763235294117647 0.9245454545454546 0.06764705882352941 0.04
1 0.09588235294117647 0.365 0.08470588235294117 0.03363636363636364
1 0.6591176470588235 0.4068181818181818 0.19 0.03909090909090909
1 0.653235294117647 0.3659090909090909 0.17470588235294118 0.038181818181818185
1 0.41970588235294115 0.8563636363636363 0.06529411764705882 0.038181818181818185
1 0.4067647058823529 0.5686363636363636 0.20411764705882354 0.04
1 0.5955882352941176 0.5215909090909091 0.16294117647058823 0.03954545454545454
1 0.591764705882353 0.8586363636363636 0.06588235294117648 0.04
1 0.1011764705882353 0.4036363636363636 0.08705882352941176 0.035454545454545454
1 0.10323529411764706 0.5670454545454545 0.08647058823529412 0.03590909090909091
1 0.5985294117647059 0.5654545454545454 0.16176470588235295 0.038181818181818185
1 0.7761764705882352 0.5706818181818182 0.07941176470588235 0.035
1 0.7379411764705882 0.7752272727272728 0.033529411764705884 0.03409090909090909
1 0.5070588235294118 0.9240909090909091 0.06470588235294118 0.04090909090909091
1 0.846764705882353 0.6802272727272727 0.1264705882352941 0.038636363636363635
1 0.6817647058823529 0.8565909090909091 0.06470588235294118 0.04045454545454545
1 0.8597058823529412 0.7270454545454546 0.12764705882352942 0.03681818181818182
1 0.10058823529411764 0.7613636363636364 0.07882352941176471 0.038181818181818185
1 0.10147058823529412 0.7211363636363637 0.08529411764705883 0.03772727272727273
1 0.508235294117647 0.8572727272727273 0.07058823529411765 0.038181818181818185
1 0.7073529411764706 0.5286363636363637 0.039411764705882354 0.034545454545454546
1 0.4314705882352941 0.3638636363636364 0.24176470588235294 0.038636363636363635
1 0.10647058823529412 0.6052272727272727 0.09647058823529411 0.03681818181818182
1 0.6811764705882353 0.923409090909091 0.07411764705882352 0.03954545454545454
1 0.33941176470588236 0.8568181818181818 0.07058823529411765 0.04
1 0.7532352941176471 0.6093181818181819 0.0688235294117647 0.03318181818181818
1 0.7726470588235295 0.6843181818181818 0.031176470588235295 0.03681818181818182
1 0.28441176470588236 0.03272727272727273 0.03470588235294118 0.02181818181818182
1 0.5679411764705883 0.0375 0.12294117647058823 0.019545454545454546
1 0.7164705882352941 0.5709090909090909 0.03176470588235294 0.03363636363636364
1 0.8461764705882353 0.8615909090909091 0.07823529411764706 0.03772727272727273
1 0.5873529411764706 0.9254545454545454 0.07 0.03363636363636364