1 0.4102941176470588 0.6745454545454546 0.21705882352941178 0.04
1 0.6402941176470588 0.7361363636363636 0.18411764705882352 0.03409090909090909
1 0.755 0.8634090909090909 0.05823529411764706 0.03772727272727273
1 0.8408823529411765 0.9277272727272727 0.06294117647058824 0.04090909090909091
1 0.49117647058823527 0.9281818181818182 0.05647058823529412 0.04
1 0.841764705882353 0.8634090909090909 0.06235294117647059 0.038636363636363635
1 0.39323529411764707 0.6181818181818182 0.19941176470588234 0.03272727272727273
1 0.4138235294117647 0.4193181818181818 0.23352941176470587 0.03409090909090909
1 0.7314705882352941 0.6863636363636364 0.045294117647058825 0.03363636363636364
1 0.4082352941176471 0.7327272727272728 0.22941176470588234 0.031818181818181815
1 0.4314705882352941 0.3638636363636364 0.2664705882352941 0.03318181818181818
1 0.09705882352941177 0.6809090909090909 0.09176470588235294 0.03363636363636364
1 0.10205882352941177 0.4531818181818182 0.08058823529411764 0.03636363636363636
1 0.8855882352941177 0.5306818181818181 0.07588235294117647 0.03681818181818182
1 0.775 0.5802272727272727 0.03235294117647059 0.035
1 0.1476470588235294 0.9229545454545455 0.05058823529411765 0.03954545454545454
1 0.8447058823529412 0.5772727272727273 0.08470588235294117 0.035454545454545454
1 0.40441176470588236 0.9252272727272727 0.061764705882352944 0.03954545454545454
1 0.15 0.855909090909091 0.05176470588235294 0.038181818181818185
1 0.4314705882352941 0.5195454545454545 0.26176470588235295 0.04
1 0.09441176470588235 0.5225 0.08764705882352941 0.030454545454545453
1 0.6791176470588235 0.6272727272727273 0.03 0.031818181818181815
1 0.24058823529411766 0.8584090909090909 0.06 0.03772727272727273
1 0.23588235294117646 0.9229545454545455 0.052941176470588235 0.03954545454545454
1 0.3870588235294118 0.7759090909090909 0.19176470588235295 0.02727272727272727
1 0.755 0.9304545454545454 0.061764705882352944 0.03909090909090909
1 0.10617647058823529 0.3643181818181818 0.0888235294117647 0.03954545454545454
1 0.57 0.7711363636363636 0.11058823529411765 0.03227272727272727
1 0.6223529411764706 0.41818181818181815 0.15411764705882353 0.03727272727272727
1 0.40941176470588236 0.8590909090909091 0.058823529411764705 0.03909090909090909
1 0.6829411764705883 0.5279545454545455 0.2164705882352941 0.028636363636363637
1 0.4088235294117647 0.5711363636363637 0.22823529411764706 0.028636363636363637
1 0.5861764705882353 0.8631818181818182 0.057058823529411766 0.03909090909090909
1 0.10676470588235294 0.4077272727272727 0.09117647058823529 0.034545454545454546
1 0.09705882352941177 0.5640909090909091 0.09058823529411765 0.03636363636363636
1 0.6438235294117647 0.5720454545454545 0.17352941176470588 0.03409090909090909
1 0.5826470588235294 0.0375 0.11470588235294117 0.02409090909090909
1 0.7047058823529412 0.4625 0.029411764705882353 0.03227272727272727
1 0.7711764705882352 0.4618181818181818 0.09529411764705882 0.031818181818181815
1 0.7447058823529412 0.78 0.11176470588235295 0.028181818181818183
1 0.5755882352941176 0.9306818181818182 0.054705882352941174 0.03954545454545454
1 0.8355882352941176 0.6886363636363636 0.14529411764705882 0.04181818181818182
1 0.8670588235294118 0.36477272727272725 0.12941176470588237 0.04409090909090909
1 0.6208823529411764 0.6829545454545455 0.13823529411764707 0.038636363636363635
1 0.86 0.7315909090909091 0.13411764705882354 0.03772727272727273
1 0.09852941176470588 0.7652272727272728 0.08647058823529412 0.03681818181818182
1 0.09382352941176471 0.7227272727272728 0.0888235294117647 0.03363636363636364
1 0.7270588235294118 0.42454545454545456 0.03176470588235294 0.031818181818181815
1 0.5905882352941176 0.4640909090909091 0.13294117647058823 0.03363636363636364
1 0.6641176470588235 0.7795454545454545 0.03411764705882353 0.03727272727272727
1 0.49911764705882355 0.8586363636363636 0.06411764705882353 0.04
1 0.8085294117647058 0.42159090909090907 0.11588235294117646 0.03227272727272727
1 0.5688235294117647 0.6220454545454546 0.14 0.03227272727272727
1 0.10058823529411764 0.6072727272727273 0.08941176470588236 0.03636363636363636
1 0.6629411764705883 0.9281818181818182 0.058823529411764705 0.04090909090909091
1 0.6591176470588235 0.3629545454545455 0.17352941176470588 0.038636363636363635
1 0.3241176470588235 0.8584090909090909 0.05647058823529412 0.03772727272727273
1 0.7432352941176471 0.6240909090909091 0.07235294117647059 0.03090909090909091
1 0.7597058823529412 0.7293181818181819 0.039411764705882354 0.03590909090909091
1 0.7770588235294118 0.36977272727272725 0.058823529411764705 0.03590909090909091
1 0.3961764705882353 0.4611363636363636 0.20176470588235293 0.03318181818181818
1 0.821764705882353 0.5313636363636364 0.03882352941176471 0.04090909090909091
1 0.32441176470588234 0.9281818181818182 0.06764705882352941 0.03636363636363636
1 0.6673529411764706 0.8638636363636364 0.05941176470588235 0.038636363636363635
1 0.295 0.035454545454545454 0.039411764705882354 0.023636363636363636
1 0.3511764705882353 0.03772727272727273 0.07058823529411765 0.023636363636363636