1 0.41294117647058826 0.6806818181818182 0.2188235294117647 0.038636363636363635
1 0.44382352941176473 0.40545454545454546 0.29 0.04090909090909091
1 0.7694117647058824 0.855909090909091 0.06823529411764706 0.03909090909090909
1 0.8514705882352941 0.9229545454545455 0.07352941176470588 0.04045454545454545
1 0.6908823529411765 0.5652272727272727 0.16176470588235295 0.038636363636363635
1 0.4161764705882353 0.9231818181818182 0.051176470588235295 0.03909090909090909
1 0.8544117647058823 0.8581818181818182 0.07588235294117647 0.03272727272727273
1 0.10529411764705883 0.5686363636363636 0.07882352941176471 0.03636363636363636
1 0.6502941176470588 0.7663636363636364 0.19470588235294117 0.035454545454545454
1 0.4294117647058823 0.4495454545454545 0.26235294117647057 0.038181818181818185
1 0.725 0.6815909090909091 0.04764705882352941 0.03681818181818182
1 0.7794117647058824 0.5225 0.07294117647058823 0.03409090909090909
1 0.11294117647058824 0.6822727272727273 0.08588235294117647 0.04090909090909091
1 0.8502941176470589 0.5652272727272727 0.06647058823529411 0.03318181818181818
1 0.778235294117647 0.6088636363636364 0.04470588235294118 0.03409090909090909
1 0.09970588235294117 0.3625 0.08058823529411764 0.03590909090909091
1 0.10029411764705883 0.4470454545454545 0.07352941176470588 0.03590909090909091
1 0.15823529411764706 0.9261363636363636 0.06470588235294118 0.03772727272727273
1 0.8505882352941176 0.6077272727272728 0.08 0.035454545454545454
1 0.3323529411764706 0.9245454545454546 0.058823529411764705 0.038181818181818185
1 0.1588235294117647 0.8570454545454546 0.05764705882352941 0.038636363636363635
1 0.6588235294117647 0.45022727272727275 0.19058823529411764 0.03590909090909091
1 0.4052941176470588 0.5222727272727272 0.2011764705882353 0.031818181818181815
1 0.10647058823529412 0.5275 0.07882352941176471 0.035
1 0.8861764705882353 0.40704545454545454 0.09 0.03681818181818182
1 0.24588235294117647 0.8565909090909091 0.05529411764705883 0.03772727272727273
1 0.24941176470588236 0.9252272727272727 0.05529411764705883 0.038636363636363635
1 0.42705882352941177 0.7668181818181818 0.24705882352941178 0.03727272727272727
1 0.7644117647058823 0.92 0.05941176470588235 0.04181818181818182
1 0.71 0.3659090909090909 0.04470588235294118 0.034545454545454546
1 0.41823529411764704 0.8565909090909091 0.058823529411764705 0.038636363636363635
1 0.6005882352941176 0.5220454545454546 0.17176470588235293 0.031363636363636364
1 0.4423529411764706 0.6095454545454545 0.2635294117647059 0.03727272727272727
1 0.5944117647058823 0.8561363636363636 0.060588235294117644 0.03954545454545454
1 0.10647058823529412 0.40613636363636363 0.07058823529411765 0.038636363636363635
1 0.6670588235294118 0.6125 0.16470588235294117 0.03409090909090909
1 0.595 0.3640909090909091 0.15235294117647058 0.038181818181818185
1 0.7835294117647059 0.45136363636363636 0.04470588235294118 0.034545454545454546
1 0.5108823529411765 0.9231818181818182 0.0688235294117647 0.038181818181818185
1 0.8835294117647059 0.7222727272727273 0.07294117647058823 0.02909090909090909
1 0.6752941176470588 0.8547727272727272 0.06 0.04409090909090909
1 0.7844117647058824 0.3659090909090909 0.0888235294117647 0.034545454545454546
1 0.6223529411764706 0.6802272727272727 0.17176470588235293 0.03772727272727273
1 0.8591176470588235 0.7677272727272727 0.10647058823529412 0.03636363636363636
1 0.10764705882352942 0.7675 0.08705882352941176 0.035
1 0.10911764705882353 0.7229545454545454 0.08529411764705883 0.03590909090909091
1 0.5029411764705882 0.8561363636363636 0.05176470588235294 0.04045454545454545
1 0.7144117647058823 0.5206818181818181 0.04764705882352941 0.03590909090909091
1 0.86 0.45045454545454544 0.09058823529411765 0.035454545454545454
1 0.4082352941176471 0.36568181818181816 0.20823529411764705 0.03681818181818182
1 0.4491176470588235 0.725 0.29352941176470587 0.03363636363636364
1 0.10529411764705883 0.6036363636363636 0.0811764705882353 0.03727272727272727
1 0.6826470588235294 0.923409090909091 0.07235294117647059 0.038636363636363635
1 0.6955882352941176 0.4088636363636364 0.20647058823529413 0.03772727272727273
1 0.3276470588235294 0.8568181818181818 0.05647058823529412 0.038181818181818185
1 0.8179411764705883 0.6825 0.12176470588235294 0.038636363636363635
1 0.295 0.03727272727272727 0.045294117647058825 0.022727272727272728
1 0.5470588235294118 0.03636363636363636 0.10941176470588235 0.024545454545454544
1 0.8194117647058824 0.4077272727272727 0.03529411764705882 0.04
1 0.45235294117647057 0.5663636363636364 0.3 0.03909090909090909
1 0.7923529411764706 0.5672727272727273 0.03882352941176471 0.03727272727272727
1 0.6970588235294117 0.7238636363636364 0.2 0.03772727272727273
1 0.8223529411764706 0.7229545454545454 0.036470588235294116 0.03227272727272727
1 0.7761764705882352 0.7684090909090909 0.04411764705882353 0.03772727272727273
1 0.5935294117647059 0.9240909090909091 0.06823529411764706 0.03909090909090909