1 0.4252941176470588 0.6813636363636364 0.20352941176470588 0.03363636363636364
1 0.49529411764705883 0.4125 0.3776470588235294 0.03772727272727273
1 0.7605882352941177 0.8627272727272727 0.04941176470588235 0.03636363636363636
1 0.8444117647058823 0.9293181818181818 0.05588235294117647 0.03318181818181818
1 0.555 0.6143181818181818 0.12294117647058823 0.030454545454545453
1 0.4097058823529412 0.9268181818181818 0.05823529411764706 0.03636363636363636
1 0.8432352941176471 0.8636363636363636 0.051176470588235295 0.034545454545454546
1 0.3982352941176471 0.6129545454545454 0.14941176470588236 0.031363636363636364
1 0.39441176470588235 0.45204545454545453 0.15705882352941178 0.03318181818181818
1 0.721764705882353 0.695 0.03294117647058824 0.03363636363636364
1 0.4223529411764706 0.7236363636363636 0.2376470588235294 0.03090909090909091
1 0.3120588235294118 0.030454545454545453 0.03823529411764706 0.02
1 0.7664705882352941 0.5275 0.0976470588235294 0.03409090909090909
1 0.10617647058823529 0.6775 0.08764705882352941 0.03590909090909091
1 0.7135294117647059 0.6161363636363636 0.07294117647058823 0.03409090909090909
1 0.12441176470588235 0.4465909090909091 0.10294117647058823 0.03772727272727273
1 0.5029411764705882 0.8590909090909091 0.05058823529411765 0.035454545454545454
1 0.6394117647058823 0.725 0.1411764705882353 0.03
1 0.1535294117647059 0.9222727272727272 0.058823529411764705 0.038181818181818185
1 0.785 0.5718181818181818 0.03705882352941176 0.035454545454545454
1 0.3288235294117647 0.9256818181818182 0.05529411764705883 0.03954545454545454
1 0.1588235294117647 0.8602272727272727 0.06352941176470588 0.03227272727272727
1 0.7252941176470589 0.7763636363636364 0.08 0.023636363636363636
1 0.4097058823529412 0.5261363636363636 0.18411764705882352 0.038636363636363635
1 0.09588235294117647 0.5206818181818181 0.08705882352941176 0.03681818181818182
1 0.24294117647058824 0.8570454545454546 0.04941176470588235 0.03227272727272727
1 0.2426470588235294 0.9229545454545455 0.054705882352941174 0.03772727272727273
1 0.3897058823529412 0.7713636363636364 0.17 0.03
1 0.7644117647058823 0.928409090909091 0.06294117647058824 0.031363636363636364
1 0.11382352941176471 0.36204545454545456 0.10529411764705883 0.03954545454545454
1 0.5585294117647058 0.7720454545454546 0.11705882352941177 0.028636363636363637
1 0.6291176470588236 0.4552272727272727 0.061764705882352944 0.035
1 0.7011764705882353 0.37136363636363634 0.06588235294117648 0.03272727272727273
1 0.42411764705882354 0.8593181818181819 0.05647058823529412 0.03409090909090909
1 0.5882352941176471 0.9268181818181818 0.05411764705882353 0.03909090909090909
1 0.425 0.5665909090909091 0.2523529411764706 0.031363636363636364
1 0.5961764705882353 0.525 0.13588235294117648 0.035454545454545454
1 0.5920588235294117 0.8604545454545455 0.05941176470588235 0.031818181818181815
1 0.11735294117647059 0.40386363636363637 0.10882352941176471 0.03681818181818182
1 0.1011764705882353 0.5659090909090909 0.0988235294117647 0.03727272727272727
1 0.6614705882352941 0.5688636363636363 0.18529411764705883 0.031363636363636364
1 0.5785294117647058 0.03772727272727273 0.12176470588235294 0.02181818181818182
1 0.7658823529411765 0.41409090909090907 0.1564705882352941 0.035454545454545454
1 0.8202941176470588 0.7297727272727272 0.10176470588235294 0.029545454545454545
1 0.5061764705882353 0.9265909090909091 0.06529411764705882 0.03590909090909091
1 0.8026470588235294 0.6881818181818182 0.1111764705882353 0.03090909090909091
1 0.6767647058823529 0.860909090909091 0.05941176470588235 0.03
1 0.5805882352941176 0.37227272727272726 0.09529411764705882 0.038181818181818185
1 0.6235294117647059 0.6847727272727273 0.13294117647058823 0.03772727272727273
1 0.8747058823529412 0.5706818181818182 0.1 0.030454545454545453
1 0.11735294117647059 0.7629545454545454 0.10176470588235294 0.03681818181818182
1 0.11029411764705882 0.7190909090909091 0.09823529411764706 0.03727272727272727
1 0.5344117647058824 0.45431818181818184 0.08294117647058824 0.03318181818181818
1 0.6511764705882352 0.7779545454545455 0.03529411764705882 0.02772727272727273
1 0.69 0.5325 0.03294117647058824 0.03409090909090909
1 0.6561764705882352 0.6161363636363636 0.028823529411764706 0.03318181818181818
1 0.4238235294117647 0.365 0.20058823529411765 0.038181818181818185
1 0.11852941176470588 0.6081818181818182 0.10058823529411764 0.038181818181818185
1 0.6785294117647059 0.9279545454545455 0.05823529411764706 0.035
1 0.3332352941176471 0.8586363636363636 0.06294117647058824 0.035454545454545454
1 0.7458823529411764 0.725909090909091 0.02823529411764706 0.028181818181818183
1 0.6491176470588236 0.38136363636363635 0.026470588235294117 0.03
1 0.8661764705882353 0.41613636363636364 0.022941176470588236 0.03772727272727273
1 0.9152941176470588 0.41704545454545455 0.05529411764705883 0.03318181818181818
1 0.5882352941176471 0.4702272727272727 0.01647058823529412 0.02772727272727273