1 0.42726737338044757 0.678391959798995 0.2055359246171967 0.04020100502512563
1 0.7647232037691402 0.8567839195979899 0.04888103651354535 0.040657834627683874
1 0.8565959952885748 0.918227501142074 0.06772673733804475 0.03837368661489265
1 0.806831566548881 0.6777067153951576 0.06831566548881036 0.034262220191868434
1 0.5886336866902238 0.6034719049794427 0.1501766784452297 0.03471904979442668
1 0.41548881036513546 0.9198264047510278 0.05712603062426384 0.037003197807217905
1 0.5856890459363958 0.5150753768844221 0.13722025912838634 0.037003197807217905
1 0.8533568904593639 0.8529008679762449 0.0624263839811543 0.03654636820465966
1 0.4025323910482921 0.6046139789858382 0.18904593639575973 0.035175879396984924
1 0.44375736160188456 0.39835541343079034 0.23616018845700826 0.04111466423024212
1 0.42667844522968196 0.4419826404751028 0.19257950530035337 0.0379168570123344
1 0.7385159010600707 0.6779351301964367 0.03415783274440518 0.03928734582000914
1 0.4249116607773852 0.7603928734582001 0.22202591283863368 0.037003197807217905
1 0.32273262661955243 0.02147099132023755 0.05889281507656066 0.027409776153494745
1 0.7352767962308598 0.5146185472818638 0.08303886925795052 0.034262220191868434
1 0.10482921083627797 0.6754225673823664 0.09422850412249706 0.037003197807217905
1 0.1071849234393404 0.44335312928277754 0.0977620730270907 0.036089538602101415
1 0.42638398115429915 0.7188213796253997 0.2226148409893993 0.0379168570123344
1 0.7458775029446407 0.559616263133851 0.03356890459363958 0.03380539058931019
1 0.09982332155477032 0.35678391959798994 0.08657243816254417 0.03654636820465966
1 0.6416372202591284 0.7599360438556418 0.1878680800942285 0.036089538602101415
1 0.15871613663133097 0.9198264047510278 0.05712603062426384 0.037003197807217905
1 0.7570671378091873 0.6021014161717679 0.0983510011778563 0.0328917313841937
1 0.3339222614840989 0.9186843307446323 0.06478209658421673 0.03746002740977615
1 0.15783274440518258 0.8503883051621746 0.061248527679623084 0.037003197807217905
1 0.7706124852767963 0.7642759250799451 0.034746760895170786 0.03563270899954317
1 0.413133097762073 0.5162174508908177 0.18669022379269729 0.03928734582000914
1 0.10865724381625441 0.5180447693010507 0.09952885747938751 0.03654636820465966
1 0.6884570082449941 0.60415714938328 0.0353356890459364 0.03243490178163545
1 0.7906360424028268 0.3951576062128826 0.07950530035335689 0.03563270899954317
1 0.24381625441696114 0.8544997715851987 0.05889281507656066 0.036089538602101415
1 0.2399882214369847 0.9195979899497487 0.052414605418138985 0.03746002740977615
1 0.7685512367491166 0.9207400639561444 0.0624263839811543 0.0379168570123344
1 0.6878680800942285 0.4440383736866149 0.03651354534746761 0.0328917313841937
1 0.6743227326266196 0.3602101416171768 0.0353356890459364 0.034262220191868434
1 0.6369257950530035 0.39881224303334856 0.14899882214369847 0.03837368661489265
1 0.5848056537102474 0.35655550479671083 0.14487632508833923 0.037003197807217905
1 0.4163722025912839 0.8533576975788031 0.053003533568904596 0.03746002740977615
1 0.5895170789163722 0.9191411603471905 0.05653710247349823 0.03837368661489265
1 0.43227326266195526 0.5582457743261764 0.23674911660777384 0.03746002740977615
1 0.5886336866902238 0.8574691640018273 0.05005889281507656 0.03837368661489265
1 0.10394581861012957 0.39767016902695296 0.09481743227326266 0.037003197807217905
1 0.10777385159010601 0.5584741891274555 0.0977620730270907 0.035175879396984924
1 0.5521201413427562 0.022384650525354044 0.05005889281507656 0.026496116948378255
1 0.7473498233215548 0.44152581087254456 0.08244994110718493 0.031521242576518956
1 0.7856301531213192 0.7208771128369118 0.0353356890459364 0.03471904979442668
1 0.5038280329799765 0.920054819552307 0.06419316843345112 0.03837368661489265
1 0.8648409893992933 0.7220191868433075 0.11012956419316844 0.035175879396984924
1 0.6837455830388692 0.8519872087711283 0.0636042402826855 0.03746002740977615
1 0.7438162544169611 0.3592964824120603 0.09069493521790342 0.03243490178163545
1 0.6248527679623086 0.6747373229785291 0.1872791519434629 0.04020100502512563
1 0.8468786808009423 0.7633622658748287 0.09422850412249706 0.03380539058931019
1 0.0980565371024735 0.7587939698492462 0.09128386336866902 0.03654636820465966
1 0.7302709069493521 0.39904065783462767 0.03651354534746761 0.034262220191868434
1 0.600412249705536 0.44061215166742806 0.13957597173144876 0.035175879396984924
1 0.6575382803297998 0.7190497944266788 0.2149587750294464 0.03837368661489265
1 0.5047114252061249 0.8535861123800822 0.05653710247349823 0.037003197807217905
1 0.6769729093050648 0.5180447693010507 0.035924617196702 0.03746002740977615
1 0.8200824499411072 0.5591594335312928 0.10424028268551237 0.03380539058931019
1 0.6463486454652533 0.5591594335312928 0.1690223792697291 0.03746002740977615
1 0.4196113074204947 0.35769757880310643 0.1772673733804476 0.03837368661489265
1 0.10806831566548881 0.6005025125628141 0.09717314487632508 0.036089538602101415
1 0.6757950530035336 0.9193695751484696 0.059481743227326266 0.0379168570123344
1 0.3309776207302709 0.8526724531749658 0.061248527679623084 0.037003197807217905
1 0.10335689045936396 0.7208771128369118 0.09481743227326266 0.03471904979442668