1 0.3826470588235294 0.6834090909090909 0.1652941176470588 0.03772727272727273
1 0.765 0.8593181818181819 0.06764705882352941 0.038636363636363635
1 0.851764705882353 0.9302272727272727 0.07294117647058823 0.03954545454545454
1 0.5526470588235294 0.5647727272727273 0.13352941176470587 0.03681818181818182
1 0.5811764705882353 0.6152272727272727 0.029411764705882353 0.03772727272727273
1 0.4161764705882353 0.9270454545454545 0.06647058823529411 0.038636363636363635
1 0.52 0.5222727272727272 0.08352941176470588 0.035454545454545454
1 0.8482352941176471 0.8652272727272727 0.06 0.045
1 0.3770588235294118 0.6122727272727273 0.1635294117647059 0.03636363636363636
1 0.6288235294117647 0.7775 0.03882352941176471 0.038636363636363635
1 0.39794117647058824 0.44977272727272727 0.19117647058823528 0.03772727272727273
1 0.5276470588235294 0.6815909090909091 0.11294117647058824 0.03590909090909091
1 0.6717647058823529 0.6806818181818182 0.0811764705882353 0.035
1 0.7505882352941177 0.40613636363636363 0.07647058823529412 0.035
1 0.40441176470588236 0.4077272727272727 0.20529411764705882 0.03727272727272727
1 0.08588235294117647 0.6818181818181818 0.06705882352941177 0.03727272727272727
1 0.08764705882352941 0.44977272727272727 0.07411764705882352 0.03590909090909091
1 0.09117647058823529 0.3638636363636364 0.07764705882352942 0.03590909090909091
1 0.1638235294117647 0.9243181818181818 0.0711764705882353 0.038636363636363635
1 0.33294117647058824 0.9254545454545454 0.07529411764705882 0.04
1 0.15970588235294117 0.8581818181818182 0.061764705882352944 0.038181818181818185
1 0.6944117647058824 0.7675 0.07823529411764706 0.03318181818181818
1 0.3914705882352941 0.5202272727272728 0.16176470588235295 0.038636363636363635
1 0.09176470588235294 0.5245454545454545 0.07058823529411765 0.034545454545454546
1 0.6361764705882353 0.6075 0.05823529411764706 0.03227272727272727
1 0.24794117647058825 0.8586363636363636 0.07 0.038181818181818185
1 0.6376470588235295 0.5654545454545454 0.03294117647058824 0.034545454545454546
1 0.2426470588235294 0.9259090909090909 0.06294117647058824 0.038181818181818185
1 0.37941176470588234 0.7697727272727273 0.14941176470588236 0.035
1 0.7641176470588236 0.9270454545454545 0.07058823529411765 0.038636363636363635
1 0.3079411764705882 0.031818181818181815 0.033529411764705884 0.026363636363636363
1 0.5373529411764706 0.7679545454545454 0.12176470588235294 0.035
1 0.6829411764705883 0.4602272727272727 0.03529411764705882 0.03772727272727273
1 0.6479411764705882 0.36886363636363634 0.054705882352941174 0.030454545454545453
1 0.5979411764705882 0.40863636363636363 0.1652941176470588 0.038181818181818185
1 0.5338235294117647 0.3715909090909091 0.1111764705882353 0.03590909090909091
1 0.41970588235294115 0.8590909090909091 0.0711764705882353 0.04090909090909091
1 0.5944117647058823 0.9322727272727273 0.06529411764705882 0.04181818181818182
1 0.09205882352941176 0.5652272727272727 0.0711764705882353 0.03227272727272727
1 0.3914705882352941 0.5631818181818182 0.18294117647058825 0.038181818181818185
1 0.5820588235294117 0.5295454545454545 0.031176470588235295 0.04
1 0.5032352941176471 0.6081818181818182 0.10176470588235294 0.03363636363636364
1 0.5958823529411764 0.8593181818181819 0.06823529411764706 0.04045454545454545
1 0.0888235294117647 0.4068181818181818 0.08 0.03727272727272727
1 0.5602941176470588 0.04045454545454545 0.11705882352941177 0.022727272727272728
1 0.7444117647058823 0.4515909090909091 0.06294117647058824 0.03318181818181818
1 0.5029411764705882 0.9318181818181818 0.06470588235294118 0.04454545454545455
1 0.7544117647058823 0.7270454545454546 0.0488235294117647 0.03318181818181818
1 0.678235294117647 0.8595454545454545 0.06352941176470588 0.04
1 0.8197058823529412 0.7215909090909091 0.11588235294117646 0.03590909090909091
1 0.08941176470588236 0.7656818181818181 0.06941176470588235 0.035
1 0.08735294117647059 0.7229545454545454 0.0711764705882353 0.03681818181818182
1 0.6958823529411765 0.40704545454545454 0.03294117647058824 0.035
1 0.5714705882352941 0.4515909090909091 0.1288235294117647 0.03590909090909091
1 0.6088235294117647 0.6877272727272727 0.03294117647058824 0.03727272727272727
1 0.5076470588235295 0.8602272727272727 0.06941176470588235 0.04318181818181818
1 0.6411764705882353 0.5193181818181818 0.0611764705882353 0.03227272727272727
1 0.43470588235294116 0.725 0.25058823529411767 0.035454545454545454
1 0.08823529411764706 0.6056818181818182 0.07058823529411765 0.035
1 0.6794117647058824 0.9265909090909091 0.07058823529411765 0.038636363636363635
1 0.3285294117647059 0.8577272727272728 0.060588235294117644 0.04090909090909091
1 0.38588235294117645 0.36977272727272725 0.16470588235294117 0.028636363636363637
1 0.6988235294117647 0.5638636363636363 0.07647058823529412 0.03409090909090909
1 0.6029411764705882 0.3836363636363636 0.03058823529411765 0.034545454545454546
1 0.6479411764705882 0.7304545454545455 0.17352941176470588 0.034545454545454546