1 0.4308823529411765 0.7245454545454545 0.25 0.035454545454545454
1 0.8441176470588235 0.8568181818181818 0.06235294117647059 0.03727272727272727
1 0.85 0.9268181818181818 0.07176470588235294 0.03909090909090909
1 0.38941176470588235 0.5638636363636363 0.16705882352941176 0.03590909090909091
1 0.4173529411764706 0.9256818181818182 0.05352941176470588 0.03590909090909091
1 0.6711764705882353 0.8575 0.05647058823529412 0.03954545454545454
1 0.12294117647058823 0.6754545454545454 0.07176470588235294 0.03636363636363636
1 0.10441176470588236 0.445 0.0888235294117647 0.03727272727272727
1 0.14941176470588236 0.9231818181818182 0.05176470588235294 0.03909090909090909
1 0.8438235294117648 0.7247727272727272 0.13588235294117648 0.035
1 0.33147058823529413 0.9245454545454546 0.06294117647058824 0.038181818181818185
1 0.16264705882352942 0.8547727272727272 0.06529411764705882 0.03954545454545454
1 0.115 0.5179545454545454 0.06529411764705882 0.035
1 0.6467647058823529 0.7252272727272727 0.17823529411764705 0.03409090909090909
1 0.2461764705882353 0.8556818181818182 0.04764705882352941 0.038636363636363635
1 0.23852941176470588 0.9236363636363636 0.05 0.03727272727272727
1 0.4176470588235294 0.7659090909090909 0.22941176470588234 0.035454545454545454
1 0.7567647058823529 0.9265909090909091 0.05941176470588235 0.038636363636363635
1 0.11088235294117647 0.36477272727272725 0.09 0.03772727272727273
1 0.44441176470588234 0.4040909090909091 0.2747058823529412 0.04
1 0.4108823529411765 0.8568181818181818 0.045294117647058825 0.03727272727272727
1 0.5885294117647059 0.9231818181818182 0.05941176470588235 0.038181818181818185
1 0.38176470588235295 0.6104545454545455 0.15764705882352942 0.03090909090909091
1 0.10882352941176471 0.4018181818181818 0.09647058823529411 0.03636363636363636
1 0.10735294117647058 0.5652272727272727 0.0688235294117647 0.03590909090909091
1 0.5732352941176471 0.4506818181818182 0.1288235294117647 0.031363636363636364
1 0.6747058823529412 0.40795454545454546 0.17529411764705882 0.03772727272727273
1 0.49558823529411766 0.9227272727272727 0.057058823529411766 0.03909090909090909
1 0.1223529411764706 0.7606818181818182 0.08470588235294117 0.03681818181818182
1 0.12 0.7186363636363636 0.09058823529411765 0.03636363636363636
1 0.5929411764705882 0.8579545454545454 0.06823529411764706 0.038636363636363635
1 0.5002941176470588 0.8572727272727273 0.05352941176470588 0.03909090909090909
1 0.10529411764705883 0.605 0.07176470588235294 0.03636363636363636
1 0.6758823529411765 0.9263636363636364 0.06705882352941177 0.038181818181818185
1 0.3341176470588235 0.8561363636363636 0.06 0.03590909090909091
1 0.4073529411764706 0.45022727272727275 0.1935294117647059 0.03318181818181818
1 0.7052941176470588 0.44977272727272727 0.08352941176470588 0.03409090909090909
1 0.2791176470588235 0.035227272727272725 0.04411764705882353 0.031363636363636364
1 0.3402941176470588 0.03636363636363636 0.06294117647058824 0.031818181818181815
1 0.5764705882352941 0.0375 0.13647058823529412 0.026818181818181817
1 0.7755882352941177 0.40863636363636363 0.020588235294117647 0.04363636363636364
1 0.8347058823529412 0.40795454545454546 0.08470588235294117 0.049545454545454545
1 0.6517647058823529 0.45340909090909093 0.02 0.035
1 0.4902941176470588 0.5670454545454545 0.025294117647058825 0.038636363636363635
1 0.5547058823529412 0.5681818181818182 0.09529411764705882 0.038181818181818185
1 0.4752941176470588 0.6136363636363636 0.021176470588235293 0.026363636363636363
1 0.5291176470588236 0.6125 0.07470588235294118 0.03681818181818182
1 0.755 0.7254545454545455 0.03 0.03727272727272727
1 0.6038235294117648 0.7668181818181818 0.13352941176470587 0.03363636363636364
1 0.6861764705882353 0.769090909090909 0.020588235294117647 0.031818181818181815
1 0.7605882352941177 0.7704545454545455 0.11764705882352941 0.03272727272727273