1 0.6220588235294118 0.45590909090909093 0.21705882352941178 0.03636363636363636
1 0.3988235294117647 0.45886363636363636 0.2 0.03772727272727273
1 0.28852941176470587 0.042954545454545454 0.05 0.023181818181818182
1 0.08764705882352941 0.4122727272727273 0.0811764705882353 0.03727272727272727
1 0.4326470588235294 0.3734090909090909 0.2323529411764706 0.03954545454545454
1 0.6997058823529412 0.37068181818181817 0.2688235294117647 0.041363636363636366
1 0.09529411764705882 0.3718181818181818 0.07647058823529412 0.03363636363636364
1 0.5523529411764706 0.04022727272727273 0.10470588235294118 0.020454545454545454
1 0.085 0.5338636363636363 0.08058823529411764 0.035
1 0.7047058823529412 0.41204545454545455 0.26941176470588235 0.03227272727272727
1 0.09088235294117647 0.46136363636363636 0.07470588235294118 0.035454545454545454
1 0.44323529411764706 0.4152272727272727 0.2664705882352941 0.03409090909090909