1 0.5958823529411764 0.6879545454545455 0.12823529411764706 0.03590909090909091
1 0.45088235294117646 0.41363636363636364 0.2994117647058824 0.04181818181818182
1 0.7655882352941177 0.8647727272727272 0.07823529411764706 0.04681818181818182
1 0.8520588235294118 0.9327272727272727 0.08411764705882353 0.04454545454545455
1 0.42176470588235293 0.9275 0.06941176470588235 0.03954545454545454
1 0.4176470588235294 0.6163636363636363 0.20588235294117646 0.03727272727272727
1 0.4420588235294118 0.455 0.25823529411764706 0.038181818181818185
1 0.6785294117647059 0.6986363636363636 0.03235294117647059 0.035454545454545454
1 0.4370588235294118 0.7286363636363636 0.2611764705882353 0.038181818181818185
1 0.7761764705882352 0.5768181818181818 0.039411764705882354 0.03272727272727273
1 0.10058823529411764 0.6813636363636364 0.07882352941176471 0.035454545454545454
1 0.42 0.6847727272727273 0.21058823529411766 0.03954545454545454
1 0.09823529411764706 0.4531818181818182 0.07647058823529412 0.035454545454545454
1 0.1561764705882353 0.928409090909091 0.06764705882352941 0.03954545454545454
1 0.7817647058823529 0.6168181818181818 0.09176470588235294 0.03272727272727273
1 0.34 0.9254545454545454 0.07176470588235294 0.04090909090909091
1 0.15529411764705883 0.8572727272727273 0.0611764705882353 0.04090909090909091
1 0.7544117647058823 0.6913636363636364 0.10176470588235294 0.03363636363636364
1 0.6255882352941177 0.4556818181818182 0.09823529411764706 0.03318181818181818
1 0.4164705882352941 0.5275 0.20941176470588235 0.03681818181818182
1 0.09941176470588235 0.5304545454545454 0.07294117647058823 0.034545454545454546
1 0.24735294117647058 0.8584090909090909 0.07588235294117647 0.041363636363636366
1 0.67 0.5363636363636364 0.03882352941176471 0.03363636363636364
1 0.2520588235294118 0.9245454545454546 0.08411764705882353 0.04
1 0.4167647058823529 0.7711363636363636 0.21235294117647058 0.03772727272727273
1 0.7617647058823529 0.9322727272727273 0.07764705882352942 0.042727272727272725
1 0.09558823529411764 0.3654545454545455 0.07941176470588235 0.034545454545454546
1 0.5944117647058823 0.7795454545454545 0.12529411764705883 0.03363636363636364
1 0.6938235294117647 0.4134090909090909 0.12058823529411765 0.038636363636363635
1 0.5976470588235294 0.3679545454545455 0.08705882352941176 0.03318181818181818
1 0.41823529411764704 0.8590909090909091 0.05529411764705883 0.04090909090909091
1 0.5852941176470589 0.9290909090909091 0.07058823529411765 0.04090909090909091
1 0.105 0.57 0.0888235294117647 0.03636363636363636
1 0.5891176470588235 0.5288636363636363 0.11823529411764706 0.03590909090909091
1 0.5902941176470589 0.8656818181818182 0.07588235294117647 0.042272727272727274
1 0.09235294117647058 0.4081818181818182 0.08 0.035454545454545454
1 0.6052941176470589 0.6181818181818182 0.14705882352941177 0.03
1 0.5691176470588235 0.04068181818181818 0.12294117647058823 0.021363636363636362
1 0.7532352941176471 0.53 0.12529411764705883 0.034545454545454546
1 0.7776470588235294 0.7825 0.11647058823529412 0.029545454545454545
1 0.4970588235294118 0.9275 0.058823529411764705 0.04045454545454545
1 0.6902941176470588 0.7836363636363637 0.03588235294117647 0.03363636363636364
1 0.8708823529411764 0.7340909090909091 0.1288235294117647 0.038181818181818185
1 0.4308823529411765 0.571590909090909 0.25470588235294117 0.042272727272727274
1 0.09941176470588235 0.7695454545454545 0.0811764705882353 0.035454545454545454
1 0.10323529411764706 0.7218181818181818 0.07823529411764706 0.034545454545454546
1 0.505 0.8597727272727272 0.0711764705882353 0.041363636363636366
1 0.6576470588235294 0.5752272727272727 0.1811764705882353 0.03772727272727273
1 0.8597058823529412 0.5718181818181818 0.13470588235294118 0.03727272727272727
1 0.43058823529411766 0.3675 0.23058823529411765 0.038636363636363635
1 0.6652941176470588 0.7318181818181818 0.18235294117647058 0.038181818181818185
1 0.10558823529411765 0.6093181818181819 0.07941176470588235 0.03409090909090909
1 0.6744117647058824 0.9277272727272727 0.0711764705882353 0.04
1 0.3332352941176471 0.8613636363636363 0.0711764705882353 0.04
1 0.7161764705882353 0.6131818181818182 0.033529411764705884 0.034545454545454546
1 0.7785294117647059 0.7331818181818182 0.04058823529411765 0.035454545454545454
1 0.2961764705882353 0.03704545454545455 0.04411764705882353 0.022272727272727274
1 0.3526470588235294 0.03636363636363636 0.06764705882352941 0.025454545454545455
1 0.6723529411764706 0.865 0.07058823529411765 0.04909090909090909
1 0.8473529411764706 0.8652272727272727 0.07588235294117647 0.04409090909090909