1 0.3738235294117647 0.7263636363636363 0.12764705882352942 0.035454545454545454
1 0.42411764705882354 0.4113636363636364 0.24235294117647058 0.03272727272727273
1 0.7614705882352941 0.86 0.060588235294117644 0.03636363636363636
1 0.8414705882352941 0.9265909090909091 0.057058823529411766 0.038636363636363635
1 0.4223529411764706 0.9277272727272727 0.05647058823529412 0.03636363636363636
1 0.39441176470588235 0.4561363636363636 0.1923529411764706 0.031363636363636364
1 0.7082352941176471 0.6170454545454546 0.03294117647058824 0.03227272727272727
1 0.11794117647058823 0.6815909090909091 0.05235294117647059 0.03409090909090909
1 0.10588235294117647 0.44636363636363635 0.09294117647058824 0.035454545454545454
1 0.6097058823529412 0.6143181818181818 0.13941176470588235 0.030454545454545453
1 0.15176470588235294 0.9238636363636363 0.05411764705882353 0.03772727272727273
1 0.8370588235294117 0.5722727272727273 0.12941176470588237 0.035454545454545454
1 0.32735294117647057 0.9277272727272727 0.060588235294117644 0.03636363636363636
1 0.15323529411764705 0.8554545454545455 0.05235294117647059 0.035454545454545454
1 0.8026470588235294 0.6163636363636363 0.11588235294117646 0.03
1 0.09970588235294117 0.5247727272727273 0.07941176470588235 0.03409090909090909
1 0.24058823529411766 0.8565909090909091 0.05058823529411765 0.03681818181818182
1 0.6479411764705882 0.57 0.1476470588235294 0.02909090909090909
1 0.23705882352941177 0.9245454545454546 0.05058823529411765 0.03636363636363636
1 0.3547058823529412 0.7672727272727272 0.08941176470588236 0.03363636363636364
1 0.7570588235294118 0.9272727272727272 0.05411764705882353 0.03727272727272727
1 0.10735294117647058 0.3663636363636364 0.07823529411764706 0.03363636363636364
1 0.6335294117647059 0.4125 0.14352941176470588 0.03590909090909091
1 0.41911764705882354 0.8572727272727273 0.05823529411764706 0.03636363636363636
1 0.5935294117647059 0.9261363636363636 0.0611764705882353 0.03590909090909091
1 0.4335294117647059 0.5684090909090909 0.26941176470588235 0.03772727272727273
1 0.40647058823529414 0.6102272727272727 0.2188235294117647 0.031363636363636364
1 0.5891176470588235 0.86 0.05588235294117647 0.03727272727272727
1 0.09941176470588235 0.40454545454545454 0.08470588235294117 0.03363636363636364
1 0.10558823529411765 0.5672727272727273 0.08176470588235295 0.035454545454545454
1 0.6688235294117647 0.4615909090909091 0.03529411764705882 0.03318181818181818
1 0.7985294117647059 0.4127272727272727 0.07470588235294118 0.03272727272727273
1 0.5064705882352941 0.9265909090909091 0.05647058823529412 0.03681818181818182
1 0.6747058823529412 0.8572727272727273 0.0611764705882353 0.03636363636363636
1 0.7305882352941176 0.41 0.036470588235294116 0.03090909090909091
1 0.5655882352941176 0.45590909090909093 0.11705882352941177 0.034545454545454546
1 0.5026470588235294 0.8595454545454545 0.0488235294117647 0.03727272727272727
1 0.10529411764705883 0.6054545454545455 0.09058823529411765 0.03636363636363636
1 0.6691176470588235 0.9263636363636364 0.05352941176470588 0.03727272727272727
1 0.3261764705882353 0.8568181818181818 0.05235294117647059 0.03727272727272727
1 0.7347058823529412 0.46045454545454545 0.06470588235294118 0.03090909090909091
1 0.7414705882352941 0.5711363636363637 0.03588235294117647 0.028636363636363637
1 0.2961764705882353 0.035 0.039411764705882354 0.023636363636363636
1 0.5576470588235294 0.03727272727272727 0.11529411764705882 0.024545454545454544
1 0.11352941176470588 0.7236363636363636 0.05058823529411765 0.03090909090909091
1 0.10941176470588235 0.7668181818181818 0.07058823529411765 0.03272727272727273
1 0.8423529411764706 0.8636363636363636 0.06470588235294118 0.03090909090909091