1 0.40294117647058825 0.6884090909090909 0.2 0.035
1 0.5635294117647058 0.6888636363636363 0.10941176470588235 0.029545454545454545
1 0.3811764705882353 0.3729545454545454 0.1588235294117647 0.03409090909090909
1 0.7623529411764706 0.8604545454545455 0.05176470588235294 0.038181818181818185
1 0.8511764705882353 0.928409090909091 0.05764705882352941 0.03772727272727273
1 0.42176470588235293 0.928409090909091 0.05411764705882353 0.03772727272727273
1 0.5226470588235295 0.5336363636363637 0.10882352941176471 0.03363636363636364
1 0.37058823529411766 0.6231818181818182 0.13411764705882354 0.031818181818181815
1 0.4776470588235294 0.46954545454545454 0.10941176470588235 0.026363636363636363
1 0.4964705882352941 0.6261363636363636 0.0976470588235294 0.029545454545454545
1 0.4323529411764706 0.7368181818181818 0.26 0.03363636363636364
1 0.36323529411764705 0.4672727272727273 0.11823529411764706 0.03363636363636364
1 0.10176470588235294 0.6906818181818182 0.07411764705882352 0.035
1 0.11 0.4586363636363636 0.09411764705882353 0.04363636363636364
1 0.6938235294117647 0.6847727272727273 0.07588235294117647 0.03318181818181818
1 0.16147058823529412 0.9277272727272727 0.05823529411764706 0.03909090909090909
1 0.8055882352941176 0.7345454545454545 0.09941176470588235 0.02909090909090909
1 0.3335294117647059 0.9277272727272727 0.06235294117647059 0.03727272727272727
1 0.16588235294117648 0.8602272727272727 0.06235294117647059 0.03772727272727273
1 0.7397058823529412 0.7388636363636364 0.03 0.03227272727272727
1 0.1011764705882353 0.5261363636363636 0.08352941176470588 0.03409090909090909
1 0.6388235294117647 0.7379545454545454 0.15176470588235294 0.031363636363636364
1 0.24676470588235294 0.8606818181818182 0.05823529411764706 0.03772727272727273
1 0.24588235294117647 0.9272727272727272 0.052941176470588235 0.038181818181818185
1 0.39676470588235296 0.7793181818181818 0.18176470588235294 0.028636363636363637
1 0.7702941176470588 0.9272727272727272 0.0711764705882353 0.03727272727272727
1 0.30941176470588233 0.04068181818181818 0.036470588235294116 0.025
1 0.538235294117647 0.7793181818181818 0.09647058823529411 0.02772727272727273
1 0.6647058823529411 0.42363636363636364 0.02588235294117647 0.03090909090909091
1 0.6411764705882353 0.37522727272727274 0.03411764705882353 0.031363636363636364
1 0.5691176470588235 0.42363636363636364 0.16058823529411764 0.03363636363636364
1 0.42558823529411766 0.8604545454545455 0.054705882352941174 0.03727272727272727
1 0.5982352941176471 0.9277272727272727 0.06235294117647059 0.03909090909090909
1 0.10235294117647059 0.37204545454545457 0.08941176470588236 0.03409090909090909
1 0.3841176470588235 0.5309090909090909 0.14705882352941177 0.03363636363636364
1 0.4167647058823529 0.5779545454545455 0.2288235294117647 0.031363636363636364
1 0.5964705882352941 0.86 0.06235294117647059 0.038181818181818185
1 0.6052941176470589 0.5775 0.14470588235294118 0.03318181818181818
1 0.5594117647058824 0.04090909090909091 0.11411764705882353 0.025454545454545455
1 0.7173529411764706 0.4225 0.07 0.031363636363636364
1 0.5064705882352941 0.9277272727272727 0.05764705882352941 0.04
1 0.8482352941176471 0.8581818181818182 0.0611764705882353 0.03909090909090909
1 0.6870588235294117 0.8584090909090909 0.06235294117647059 0.03954545454545454
1 0.5358823529411765 0.37454545454545457 0.14705882352941177 0.03363636363636364
1 0.10470588235294118 0.7718181818181818 0.0811764705882353 0.034545454545454546
1 0.1038235294117647 0.7290909090909091 0.08058823529411764 0.035454545454545454
1 0.7073529411764706 0.3756818181818182 0.0711764705882353 0.030454545454545453
1 0.5070588235294118 0.8604545454545455 0.05529411764705883 0.04
1 0.09735294117647059 0.6165909090909091 0.07941176470588235 0.035
1 0.6820588235294117 0.9279545454545455 0.057058823529411766 0.038636363636363635
1 0.3335294117647059 0.860909090909091 0.06 0.03727272727272727
1 0.39676470588235296 0.42204545454545456 0.1888235294117647 0.026818181818181817
1 0.10647058823529412 0.41659090909090907 0.09411764705882353 0.03590909090909091
1 0.5458823529411765 0.4713636363636364 0.02 0.025454545454545455
1 0.5829411764705882 0.4709090909090909 0.047058823529411764 0.023636363636363636
1 0.0988235294117647 0.5729545454545455 0.09176470588235294 0.035
1 0.5935294117647059 0.7895454545454546 0.02 0.028181818181818183
1 0.6329411764705882 0.785 0.05529411764705883 0.028181818181818183
1 0.64 0.6954545454545454 0.03294117647058824 0.03363636363636364