1 0.39088235294117646 0.6806818181818182 0.16176470588235295 0.03681818181818182
1 0.5405882352941176 0.6811363636363637 0.11294117647058824 0.035
1 0.7561764705882353 0.8590909090909091 0.05941176470588235 0.04090909090909091
1 0.8455882352941176 0.9281818181818182 0.07 0.04
1 0.5673529411764706 0.5684090909090909 0.06647058823529411 0.03318181818181818
1 0.4138235294117647 0.9272727272727272 0.061764705882352944 0.03909090909090909
1 0.5014705882352941 0.6111363636363636 0.031176470588235295 0.03590909090909091
1 0.8420588235294117 0.8597727272727272 0.051176470588235295 0.03954545454545454
1 0.34 0.6145454545454545 0.08352941176470588 0.03909090909090909
1 0.34147058823529414 0.44931818181818184 0.06294117647058824 0.04045454545454545
1 0.6197058823529412 0.6859090909090909 0.031176470588235295 0.03272727272727273
1 0.37441176470588233 0.7245454545454545 0.14294117647058824 0.035454545454545454
1 0.31441176470588234 0.03613636363636363 0.05235294117647059 0.017727272727272727
1 0.36264705882352943 0.40795454545454546 0.10529411764705883 0.03772727272727273
1 0.0976470588235294 0.6779545454545455 0.07411764705882352 0.035
1 0.09647058823529411 0.44681818181818184 0.07882352941176471 0.035454545454545454
1 0.685 0.6820454545454545 0.08294117647058824 0.03227272727272727
1 0.10411764705882352 0.3640909090909091 0.07882352941176471 0.034545454545454546
1 0.495 0.7704545454545455 0.07941176470588235 0.031818181818181815
1 0.15705882352941178 0.9245454545454546 0.05176470588235294 0.038181818181818185
1 0.3264705882352941 0.9261363636363636 0.0611764705882353 0.04045454545454545
1 0.15441176470588236 0.8552272727272727 0.04647058823529412 0.038636363636363635
1 0.5517647058823529 0.44795454545454544 0.058823529411764705 0.03318181818181818
1 0.09794117647058824 0.5229545454545454 0.07235294117647059 0.03409090909090909
1 0.6370588235294118 0.7272727272727273 0.07176470588235294 0.03272727272727273
1 0.24058823529411766 0.8565909090909091 0.052941176470588235 0.041363636363636366
1 0.24323529411764705 0.9243181818181818 0.06764705882352941 0.03954545454545454
1 0.7588235294117647 0.9272727272727272 0.06705882352941177 0.04090909090909091
1 0.6226470588235294 0.40863636363636363 0.06764705882352941 0.03727272727272727
1 0.41441176470588237 0.8590909090909091 0.04764705882352941 0.04090909090909091
1 0.5891176470588235 0.9304545454545454 0.05235294117647059 0.04090909090909091
1 0.3438235294117647 0.5265909090909091 0.07588235294117647 0.031363636363636364
1 0.5732352941176471 0.5268181818181819 0.07470588235294118 0.031818181818181815
1 0.5032352941176471 0.7256818181818182 0.11352941176470588 0.03409090909090909
1 0.34794117647058825 0.5672727272727273 0.10176470588235294 0.03090909090909091
1 0.5835294117647059 0.8606818181818182 0.05647058823529412 0.045
1 0.09852941176470588 0.39795454545454545 0.07941176470588235 0.035
1 0.09970588235294117 0.5659090909090909 0.07470588235294118 0.034545454545454546
1 0.5055882352941177 0.36818181818181817 0.13823529411764707 0.03727272727272727
1 0.4973529411764706 0.9336363636363636 0.04764705882352941 0.04454545454545455
1 0.6676470588235294 0.8568181818181818 0.05411764705882353 0.04181818181818182
1 0.1011764705882353 0.7620454545454546 0.08588235294117647 0.03590909090909091
1 0.09735294117647059 0.7240909090909091 0.07941176470588235 0.03636363636363636
1 0.6476470588235295 0.37545454545454543 0.06705882352941177 0.03090909090909091
1 0.5085294117647059 0.4495454545454545 0.031176470588235295 0.034545454545454546
1 0.5026470588235294 0.8581818181818182 0.054705882352941174 0.04181818181818182
1 0.36911764705882355 0.3679545454545455 0.10529411764705883 0.03590909090909091
1 0.09529411764705882 0.6063636363636363 0.07764705882352942 0.034545454545454546
1 0.6673529411764706 0.9252272727272727 0.05823529411764706 0.04318181818181818
1 0.32588235294117646 0.855909090909091 0.05411764705882353 0.03909090909090909
1 0.5670588235294117 0.038636363636363635 0.10823529411764705 0.02181818181818182
1 0.5979411764705882 0.3729545454545454 0.028823529411764706 0.03772727272727273
1 0.5714705882352941 0.4097727272727273 0.026470588235294117 0.03590909090909091
1 0.48764705882352943 0.4102272727272727 0.13647058823529412 0.04045454545454545
1 0.42911764705882355 0.4515909090909091 0.10529411764705883 0.03590909090909091
1 0.5138235294117647 0.5334090909090909 0.031176470588235295 0.03681818181818182
1 0.42558823529411766 0.5279545454545455 0.08294117647058824 0.03772727272727273
1 0.4535294117647059 0.5697727272727273 0.0988235294117647 0.03772727272727273
1 0.5164705882352941 0.5686363636363636 0.018823529411764704 0.031818181818181815
1 0.4335294117647059 0.6152272727272727 0.09411764705882353 0.03772727272727273
1 0.5547058823529412 0.6181818181818182 0.06 0.031818181818181815
1 0.5844117647058824 0.7279545454545454 0.028823529411764706 0.03590909090909091
1 0.36705882352941177 0.7738636363636363 0.12941176470588237 0.038636363636363635
1 0.5420588235294118 0.7743181818181818 0.012352941176470587 0.03590909090909091
1 0.5791176470588235 0.7713636363636364 0.05941176470588235 0.03363636363636364