1 0.37676470588235295 0.6815909090909091 0.16058823529411764 0.03681818181818182
1 0.7614705882352941 0.8606818181818182 0.07 0.038636363636363635
1 0.8452941176470589 0.9297727272727273 0.07411764705882352 0.03954545454545454
1 0.41323529411764703 0.9261363636363636 0.061764705882352944 0.03681818181818182
1 0.5670588235294117 0.5261363636363636 0.1423529411764706 0.03590909090909091
1 0.7914705882352941 0.7793181818181818 0.09 0.03227272727272727
1 0.37176470588235294 0.6129545454545454 0.14705882352941177 0.03681818181818182
1 0.6964705882352941 0.7840909090909091 0.03529411764705882 0.03363636363636364
1 0.3985294117647059 0.4531818181818182 0.19470588235294117 0.04090909090909091
1 0.685 0.6922727272727273 0.03705882352941176 0.034545454545454546
1 0.4152941176470588 0.7277272727272728 0.24705882352941178 0.042727272727272725
1 0.4 0.3668181818181818 0.20588235294117646 0.04
1 0.7467647058823529 0.5259090909090909 0.09352941176470589 0.034545454545454546
1 0.43411764705882355 0.41113636363636363 0.27647058823529413 0.045
1 0.1038235294117647 0.6802272727272727 0.09 0.03681818181818182
1 0.7726470588235295 0.5790909090909091 0.03705882352941176 0.03272727272727273
1 0.10911764705882353 0.4515909090909091 0.09352941176470589 0.042272727272727274
1 0.6520588235294118 0.7318181818181818 0.20176470588235293 0.03909090909090909
1 0.15176470588235294 0.925 0.06235294117647059 0.04090909090909091
1 0.32441176470588234 0.9254545454545454 0.06411764705882353 0.038181818181818185
1 0.1497058823529412 0.8604545454545455 0.054705882352941174 0.03727272727272727
1 0.3935294117647059 0.5243181818181818 0.18352941176470589 0.03772727272727273
1 0.10676470588235294 0.5218181818181818 0.09588235294117647 0.03636363636363636
1 0.7011764705882353 0.6163636363636363 0.07764705882352942 0.031818181818181815
1 0.8126470588235294 0.4168181818181818 0.04411764705882353 0.03909090909090909
1 0.67 0.5309090909090909 0.03529411764705882 0.03272727272727273
1 0.24323529411764705 0.9243181818181818 0.061764705882352944 0.03772727272727273
1 0.37941176470588234 0.775 0.16588235294117648 0.04
1 0.7594117647058823 0.9268181818181818 0.06588235294117648 0.038181818181818185
1 0.11705882352941177 0.3665909090909091 0.09176470588235294 0.03772727272727273
1 0.5738235294117647 0.7781818181818182 0.15 0.035454545454545454
1 0.6926470588235294 0.37545454545454543 0.03823529411764706 0.03090909090909091
1 0.6844117647058824 0.41545454545454547 0.18764705882352942 0.04181818181818182
1 0.4108823529411765 0.8584090909090909 0.05823529411764706 0.03772727272727273
1 0.5891176470588235 0.9277272727272727 0.05823529411764706 0.038181818181818185
1 0.10647058823529412 0.5656818181818182 0.09647058823529411 0.03681818181818182
1 0.4285294117647059 0.5706818181818182 0.2570588235294118 0.042272727272727274
1 0.5308823529411765 0.6134090909090909 0.12529411764705883 0.03318181818181818
1 0.585 0.8590909090909091 0.06529411764705882 0.038181818181818185
1 0.11088235294117647 0.40795454545454546 0.08294117647058824 0.04318181818181818
1 0.653235294117647 0.5754545454545454 0.16647058823529412 0.03909090909090909
1 0.5708823529411765 0.04 0.10294117647058823 0.02181818181818182
1 0.7785294117647059 0.45954545454545453 0.08411764705882353 0.031818181818181815
1 0.5011764705882353 0.9277272727272727 0.06470588235294118 0.03727272727272727
1 0.8708823529411764 0.7327272727272728 0.12058823529411765 0.03727272727272727
1 0.5847058823529412 0.3715909090909091 0.14470588235294118 0.03681818181818182
1 0.7720588235294118 0.3715909090909091 0.08411764705882353 0.03227272727272727
1 0.8676470588235294 0.5770454545454545 0.13647058823529412 0.038636363636363635
1 0.10411764705882352 0.7659090909090909 0.09411764705882353 0.03636363636363636
1 0.1 0.7231818181818181 0.09176470588235294 0.03727272727272727
1 0.5979411764705882 0.45886363636363636 0.14529411764705882 0.03590909090909091
1 0.4988235294117647 0.8606818181818182 0.0611764705882353 0.03681818181818182
1 0.7152941176470589 0.46454545454545454 0.03529411764705882 0.034545454545454546
1 0.8923529411764706 0.4159090909090909 0.10588235294117647 0.04090909090909091
1 0.6288235294117647 0.6156818181818182 0.029411764705882353 0.031363636363636364
1 0.5614705882352942 0.6884090909090909 0.15470588235294117 0.03681818181818182
1 0.10588235294117647 0.6065909090909091 0.09647058823529411 0.03772727272727273
1 0.6673529411764706 0.9272727272727272 0.05941176470588235 0.03909090909090909
1 0.32823529411764707 0.8577272727272728 0.06470588235294118 0.04
1 0.7817647058823529 0.7315909090909091 0.041176470588235294 0.03318181818181818
1 0.2979411764705882 0.03681818181818182 0.04176470588235294 0.02727272727272727
1 0.7808823529411765 0.6879545454545455 0.11941176470588236 0.03681818181818182
1 0.24 0.8595454545454545 0.0611764705882353 0.038181818181818185
1 0.8485294117647059 0.8636363636363636 0.07941176470588235 0.04090909090909091
1 0.6744117647058824 0.8625 0.07941176470588235 0.042272727272727274