1 0.7700235571260307 0.8535031847133758 0.05594817432273263 0.040036396724294813
1 0.8571849234393404 0.9196997270245678 0.0535924617196702 0.042311191992720654
1 0.5700824499411072 0.6039581437670609 0.1425206124852768 0.03503184713375796
1 0.42285041224970554 0.9208371246587808 0.05418138987043581 0.039126478616924476
1 0.5777385159010601 0.5154686078252957 0.14605418138987045 0.04094631483166515
1 0.8560070671378092 0.8550955414012739 0.061837455830388695 0.042311191992720654
1 0.39428739693757364 0.606687898089172 0.1702002355712603 0.036851683348498636
1 0.44876325088339225 0.40036396724294815 0.270906949352179 0.039126478616924476
1 0.7055359246171967 0.7629663330300273 0.0353356890459364 0.036396724294813464
1 0.4472909305064782 0.6749317561419472 0.2573616018845701 0.041401273885350316
1 0.6696113074204947 0.6769790718835305 0.14840989399293286 0.040036396724294813
1 0.7826855123674912 0.5184258416742493 0.1071849234393404 0.03503184713375796
1 0.12043580683156654 0.6776615104640582 0.10541813898704358 0.04049135577797998
1 0.1154299175500589 0.4442675159235669 0.1071849234393404 0.03867151956323931
1 0.4737926972909305 0.7224749772520473 0.31036513545347466 0.039126478616924476
1 0.8521790341578327 0.5605095541401274 0.1425206124852768 0.0373066424021838
1 0.7538280329799765 0.5600545950864422 0.03651354534746761 0.03366696997270246
1 0.11955241460541814 0.35828025477707004 0.10954063604240283 0.03958143767060965
1 0.625736160188457 0.7645586897179254 0.1160188457008245 0.034121929026387623
1 0.15783274440518258 0.921747042766151 0.05653710247349823 0.04185623293903549
1 0.7732626619552415 0.6053230209281165 0.1154299175500589 0.034121929026387623
1 0.33510011778563015 0.9192447679708826 0.05182567726737338 0.03958143767060965
1 0.16990577149587752 0.8510009099181074 0.07008244994110718 0.042311191992720654
1 0.4013545347467609 0.5161510464058234 0.15959952885747938 0.041401273885350316
1 0.1163133097762073 0.5200181983621474 0.10777385159010601 0.04094631483166515
1 0.6710836277974087 0.6073703366696998 0.04063604240282685 0.03366696997270246
1 0.24646643109540636 0.8539581437670609 0.05594817432273263 0.0373066424021838
1 0.24411071849234395 0.9194722474977252 0.05123674911660778 0.039126478616924476
1 0.43404004711425204 0.7684258416742493 0.25323910482921086 0.03821656050955414
1 0.7723792697290931 0.9185623293903549 0.06537102473498234 0.039126478616924476
1 0.338339222614841 0.027752502274795268 0.05830388692579505 0.03002729754322111
1 0.71849234393404 0.359417652411283 0.045936395759717315 0.034576888080072796
1 0.6142520612485277 0.35828025477707004 0.1330977620730271 0.036851683348498636
1 0.42608951707891635 0.8525932666060054 0.06065959952885748 0.040036396724294813
1 0.5957008244994111 0.9201546860782529 0.05712603062426384 0.03958143767060965
1 0.42432273262661957 0.5614194722474978 0.21967020023557127 0.03821656050955414
1 0.5951118963486455 0.8525932666060054 0.05712603062426384 0.040036396724294813
1 0.11513545347467609 0.4005914467697907 0.11130742049469965 0.041401273885350316
1 0.11749116607773852 0.5605095541401274 0.10541813898704358 0.03821656050955414
1 0.5641931684334511 0.02502274795268426 0.06478209658421673 0.028207461328480437
1 0.747055359246172 0.44699727024567787 0.13722025912838634 0.03503184713375796
1 0.7959363957597173 0.7631938125568699 0.12661955241460543 0.034121929026387623
1 0.5114840989399293 0.9212920837124658 0.05830388692579505 0.040036396724294813
1 0.85924617196702 0.6781164695177434 0.11307420494699646 0.03867151956323931
1 0.678150765606596 0.8562329390354868 0.052414605418138985 0.042766151046405826
1 0.823321554770318 0.35828025477707004 0.13898704358068315 0.036851683348498636
1 0.8931095406360424 0.717697907188353 0.11719670200235571 0.0359417652411283
1 0.39075382803298 0.4465423111919927 0.17255594817432274 0.03776160145586897
1 0.12073027090694935 0.7638762511373977 0.09658421672555949 0.040036396724294813
1 0.11925795053003534 0.7197452229299363 0.11012956419316844 0.03821656050955414
1 0.7932862190812721 0.3980891719745223 0.03180212014134275 0.03821656050955414
1 0.5603651354534747 0.4465423111919927 0.13015312131919907 0.03503184713375796
1 0.7099528857479388 0.7190627843494085 0.1525323910482921 0.036851683348498636
1 0.5188457008244994 0.8535031847133758 0.0624263839811543 0.04094631483166515
1 0.6834511189634864 0.5209281164695178 0.04652532391048292 0.034576888080072796
1 0.8839811542991755 0.3994540491355778 0.1413427561837456 0.03821656050955414
1 0.6389870435806831 0.5586897179253867 0.17314487632508835 0.0373066424021838
1 0.4204946996466431 0.3560054595086442 0.20965842167255594 0.03867151956323931
1 0.11837455830388692 0.6039581437670609 0.11425206124852769 0.03867151956323931
1 0.6828621908127208 0.9201546860782529 0.061837455830388695 0.03958143767060965
1 0.6828621908127208 0.3996815286624204 0.1772673733804476 0.03867151956323931
1 0.3392226148409894 0.8550955414012739 0.06949352179034157 0.04049135577797998
1 0.7803297997644287 0.6808462238398544 0.03415783274440518 0.036851683348498636
1 0.8127208480565371 0.7202001819836215 0.038869257950530034 0.034576888080072796
1 0.6516489988221437 0.45040946314831665 0.05123674911660778 0.042766151046405826