1 0.37558823529411767 0.6815909090909091 0.1476470588235294 0.03772727272727273
1 0.5452941176470588 0.6847727272727273 0.14352941176470588 0.03590909090909091
1 0.7620588235294118 0.8615909090909091 0.07 0.038636363636363635
1 0.8444117647058823 0.9363636363636364 0.06411764705882353 0.057272727272727274
1 0.4147058823529412 0.9288636363636363 0.05764705882352941 0.038636363636363635
1 0.3891176470588235 0.6127272727272727 0.18529411764705883 0.035454545454545454
1 0.6941176470588235 0.7722727272727272 0.08352941176470588 0.03272727272727273
1 0.648235294117647 0.725909090909091 0.03764705882352941 0.034545454545454546
1 0.38941176470588235 0.4075 0.17058823529411765 0.038636363636363635
1 0.09294117647058824 0.6788636363636363 0.07529411764705882 0.035
1 0.7 0.5334090909090909 0.08 0.03409090909090909
1 0.09794117647058824 0.3643181818181818 0.07823529411764706 0.03590909090909091
1 0.09676470588235295 0.4461363636363636 0.08176470588235295 0.03681818181818182
1 0.5341176470588235 0.77 0.1588235294117647 0.034545454545454546
1 0.1538235294117647 0.9265909090909091 0.05823529411764706 0.03954545454545454
1 0.7561764705882353 0.5729545454545455 0.03588235294117647 0.03590909090909091
1 0.3205882352941177 0.9288636363636363 0.05058823529411765 0.03954545454545454
1 0.1588235294117647 0.8570454545454546 0.06235294117647059 0.03954545454545454
1 0.7002941176470588 0.7254545454545455 0.08176470588235295 0.034545454545454546
1 0.5552941176470588 0.4643181818181818 0.02823529411764706 0.02590909090909091
1 0.38676470588235295 0.5329545454545455 0.17941176470588235 0.030454545454545453
1 0.10264705882352941 0.5213636363636364 0.07941176470588235 0.03363636363636364
1 0.6226470588235294 0.6229545454545454 0.025294117647058825 0.026818181818181817
1 0.24235294117647058 0.8584090909090909 0.05529411764705883 0.03954545454545454
1 0.23705882352941177 0.928409090909091 0.052941176470588235 0.03772727272727273
1 0.3729411764705882 0.7693181818181818 0.15176470588235294 0.03590909090909091
1 0.7591176470588236 0.9270454545454545 0.06411764705882353 0.03954545454545454
1 0.30205882352941177 0.034772727272727275 0.05941176470588235 0.02409090909090909
1 0.5573529411764706 0.4113636363636364 0.14294117647058824 0.03272727272727273
1 0.4773529411764706 0.3679545454545455 0.11588235294117646 0.03772727272727273
1 0.4173529411764706 0.8593181818181819 0.054705882352941174 0.04045454545454545
1 0.42764705882352944 0.5677272727272727 0.2576470588235294 0.03909090909090909
1 0.548235294117647 0.5352272727272728 0.14 0.03590909090909091
1 0.5858823529411765 0.8604545454545455 0.05411764705882353 0.04181818181818182
1 0.09382352941176471 0.4047727272727273 0.08058823529411764 0.035
1 0.10147058823529412 0.5663636363636364 0.07941176470588235 0.035454545454545454
1 0.6405882352941177 0.5722727272727273 0.16823529411764707 0.03727272727272727
1 0.5644117647058824 0.03931818181818182 0.11235294117647059 0.017727272727272727
1 0.6126470588235294 0.37681818181818183 0.05823529411764706 0.031818181818181815
1 0.5847058823529412 0.9265909090909091 0.0611764705882353 0.03954545454545454
1 0.846764705882353 0.8590909090909091 0.057058823529411766 0.04090909090909091
1 0.6708823529411765 0.8568181818181818 0.05823529411764706 0.042727272727272725
1 0.35911764705882354 0.45227272727272727 0.11941176470588236 0.03727272727272727
1 0.09382352941176471 0.7645454545454545 0.08058823529411764 0.03636363636363636
1 0.09029411764705883 0.7265909090909091 0.07705882352941176 0.03681818181818182
1 0.6282352941176471 0.7720454545454546 0.03411764705882353 0.03590909090909091
1 0.5023529411764706 0.8588636363636364 0.04823529411764706 0.041363636363636366
1 0.35823529411764704 0.36454545454545456 0.10941176470588235 0.038181818181818185
1 0.3891176470588235 0.7270454545454546 0.18529411764705883 0.035
1 0.09911764705882353 0.6068181818181818 0.08058823529411764 0.035454545454545454
1 0.6714705882352942 0.9270454545454545 0.06411764705882353 0.04045454545454545
1 0.325 0.8577272727272728 0.054705882352941174 0.04090909090909091
1 0.7144117647058823 0.6856818181818182 0.07470588235294118 0.03409090909090909
1 0.5617647058823529 0.38181818181818183 0.03176470588235294 0.03090909090909091
1 0.6435294117647059 0.4102272727272727 0.02823529411764706 0.03318181818181818
1 0.7005882352941176 0.41113636363636363 0.0811764705882353 0.031363636363636364
1 0.6394117647058823 0.5443181818181818 0.027058823529411764 0.03227272727272727
1 0.48264705882352943 0.4572727272727273 0.11705882352941177 0.03363636363636364
1 0.6008823529411764 0.4625 0.05941176470588235 0.02409090909090909
1 0.548235294117647 0.6154545454545455 0.13058823529411764 0.02909090909090909
1 0.6811764705882353 0.6177272727272727 0.09647058823529411 0.03636363636363636
1 0.83 0.5731818181818182 0.11764705882352941 0.035454545454545454
1 0.5497058823529412 0.7252272727272727 0.14058823529411765 0.03409090909090909
1 0.6476470588235295 0.6943181818181818 0.042352941176470586 0.02409090909090909
1 0.8470588235294118 0.8620454545454546 0.06352941176470588 0.042272727272727274