1 0.39088235294117646 0.69 0.19588235294117648 0.038181818181818185
1 0.5735294117647058 0.6893181818181818 0.12117647058823529 0.03590909090909091
1 0.7602941176470588 0.8593181818181819 0.05941176470588235 0.038636363636363635
1 0.856764705882353 0.925 0.07588235294117647 0.04181818181818182
1 0.4047058823529412 0.9256818181818182 0.05176470588235294 0.04045454545454545
1 0.8423529411764706 0.8565909090909091 0.06 0.04045454545454545
1 0.40705882352941175 0.6163636363636363 0.20823529411764705 0.03636363636363636
1 0.42558823529411766 0.4122727272727273 0.23941176470588235 0.04
1 0.8432352941176471 0.5281818181818182 0.09823529411764706 0.035454545454545454
1 0.09705882352941177 0.6790909090909091 0.0811764705882353 0.03909090909090909
1 0.09558823529411764 0.44681818181818184 0.09235294117647058 0.038181818181818185
1 0.7161764705882353 0.6256818181818182 0.03 0.035
1 0.14441176470588235 0.9229545454545455 0.045294117647058825 0.041363636363636366
1 0.7961764705882353 0.6197727272727273 0.11 0.03409090909090909
1 0.3347058823529412 0.9247727272727273 0.05529411764705883 0.038636363636363635
1 0.15088235294117647 0.8556818181818182 0.04764705882352941 0.041363636363636366
1 0.7405882352941177 0.7802272727272728 0.07764705882352942 0.031363636363636364
1 0.42558823529411766 0.5302272727272728 0.23352941176470587 0.041363636363636366
1 0.09382352941176471 0.525 0.09117647058823529 0.04
1 0.6747058823529412 0.7334090909090909 0.17294117647058824 0.03681818181818182
1 0.245 0.8570454545454546 0.061764705882352944 0.04045454545454545
1 0.24 0.9225 0.058823529411764705 0.038636363636363635
1 0.38823529411764707 0.7765909090909091 0.17176470588235293 0.03590909090909091
1 0.7623529411764706 0.9261363636363636 0.06705882352941177 0.04045454545454545
1 0.10617647058823529 0.36204545454545456 0.08647058823529412 0.03954545454545454
1 0.5708823529411765 0.7763636363636364 0.13117647058823528 0.035454545454545454
1 0.6373529411764706 0.41704545454545455 0.15235294117647058 0.03772727272727273
1 0.41823529411764704 0.8570454545454546 0.05176470588235294 0.04045454545454545
1 0.586764705882353 0.925 0.061764705882352944 0.038181818181818185
1 0.45176470588235296 0.5734090909090909 0.2952941176470588 0.03409090909090909
1 0.5858823529411765 0.8590909090909091 0.05647058823529412 0.042727272727272725
1 0.09852941176470588 0.4018181818181818 0.09705882352941177 0.038181818181818185
1 0.10205882352941177 0.565 0.09941176470588235 0.04454545454545455
1 0.616764705882353 0.62 0.15 0.035454545454545454
1 0.5847058823529412 0.37363636363636366 0.10470588235294118 0.03727272727272727
1 0.6585294117647059 0.5338636363636363 0.14411764705882352 0.03681818181818182
1 0.49911764705882355 0.925 0.05941176470588235 0.04090909090909091
1 0.6735294117647059 0.8575 0.0611764705882353 0.041363636363636366
1 0.8570588235294118 0.7277272727272728 0.09176470588235294 0.035454545454545454
1 0.37823529411764706 0.455 0.14588235294117646 0.038181818181818185
1 0.08970588235294118 0.7622727272727273 0.08294117647058824 0.03727272727272727
1 0.09029411764705883 0.7202272727272727 0.08176470588235295 0.038636363636363635
1 0.5088235294117647 0.45795454545454545 0.0976470588235294 0.03409090909090909
1 0.6664705882352941 0.7852272727272728 0.03882352941176471 0.038636363636363635
1 0.5 0.8588636363636364 0.05411764705882353 0.03954545454545454
1 0.9029411764705882 0.5738636363636364 0.11529411764705882 0.03772727272727273
1 0.40911764705882353 0.37022727272727274 0.19588235294117648 0.03954545454545454
1 0.4335294117647059 0.7306818181818182 0.26941176470588235 0.03590909090909091
1 0.09294117647058824 0.6068181818181818 0.09294117647058824 0.038181818181818185
1 0.6779411764705883 0.9245454545454546 0.07470588235294118 0.04
1 0.32941176470588235 0.8556818181818182 0.06 0.038636363636363635
1 0.7211764705882353 0.5786363636363636 0.18823529411764706 0.03272727272727273
1 0.7544117647058823 0.6831818181818182 0.08058823529411764 0.035454545454545454
1 0.56 0.038181818181818185 0.11647058823529412 0.026363636363636363
1 0.30411764705882355 0.034545454545454546 0.036470588235294116 0.025454545454545455
1 0.7652941176470588 0.5422727272727272 0.03294117647058824 0.03272727272727273
1 0.8279411764705882 0.5790909090909091 0.031176470588235295 0.034545454545454546
1 0.6808823529411765 0.7006818181818182 0.03 0.03409090909090909
1 0.7888235294117647 0.7404545454545455 0.03411764705882353 0.03636363636363636