1 0.4126470588235294 0.6872727272727273 0.23588235294117646 0.04
1 0.7594117647058823 0.8636363636363636 0.06823529411764706 0.03636363636363636
1 0.8441176470588235 0.9334090909090909 0.07411764705882352 0.03954545454545454
1 0.595 0.6197727272727273 0.09117647058823529 0.03227272727272727
1 0.41441176470588237 0.928409090909091 0.06647058823529411 0.03590909090909091
1 0.5347058823529411 0.6215909090909091 0.02823529411764706 0.035
1 0.85 0.8647727272727272 0.06941176470588235 0.03772727272727273
1 0.35411764705882354 0.6179545454545454 0.11647058823529412 0.02772727272727273
1 0.6058823529411764 0.7725 0.07647058823529412 0.031363636363636364
1 0.46176470588235297 0.455 0.14 0.03090909090909091
1 0.4288235294117647 0.7302272727272727 0.2611764705882353 0.03681818181818182
1 0.6941176470588235 0.7002272727272727 0.03529411764705882 0.03318181818181818
1 0.3135294117647059 0.03681818181818182 0.047058823529411764 0.034545454545454546
1 0.7435294117647059 0.5356818181818181 0.13647058823529412 0.035
1 0.3608823529411765 0.4125 0.1288235294117647 0.03590909090909091
1 0.09294117647058824 0.6836363636363636 0.08823529411764706 0.03727272727272727
1 0.10970588235294118 0.3659090909090909 0.09352941176470589 0.03636363636363636
1 0.09970588235294117 0.4527272727272727 0.08647058823529412 0.03636363636363636
1 0.48294117647058826 0.7754545454545455 0.1011764705882353 0.03727272727272727
1 0.1538235294117647 0.9263636363636364 0.05941176470588235 0.03909090909090909
1 0.33 0.9286363636363636 0.07058823529411765 0.03727272727272727
1 0.15470588235294117 0.8615909090909091 0.06588235294117648 0.03772727272727273
1 0.1038235294117647 0.5265909090909091 0.11235294117647059 0.03681818181818182
1 0.6579411764705883 0.7361363636363636 0.16058823529411764 0.03409090909090909
1 0.24411764705882352 0.9265909090909091 0.06235294117647059 0.03681818181818182
1 0.3644117647058824 0.7720454545454546 0.13588235294117648 0.03318181818181818
1 0.7523529411764706 0.9384090909090909 0.06 0.05136363636363636
1 0.4158823529411765 0.8627272727272727 0.06705882352941177 0.038181818181818185
1 0.585 0.9279545454545455 0.05941176470588235 0.038636363636363635
1 0.4 0.53 0.20588235294117646 0.03909090909090909
1 0.5755882352941176 0.5313636363636364 0.1323529411764706 0.035454545454545454
1 0.5502941176470588 0.7788636363636363 0.028823529411764706 0.03409090909090909
1 0.10205882352941177 0.4081818181818182 0.08529411764705883 0.038181818181818185
1 0.5626470588235294 0.04068181818181818 0.10411764705882352 0.022272727272727274
1 0.7555882352941177 0.7395454545454545 0.03588235294117647 0.03363636363636364
1 0.5014705882352941 0.9295454545454546 0.0688235294117647 0.038181818181818185
1 0.6691176470588235 0.8675 0.05941176470588235 0.041363636363636366
1 0.4970588235294118 0.37386363636363634 0.1811764705882353 0.038636363636363635
1 0.8238235294117647 0.7381818181818182 0.10294117647058823 0.03272727272727273
1 0.34411764705882353 0.45545454545454545 0.0976470588235294 0.03636363636363636
1 0.10029411764705883 0.7659090909090909 0.0888235294117647 0.035454545454545454
1 0.09529411764705882 0.7236363636363636 0.08823529411764706 0.03727272727272727
1 0.5311764705882352 0.41545454545454547 0.20941176470588235 0.038181818181818185
1 0.5011764705882353 0.8615909090909091 0.06941176470588235 0.038636363636363635
1 0.6570588235294118 0.5359090909090909 0.036470588235294116 0.03272727272727273
1 0.8511764705882353 0.5743181818181818 0.12470588235294118 0.03590909090909091
1 0.6026470588235294 0.6888636363636363 0.14529411764705882 0.035
1 0.3514705882352941 0.3684090909090909 0.10764705882352942 0.03681818181818182
1 0.10470588235294118 0.610909090909091 0.10235294117647059 0.03636363636363636
1 0.67 0.9315909090909091 0.06823529411764706 0.03954545454545454
1 0.33 0.8615909090909091 0.07294117647058823 0.03954545454545454
1 0.6464705882352941 0.5734090909090909 0.2 0.03409090909090909
1 0.7555882352941177 0.6915909090909091 0.07705882352941176 0.03318181818181818
1 0.10470588235294118 0.5690909090909091 0.11294117647058824 0.03909090909090909
1 0.41852941176470587 0.5693181818181818 0.24764705882352941 0.03409090909090909
1 0.7688235294117647 0.5759090909090909 0.03882352941176471 0.034545454545454546
1 0.4638235294117647 0.6188636363636364 0.10411764705882352 0.031363636363636364
1 0.23294117647058823 0.860909090909091 0.06 0.03909090909090909
1 0.5858823529411765 0.8634090909090909 0.07411764705882352 0.038636363636363635