1 0.4138235294117647 0.775 0.20294117647058824 0.03090909090909091
1 0.37970588235294117 0.6218181818181818 0.14411764705882352 0.031818181818181815
1 0.11970588235294118 0.5245454545454545 0.06411764705882353 0.03727272727272727
1 0.5223529411764706 0.6204545454545455 0.13647058823529412 0.02909090909090909
1 0.11823529411764706 0.5672727272727273 0.06823529411764706 0.04
1 0.8497058823529412 0.860909090909091 0.0688235294117647 0.04090909090909091
1 0.4364705882352941 0.5320454545454546 0.2235294117647059 0.03227272727272727
1 0.7552941176470588 0.8615909090909091 0.06235294117647059 0.03954545454545454
1 0.3761764705882353 0.4618181818181818 0.13470588235294118 0.03090909090909091
1 0.42705882352941177 0.5718181818181818 0.24 0.03909090909090909
1 0.4126470588235294 0.9254545454545454 0.061764705882352944 0.03909090909090909
1 0.12382352941176471 0.7688636363636364 0.08294117647058824 0.03772727272727273
1 0.1111764705882353 0.6861363636363637 0.06705882352941177 0.030454545454545453
1 0.4188235294117647 0.8588636363636364 0.06235294117647059 0.04045454545454545
1 0.12705882352941175 0.36568181818181816 0.04470588235294118 0.03318181818181818
1 0.5023529411764706 0.8584090909090909 0.0611764705882353 0.04045454545454545
1 0.33 0.9227272727272727 0.0611764705882353 0.03727272727272727
1 0.1323529411764706 0.4084090909090909 0.05058823529411765 0.03681818181818182
1 0.25441176470588234 0.9304545454545454 0.05588235294117647 0.038181818181818185
1 0.6764705882352942 0.5736363636363636 0.23176470588235293 0.04
1 0.15970588235294117 0.9288636363636363 0.061764705882352944 0.038636363636363635
1 0.3311764705882353 0.8618181818181818 0.0611764705882353 0.03909090909090909
1 0.32 0.03568181818181818 0.047058823529411764 0.026818181818181817
1 0.6294117647058823 0.41295454545454546 0.1411764705882353 0.04318181818181818
1 0.683235294117647 0.37204545454545457 0.1288235294117647 0.03681818181818182
1 0.41323529411764703 0.4122727272727273 0.2311764705882353 0.04
1 0.67 0.9259090909090909 0.06235294117647059 0.03909090909090909
1 0.1323529411764706 0.45 0.047058823529411764 0.03090909090909091
1 0.435 0.7281818181818182 0.27 0.03636363636363636
1 0.5882352941176471 0.8597727272727272 0.06705882352941177 0.04045454545454545
1 0.12294117647058823 0.7245454545454545 0.07176470588235294 0.03727272727272727
1 0.5811764705882353 0.038636363636363635 0.12117647058823529 0.02181818181818182
1 0.5464705882352942 0.46204545454545454 0.10588235294117647 0.03954545454545454
1 0.585 0.9256818181818182 0.061764705882352944 0.038636363636363635
1 0.846764705882353 0.9318181818181818 0.06411764705882353 0.03909090909090909
1 0.43558823529411766 0.6879545454545455 0.2688235294117647 0.04045454545454545
1 0.15705882352941178 0.8606818181818182 0.058823529411764705 0.03954545454545454
1 0.6458823529411765 0.5306818181818181 0.14823529411764705 0.03227272727272727
1 0.1161764705882353 0.6118181818181818 0.0688235294117647 0.03909090909090909
1 0.51 0.9268181818181818 0.06235294117647059 0.04
1 0.42205882352941176 0.36954545454545457 0.24058823529411766 0.04
1 0.7567647058823529 0.9268181818181818 0.06529411764705882 0.04
1 0.5844117647058824 0.37772727272727274 0.05823529411764706 0.03272727272727273
1 0.25088235294117645 0.8586363636363636 0.05941176470588235 0.03909090909090909
1 0.5391176470588235 0.4088636363636364 0.04411764705882353 0.03227272727272727
1 0.4632352941176471 0.4677272727272727 0.039411764705882354 0.03727272727272727