1 0.3885294117647059 0.4068181818181818 0.18294117647058825 0.03272727272727273
1 0.7626470588235295 0.8588636363636364 0.05 0.03318181818181818
1 0.855 0.9277272727272727 0.06529411764705882 0.03636363636363636
1 0.4158823529411765 0.9281818181818182 0.05411764705882353 0.034545454545454546
1 0.4973529411764706 0.6118181818181818 0.054705882352941174 0.03
1 0.765 0.9268181818181818 0.06647058823529411 0.035454545454545454
1 0.37823529411764706 0.615909090909091 0.13647058823529412 0.03272727272727273
1 0.6073529411764705 0.7693181818181818 0.08764705882352941 0.026818181818181817
1 0.38 0.4561363636363636 0.15764705882352942 0.03227272727272727
1 0.11 0.6825 0.06823529411764706 0.03318181818181818
1 0.10617647058823529 0.4515909090909091 0.07235294117647059 0.03590909090909091
1 0.47147058823529414 0.7702272727272728 0.11 0.03318181818181818
1 0.15588235294117647 0.9265909090909091 0.052941176470588235 0.03590909090909091
1 0.32823529411764707 0.9281818181818182 0.05411764705882353 0.03636363636363636
1 0.15941176470588236 0.8588636363636364 0.052941176470588235 0.03590909090909091
1 0.37176470588235294 0.5652272727272727 0.14352941176470588 0.028636363636363637
1 0.10205882352941177 0.5268181818181819 0.05941176470588235 0.03272727272727273
1 0.6023529411764705 0.7234090909090909 0.09529411764705882 0.02772727272727273
1 0.24411764705882352 0.8590909090909091 0.04941176470588235 0.035454545454545454
1 0.2461764705882353 0.9290909090909091 0.05 0.035454545454545454
1 0.3561764705882353 0.7711363636363636 0.09352941176470589 0.02772727272727273
1 0.10794117647058823 0.36568181818181816 0.07941176470588235 0.035
1 0.5455882352941176 0.7702272727272728 0.027647058823529413 0.03590909090909091
1 0.41411764705882353 0.8602272727272727 0.04470588235294118 0.03590909090909091
1 0.5861764705882353 0.9265909090909091 0.051176470588235295 0.03590909090909091
1 0.10970588235294118 0.4102272727272727 0.08176470588235295 0.03590909090909091
1 0.10323529411764706 0.5681818181818182 0.05941176470588235 0.03363636363636364
1 0.6155882352941177 0.4575 0.03 0.025
1 0.5694117647058824 0.04022727272727273 0.12588235294117647 0.017727272727272727
1 0.6188235294117647 0.4102272727272727 0.029411764705882353 0.029545454545454545
1 0.5067647058823529 0.9268181818181818 0.06294117647058824 0.03636363636363636
1 0.8497058823529412 0.8577272727272728 0.05941176470588235 0.03636363636363636
1 0.6761764705882353 0.8615909090909091 0.054705882352941174 0.035
1 0.5423529411764706 0.4093181818181818 0.11529411764705882 0.029545454545454545
1 0.11411764705882353 0.7656818181818181 0.07058823529411765 0.03409090909090909
1 0.1111764705882353 0.7275 0.06823529411764706 0.03318181818181818
1 0.6755882352941176 0.40863636363636363 0.08294117647058824 0.026363636363636363
1 0.5308823529411765 0.4536363636363636 0.12058823529411765 0.03636363636363636
1 0.5876470588235294 0.860909090909091 0.05058823529411765 0.035454545454545454
1 0.5017647058823529 0.8586363636363636 0.047058823529411764 0.03636363636363636
1 0.3508823529411765 0.7234090909090909 0.1111764705882353 0.031363636363636364
1 0.10558823529411765 0.6095454545454545 0.07235294117647059 0.034545454545454546
1 0.678235294117647 0.9272727272727272 0.06 0.035454545454545454
1 0.3311764705882353 0.8586363636363636 0.05058823529411765 0.034545454545454546
1 0.6755882352941176 0.45181818181818184 0.07705882352941176 0.026363636363636363
1 0.3058823529411765 0.03613636363636363 0.03882352941176471 0.020454545454545454
1 0.4526470588235294 0.5661363636363637 0.026470588235294117 0.02409090909090909
1 0.4858823529411765 0.5647727272727273 0.052941176470588235 0.02590909090909091
1 0.4602941176470588 0.6138636363636364 0.028823529411764706 0.028636363636363637
1 0.4688235294117647 0.7220454545454545 0.12352941176470589 0.030454545454545453
1 0.5414705882352941 0.7236363636363636 0.026470588235294117 0.028181818181818183