1 0.3991176470588235 0.41045454545454546 0.19 0.038181818181818185
1 0.3847058823529412 0.4618181818181818 0.16823529411764707 0.02909090909090909
1 0.6991176470588235 0.6236363636363637 0.031176470588235295 0.03727272727272727
1 0.39294117647058824 0.6177272727272727 0.18352941176470589 0.03363636363636364
1 0.1011764705882353 0.6829545454545455 0.06941176470588235 0.035
1 0.10088235294117646 0.4527272727272727 0.08176470588235295 0.035454545454545454
1 0.7573529411764706 0.5761363636363637 0.03235294117647059 0.029545454545454545
1 0.5847058823529412 0.6206818181818182 0.17529411764705882 0.038636363636363635
1 0.8473529411764706 0.5759090909090909 0.12058823529411765 0.035454545454545454
1 0.40588235294117647 0.7784090909090909 0.21176470588235294 0.03772727272727273
1 0.11 0.7261363636363637 0.06823529411764706 0.035
1 0.4073529411764706 0.5720454545454545 0.21588235294117647 0.041363636363636366
1 0.09735294117647059 0.5265909090909091 0.08058823529411764 0.03409090909090909
1 0.6258823529411764 0.5729545454545455 0.19176470588235295 0.03590909090909091
1 0.11235294117647059 0.7695454545454545 0.07294117647058823 0.035454545454545454
1 0.09970588235294117 0.3675 0.07705882352941176 0.03318181818181818
1 0.585 0.41545454545454547 0.1476470588235294 0.03636363636363636
1 0.09941176470588235 0.41 0.07764705882352942 0.035454545454545454
1 0.10294117647058823 0.5663636363636364 0.09294117647058824 0.03727272727272727
1 0.6394117647058823 0.46204545454545454 0.029411764705882353 0.035
1 0.5679411764705883 0.038181818181818185 0.09941176470588235 0.02181818181818182
1 0.7464705882352941 0.415 0.06823529411764706 0.031818181818181815
1 0.7873529411764706 0.6204545454545455 0.11705882352941177 0.03272727272727273
1 0.5444117647058824 0.4618181818181818 0.13 0.03636363636363636
1 0.6867647058823529 0.41863636363636364 0.03705882352941176 0.031818181818181815
1 0.10176470588235294 0.6122727272727273 0.08705882352941176 0.035454545454545454
1 0.45029411764705884 0.7302272727272727 0.2958823529411765 0.04318181818181818
1 0.6944117647058824 0.4625 0.07235294117647059 0.031363636363636364
1 0.27794117647058825 0.03409090909090909 0.03823529411764706 0.02181818181818182
1 0.33088235294117646 0.03409090909090909 0.06294117647058824 0.023636363636363636