1 0.38823529411764707 0.6788636363636363 0.1588235294117647 0.03772727272727273
1 0.3720588235294118 0.4065909090909091 0.11941176470588236 0.04045454545454545
1 0.7617647058823529 0.8568181818181818 0.06352941176470588 0.03909090909090909
1 0.8494117647058823 0.9263636363636364 0.07529411764705882 0.04181818181818182
1 0.54 0.6095454545454545 0.06 0.03090909090909091
1 0.42058823529411765 0.925 0.07529411764705882 0.04
1 0.8482352941176471 0.8579545454545454 0.06470588235294118 0.03954545454545454
1 0.3770588235294118 0.6045454545454545 0.12823529411764706 0.034545454545454546
1 0.665 0.7656818181818181 0.10529411764705883 0.03227272727272727
1 0.11 0.6738636363636363 0.09176470588235294 0.038636363636363635
1 0.10205882352941177 0.4481818181818182 0.05823529411764706 0.034545454545454546
1 0.7385294117647059 0.6847727272727273 0.026470588235294117 0.03772727272727273
1 0.10558823529411765 0.36022727272727273 0.07588235294117647 0.03772727272727273
1 0.4838235294117647 0.7636363636363637 0.15235294117647058 0.035454545454545454
1 0.5820588235294117 0.7663636363636364 0.033529411764705884 0.03636363636363636
1 0.15970588235294117 0.9213636363636364 0.060588235294117644 0.04
1 0.32382352941176473 0.9227272727272727 0.054705882352941174 0.04090909090909091
1 0.15294117647058825 0.8511363636363637 0.05176470588235294 0.04318181818181818
1 0.41705882352941176 0.5202272727272728 0.20823529411764705 0.038636363636363635
1 0.11058823529411765 0.5184090909090909 0.07294117647058823 0.038636363636363635
1 0.2464705882352941 0.8554545454545455 0.06235294117647059 0.04
1 0.24764705882352941 0.9218181818181819 0.0611764705882353 0.04090909090909091
1 0.7579411764705882 0.9259090909090909 0.054705882352941174 0.04
1 0.2958823529411765 0.032045454545454544 0.05764705882352941 0.017727272727272727
1 0.5902941176470589 0.7238636363636364 0.25 0.03227272727272727
1 0.4067647058823529 0.8570454545454546 0.04764705882352941 0.04045454545454545
1 0.5864705882352941 0.9263636363636364 0.04941176470588235 0.04181818181818182
1 0.11058823529411765 0.6061363636363636 0.06941176470588235 0.035
1 0.415 0.5656818181818182 0.2111764705882353 0.038636363636363635
1 0.5411764705882353 0.5288636363636363 0.03411764705882353 0.03772727272727273
1 0.4811764705882353 0.6102272727272727 0.03294117647058824 0.03590909090909091
1 0.4411764705882353 0.45045454545454544 0.04941176470588235 0.03363636363636364
1 0.5808823529411765 0.8584090909090909 0.05235294117647059 0.04318181818181818
1 0.10911764705882353 0.4027272727272727 0.07588235294117647 0.035454545454545454
1 0.10852941176470589 0.5613636363636364 0.0711764705882353 0.03727272727272727
1 0.6155882352941177 0.5638636363636363 0.08411764705882353 0.03409090909090909
1 0.5141176470588236 0.3654545454545455 0.12588235294117647 0.03727272727272727
1 0.7408823529411764 0.7254545454545455 0.03705882352941176 0.03636363636363636
1 0.5 0.9247727272727273 0.0611764705882353 0.04318181818181818
1 0.8311764705882353 0.6815909090909091 0.15529411764705883 0.03772727272727273
1 0.668235294117647 0.855 0.052941176470588235 0.04181818181818182
1 0.5991176470588235 0.6804545454545454 0.2464705882352941 0.04090909090909091
1 0.8470588235294118 0.7277272727272728 0.14352941176470588 0.038181818181818185
1 0.3467647058823529 0.44886363636363635 0.07235294117647059 0.03681818181818182
1 0.09852941176470588 0.7570454545454546 0.07470588235294118 0.03590909090909091
1 0.10294117647058823 0.7177272727272728 0.08352941176470588 0.038181818181818185
1 0.5264705882352941 0.4072727272727273 0.11176470588235295 0.03636363636363636
1 0.5029411764705882 0.8572727272727273 0.06352941176470588 0.04090909090909091
1 0.6132352941176471 0.5256818181818181 0.08411764705882353 0.035
1 0.5438235294117647 0.5654545454545454 0.04176470588235294 0.03363636363636364
1 0.4314705882352941 0.36477272727272725 0.03470588235294118 0.03954545454545454
1 0.6652941176470588 0.9247727272727273 0.05176470588235294 0.04409090909090909
1 0.3335294117647059 0.8556818181818182 0.06470588235294118 0.038636363636363635
1 0.5570588235294117 0.03636363636363636 0.09411764705882353 0.026363636363636363
1 0.35705882352941176 0.3665909090909091 0.10705882352941176 0.03681818181818182
1 0.3985294117647059 0.4525 0.026470588235294117 0.03772727272727273
1 0.35323529411764704 0.7684090909090909 0.09941176470588235 0.03590909090909091
1 0.38235294117647056 0.7234090909090909 0.14941176470588236 0.038636363636363635
1 0.44794117647058823 0.4088636363636364 0.03 0.03772727272727273