1 0.3973529411764706 0.6775 0.18176470588235294 0.03772727272727273
1 0.7579411764705882 0.8575 0.060588235294117644 0.03954545454545454
1 0.8473529411764706 0.9256818181818182 0.0711764705882353 0.03954545454545454
1 0.5576470588235294 0.6054545454545455 0.12588235294117647 0.03363636363636364
1 0.4117647058823529 0.9213636363636364 0.06352941176470588 0.038181818181818185
1 0.5452941176470588 0.5220454545454546 0.12 0.03227272727272727
1 0.8444117647058823 0.8577272727272728 0.060588235294117644 0.03909090909090909
1 0.38941176470588235 0.6036363636363636 0.1623529411764706 0.035454545454545454
1 0.41411764705882353 0.40613636363636363 0.21764705882352942 0.03227272727272727
1 0.6570588235294118 0.765 0.03529411764705882 0.03636363636363636
1 0.39647058823529413 0.4470454545454545 0.16705882352941176 0.03590909090909091
1 0.6808823529411765 0.6793181818181818 0.03705882352941176 0.03409090909090909
1 0.3855882352941176 0.76 0.17 0.035454545454545454
1 0.39235294117647057 0.36045454545454547 0.17058823529411765 0.035454545454545454
1 0.793235294117647 0.5652272727272727 0.033529411764705884 0.031363636363636364
1 0.10823529411764705 0.6722727272727272 0.07647058823529412 0.035454545454545454
1 0.11029411764705882 0.44363636363636366 0.08764705882352941 0.034545454545454546
1 0.4388235294117647 0.7165909090909091 0.26823529411764707 0.038636363636363635
1 0.14882352941176472 0.9204545454545454 0.052941176470588235 0.03909090909090909
1 0.8073529411764706 0.7234090909090909 0.03588235294117647 0.03318181818181818
1 0.3288235294117647 0.9195454545454546 0.06588235294117648 0.038181818181818185
1 0.1511764705882353 0.850909090909091 0.05411764705882353 0.03636363636363636
1 0.3891176470588235 0.5202272727272728 0.15823529411764706 0.029545454545454545
1 0.10970588235294118 0.5161363636363636 0.08764705882352941 0.03318181818181818
1 0.6864705882352942 0.7218181818181818 0.17176470588235293 0.03727272727272727
1 0.24058823529411766 0.8518181818181818 0.05411764705882353 0.03727272727272727
1 0.6620588235294118 0.565 0.1711764705882353 0.03090909090909091
1 0.23676470588235293 0.9202272727272728 0.05588235294117647 0.038636363636363635
1 0.7594117647058823 0.923409090909091 0.07294117647058823 0.04045454545454545
1 0.11088235294117647 0.35909090909090907 0.08058823529411764 0.03363636363636364
1 0.5529411764705883 0.7606818181818182 0.12705882352941175 0.035
1 0.6029411764705882 0.4068181818181818 0.10352941176470588 0.031818181818181815
1 0.4111764705882353 0.855909090909091 0.052941176470588235 0.038181818181818185
1 0.5905882352941176 0.9231818181818182 0.06705882352941177 0.038181818181818185
1 0.42705882352941177 0.5627272727272727 0.24352941176470588 0.03
1 0.5858823529411765 0.8561363636363636 0.05764705882352941 0.04045454545454545
1 0.10941176470588235 0.4006818181818182 0.08235294117647059 0.03409090909090909
1 0.10470588235294118 0.5618181818181818 0.08470588235294117 0.03363636363636364
1 0.6497058823529411 0.6065909090909091 0.028823529411764706 0.03227272727272727
1 0.5405882352941176 0.36454545454545456 0.0811764705882353 0.035454545454545454
1 0.6502941176470588 0.5247727272727273 0.033529411764705884 0.026818181818181817
1 0.5035294117647059 0.9215909090909091 0.07058823529411765 0.03954545454545454
1 0.6744117647058824 0.8563636363636363 0.060588235294117644 0.04181818181818182
1 0.8747058823529412 0.7229545454545454 0.07882352941176471 0.03318181818181818
1 0.10852941176470589 0.7577272727272727 0.08176470588235295 0.03363636363636364
1 0.10911764705882353 0.7211363636363637 0.08529411764705883 0.035
1 0.7347058823529412 0.5238636363636363 0.1011764705882353 0.029545454545454545
1 0.5535294117647059 0.4484090909090909 0.08823529411764706 0.03318181818181818
1 0.5020588235294118 0.855 0.06294117647058824 0.04
1 0.8755882352941177 0.5684090909090909 0.10764705882352942 0.029545454545454545
1 0.5808823529411765 0.6779545454545455 0.12529411764705883 0.03590909090909091
1 0.10529411764705883 0.6013636363636363 0.08705882352941176 0.034545454545454546
1 0.6720588235294118 0.9215909090909091 0.06647058823529411 0.041363636363636366
1 0.32088235294117645 0.8522727272727273 0.0488235294117647 0.03636363636363636
1 0.7223529411764706 0.6075 0.09294117647058824 0.030454545454545453
1 0.7529411764705882 0.6781818181818182 0.07764705882352942 0.03363636363636364
1 0.29411764705882354 0.02909090909090909 0.04588235294117647 0.019090909090909092
1 0.5629411764705883 0.03386363636363637 0.09411764705882353 0.019545454545454546
1 0.7120588235294117 0.7668181818181818 0.05823529411764706 0.03272727272727273