1 0.3623529411764706 0.6861363636363637 0.10823529411764705 0.035
1 0.7505882352941177 0.860909090909091 0.05176470588235294 0.035454545454545454
1 0.8432352941176471 0.9279545454545455 0.061764705882352944 0.038636363636363635
1 0.4111764705882353 0.9286363636363636 0.05647058823529412 0.03636363636363636
1 0.8485294117647059 0.8622727272727273 0.0688235294117647 0.03636363636363636
1 0.3761764705882353 0.62 0.13705882352941176 0.034545454545454546
1 0.665 0.8595454545454545 0.045294117647058825 0.038181818181818185
1 0.38 0.40954545454545455 0.14 0.02909090909090909
1 0.38441176470588234 0.7252272727272727 0.1511764705882353 0.035
1 0.7214705882352941 0.5281818181818182 0.10176470588235294 0.03363636363636364
1 0.09323529411764706 0.6829545454545455 0.06411764705882353 0.03318181818181818
1 0.0976470588235294 0.36954545454545457 0.06352941176470588 0.034545454545454546
1 0.10588235294117647 0.4540909090909091 0.04823529411764706 0.034545454545454546
1 0.44058823529411767 0.7743181818181818 0.03529411764705882 0.031363636363636364
1 0.5320588235294118 0.7252272727272727 0.07235294117647059 0.03227272727272727
1 0.14411764705882352 0.9268181818181818 0.04470588235294118 0.038181818181818185
1 0.3241176470588235 0.9279545454545455 0.05764705882352941 0.03590909090909091
1 0.14529411764705882 0.8565909090909091 0.04941176470588235 0.038636363636363635
1 0.395 0.5272727272727272 0.17941176470588235 0.035454545454545454
1 0.09941176470588235 0.5252272727272728 0.07529411764705882 0.03227272727272727
1 0.5697058823529412 0.6197727272727273 0.025294117647058825 0.023181818181818182
1 0.23970588235294119 0.9261363636363636 0.054705882352941174 0.03590909090909091
1 0.3644117647058824 0.7718181818181818 0.11 0.03272727272727273
1 0.7576470588235295 0.9279545454545455 0.06352941176470588 0.038636363636363635
1 0.2985294117647059 0.034545454545454546 0.04294117647058823 0.022727272727272728
1 0.4073529411764706 0.8597727272727272 0.04647058823529412 0.03590909090909091
1 0.5847058823529412 0.9268181818181818 0.058823529411764705 0.03636363636363636
1 0.5594117647058824 0.5275 0.12470588235294118 0.03409090909090909
1 0.5008823529411764 0.6125 0.10294117647058823 0.03227272727272727
1 0.3988235294117647 0.5695454545454546 0.18 0.035454545454545454
1 0.5832352941176471 0.8640909090909091 0.054705882352941174 0.03636363636363636
1 0.09264705882352942 0.4177272727272727 0.054705882352941174 0.035454545454545454
1 0.10029411764705883 0.5679545454545455 0.07352941176470588 0.03318181818181818
1 0.5720588235294117 0.57 0.14058823529411765 0.03363636363636364
1 0.5576470588235294 0.04 0.09058823529411765 0.02090909090909091
1 0.7408823529411764 0.5697727272727273 0.10764705882352942 0.031363636363636364
1 0.4979411764705882 0.9270454545454545 0.05941176470588235 0.03681818181818182
1 0.48323529411764704 0.6836363636363636 0.06294117647058824 0.03363636363636364
1 0.10911764705882353 0.7686363636363637 0.06764705882352941 0.03363636363636364
1 0.08941176470588236 0.7263636363636363 0.06235294117647059 0.03090909090909091
1 0.4979411764705882 0.8611363636363636 0.05588235294117647 0.03590909090909091
1 0.6479411764705882 0.5322727272727272 0.031176470588235295 0.031818181818181815
1 0.3635294117647059 0.3734090909090909 0.09294117647058824 0.03409090909090909
1 0.47705882352941176 0.7279545454545454 0.03176470588235294 0.031363636363636364
1 0.10058823529411764 0.6081818181818182 0.07411764705882352 0.034545454545454546
1 0.6688235294117647 0.9279545454545455 0.05411764705882353 0.03772727272727273
1 0.3285294117647059 0.8593181818181819 0.05823529411764706 0.03681818181818182
1 0.6644117647058824 0.575 0.03 0.03090909090909091
1 0.36205882352941177 0.4615909090909091 0.09117647058823529 0.029545454545454545
1 0.43676470588235294 0.69 0.026470588235294117 0.025454545454545455
1 0.4838235294117647 0.7761363636363636 0.05823529411764706 0.026818181818181817
1 0.6220588235294118 0.6179545454545454 0.07705882352941176 0.03318181818181818
1 0.23970588235294119 0.8618181818181818 0.05823529411764706 0.03272727272727273