1 0.39323529411764707 0.6127272727272727 0.18176470588235294 0.03727272727272727
1 0.8005882352941176 0.7340909090909091 0.03411764705882353 0.034545454545454546
1 0.5941176470588235 0.5729545454545455 0.13529411764705881 0.035
1 0.7126470588235294 0.6206818181818182 0.08176470588235295 0.031363636363636364
1 0.4326470588235294 0.725909090909091 0.2664705882352941 0.038181818181818185
1 0.10088235294117646 0.6836363636363636 0.07705882352941176 0.034545454545454546
1 0.09088235294117647 0.4481818181818182 0.0711764705882353 0.034545454545454546
1 0.6938235294117647 0.5752272727272727 0.03235294117647059 0.031363636363636364
1 0.6438235294117647 0.6184090909090909 0.04411764705882353 0.031363636363636364
1 0.7608823529411765 0.5756818181818182 0.09117647058823529 0.03318181818181818
1 0.3947058823529412 0.7777272727272727 0.19294117647058823 0.03636363636363636
1 0.10029411764705883 0.7265909090909091 0.08058823529411764 0.03590909090909091
1 0.10264705882352941 0.5245454545454545 0.08411764705882353 0.034545454545454546
1 0.7047058823529412 0.7793181818181818 0.0811764705882353 0.03227272727272727
1 0.10235294117647059 0.3693181818181818 0.08470588235294117 0.03409090909090909
1 0.6747058823529412 0.45795454545454545 0.08470588235294117 0.03227272727272727
1 0.6120588235294118 0.4113636363636364 0.16647058823529412 0.038181818181818185
1 0.5588235294117647 0.7788636363636363 0.12 0.03318181818181818
1 0.40558823529411764 0.5743181818181818 0.20294117647058824 0.03772727272727273
1 0.6111764705882353 0.45840909090909093 0.02823529411764706 0.035
1 0.0976470588235294 0.4059090909090909 0.0811764705882353 0.03272727272727273
1 0.5541176470588235 0.03840909090909091 0.06823529411764706 0.021363636363636362
1 0.793235294117647 0.415 0.11941176470588236 0.03636363636363636
1 0.5614705882352942 0.62 0.10529411764705883 0.03272727272727273
1 0.8705882352941177 0.7356818181818182 0.1011764705882353 0.03590909090909091
1 0.38029411764705884 0.4527272727272727 0.15 0.03636363636363636
1 0.10205882352941177 0.7661363636363636 0.08294117647058824 0.03681818181818182
1 0.7185294117647059 0.41363636363636364 0.033529411764705884 0.034545454545454546
1 0.528235294117647 0.4561363636363636 0.10470588235294118 0.03409090909090909
1 0.6758823529411765 0.7293181818181819 0.18588235294117647 0.03409090909090909
1 0.10352941176470588 0.6075 0.09058823529411765 0.03590909090909091
1 0.4088235294117647 0.4125 0.21411764705882352 0.03772727272727273
1 0.3076470588235294 0.03727272727272727 0.047058823529411764 0.022727272727272728
1 0.10823529411764705 0.5665909090909091 0.07411764705882352 0.041363636363636366
1 0.6414705882352941 0.7793181818181818 0.03588235294117647 0.028636363636363637