1 0.4638235294117647 0.7288636363636364 0.3123529411764706 0.04409090909090909
1 0.5761764705882353 0.6893181818181818 0.14882352941176472 0.035
1 0.7594117647058823 0.8611363636363636 0.05176470588235294 0.03954545454545454
1 0.8438235294117648 0.93 0.061764705882352944 0.03909090909090909
1 0.41441176470588237 0.9270454545454545 0.06647058823529411 0.03772727272727273
1 0.5561764705882353 0.5340909090909091 0.19823529411764707 0.03727272727272727
1 0.8444117647058823 0.8602272727272727 0.057058823529411766 0.041363636363636366
1 0.35205882352941176 0.6129545454545454 0.09705882352941177 0.03409090909090909
1 0.43176470588235294 0.41795454545454547 0.2411764705882353 0.038636363636363635
1 0.4435294117647059 0.3684090909090909 0.2611764705882353 0.05136363636363636
1 0.7879411764705883 0.5311363636363636 0.14411764705882352 0.03590909090909091
1 0.09588235294117647 0.6786363636363636 0.07647058823529412 0.035454545454545454
1 0.39647058823529413 0.6843181818181818 0.16941176470588235 0.035
1 0.09911764705882353 0.44772727272727275 0.08647058823529412 0.03727272727272727
1 0.5758823529411765 0.7713636363636364 0.11058823529411765 0.03272727272727273
1 0.1561764705882353 0.9263636363636364 0.05941176470588235 0.04
1 0.8052941176470588 0.5772727272727273 0.03176470588235294 0.03363636363636364
1 0.3285294117647059 0.9259090909090909 0.06529411764705882 0.04
1 0.1585294117647059 0.855 0.061764705882352944 0.038181818181818185
1 0.7123529411764706 0.7256818181818182 0.16 0.03954545454545454
1 0.375 0.5261363636363636 0.12411764705882353 0.03681818181818182
1 0.09264705882352942 0.5202272727272728 0.07823529411764706 0.03590909090909091
1 0.6385294117647059 0.615909090909091 0.11470588235294117 0.03272727272727273
1 0.24764705882352941 0.8556818181818182 0.0611764705882353 0.04045454545454545
1 0.24588235294117647 0.9272727272727272 0.06 0.038181818181818185
1 0.39705882352941174 0.7722727272727272 0.19058823529411764 0.03909090909090909
1 0.7652941176470588 0.9275 0.07294117647058823 0.038636363636363635
1 0.09941176470588235 0.36522727272727273 0.07764705882352942 0.03590909090909091
1 0.6602941176470588 0.4127272727272727 0.14882352941176472 0.038181818181818185
1 0.41794117647058826 0.8572727272727273 0.0688235294117647 0.03909090909090909
1 0.5929411764705882 0.9268181818181818 0.06705882352941177 0.03636363636363636
1 0.4061764705882353 0.5681818181818182 0.18529411764705883 0.04454545454545455
1 0.4597058823529412 0.6138636363636364 0.12411764705882353 0.03409090909090909
1 0.5844117647058824 0.8577272727272728 0.05941176470588235 0.04090909090909091
1 0.0961764705882353 0.4056818181818182 0.09 0.03772727272727273
1 0.09529411764705882 0.5670454545454545 0.07764705882352942 0.03590909090909091
1 0.6529411764705882 0.5731818181818182 0.26235294117647057 0.035454545454545454
1 0.5761764705882353 0.03954545454545454 0.1264705882352941 0.02
1 0.5008823529411764 0.928409090909091 0.060588235294117644 0.038636363636363635
1 0.6797058823529412 0.8602272727272727 0.07470588235294118 0.04045454545454545
1 0.8864705882352941 0.5731818181818182 0.12941176470588237 0.03909090909090909
1 0.3652941176470588 0.45204545454545453 0.12 0.03681818181818182
1 0.09823529411764706 0.7647727272727273 0.08352941176470588 0.03590909090909091
1 0.09470588235294118 0.7243181818181819 0.07882352941176471 0.03681818181818182
1 0.6723529411764706 0.37204545454545457 0.1623529411764706 0.03409090909090909
1 0.4964705882352941 0.45681818181818185 0.0976470588235294 0.03363636363636364
1 0.5052941176470588 0.8579545454545454 0.06470588235294118 0.038636363636363635
1 0.6847058823529412 0.5352272727272728 0.041176470588235294 0.041363636363636366
1 0.10470588235294118 0.6063636363636363 0.08823529411764706 0.03636363636363636
1 0.6729411764705883 0.9265909090909091 0.0611764705882353 0.038636363636363635
1 0.3285294117647059 0.8547727272727272 0.05941176470588235 0.03954545454545454
1 0.2926470588235294 0.03659090909090909 0.05352941176470588 0.02590909090909091
1 0.5626470588235294 0.6281818181818182 0.03823529411764706 0.031818181818181815