1 0.5358823529411765 0.6822727272727273 0.06 0.026363636363636363
1 0.8494117647058823 0.9270454545454545 0.06705882352941177 0.03954545454545454
1 0.525 0.5654545454545454 0.11470588235294117 0.031818181818181815
1 0.4102941176470588 0.9254545454545454 0.054705882352941174 0.03909090909090909
1 0.49529411764705883 0.5220454545454546 0.11176470588235295 0.03681818181818182
1 0.36205882352941177 0.6090909090909091 0.11588235294117646 0.031818181818181815
1 0.4464705882352941 0.6809090909090909 0.07294117647058823 0.02909090909090909
1 0.37588235294117645 0.7247727272727272 0.15058823529411763 0.03681818181818182
1 0.3623529411764706 0.36272727272727273 0.11058823529411765 0.03636363636363636
1 0.3711764705882353 0.40613636363636363 0.1411764705882353 0.03590909090909091
1 0.11 0.6754545454545454 0.07176470588235294 0.034545454545454546
1 0.12176470588235294 0.45045454545454544 0.06588235294117648 0.03636363636363636
1 0.4582352941176471 0.7672727272727272 0.06941176470588235 0.03636363636363636
1 0.5120588235294118 0.7225 0.09235294117647058 0.031363636363636364
1 0.15941176470588236 0.9238636363636363 0.05058823529411765 0.03772727272727273
1 0.32588235294117646 0.9240909090909091 0.04941176470588235 0.038181818181818185
1 0.155 0.8581818181818182 0.04764705882352941 0.03727272727272727
1 0.758235294117647 0.8579545454545454 0.047058823529411764 0.03772727272727273
1 0.5541176470588235 0.44886363636363635 0.09411764705882353 0.02772727272727273
1 0.36 0.5245454545454545 0.0976470588235294 0.03636363636363636
1 0.10205882352941177 0.5236363636363637 0.054705882352941174 0.03636363636363636
1 0.24588235294117647 0.8565909090909091 0.04823529411764706 0.038636363636363635
1 0.24411764705882352 0.9222727272727272 0.04823529411764706 0.038181818181818185
1 0.35558823529411765 0.7686363636363637 0.11235294117647059 0.034545454545454546
1 0.7591176470588236 0.9261363636363636 0.051176470588235295 0.038636363636363635
1 0.11205882352941177 0.36477272727272725 0.07 0.03590909090909091
1 0.5505882352941176 0.7697727272727273 0.05411764705882353 0.029545454545454545
1 0.62 0.4084090909090909 0.11176470588235295 0.03590909090909091
1 0.5570588235294117 0.3654545454545455 0.08352941176470588 0.03
1 0.4852941176470588 0.4075 0.0988235294117647 0.03590909090909091
1 0.4173529411764706 0.8590909090909091 0.05588235294117647 0.03727272727272727
1 0.5879411764705882 0.9252272727272727 0.0488235294117647 0.038636363636363635
1 0.49264705882352944 0.6063636363636363 0.09117647058823529 0.028181818181818183
1 0.1161764705882353 0.4040909090909091 0.07352941176470588 0.03727272727272727
1 0.10764705882352942 0.5668181818181818 0.06235294117647059 0.035454545454545454
1 0.5732352941176471 0.03909090909090909 0.09 0.02181818181818182
1 0.5047058823529412 0.9256818181818182 0.05058823529411765 0.038636363636363635
1 0.675 0.8597727272727272 0.05235294117647059 0.041363636363636366
1 0.5461764705882353 0.4075 0.02411764705882353 0.03681818181818182
1 0.8438235294117648 0.8575 0.045294117647058825 0.038636363636363635
1 0.3517647058823529 0.45 0.10470588235294118 0.03636363636363636
1 0.1161764705882353 0.7672727272727272 0.07352941176470588 0.035454545454545454
1 0.11294117647058824 0.7234090909090909 0.07176470588235294 0.035
1 0.5929411764705882 0.8570454545454546 0.052941176470588235 0.038636363636363635
1 0.5008823529411764 0.8584090909090909 0.04411764705882353 0.038636363636363635
1 0.10558823529411765 0.6052272727272727 0.06529411764705882 0.03681818181818182
1 0.6723529411764706 0.9256818181818182 0.04941176470588235 0.038636363636363635
1 0.3305882352941176 0.8586363636363636 0.05058823529411765 0.03909090909090909
1 0.3052941176470588 0.03340909090909091 0.03176470588235294 0.023181818181818182
1 0.4561764705882353 0.36477272727272725 0.06529411764705882 0.03590909090909091
1 0.5020588235294118 0.37068181818181817 0.026470588235294117 0.021363636363636362
1 0.44794117647058823 0.4475 0.07705882352941176 0.030454545454545453
1 0.4958823529411765 0.4525 0.027058823529411764 0.022272727272727274
1 0.4258823529411765 0.5327272727272727 0.03411764705882353 0.025454545454545455
1 0.375 0.5679545454545455 0.14529411764705882 0.03772727272727273
1 0.46058823529411763 0.5634090909090909 0.02588235294117647 0.03227272727272727
1 0.435 0.6168181818181818 0.026470588235294117 0.02727272727272727
1 0.3526470588235294 0.6788636363636363 0.10882352941176471 0.035
1 0.6138235294117647 0.7231818181818181 0.06294117647058824 0.02727272727272727
1 0.508235294117647 0.7727272727272727 0.03058823529411765 0.028181818181818183