1 0.6102941176470589 0.6818181818181818 0.2817647058823529 0.03909090909090909
1 0.45705882352941174 0.4084090909090909 0.2858823529411765 0.03590909090909091
1 0.7652941176470588 0.8570454545454546 0.07058823529411765 0.03954545454545454
1 0.8491176470588235 0.9254545454545454 0.07352941176470588 0.042727272727272725
1 0.5661764705882353 0.6118181818181818 0.09235294117647058 0.034545454545454546
1 0.40705882352941175 0.9256818181818182 0.05647058823529412 0.038636363636363635
1 0.8394117647058823 0.8586363636363636 0.05764705882352941 0.042727272727272725
1 0.38382352941176473 0.6084090909090909 0.1288235294117647 0.03681818181818182
1 0.4073529411764706 0.45022727272727275 0.1711764705882353 0.038636363636363635
1 0.4923529411764706 0.6156818181818182 0.03529411764705882 0.03318181818181818
1 0.4158823529411765 0.7254545454545455 0.22823529411764706 0.04363636363636364
1 0.10852941176470589 0.6818181818181818 0.09470588235294118 0.03909090909090909
1 0.0988235294117647 0.45136363636363636 0.08705882352941176 0.031818181818181815
1 0.5426470588235294 0.7697727272727273 0.2111764705882353 0.03409090909090909
1 0.15205882352941177 0.9240909090909091 0.05823529411764706 0.04181818181818182
1 0.3247058823529412 0.9261363636363636 0.058823529411764705 0.03954545454545454
1 0.15558823529411764 0.855909090909091 0.060588235294117644 0.04181818181818182
1 0.4538235294117647 0.5213636363636364 0.17470588235294118 0.04363636363636364
1 0.10352941176470588 0.5204545454545455 0.07764705882352942 0.03727272727272727
1 0.24588235294117647 0.8556818181818182 0.06 0.042272727272727274
1 0.23705882352941177 0.9240909090909091 0.05058823529411765 0.04090909090909091
1 0.36970588235294116 0.7704545454545455 0.12058823529411765 0.03636363636363636
1 0.7597058823529412 0.925 0.06764705882352941 0.04090909090909091
1 0.11205882352941177 0.36363636363636365 0.09117647058823529 0.03909090909090909
1 0.6823529411764706 0.41113636363636363 0.15411764705882353 0.03954545454545454
1 0.6205882352941177 0.3684090909090909 0.1411764705882353 0.038636363636363635
1 0.4326470588235294 0.36568181818181816 0.23352941176470587 0.03772727272727273
1 0.4073529411764706 0.8572727272727273 0.051176470588235295 0.04090909090909091
1 0.586764705882353 0.9245454545454546 0.057058823529411766 0.04090909090909091
1 0.38058823529411767 0.6786363636363636 0.14823529411764705 0.04
1 0.5885294117647059 0.5320454545454546 0.039411764705882354 0.03772727272727273
1 0.4511764705882353 0.5665909090909091 0.2564705882352941 0.03954545454545454
1 0.5841176470588235 0.8563636363636363 0.05647058823529412 0.04090909090909091
1 0.10647058823529412 0.4031818181818182 0.0988235294117647 0.03727272727272727
1 0.10529411764705883 0.5652272727272727 0.07058823529411765 0.03318181818181818
1 0.6594117647058824 0.46045454545454545 0.03764705882352941 0.04090909090909091
1 0.5552941176470588 0.03568181818181818 0.10823529411764705 0.030454545454545453
1 0.7408823529411764 0.455 0.11352941176470588 0.034545454545454546
1 0.5014705882352941 0.9238636363636363 0.07 0.04045454545454545
1 0.673235294117647 0.8563636363636363 0.057058823529411766 0.04090909090909091
1 0.8164705882352942 0.3718181818181818 0.13411764705882354 0.03909090909090909
1 0.7191176470588235 0.7238636363636364 0.3476470588235294 0.03772727272727273
1 0.10970588235294118 0.7647727272727273 0.09705882352941177 0.03772727272727273
1 0.10617647058823529 0.7181818181818181 0.10058823529411764 0.031818181818181815
1 0.7238235294117648 0.37386363636363634 0.04058823529411765 0.038636363636363635
1 0.5726470588235294 0.4525 0.12411764705882353 0.03954545454545454
1 0.5 0.8563636363636363 0.06470588235294118 0.04363636363636364
1 0.6641176470588235 0.5238636363636363 0.1223529411764706 0.03954545454545454
1 0.8682352941176471 0.4109090909090909 0.12 0.045454545454545456
1 0.6091176470588235 0.5686363636363636 0.04176470588235294 0.04
1 0.09647058823529411 0.6086363636363636 0.07058823529411765 0.035454545454545454
1 0.6708823529411765 0.9231818181818182 0.05823529411764706 0.04181818181818182
1 0.3276470588235294 0.8547727272727272 0.058823529411764705 0.04318181818181818
1 0.7373529411764705 0.5697727272727273 0.18764705882352942 0.03772727272727273
1 0.3076470588235294 0.03340909090909091 0.06470588235294118 0.02590909090909091
1 0.7891176470588235 0.41795454545454547 0.04411764705882353 0.04772727272727273