1 0.38676470588235295 0.7245454545454545 0.16411764705882353 0.04
1 0.7647058823529411 0.8586363636363636 0.06352941176470588 0.03909090909090909
1 0.84 0.9306818181818182 0.052941176470588235 0.042272727272727274
1 0.5370588235294118 0.6138636363636364 0.12588235294117647 0.03772727272727273
1 0.4152941176470588 0.9261363636363636 0.058823529411764705 0.03772727272727273
1 0.8435294117647059 0.8579545454545454 0.06235294117647059 0.041363636363636366
1 0.38676470588235295 0.6138636363636364 0.1676470588235294 0.038636363636363635
1 0.45176470588235296 0.4088636363636364 0.30470588235294116 0.045
1 0.6417647058823529 0.7743181818181818 0.07764705882352942 0.03772727272727273
1 0.3914705882352941 0.45545454545454545 0.17705882352941177 0.03909090909090909
1 0.3111764705882353 0.03340909090909091 0.03764705882352941 0.021363636363636362
1 0.09735294117647059 0.6831818181818182 0.08058823529411764 0.03636363636363636
1 0.7467647058823529 0.5690909090909091 0.03588235294117647 0.038181818181818185
1 0.10441176470588236 0.4511363636363636 0.11235294117647059 0.03772727272727273
1 0.48264705882352943 0.7729545454545454 0.13 0.03681818181818182
1 0.15970588235294117 0.9231818181818182 0.06411764705882353 0.04
1 0.8464705882352941 0.5709090909090909 0.1564705882352941 0.038181818181818185
1 0.32323529411764707 0.9245454545454546 0.0488235294117647 0.04
1 0.15294117647058825 0.855909090909091 0.05058823529411765 0.04
1 0.7414705882352941 0.7229545454545454 0.04294117647058823 0.03954545454545454
1 0.4258823529411765 0.5675 0.25882352941176473 0.045909090909090906
1 0.10176470588235294 0.5243181818181818 0.11411764705882353 0.038636363636363635
1 0.68 0.6156818181818182 0.07882352941176471 0.03318181818181818
1 0.2411764705882353 0.8552272727272727 0.04941176470588235 0.03954545454545454
1 0.24 0.9222727272727272 0.05529411764705883 0.04090909090909091
1 0.35558823529411765 0.7715909090909091 0.10882352941176471 0.035
1 0.7658823529411765 0.9261363636363636 0.06235294117647059 0.038636363636363635
1 0.0988235294117647 0.36363636363636365 0.10352941176470588 0.03909090909090909
1 0.6773529411764706 0.45704545454545453 0.06764705882352941 0.03772727272727273
1 0.7194117647058823 0.4109090909090909 0.21411764705882352 0.042727272727272725
1 0.6288235294117647 0.4681818181818182 0.029411764705882353 0.03909090909090909
1 0.4108823529411765 0.8579545454545454 0.054705882352941174 0.038636363636363635
1 0.585 0.9254545454545454 0.060588235294117644 0.03909090909090909
1 0.5829411764705882 0.7847727272727273 0.03764705882352941 0.04409090909090909
1 0.10235294117647059 0.4077272727272727 0.10352941176470588 0.03727272727272727
1 0.10058823529411764 0.5670454545454545 0.1011764705882353 0.03772727272727273
1 0.6441176470588236 0.5693181818181818 0.16117647058823528 0.03954545454545454
1 0.5008823529411764 0.9256818181818182 0.060588235294117644 0.03954545454545454
1 0.6729411764705883 0.8597727272727272 0.06 0.038636363636363635
1 0.5514705882352942 0.03772727272727273 0.09352941176470589 0.02090909090909091
1 0.8411764705882353 0.725909090909091 0.13176470588235295 0.04
1 0.1011764705882353 0.7647727272727273 0.0811764705882353 0.03681818181818182
1 0.10294117647058823 0.7222727272727273 0.0811764705882353 0.038181818181818185
1 0.5452941176470588 0.45636363636363636 0.11647058823529412 0.03727272727272727
1 0.4985294117647059 0.8588636363636364 0.054705882352941174 0.038636363636363635
1 0.9079411764705883 0.4127272727272727 0.08294117647058824 0.04
1 0.62 0.6193181818181818 0.02588235294117647 0.035
1 0.5932352941176471 0.725909090909091 0.22176470588235295 0.04181818181818182
1 0.10705882352941176 0.6093181818181819 0.10588235294117647 0.041363636363636366
1 0.6741176470588235 0.9256818181818182 0.0611764705882353 0.042272727272727274
1 0.3297058823529412 0.8586363636363636 0.05941176470588235 0.03909090909090909
1 0.8458823529411764 0.40954545454545455 0.04352941176470588 0.04181818181818182
1 0.5864705882352941 0.8602272727272727 0.06470588235294118 0.042272727272727274