1 0.46441176470588236 0.7306818181818182 0.3205882352941177 0.04045454545454545
1 0.5697058823529412 0.6922727272727273 0.14058823529411765 0.031818181818181815
1 0.7608823529411765 0.8661363636363636 0.05235294117647059 0.03954545454545454
1 0.845 0.9331818181818182 0.061764705882352944 0.03909090909090909
1 0.41794117647058826 0.9297727272727273 0.07352941176470588 0.03681818181818182
1 0.5547058823529412 0.5315909090909091 0.1952941176470588 0.03772727272727273
1 0.8444117647058823 0.8652272727272727 0.057058823529411766 0.041363636363636366
1 0.3423529411764706 0.6175 0.09647058823529411 0.03409090909090909
1 0.435 0.4143181818181818 0.24176470588235294 0.038636363636363635
1 0.4455882352941177 0.37136363636363634 0.25588235294117645 0.042727272727272725
1 0.7917647058823529 0.5347727272727273 0.14352941176470588 0.03590909090909091
1 0.09441176470588235 0.6829545454545455 0.07705882352941176 0.03590909090909091
1 0.38941176470588235 0.6906818181818182 0.18470588235294116 0.031363636363636364
1 0.09852941176470588 0.4531818181818182 0.08647058823529412 0.03727272727272727
1 0.5782352941176471 0.7770454545454546 0.11058823529411765 0.03318181818181818
1 0.15441176470588236 0.9270454545454545 0.05941176470588235 0.03954545454545454
1 0.8076470588235294 0.5790909090909091 0.03176470588235294 0.03363636363636364
1 0.3285294117647059 0.9277272727272727 0.06529411764705882 0.04
1 0.15558823529411764 0.8568181818181818 0.061764705882352944 0.038181818181818185
1 0.7161764705882353 0.7311363636363636 0.16058823529411764 0.03954545454545454
1 0.3773529411764706 0.5309090909090909 0.1288235294117647 0.04
1 0.08794117647058823 0.5227272727272727 0.07823529411764706 0.035454545454545454
1 0.645 0.6220454545454546 0.11470588235294117 0.03227272727272727
1 0.24705882352941178 0.8556818181818182 0.0611764705882353 0.04045454545454545
1 0.2488235294117647 0.9286363636363636 0.06588235294117648 0.04090909090909091
1 0.3991176470588235 0.7754545454545455 0.19941176470588234 0.035454545454545454
1 0.7664705882352941 0.9325 0.07294117647058823 0.038636363636363635
1 0.09352941176470589 0.36704545454545456 0.07764705882352942 0.03590909090909091
1 0.6620588235294118 0.4159090909090909 0.14882352941176472 0.038181818181818185
1 0.41794117647058826 0.8572727272727273 0.0688235294117647 0.03909090909090909
1 0.5929411764705882 0.9297727272727273 0.07647058823529412 0.03681818181818182
1 0.40911764705882353 0.5720454545454545 0.1935294117647059 0.03772727272727273
1 0.4652941176470588 0.62 0.12941176470588237 0.031818181818181815
1 0.5826470588235294 0.8618181818181818 0.05941176470588235 0.04090909090909091
1 0.09676470588235295 0.4093181818181818 0.09 0.03772727272727273
1 0.09058823529411765 0.5681818181818182 0.07764705882352942 0.035454545454545454
1 0.6535294117647059 0.5747727272727273 0.2635294117647059 0.038636363636363635
1 0.5755882352941176 0.03909090909090909 0.1288235294117647 0.022727272727272728
1 0.6820588235294117 0.3756818181818182 0.1923529411764706 0.030454545454545453
1 0.5008823529411764 0.9322727272727273 0.060588235294117644 0.03909090909090909
1 0.6811764705882353 0.8652272727272727 0.07529411764705882 0.04045454545454545
1 0.8947058823529411 0.576590909090909 0.13647058823529412 0.04045454545454545
1 0.36676470588235294 0.46045454545454545 0.13352941176470587 0.028181818181818183
1 0.09823529411764706 0.7679545454545454 0.08352941176470588 0.03590909090909091
1 0.09588235294117647 0.7272727272727273 0.07882352941176471 0.03636363636363636
1 0.49823529411764705 0.4636363636363636 0.0976470588235294 0.03363636363636364
1 0.5058823529411764 0.860909090909091 0.06470588235294118 0.03909090909090909
1 0.6855882352941176 0.5368181818181819 0.04058823529411765 0.03363636363636364
1 0.1038235294117647 0.6122727272727273 0.0888235294117647 0.03636363636363636
1 0.6735294117647059 0.9306818181818182 0.0611764705882353 0.038636363636363635
1 0.32941176470588235 0.8561363636363636 0.058823529411764705 0.03954545454545454
1 0.2914705882352941 0.0375 0.05 0.026818181818181817
1 0.5670588235294117 0.6270454545454546 0.03529411764705882 0.030454545454545453