1 0.43411764705882355 0.6852272727272727 0.2647058823529412 0.03954545454545454
1 0.435 0.7290909090909091 0.2747058823529412 0.04
1 0.7629411764705882 0.8625 0.06470588235294118 0.035
1 0.8414705882352941 0.9293181818181818 0.06411764705882353 0.03954545454545454
1 0.5217647058823529 0.6102272727272727 0.07411764705882352 0.03318181818181818
1 0.40647058823529414 0.9263636363636364 0.05647058823529412 0.03727272727272727
1 0.8382352941176471 0.8629545454545454 0.06 0.03772727272727273
1 0.36970588235294116 0.6127272727272727 0.13588235294117648 0.03636363636363636
1 0.4364705882352941 0.4102272727272727 0.03882352941176471 0.038636363636363635
1 0.6576470588235294 0.7697727272727273 0.10588235294117647 0.03318181818181818
1 0.4588235294117647 0.6131818181818182 0.03058823529411765 0.038181818181818185
1 0.653235294117647 0.6854545454545454 0.15941176470588236 0.03909090909090909
1 0.34941176470588237 0.3690909090909091 0.1 0.038181818181818185
1 0.3558823529411765 0.41295454545454546 0.11529411764705882 0.035
1 0.10823529411764705 0.678409090909091 0.08588235294117647 0.03772727272727273
1 0.10441176470588236 0.3665909090909091 0.061764705882352944 0.030454545454545453
1 0.10352941176470588 0.45204545454545453 0.06470588235294118 0.03227272727272727
1 0.1497058823529412 0.9259090909090909 0.05352941176470588 0.03636363636363636
1 0.7688235294117647 0.7284090909090909 0.03176470588235294 0.03954545454545454
1 0.3264705882352941 0.9261363636363636 0.0611764705882353 0.03772727272727273
1 0.15323529411764705 0.8575 0.054705882352941174 0.038636363636363635
1 0.37441176470588233 0.525 0.13117647058823528 0.03727272727272727
1 0.10147058823529412 0.5256818181818181 0.06529411764705882 0.038636363636363635
1 0.6585294117647059 0.7272727272727273 0.1711764705882353 0.038181818181818185
1 0.2373529411764706 0.925 0.05588235294117647 0.038181818181818185
1 0.38176470588235295 0.7679545454545454 0.16705882352941176 0.03590909090909091
1 0.7608823529411765 0.9309090909090909 0.07 0.038181818181818185
1 0.5255882352941177 0.7684090909090909 0.10529411764705883 0.03409090909090909
1 0.5429411764705883 0.4131818181818182 0.1388235294117647 0.03909090909090909
1 0.41058823529411764 0.8643181818181818 0.05176470588235294 0.038636363636363635
1 0.5844117647058824 0.9281818181818182 0.06647058823529411 0.03727272727272727
1 0.3888235294117647 0.5688636363636363 0.18588235294117647 0.035
1 0.5202941176470588 0.5252272727272728 0.08176470588235295 0.03590909090909091
1 0.5885294117647059 0.7695454545454545 0.027647058823529413 0.038181818181818185
1 0.10676470588235294 0.41 0.0711764705882353 0.031818181818181815
1 0.5829411764705882 0.5686363636363636 0.09294117647058824 0.03636363636363636
1 0.5467647058823529 0.038863636363636364 0.0711764705882353 0.021363636363636362
1 0.5029411764705882 0.9265909090909091 0.0811764705882353 0.03772727272727273
1 0.8441176470588235 0.6863636363636364 0.14352941176470588 0.03909090909090909
1 0.6658823529411765 0.8643181818181818 0.058823529411764705 0.038636363636363635
1 0.8614705882352941 0.730909090909091 0.13117647058823528 0.03636363636363636
1 0.3502941176470588 0.45227272727272727 0.09941176470588235 0.038181818181818185
1 0.10647058823529412 0.7668181818181818 0.08235294117647059 0.03636363636363636
1 0.10441176470588236 0.7240909090909091 0.08647058823529412 0.038181818181818185
1 0.49823529411764705 0.45636363636363636 0.11529411764705882 0.035454545454545454
1 0.49941176470588233 0.8588636363636364 0.06235294117647059 0.03954545454545454
1 0.43441176470588233 0.3734090909090909 0.039411764705882354 0.038636363636363635
1 0.10176470588235294 0.6125 0.06705882352941177 0.03954545454545454
1 0.6735294117647059 0.9286363636363636 0.06705882352941177 0.03909090909090909
1 0.535 0.37113636363636365 0.15 0.038636363636363635
1 0.32441176470588234 0.8620454545454546 0.054705882352941174 0.038636363636363635
1 0.41823529411764704 0.4572727272727273 0.03176470588235294 0.03909090909090909
1 0.2711764705882353 0.035227272727272725 0.04 0.02409090909090909
1 0.105 0.5679545454545455 0.06764705882352941 0.04045454545454545
1 0.46088235294117647 0.5302272727272728 0.03235294117647059 0.03772727272727273
1 0.5123529411764706 0.5695454545454546 0.047058823529411764 0.03727272727272727
1 0.23441176470588235 0.86 0.057058823529411766 0.038181818181818185
1 0.5855882352941176 0.8620454545454546 0.0711764705882353 0.03954545454545454
1 0.7555882352941177 0.6870454545454545 0.039411764705882354 0.03954545454545454