1 0.39558823529411763 0.6854545454545454 0.18176470588235294 0.03636363636363636
1 0.5908823529411765 0.6843181818181818 0.15235294117647058 0.03681818181818182
1 0.7626470588235295 0.8590909090909091 0.060588235294117644 0.035454545454545454
1 0.8514705882352941 0.928409090909091 0.07352941176470588 0.03954545454545454
1 0.4117647058823529 0.9270454545454545 0.06352941176470588 0.03681818181818182
1 0.5102941176470588 0.4152272727272727 0.03235294117647059 0.031363636363636364
1 0.8532352941176471 0.8572727272727273 0.07705882352941176 0.04181818181818182
1 0.37 0.6134090909090909 0.1388235294117647 0.03590909090909091
1 0.09558823529411764 0.45 0.05235294117647059 0.035454545454545454
1 0.40352941176470586 0.7238636363636364 0.1976470588235294 0.03681818181818182
1 0.7641176470588236 0.5352272727272728 0.10235294117647059 0.03409090909090909
1 0.39 0.41204545454545455 0.17058823529411765 0.03681818181818182
1 0.09823529411764706 0.6822727272727273 0.07294117647058823 0.034545454545454546
1 0.7173529411764706 0.571590909090909 0.03235294117647059 0.03227272727272727
1 0.09529411764705882 0.365 0.05058823529411765 0.03363636363636364
1 0.5964705882352941 0.725 0.15411764705882353 0.034545454545454546
1 0.15588235294117647 0.9261363636363636 0.0611764705882353 0.04045454545454545
1 0.793235294117647 0.5734090909090909 0.09941176470588235 0.03318181818181818
1 0.32794117647058824 0.9261363636363636 0.06411764705882353 0.03772727272727273
1 0.16088235294117648 0.8577272727272728 0.06411764705882353 0.038181818181818185
1 0.10705882352941176 0.524090909090909 0.06941176470588235 0.03272727272727273
1 0.6291176470588236 0.6115909090909091 0.027647058823529413 0.03227272727272727
1 0.23970588235294119 0.8584090909090909 0.051176470588235295 0.03772727272727273
1 0.24294117647058824 0.9268181818181818 0.05764705882352941 0.03727272727272727
1 0.3820588235294118 0.7702272727272728 0.15941176470588236 0.03590909090909091
1 0.7561764705882353 0.9281818181818182 0.057058823529411766 0.038181818181818185
1 0.555 0.7695454545454545 0.12411764705882353 0.03363636363636364
1 0.5702941176470588 0.4109090909090909 0.07470588235294118 0.03272727272727273
1 0.42176470588235293 0.8586363636363636 0.06 0.038181818181818185
1 0.5908823529411765 0.9272727272727272 0.061764705882352944 0.03727272727272727
1 0.39088235294117646 0.5304545454545454 0.1676470588235294 0.03727272727272727
1 0.5770588235294117 0.5334090909090909 0.15176470588235294 0.03590909090909091
1 0.47441176470588237 0.45636363636363636 0.03588235294117647 0.034545454545454546
1 0.5891176470588235 0.8588636363636364 0.06411764705882353 0.03954545454545454
1 0.09294117647058824 0.4077272727272727 0.05176470588235294 0.03363636363636364
1 0.6002941176470589 0.5686363636363636 0.1711764705882353 0.03272727272727273
1 0.5429411764705883 0.035227272727272725 0.0811764705882353 0.02409090909090909
1 0.5658823529411765 0.375 0.06823529411764706 0.03363636363636364
1 0.5008823529411764 0.9265909090909091 0.06529411764705882 0.03954545454545454
1 0.6761764705882353 0.8581818181818182 0.06411764705882353 0.04
1 0.5005882352941177 0.37681818181818183 0.029411764705882353 0.034545454545454546
1 0.37029411764705883 0.45204545454545453 0.13470588235294118 0.03681818181818182
1 0.09794117647058824 0.7695454545454545 0.0688235294117647 0.03363636363636364
1 0.09794117647058824 0.7238636363636364 0.07470588235294118 0.03318181818181818
1 0.5520588235294117 0.4581818181818182 0.061764705882352944 0.03272727272727273
1 0.5029411764705882 0.8595454545454545 0.06470588235294118 0.03909090909090909
1 0.6741176470588235 0.5375 0.029411764705882353 0.03318181818181818
1 0.39 0.37 0.15764705882352942 0.038181818181818185
1 0.5202941176470588 0.6129545454545454 0.13117647058823528 0.035
1 0.10823529411764705 0.6134090909090909 0.06941176470588235 0.03409090909090909
1 0.6726470588235294 0.9309090909090909 0.057058823529411766 0.04181818181818182
1 0.32529411764705884 0.8581818181818182 0.05058823529411765 0.03727272727272727
1 0.7008823529411765 0.6115909090909091 0.07941176470588235 0.03227272727272727
1 0.30205882352941177 0.03409090909090909 0.051176470588235295 0.016363636363636365
1 0.3935294117647059 0.5718181818181818 0.18235294117647058 0.03090909090909091
1 0.10764705882352942 0.5711363636363637 0.06823529411764706 0.029545454545454545