1 0.4370588235294118 0.6859090909090909 0.2023529411764706 0.04
1 0.6058823529411764 0.6843181818181818 0.12 0.03772727272727273
1 0.7620588235294118 0.8604545454545455 0.05941176470588235 0.035454545454545454
1 0.8414705882352941 0.9268181818181818 0.05235294117647059 0.03909090909090909
1 0.4108823529411765 0.9252272727272727 0.057058823529411766 0.03772727272727273
1 0.8429411764705882 0.8606818181818182 0.047058823529411764 0.038636363636363635
1 0.4067647058823529 0.6122727272727273 0.16176470588235295 0.03636363636363636
1 0.648235294117647 0.7727272727272727 0.12823529411764706 0.03272727272727273
1 0.44029411764705884 0.41613636363636364 0.23941176470588235 0.03954545454545454
1 0.8064705882352942 0.5254545454545455 0.11058823529411765 0.035454545454545454
1 0.10029411764705883 0.44795454545454544 0.07352941176470588 0.03590909090909091
1 0.7258823529411764 0.5252272727272728 0.03882352941176471 0.035
1 0.14882352941176472 0.9236363636363636 0.05058823529411765 0.03909090909090909
1 0.3323529411764706 0.925 0.0611764705882353 0.03909090909090909
1 0.15235294117647058 0.8570454545454546 0.05176470588235294 0.03772727272727273
1 0.6947058823529412 0.7265909090909091 0.1588235294117647 0.03954545454545454
1 0.6173529411764705 0.4602272727272727 0.13352941176470587 0.03318181818181818
1 0.10147058823529412 0.5243181818181818 0.08058823529411764 0.03409090909090909
1 0.6814705882352942 0.6127272727272727 0.03470588235294118 0.03363636363636364
1 0.8676470588235294 0.3765909090909091 0.11764705882352941 0.03590909090909091
1 0.24352941176470588 0.8586363636363636 0.06 0.03909090909090909
1 0.24382352941176472 0.9240909090909091 0.057058823529411766 0.03727272727272727
1 0.4497058823529412 0.77 0.23705882352941177 0.03727272727272727
1 0.7626470588235295 0.9265909090909091 0.061764705882352944 0.038636363636363635
1 0.10970588235294118 0.36454545454545456 0.08411764705882353 0.035454545454545454
1 0.4758823529411765 0.7263636363636363 0.26588235294117646 0.04181818181818182
1 0.668235294117647 0.37318181818181817 0.16823529411764707 0.03727272727272727
1 0.6520588235294118 0.4109090909090909 0.16294117647058823 0.03909090909090909
1 0.41323529411764703 0.8604545454545455 0.05235294117647059 0.038181818181818185
1 0.5811764705882353 0.9229545454545455 0.047058823529411764 0.038636363636363635
1 0.4158823529411765 0.5304545454545454 0.16705882352941176 0.03727272727272727
1 0.605 0.525 0.1723529411764706 0.03727272727272727
1 0.4461764705882353 0.5788636363636364 0.24529411764705883 0.038636363636363635
1 0.5852941176470589 0.8593181818181819 0.05411764705882353 0.03772727272727273
1 0.10411764705882352 0.405 0.08705882352941176 0.03636363636363636
1 0.10029411764705883 0.6834090909090909 0.08529411764705883 0.03681818181818182
1 0.6614705882352941 0.5686363636363636 0.18294117647058825 0.03909090909090909
1 0.5705882352941176 0.03840909090909091 0.09411764705882353 0.023181818181818182
1 0.7623529411764706 0.45954545454545453 0.0976470588235294 0.03272727272727273
1 0.7676470588235295 0.6131818181818182 0.11058823529411765 0.03363636363636364
1 0.5020588235294118 0.9252272727272727 0.06294117647058824 0.038636363636363635
1 0.6688235294117647 0.8584090909090909 0.05058823529411765 0.03772727272727273
1 0.866764705882353 0.5740909090909091 0.13705882352941176 0.04363636363636364
1 0.10647058823529412 0.7659090909090909 0.09647058823529411 0.03636363636363636
1 0.10235294117647059 0.7245454545454545 0.09176470588235294 0.03727272727272727
1 0.7441176470588236 0.4147727272727273 0.03764705882352941 0.038636363636363635
1 0.5008823529411764 0.8586363636363636 0.054705882352941174 0.03909090909090909
1 0.6932352941176471 0.45886363636363636 0.03235294117647059 0.03318181818181818
1 0.8302941176470588 0.4127272727272727 0.13823529411764707 0.038181818181818185
1 0.455 0.36886363636363634 0.26294117647058823 0.038636363636363635
1 0.5797058823529412 0.6168181818181818 0.15941176470588236 0.03363636363636364
1 0.10676470588235294 0.6111363636363636 0.07823529411764706 0.03590909090909091
1 0.6729411764705883 0.9254545454545454 0.05764705882352941 0.038181818181818185
1 0.3235294117647059 0.8577272727272728 0.04823529411764706 0.03909090909090909
1 0.7820588235294118 0.5734090909090909 0.039411764705882354 0.03681818181818182
1 0.7852941176470588 0.3756818181818182 0.041176470588235294 0.03954545454545454
1 0.30470588235294116 0.03909090909090909 0.05529411764705883 0.031818181818181815
1 0.42823529411764705 0.46545454545454545 0.22823529411764706 0.02909090909090909
1 0.1038235294117647 0.5706818181818182 0.07705882352941176 0.031363636363636364