1 0.3814705882352941 0.6884090909090909 0.16294117647058823 0.041363636363636366
1 0.5555882352941176 0.6936363636363636 0.17941176470588235 0.034545454545454546
1 0.7644117647058823 0.8615909090909091 0.06529411764705882 0.04045454545454545
1 0.8547058823529412 0.9281818181818182 0.07058823529411765 0.04181818181818182
1 0.528235294117647 0.5331818181818182 0.11176470588235295 0.03636363636363636
1 0.855 0.87 0.06529411764705882 0.04727272727272727
1 0.3847058823529412 0.6234090909090909 0.17647058823529413 0.04045454545454545
1 0.4673529411764706 0.4127272727272727 0.3288235294117647 0.042727272727272725
1 0.533235294117647 0.6206818181818182 0.11823529411764706 0.030454545454545453
1 0.43 0.730909090909091 0.26235294117647057 0.04454545454545455
1 0.711764705882353 0.5711363636363637 0.23647058823529413 0.045
1 0.38294117647058823 0.4634090909090909 0.1623529411764706 0.03318181818181818
1 0.09588235294117647 0.6922727272727273 0.08 0.03727272727272727
1 0.09558823529411764 0.4597727272727273 0.08647058823529412 0.04409090909090909
1 0.0961764705882353 0.37022727272727274 0.08058823529411764 0.03590909090909091
1 0.5388235294117647 0.7825 0.16941176470588235 0.031363636363636364
1 0.16411764705882353 0.9375 0.06 0.04681818181818182
1 0.8523529411764705 0.5720454545454545 0.03529411764705882 0.038636363636363635
1 0.3352941176470588 0.9322727272727273 0.05647058823529412 0.038181818181818185
1 0.1661764705882353 0.8672727272727273 0.05941176470588235 0.04
1 0.758235294117647 0.73 0.3811764705882353 0.042727272727272725
1 0.4461764705882353 0.5731818181818182 0.2911764705882353 0.04090909090909091
1 0.09441176470588235 0.5290909090909091 0.08176470588235295 0.03636363636363636
1 0.6708823529411765 0.6209090909090909 0.09470588235294118 0.031818181818181815
1 0.24294117647058824 0.8663636363636363 0.052941176470588235 0.04
1 0.24823529411764705 0.93 0.05647058823529412 0.046363636363636364
1 0.3761764705882353 0.7797727272727273 0.14882352941176472 0.03409090909090909
1 0.765 0.9272727272727272 0.06411764705882353 0.03909090909090909
1 0.2735294117647059 0.03727272727272727 0.042352941176470586 0.023636363636363636
1 0.4214705882352941 0.8613636363636363 0.05 0.04
1 0.5955882352941176 0.9293181818181818 0.06529411764705882 0.04045454545454545
1 0.39029411764705885 0.5311363636363636 0.17 0.041363636363636366
1 0.5914705882352941 0.8625 0.05588235294117647 0.03954545454545454
1 0.5470588235294118 0.04022727272727273 0.0811764705882353 0.022272727272727274
1 0.7479411764705882 0.41113636363636363 0.19588235294117648 0.042272727272727274
1 0.5044117647058823 0.9290909090909091 0.057058823529411766 0.042727272727272725
1 0.6773529411764706 0.8634090909090909 0.045294117647058825 0.042272727272727274
1 0.9123529411764706 0.5681818181818182 0.07529411764705882 0.04090909090909091
1 0.10970588235294118 0.7756818181818181 0.09588235294117647 0.045
1 0.5170588235294118 0.46204545454545454 0.08941176470588236 0.03318181818181818
1 0.5032352941176471 0.8643181818181818 0.051176470588235295 0.04045454545454545
1 0.6547058823529411 0.535 0.09411764705882353 0.035454545454545454
1 0.3770588235294118 0.3715909090909091 0.14941176470588236 0.035
1 0.08970588235294118 0.575 0.07941176470588235 0.03636363636363636
1 0.6791176470588235 0.9288636363636363 0.05941176470588235 0.04045454545454545
1 0.3438235294117647 0.8629545454545454 0.06529411764705882 0.04045454545454545
1 0.09264705882352942 0.415 0.08058823529411764 0.03909090909090909
1 0.48470588235294115 0.37795454545454543 0.07058823529411765 0.026818181818181817
1 0.09382352941176471 0.6152272727272727 0.08411764705882353 0.041363636363636366
1 0.5920588235294117 0.5468181818181819 0.031176470588235295 0.02181818181818182
1 0.6058823529411764 0.6327272727272727 0.027058823529411764 0.02727272727272727
1 0.10441176470588236 0.7368181818181818 0.08647058823529412 0.03272727272727273
1 0.41794117647058826 0.9331818181818182 0.061764705882352944 0.045454545454545456