1 0.11323529411764706 0.40386363636363637 0.12294117647058823 0.03590909090909091
1 0.8182352941176471 0.7706818181818181 0.09529411764705882 0.03681818181818182
1 0.41823529411764704 0.6075 0.22588235294117648 0.03590909090909091
1 0.3135294117647059 0.024772727272727273 0.04352941176470588 0.029545454545454545
1 0.8405882352941176 0.4075 0.036470588235294116 0.03409090909090909
1 0.10852941176470589 0.6788636363636363 0.09588235294117647 0.03681818181818182
1 0.11088235294117647 0.44522727272727275 0.1111764705882353 0.03772727272727273
1 0.09911764705882353 0.3613636363636364 0.09352941176470589 0.03727272727272727
1 0.6570588235294118 0.6093181818181819 0.2023529411764706 0.03772727272727273
1 0.10911764705882353 0.7231818181818181 0.10764705882352942 0.03727272727272727
1 0.4361764705882353 0.40454545454545454 0.2723529411764706 0.03727272727272727
1 0.10676470588235294 0.5188636363636364 0.08764705882352941 0.041363636363636366
1 0.4161764705882353 0.7665909090909091 0.22764705882352942 0.042272727272727274
1 0.7488235294117647 0.7711363636363636 0.03411764705882353 0.03772727272727273
1 0.7082352941176471 0.3665909090909091 0.041176470588235294 0.03318181818181818
1 0.5970588235294118 0.36272727272727273 0.16 0.03636363636363636
1 0.6364705882352941 0.7663636363636364 0.16823529411764707 0.038181818181818185
1 0.4611764705882353 0.565 0.31529411764705884 0.038181818181818185
1 0.6052941176470589 0.4565909090909091 0.029411764705882353 0.03318181818181818
1 0.1038235294117647 0.5609090909090909 0.09117647058823529 0.038181818181818185
1 0.701764705882353 0.4075 0.23294117647058823 0.03318181818181818
1 0.9191176470588235 0.7177272727272728 0.06647058823529411 0.045454545454545456
1 0.7261764705882353 0.7211363636363637 0.17352941176470588 0.041363636363636366
1 0.8061764705882353 0.3654545454545455 0.12764705882352942 0.03636363636363636
1 0.3664705882352941 0.4481818181818182 0.12941176470588237 0.03636363636363636
1 0.11029411764705882 0.7597727272727273 0.1288235294117647 0.041363636363636366
1 0.5102941176470588 0.4506818181818182 0.13823529411764707 0.03409090909090909
1 0.93 0.4025 0.13529411764705881 0.04045454545454545
1 0.10647058823529412 0.6045454545454545 0.09176470588235294 0.038181818181818185
1 0.46705882352941175 0.7202272727272727 0.3305882352941176 0.03954545454545454
1 0.3952941176470588 0.3609090909090909 0.17294117647058824 0.038181818181818185
1 0.6988235294117647 0.44977272727272727 0.12823529411764706 0.03409090909090909
1 0.5755882352941176 0.028181818181818183 0.13705882352941176 0.025454545454545455
1 0.8561764705882353 0.7218181818181818 0.05 0.04090909090909091
1 0.7608823529411765 0.5697727272727273 0.23470588235294118 0.049545454545454545