1 0.36676470588235294 0.6834090909090909 0.13 0.03227272727272727
1 0.7573529411764706 0.8606818181818182 0.05588235294117647 0.035
1 0.8411764705882353 0.9288636363636363 0.05647058823529412 0.03409090909090909
1 0.6047058823529412 0.57 0.15411764705882353 0.035454545454545454
1 0.4073529411764706 0.9247727272727273 0.05941176470588235 0.03772727272727273
1 0.5420588235294118 0.5238636363636363 0.11 0.029545454545454545
1 0.8388235294117647 0.8618181818181818 0.05764705882352941 0.034545454545454546
1 0.4076470588235294 0.5670454545454545 0.21294117647058824 0.031363636363636364
1 0.6617647058823529 0.7718181818181818 0.09411764705882353 0.03090909090909091
1 0.5129411764705882 0.6836363636363636 0.13647058823529412 0.03
1 0.6814705882352942 0.6861363636363637 0.08294117647058824 0.03318181818181818
1 0.4061764705882353 0.40863636363636363 0.21 0.03090909090909091
1 0.08323529411764706 0.6811363636363637 0.07 0.03409090909090909
1 0.09970588235294117 0.4461363636363636 0.08647058823529412 0.03590909090909091
1 0.375 0.7247727272727272 0.15 0.03227272727272727
1 0.7032352941176471 0.5247727272727273 0.0888235294117647 0.028636363636363637
1 0.1497058823529412 0.9240909090909091 0.054705882352941174 0.03727272727272727
1 0.8035294117647059 0.5697727272727273 0.11411764705882353 0.03590909090909091
1 0.3226470588235294 0.9225 0.05352941176470588 0.03772727272727273
1 0.15441176470588236 0.855 0.05941176470588235 0.03272727272727273
1 0.7197058823529412 0.725909090909091 0.1264705882352941 0.03090909090909091
1 0.39088235294117646 0.5234090909090909 0.1676470588235294 0.030454545454545453
1 0.10941176470588235 0.5209090909090909 0.09411764705882353 0.03
1 0.24176470588235294 0.8565909090909091 0.05176470588235294 0.03409090909090909
1 0.6326470588235295 0.5252272727272728 0.03823529411764706 0.029545454545454545
1 0.24088235294117646 0.9225 0.057058823529411766 0.03772727272727273
1 0.3629411764705882 0.7704545454545455 0.12588235294117647 0.03
1 0.7573529411764706 0.9286363636363636 0.054705882352941174 0.035454545454545454
1 0.10588235294117647 0.3629545454545455 0.09176470588235294 0.03681818181818182
1 0.4973529411764706 0.7715909090909091 0.12764705882352942 0.030454545454545453
1 0.7023529411764706 0.3693181818181818 0.2376470588235294 0.03227272727272727
1 0.6585294117647059 0.41113636363636363 0.2688235294117647 0.029545454545454545
1 0.4097058823529412 0.8590909090909091 0.054705882352941174 0.03636363636363636
1 0.581764705882353 0.8602272727272727 0.04823529411764706 0.03318181818181818
1 0.5411764705882353 0.6115909090909091 0.12823529411764706 0.03590909090909091
1 0.5932352941176471 0.7752272727272728 0.03 0.03590909090909091
1 0.1011764705882353 0.40295454545454545 0.08941176470588236 0.03590909090909091
1 0.10294117647058823 0.5615909090909091 0.0976470588235294 0.03772727272727273
1 0.5758823529411765 0.038181818181818185 0.03764705882352941 0.02181818181818182
1 0.49558823529411766 0.9268181818181818 0.060588235294117644 0.03363636363636364
1 0.6702941176470588 0.86 0.05823529411764706 0.03363636363636364
1 0.3779411764705882 0.4527272727272727 0.15 0.03363636363636364
1 0.08676470588235294 0.7620454545454546 0.07588235294117647 0.035
1 0.566764705882353 0.4527272727272727 0.21588235294117647 0.03
1 0.5008823529411764 0.86 0.054705882352941174 0.03363636363636364
1 0.6102941176470589 0.6829545454545455 0.033529411764705884 0.035
1 0.43588235294117644 0.3675 0.26235294117647057 0.03409090909090909
1 0.5358823529411765 0.7254545454545455 0.1564705882352941 0.03272727272727273
1 0.1 0.6052272727272727 0.08823529411764706 0.03590909090909091
1 0.6664705882352941 0.9277272727272727 0.04941176470588235 0.035454545454545454
1 0.32441176470588234 0.8577272727272728 0.05352941176470588 0.03636363636363636
1 0.6944117647058824 0.6122727272727273 0.07705882352941176 0.035454545454545454
1 0.7205882352941176 0.5690909090909091 0.03058823529411765 0.03363636363636364
1 0.0838235294117647 0.7215909090909091 0.0688235294117647 0.035
1 0.3129411764705882 0.03386363636363637 0.03882352941176471 0.02409090909090909
1 0.6279411764705882 0.6125 0.033529411764705884 0.035
1 0.38382352941176473 0.610909090909091 0.1676470588235294 0.03363636363636364
1 0.6355882352941177 0.7261363636363637 0.026470588235294117 0.03227272727272727
1 0.5805882352941176 0.928409090909091 0.04941176470588235 0.035