1 0.4638235294117647 0.6827272727272727 0.3452941176470588 0.04181818181818182
1 0.41970588235294115 0.4084090909090909 0.2535294117647059 0.03772727272727273
1 0.7517647058823529 0.8584090909090909 0.06 0.04045454545454545
1 0.8470588235294118 0.9268181818181818 0.07058823529411765 0.04090909090909091
1 0.41294117647058826 0.9270454545454545 0.06470588235294118 0.038636363636363635
1 0.841764705882353 0.8606818181818182 0.06470588235294118 0.041363636363636366
1 0.36823529411764705 0.6127272727272727 0.15294117647058825 0.04363636363636364
1 0.7132352941176471 0.7745454545454545 0.09117647058823529 0.03363636363636364
1 0.706764705882353 0.6879545454545455 0.14529411764705882 0.038636363636363635
1 0.6823529411764706 0.5286363636363637 0.2858823529411765 0.038181818181818185
1 0.09441176470588235 0.6820454545454545 0.08294117647058824 0.03772727272727273
1 0.08852941176470588 0.45295454545454544 0.07941176470588235 0.03590909090909091
1 0.10441176470588236 0.36454545454545456 0.08647058823529412 0.03636363636363636
1 0.15676470588235294 0.9252272727272727 0.06529411764705882 0.04045454545454545
1 0.32735294117647057 0.9270454545454545 0.06529411764705882 0.03954545454545454
1 0.1564705882352941 0.8570454545454546 0.06235294117647059 0.04045454545454545
1 0.4173529411764706 0.5275 0.24176470588235294 0.04045454545454545
1 0.10558823529411765 0.5236363636363637 0.07823529411764706 0.034545454545454546
1 0.69 0.7263636363636363 0.16941176470588235 0.03636363636363636
1 0.8191176470588235 0.3679545454545455 0.1111764705882353 0.03590909090909091
1 0.24029411764705882 0.8595454545454545 0.06529411764705882 0.03636363636363636
1 0.24 0.9263636363636364 0.05647058823529412 0.04090909090909091
1 0.40058823529411763 0.7702272727272728 0.21058823529411766 0.04045454545454545
1 0.7541176470588236 0.9268181818181818 0.06235294117647059 0.04090909090909091
1 0.5726470588235294 0.7715909090909091 0.11470588235294117 0.035
1 0.6635294117647059 0.45795454545454545 0.08823529411764706 0.03409090909090909
1 0.6491176470588236 0.3715909090909091 0.17352941176470588 0.03409090909090909
1 0.6397058823529411 0.40636363636363637 0.18764705882352942 0.04
1 0.4138235294117647 0.8586363636363636 0.061764705882352944 0.04
1 0.5855882352941176 0.9279545454545455 0.05588235294117647 0.042272727272727274
1 0.10352941176470588 0.5672727272727273 0.08823529411764706 0.03636363636363636
1 0.415 0.5706818181818182 0.24411764705882352 0.042272727272727274
1 0.5864705882352941 0.8588636363636364 0.06 0.04045454545454545
1 0.10294117647058823 0.40795454545454546 0.09529411764705882 0.03681818181818182
1 0.553235294117647 0.038863636363636364 0.10882352941176471 0.02772727272727273
1 0.5008823529411764 0.9261363636363636 0.0711764705882353 0.03954545454545454
1 0.8573529411764705 0.6893181818181818 0.09235294117647058 0.03681818181818182
1 0.6758823529411765 0.8575 0.06 0.042272727272727274
1 0.3735294117647059 0.4536363636363636 0.15529411764705883 0.03727272727272727
1 0.10058823529411764 0.7672727272727272 0.07882352941176471 0.03636363636363636
1 0.09970588235294117 0.7234090909090909 0.08647058823529412 0.03681818181818182
1 0.5170588235294118 0.4547727272727273 0.12705882352941175 0.03590909090909091
1 0.6467647058823529 0.7825 0.03235294117647059 0.03772727272727273
1 0.49941176470588233 0.8586363636363636 0.058823529411764705 0.04090909090909091
1 0.8538235294117648 0.4118181818181818 0.16411764705882353 0.03909090909090909
1 0.4258823529411765 0.3679545454545455 0.2647058823529412 0.04318181818181818
1 0.5397058823529411 0.6165909090909091 0.18529411764705883 0.04409090909090909
1 0.09941176470588235 0.6106818181818182 0.08 0.03681818181818182
1 0.6723529411764706 0.9245454545454546 0.06705882352941177 0.04181818181818182
1 0.3285294117647059 0.8577272727272728 0.06529411764705882 0.03909090909090909
1 0.69 0.5720454545454545 0.30823529411764705 0.04409090909090909
1 0.2691176470588235 0.03409090909090909 0.03588235294117647 0.024545454545454544
1 0.7491176470588236 0.38045454545454543 0.03588235294117647 0.03727272727272727
1 0.7532352941176471 0.41113636363636363 0.03823529411764706 0.03590909090909091
1 0.5944117647058823 0.4672727272727273 0.03 0.03636363636363636
1 0.7917647058823529 0.6959090909090909 0.042352941176470586 0.03909090909090909
1 0.4491176470588235 0.7252272727272727 0.31588235294117645 0.041363636363636366
1 0.7955882352941176 0.7286363636363636 0.03588235294117647 0.042727272727272725
1 0.8558823529411764 0.73 0.10352941176470588 0.04090909090909091