1 0.40588235294117647 0.6761363636363636 0.2 0.04045454545454545
1 0.7655882352941177 0.8577272727272728 0.07352941176470588 0.042727272727272725
1 0.8508823529411764 0.9252272727272727 0.07705882352941176 0.04318181818181818
1 0.5744117647058824 0.6093181818181819 0.027647058823529413 0.03590909090909091
1 0.4061764705882353 0.9218181818181819 0.061764705882352944 0.042727272727272725
1 0.5691176470588235 0.5252272727272728 0.14058823529411765 0.041363636363636366
1 0.8485294117647059 0.8570454545454546 0.07235294117647059 0.042272727272727274
1 0.36470588235294116 0.6070454545454546 0.11647058823529412 0.03772727272727273
1 0.4526470588235294 0.4075 0.2747058823529412 0.03590909090909091
1 0.6479411764705882 0.7720454545454546 0.060588235294117644 0.03409090909090909
1 0.6864705882352942 0.6904545454545454 0.02823529411764706 0.04
1 0.7470588235294118 0.525 0.12352941176470589 0.03636363636363636
1 0.10411764705882352 0.6768181818181818 0.06588235294117648 0.03727272727272727
1 0.11 0.44545454545454544 0.06941176470588235 0.034545454545454546
1 0.4223529411764706 0.725909090909091 0.23176470588235293 0.031818181818181815
1 0.6826470588235294 0.5693181818181818 0.027647058823529413 0.03772727272727273
1 0.1038235294117647 0.35863636363636364 0.07 0.03363636363636364
1 0.6376470588235295 0.7252272727272727 0.17294117647058824 0.03227272727272727
1 0.15529411764705883 0.9193181818181818 0.06705882352941177 0.042272727272727274
1 0.32794117647058824 0.9202272727272728 0.06411764705882353 0.042272727272727274
1 0.1538235294117647 0.8504545454545455 0.061764705882352944 0.04181818181818182
1 0.7458823529411764 0.7261363636363637 0.03529411764705882 0.03409090909090909
1 0.3952941176470588 0.52 0.16705882352941176 0.03636363636363636
1 0.10941176470588235 0.5156818181818181 0.06823529411764706 0.035
1 0.24705882352941178 0.8538636363636364 0.058823529411764705 0.042272727272727274
1 0.6608823529411765 0.5379545454545455 0.031176470588235295 0.042272727272727274
1 0.23558823529411765 0.9202272727272728 0.05823529411764706 0.04318181818181818
1 0.37823529411764706 0.7652272727272728 0.14705882352941177 0.03772727272727273
1 0.758235294117647 0.9254545454545454 0.07058823529411765 0.042727272727272725
1 0.3035294117647059 0.031363636363636364 0.042352941176470586 0.017272727272727273
1 0.515 0.7665909090909091 0.10294117647058823 0.038636363636363635
1 0.6570588235294118 0.45431818181818184 0.07411764705882352 0.03318181818181818
1 0.6005882352941176 0.455 0.029411764705882353 0.03636363636363636
1 0.4061764705882353 0.8522727272727273 0.05235294117647059 0.042727272727272725
1 0.585 0.9243181818181818 0.06647058823529411 0.04409090909090909
1 0.4061764705882353 0.5631818181818182 0.19588235294117648 0.038181818181818185
1 0.48970588235294116 0.6075 0.10411764705882352 0.03681818181818182
1 0.5897058823529412 0.7788636363636363 0.025294117647058825 0.030454545454545453
1 0.10911764705882353 0.3981818181818182 0.07 0.035454545454545454
1 0.11411764705882353 0.5572727272727273 0.07058823529411765 0.03636363636363636
1 0.6341176470588236 0.6102272727272727 0.0811764705882353 0.03227272727272727
1 0.6261764705882353 0.36727272727272725 0.15 0.038181818181818185
1 0.7947058823529412 0.4106818181818182 0.03294117647058824 0.035
1 0.5002941176470588 0.9220454545454545 0.07588235294117647 0.042272727272727274
1 0.6770588235294117 0.8593181818181819 0.07058823529411765 0.04772727272727273
1 0.7876470588235294 0.37113636363636365 0.10588235294117647 0.03681818181818182
1 0.5905882352941176 0.6786363636363636 0.1411764705882353 0.03909090909090909
1 0.8252941176470588 0.725 0.10352941176470588 0.03727272727272727
1 0.10176470588235294 0.7572727272727273 0.07058823529411765 0.03727272727272727
1 0.6885294117647058 0.4106818181818182 0.1688235294117647 0.028636363636363637
1 0.5126470588235295 0.45136363636363636 0.11941176470588236 0.03090909090909091
1 0.49558823529411766 0.855 0.06294117647058824 0.04363636363636364
1 0.866764705882353 0.4090909090909091 0.09 0.03636363636363636
1 0.41823529411764704 0.3638636363636364 0.2211764705882353 0.03409090909090909
1 0.11823529411764706 0.6022727272727273 0.07529411764705882 0.03636363636363636
1 0.6723529411764706 0.9238636363636363 0.06705882352941177 0.04863636363636364
1 0.32176470588235295 0.8518181818181818 0.05176470588235294 0.04181818181818182
1 0.37941176470588234 0.45 0.13647058823529412 0.03
1 0.7538235294117647 0.57 0.12058823529411765 0.031818181818181815
1 0.7608823529411765 0.6863636363636364 0.10647058823529412 0.034545454545454546
1 0.0988235294117647 0.7159090909090909 0.06705882352941177 0.03636363636363636
1 0.5626470588235294 0.03409090909090909 0.11 0.025454545454545455
1 0.5908823529411765 0.5706818181818182 0.14529411764705882 0.028636363636363637
1 0.5761764705882353 0.8593181818181819 0.04764705882352941 0.04045454545454545
1 0.7202941176470589 0.3781818181818182 0.033529411764705884 0.035454545454545454