1 0.5464705882352942 0.6106818181818182 0.02823529411764706 0.03590909090909091
1 0.46852941176470586 0.5245454545454545 0.13705882352941176 0.03090909090909091
1 0.34823529411764703 0.6088636363636364 0.09294117647058824 0.035
1 0.6258823529411764 0.7763636363636364 0.08235294117647059 0.03363636363636364
1 0.4808823529411765 0.5704545454545454 0.15235294117647058 0.03272727272727273
1 0.38382352941176473 0.40704545454545454 0.16411764705882353 0.03681818181818182
1 0.08705882352941176 0.6809090909090909 0.07294117647058823 0.035454545454545454
1 0.0961764705882353 0.4459090909090909 0.08058823529411764 0.03727272727272727
1 0.49970588235294117 0.7727272727272727 0.11470588235294117 0.03727272727272727
1 0.36205882352941177 0.7725 0.12764705882352942 0.03590909090909091
1 0.08852941176470588 0.725 0.07823529411764706 0.03727272727272727
1 0.5591176470588235 0.40863636363636363 0.1652941176470588 0.03727272727272727
1 0.09529411764705882 0.5193181818181818 0.07176470588235294 0.03590909090909091
1 0.6205882352941177 0.610909090909091 0.09411764705882353 0.03272727272727273
1 0.39205882352941174 0.7284090909090909 0.18529411764705883 0.03772727272727273
1 0.10558823529411765 0.36454545454545456 0.08764705882352941 0.03727272727272727
1 0.5626470588235294 0.36977272727272725 0.15470588235294117 0.03772727272727273
1 0.3526470588235294 0.5304545454545454 0.09823529411764706 0.035454545454545454
1 0.56 0.5270454545454546 0.029411764705882353 0.035
1 0.46794117647058825 0.6093181818181819 0.11705882352941177 0.03590909090909091
1 0.5705882352941176 0.7231818181818181 0.15294117647058825 0.03727272727272727
1 0.09911764705882353 0.4034090909090909 0.08647058823529412 0.03772727272727273
1 0.09647058823529411 0.5643181818181818 0.0811764705882353 0.03681818181818182
1 0.5711764705882353 0.03909090909090909 0.10235294117647059 0.02181818181818182
1 0.7447058823529412 0.7268181818181818 0.1188235294117647 0.038181818181818185
1 0.5697058823529412 0.6825 0.13117647058823528 0.03681818181818182
1 0.36617647058823527 0.4484090909090909 0.13117647058823528 0.03681818181818182
1 0.09147058823529412 0.7686363636363637 0.07941176470588235 0.038181818181818185
1 0.5017647058823529 0.4486363636363636 0.12117647058823529 0.035454545454545454
1 0.6308823529411764 0.5272727272727272 0.09941176470588235 0.03636363636363636
1 0.5770588235294117 0.5729545454545455 0.02588235294117647 0.03318181818181818
1 0.39235294117647057 0.36522727272727273 0.16941176470588235 0.03772727272727273
1 0.09382352941176471 0.605909090909091 0.07941176470588235 0.03636363636363636
1 0.39647058823529413 0.6836363636363636 0.18235294117647058 0.038181818181818185
1 0.6655882352941176 0.5693181818181818 0.1288235294117647 0.03590909090909091
1 0.72 0.6831818181818182 0.09058823529411765 0.035454545454545454
1 0.2852941176470588 0.03272727272727273 0.03764705882352941 0.019090909090909092
1 0.33558823529411763 0.03340909090909091 0.05941176470588235 0.020454545454545454
1 0.3488235294117647 0.5690909090909091 0.0988235294117647 0.03272727272727273
1 0.6573529411764706 0.6847727272727273 0.02176470588235294 0.031363636363636364
1 0.6641176470588235 0.7272727272727273 0.023529411764705882 0.03363636363636364
1 0.5688235294117647 0.7709090909090909 0.023529411764705882 0.03363636363636364