1 0.8538235294117648 0.9270454545454545 0.07470588235294118 0.042272727272727274
1 0.9679411764705882 0.7247727272727272 0.05352941176470588 0.04318181818181818
1 0.52 0.6131818181818182 0.1 0.03363636363636364
1 0.4176470588235294 0.9247727272727273 0.058823529411764705 0.03681818181818182
1 0.8655882352941177 0.7759090909090909 0.05823529411764706 0.034545454545454546
1 0.3723529411764706 0.6127272727272727 0.13176470588235295 0.035454545454545454
1 0.6861764705882353 0.7718181818181818 0.18176470588235294 0.031818181818181815
1 0.40176470588235297 0.5656818181818182 0.21176470588235294 0.04318181818181818
1 0.10735294117647058 0.6786363636363636 0.10647058823529412 0.038181818181818185
1 0.09735294117647059 0.36363636363636365 0.08529411764705883 0.04090909090909091
1 0.10058823529411764 0.44977272727272727 0.09058823529411765 0.03772727272727273
1 0.16 0.9236363636363636 0.06705882352941177 0.04
1 0.8008823529411765 0.7268181818181818 0.21 0.031818181818181815
1 0.3288235294117647 0.9272727272727272 0.06 0.038181818181818185
1 0.16058823529411764 0.8563636363636363 0.05764705882352941 0.03909090909090909
1 0.6202941176470588 0.4572727272727273 0.14882352941176472 0.03363636363636364
1 0.09794117647058824 0.5215909090909091 0.09 0.041363636363636366
1 0.24382352941176472 0.8579545454545454 0.04764705882352941 0.038636363636363635
1 0.25058823529411767 0.923409090909091 0.06588235294117648 0.038636363636363635
1 0.4447058823529412 0.7779545454545455 0.2823529411764706 0.04045454545454545
1 0.7623529411764706 0.9256818181818182 0.06705882352941177 0.038636363636363635
1 0.41058823529411764 0.8613636363636363 0.05529411764705883 0.04090909090909091
1 0.5808823529411765 0.9254545454545454 0.051176470588235295 0.03727272727272727
1 0.0976470588235294 0.5659090909090909 0.08705882352941176 0.03727272727272727
1 0.40705882352941175 0.45681818181818185 0.2223529411764706 0.038181818181818185
1 0.5811764705882353 0.8593181818181819 0.042352941176470586 0.04045454545454545
1 0.10029411764705883 0.4059090909090909 0.09941176470588235 0.03909090909090909
1 0.6102941176470589 0.5661363636363637 0.13705882352941176 0.03772727272727273
1 0.5758823529411765 0.03909090909090909 0.1011764705882353 0.023636363636363636
1 0.8141176470588235 0.4575 0.0988235294117647 0.035
1 0.4988235294117647 0.9265909090909091 0.05647058823529412 0.03681818181818182
1 0.7617647058823529 0.860909090909091 0.05647058823529412 0.03727272727272727
1 0.4582352941176471 0.4106818181818182 0.31176470588235294 0.03772727272727273
1 0.09941176470588235 0.7672727272727272 0.09529411764705882 0.03727272727272727
1 0.10058823529411764 0.7222727272727273 0.0976470588235294 0.03909090909090909
1 0.7147058823529412 0.4134090909090909 0.18352941176470589 0.041363636363636366
1 0.505 0.8575 0.061764705882352944 0.04045454545454545
1 0.7370588235294118 0.4581818181818182 0.02823529411764706 0.034545454545454546
1 0.9055882352941177 0.4156818181818182 0.08176470588235295 0.03772727272727273
1 0.49264705882352944 0.7247727272727272 0.38529411764705884 0.03590909090909091
1 0.09794117647058824 0.6077272727272728 0.08529411764705883 0.03727272727272727
1 0.6705882352941176 0.9265909090909091 0.06 0.038636363636363635
1 0.32382352941176473 0.8581818181818182 0.04647058823529412 0.038181818181818185
1 0.29823529411764704 0.03409090909090909 0.047058823529411764 0.025454545454545455
1 0.8385294117647059 0.4115909090909091 0.04764705882352941 0.041363636363636366
1 0.9197058823529412 0.7256818181818182 0.027647058823529413 0.03772727272727273
1 0.805 0.7781818181818182 0.033529411764705884 0.03363636363636364
1 0.6758823529411765 0.8606818181818182 0.07882352941176471 0.03772727272727273
1 0.8482352941176471 0.8625 0.07294117647058823 0.03227272727272727