1 0.42411764705882354 0.6861363636363637 0.21176470588235294 0.035
1 0.8547058823529412 0.9270454545454545 0.06823529411764706 0.041363636363636366
1 0.5226470588235295 0.5736363636363636 0.03235294117647059 0.035454545454545454
1 0.42264705882352943 0.9309090909090909 0.0488235294117647 0.03727272727272727
1 0.4914705882352941 0.5311363636363636 0.031176470588235295 0.03318181818181818
1 0.3679411764705882 0.62 0.11470588235294117 0.03272727272727273
1 0.4279411764705882 0.415 0.20411764705882354 0.038181818181818185
1 0.4476470588235294 0.6195454545454545 0.03294117647058824 0.03
1 0.6235294117647059 0.6854545454545454 0.15294117647058825 0.03363636363636364
1 0.40794117647058825 0.7313636363636363 0.21235294117647058 0.04181818181818182
1 0.11676470588235294 0.6847727272727273 0.09588235294117647 0.03590909090909091
1 0.12382352941176471 0.45840909090909093 0.10294117647058823 0.04863636363636364
1 0.7197058823529412 0.6888636363636363 0.031176470588235295 0.03409090909090909
1 0.1285294117647059 0.3704545454545455 0.09117647058823529 0.034545454545454546
1 0.5991176470588235 0.7313636363636363 0.1511764705882353 0.035454545454545454
1 0.16411764705882353 0.93 0.05764705882352941 0.03909090909090909
1 0.3391176470588235 0.9313636363636364 0.05823529411764706 0.03727272727272727
1 0.16176470588235295 0.86 0.05529411764705883 0.03636363636363636
1 0.6920588235294117 0.7354545454545455 0.031176470588235295 0.04181818181818182
1 0.405 0.5252272727272728 0.14529411764705882 0.03590909090909091
1 0.11529411764705882 0.5311363636363636 0.0976470588235294 0.03590909090909091
1 0.24970588235294117 0.8625 0.05235294117647059 0.03681818181818182
1 0.2488235294117647 0.9293181818181818 0.05411764705882353 0.03772727272727273
1 0.3779411764705882 0.7761363636363636 0.1535294117647059 0.030454545454545453
1 0.7688235294117647 0.9275 0.06352941176470588 0.038636363636363635
1 0.3058823529411765 0.03704545454545455 0.03764705882352941 0.02409090909090909
1 0.518235294117647 0.7786363636363637 0.12 0.031818181818181815
1 0.42176470588235293 0.8615909090909091 0.04588235294117647 0.038636363636363635
1 0.5952941176470589 0.9281818181818182 0.06 0.03727272727272727
1 0.5635294117647058 0.5279545454545455 0.09647058823529411 0.03227272727272727
1 0.41352941176470587 0.5706818181818182 0.18941176470588236 0.03590909090909091
1 0.5920588235294117 0.8611363636363636 0.04647058823529412 0.03954545454545454
1 0.6061764705882353 0.5713636363636364 0.12529411764705883 0.03363636363636364
1 0.566764705882353 0.038863636363636364 0.11352941176470588 0.021363636363636362
1 0.755 0.7327272727272728 0.10294117647058823 0.03727272727272727
1 0.5032352941176471 0.9313636363636364 0.051176470588235295 0.04
1 0.7858823529411765 0.6875 0.06705882352941177 0.031363636363636364
1 0.6791176470588235 0.8595454545454545 0.05235294117647059 0.038181818181818185
1 0.385 0.4634090909090909 0.12176470588235294 0.035
1 0.12058823529411765 0.7695454545454545 0.0988235294117647 0.034545454545454546
1 0.11941176470588236 0.7245454545454545 0.09529411764705882 0.035454545454545454
1 0.51 0.8620454545454546 0.04470588235294118 0.038636363636363635
1 0.42470588235294116 0.36954545454545457 0.1988235294117647 0.03727272727272727
1 0.11235294117647059 0.6125 0.09411764705882353 0.03590909090909091
1 0.6797058823529412 0.9275 0.05588235294117647 0.038636363636363635
1 0.33588235294117647 0.8634090909090909 0.047058823529411764 0.03954545454545454
1 0.1288235294117647 0.4172727272727273 0.09411764705882353 0.03727272727272727
1 0.11529411764705882 0.5690909090909091 0.0811764705882353 0.034545454545454546
1 0.8514705882352941 0.8625 0.054705882352941174 0.03590909090909091
1 0.7629411764705882 0.8606818181818182 0.05764705882352941 0.042272727272727274
1 0.5 0.6215909090909091 0.0811764705882353 0.031363636363636364
1 0.5923529411764706 0.785 0.03529411764705882 0.03
1 0.6391176470588236 0.785 0.06647058823529411 0.03