1 0.4711764705882353 0.7313636363636363 0.33294117647058824 0.03272727272727273
1 0.7717647058823529 0.8697727272727273 0.058823529411764705 0.045909090909090906
1 0.8479411764705882 0.9288636363636363 0.051176470588235295 0.03954545454545454
1 0.5314705882352941 0.6225 0.08529411764705883 0.022272727272727274
1 0.42058823529411765 0.9295454545454546 0.05647058823529412 0.03636363636363636
1 0.8520588235294118 0.8654545454545455 0.05 0.03909090909090909
1 0.37823529411764706 0.6202272727272727 0.14705882352941177 0.03318181818181818
1 0.6658823529411765 0.7840909090909091 0.03176470588235294 0.02909090909090909
1 0.3114705882352941 0.03727272727272727 0.05 0.026363636363636363
1 0.11323529411764706 0.6870454545454545 0.08529411764705883 0.03590909090909091
1 0.1111764705882353 0.45886363636363636 0.08823529411764706 0.03772727272727273
1 0.5814705882352941 0.7797727272727273 0.12411764705882353 0.03409090909090909
1 0.1561764705882353 0.93 0.05 0.03909090909090909
1 0.3338235294117647 0.9295454545454546 0.06411764705882353 0.03727272727272727
1 0.1623529411764706 0.8597727272727272 0.06352941176470588 0.038636363636363635
1 0.7102941176470589 0.7827272727272727 0.05823529411764706 0.03
1 0.4235294117647059 0.576590909090909 0.23294117647058823 0.03409090909090909
1 0.11058823529411765 0.5322727272727272 0.07294117647058823 0.035454545454545454
1 0.24941176470588236 0.860909090909091 0.05411764705882353 0.038181818181818185
1 0.25 0.9295454545454546 0.058823529411764705 0.03727272727272727
1 0.41294117647058826 0.7777272727272727 0.1952941176470588 0.03636363636363636
1 0.7717647058823529 0.935 0.06823529411764706 0.04090909090909091
1 0.1111764705882353 0.36954545454545457 0.1011764705882353 0.03
1 0.4211764705882353 0.8622727272727273 0.05529411764705883 0.04
1 0.5932352941176471 0.9290909090909091 0.06294117647058824 0.03727272727272727
1 0.5891176470588235 0.8645454545454545 0.06529411764705882 0.03727272727272727
1 0.10617647058823529 0.4125 0.09470588235294118 0.03681818181818182
1 0.5555882352941176 0.5825 0.027647058823529413 0.02772727272727273
1 0.5708823529411765 0.042954545454545454 0.12529411764705883 0.025
1 0.7220588235294118 0.7345454545454545 0.15823529411764706 0.03636363636363636
1 0.5035294117647059 0.9297727272727273 0.05647058823529412 0.038636363636363635
1 0.6794117647058824 0.87 0.05647058823529412 0.038181818181818185
1 0.821764705882353 0.7320454545454546 0.03058823529411765 0.03227272727272727
1 0.3811764705882353 0.4625 0.13294117647058823 0.031363636363636364
1 0.115 0.7709090909090909 0.08529411764705883 0.03636363636363636
1 0.115 0.7265909090909091 0.08294117647058824 0.035
1 0.7185294117647059 0.41909090909090907 0.2076470588235294 0.038181818181818185
1 0.5314705882352941 0.4659090909090909 0.15823529411764706 0.03272727272727273
1 0.10588235294117647 0.5720454545454545 0.07176470588235294 0.03954545454545454
1 0.5094117647058823 0.8636363636363636 0.06 0.03909090909090909
1 0.6852941176470588 0.46704545454545454 0.06705882352941177 0.02772727272727273
1 0.8391176470588235 0.41863636363636364 0.028823529411764706 0.03727272727272727
1 0.10558823529411765 0.6136363636363636 0.08058823529411764 0.035454545454545454
1 0.6773529411764706 0.9281818181818182 0.06294117647058824 0.038181818181818185
1 0.33147058823529413 0.8615909090909091 0.05235294117647059 0.03772727272727273
1 0.4561764705882353 0.4127272727272727 0.30058823529411766 0.04363636363636364
1 0.895 0.4188636363636364 0.07941176470588235 0.03772727272727273
1 0.6329411764705882 0.4731818181818182 0.03411764705882353 0.02909090909090909
1 0.6370588235294118 0.5797727272727272 0.13529411764705881 0.03227272727272727
1 0.47058823529411764 0.6302272727272727 0.03058823529411765 0.022272727272727274
1 0.8741176470588236 0.7386363636363636 0.08235294117647059 0.02727272727272727