1 0.3788235294117647 0.6815909090909091 0.14941176470588236 0.03318181818181818
1 0.7547058823529412 0.8595454545454545 0.052941176470588235 0.03727272727272727
1 0.8388235294117647 0.9288636363636363 0.05647058823529412 0.03772727272727273
1 0.4067647058823529 0.9277272727272727 0.060588235294117644 0.03727272727272727
1 0.84 0.8602272727272727 0.05411764705882353 0.03954545454545454
1 0.3729411764705882 0.6113636363636363 0.14941176470588236 0.03727272727272727
1 0.39323529411764707 0.4540909090909091 0.17 0.03727272727272727
1 0.6055882352941176 0.6822727272727273 0.27588235294117647 0.034545454545454546
1 0.40941176470588236 0.7229545454545454 0.2235294117647059 0.038636363636363635
1 0.4623529411764706 0.4122727272727273 0.32 0.03909090909090909
1 0.09088235294117647 0.6806818181818182 0.07470588235294118 0.03590909090909091
1 0.0961764705882353 0.36522727272727273 0.07588235294117647 0.03590909090909091
1 0.09088235294117647 0.44977272727272727 0.07470588235294118 0.035
1 0.6202941176470588 0.7272727272727273 0.20294117647058824 0.03363636363636364
1 0.15088235294117647 0.9231818181818182 0.060588235294117644 0.03909090909090909
1 0.826764705882353 0.7302272727272727 0.15941176470588236 0.03772727272727273
1 0.325 0.9272727272727272 0.06411764705882353 0.03636363636363636
1 0.15088235294117647 0.8534090909090909 0.05941176470588235 0.03772727272727273
1 0.39794117647058824 0.5270454545454546 0.18294117647058825 0.038636363636363635
1 0.08441176470588235 0.5236363636363637 0.0711764705882353 0.03636363636363636
1 0.24058823529411766 0.8565909090909091 0.06470588235294118 0.03772727272727273
1 0.23470588235294118 0.923409090909091 0.05529411764705883 0.03681818181818182
1 0.375 0.769090909090909 0.15823529411764706 0.03636363636363636
1 0.7591176470588236 0.9265909090909091 0.061764705882352944 0.03772727272727273
1 0.28941176470588237 0.034545454545454546 0.052941176470588235 0.017272727272727273
1 0.5258823529411765 0.7695454545454545 0.14470588235294118 0.034545454545454546
1 0.596764705882353 0.36977272727272725 0.09117647058823529 0.03318181818181818
1 0.43323529411764705 0.3690909090909091 0.22411764705882353 0.03363636363636364
1 0.4097058823529412 0.8579545454545454 0.060588235294117644 0.03772727272727273
1 0.5791176470588235 0.9261363636363636 0.05 0.03681818181818182
1 0.4223529411764706 0.5693181818181818 0.2411764705882353 0.03318181818181818
1 0.5608823529411765 0.5272727272727272 0.11705882352941177 0.03636363636363636
1 0.581764705882353 0.8604545454545455 0.05764705882352941 0.03727272727272727
1 0.09264705882352942 0.4059090909090909 0.07823529411764706 0.031818181818181815
1 0.09058823529411765 0.5670454545454545 0.07764705882352942 0.03772727272727273
1 0.5652941176470588 0.03772727272727273 0.1011764705882353 0.017272727272727273
1 0.71 0.4138636363636364 0.13176470588235295 0.035
1 0.495 0.9279545454545455 0.06411764705882353 0.03681818181818182
1 0.6670588235294118 0.8579545454545454 0.052941176470588235 0.03954545454545454
1 0.0861764705882353 0.7665909090909091 0.07352941176470588 0.035
1 0.08676470588235294 0.7222727272727273 0.06647058823529411 0.031818181818181815
1 0.5361764705882353 0.45704545454545453 0.0711764705882353 0.03227272727272727
1 0.49117647058823527 0.8581818181818182 0.05058823529411765 0.03909090909090909
1 0.52 0.6131818181818182 0.13058823529411764 0.035454545454545454
1 0.08794117647058823 0.6081818181818182 0.07705882352941176 0.03727272727272727
1 0.6673529411764706 0.9270454545454545 0.057058823529411766 0.038636363636363635
1 0.32382352941176473 0.8572727272727273 0.05588235294117647 0.03636363636363636
1 0.6655882352941176 0.5702272727272727 0.23 0.035
1 0.6591176470588235 0.7718181818181818 0.11352941176470588 0.03727272727272727