1 0.38382352941176473 0.7243181818181819 0.14411764705882352 0.03681818181818182
1 0.38823529411764707 0.4097727272727273 0.1223529411764706 0.03590909090909091
1 0.7552941176470588 0.8586363636363636 0.04941176470588235 0.031818181818181815
1 0.8376470588235294 0.9272727272727272 0.05058823529411765 0.038181818181818185
1 0.553235294117647 0.6075 0.031176470588235295 0.03590909090909091
1 0.40911764705882353 0.9240909090909091 0.04411764705882353 0.03636363636363636
1 0.3714705882352941 0.6068181818181818 0.1264705882352941 0.034545454545454546
1 0.4773529411764706 0.4088636363636364 0.031176470588235295 0.03227272727272727
1 0.6717647058823529 0.8593181818181819 0.04941176470588235 0.030454545454545453
1 0.09264705882352942 0.6775 0.060588235294117644 0.03409090909090909
1 0.10294117647058823 0.4484090909090909 0.06588235294117648 0.03409090909090909
1 0.4561764705882353 0.7681818181818182 0.025294117647058825 0.03363636363636364
1 0.5567647058823529 0.7234090909090909 0.09235294117647058 0.03318181818181818
1 0.14676470588235294 0.9254545454545454 0.04294117647058823 0.03909090909090909
1 0.3264705882352941 0.9261363636363636 0.05058823529411765 0.03772727272727273
1 0.15794117647058822 0.8561363636363636 0.05352941176470588 0.03590909090909091
1 0.3935294117647059 0.5670454545454545 0.16 0.03681818181818182
1 0.09352941176470589 0.5245454545454545 0.06352941176470588 0.034545454545454546
1 0.6120588235294118 0.6072727272727273 0.06294117647058824 0.031818181818181815
1 0.2388235294117647 0.855909090909091 0.04470588235294118 0.038181818181818185
1 0.6244117647058823 0.5693181818181818 0.03 0.03409090909090909
1 0.2373529411764706 0.9247727272727273 0.04411764705882353 0.03772727272727273
1 0.3623529411764706 0.7677272727272727 0.12 0.03090909090909091
1 0.7567647058823529 0.9259090909090909 0.057058823529411766 0.038181818181818185
1 0.10294117647058823 0.3665909090909091 0.06 0.035
1 0.5429411764705883 0.4088636363636364 0.06 0.03318181818181818
1 0.47323529411764703 0.45795454545454545 0.03 0.03590909090909091
1 0.41205882352941176 0.86 0.04294117647058823 0.038181818181818185
1 0.5858823529411765 0.9259090909090909 0.04823529411764706 0.038181818181818185
1 0.09294117647058824 0.5663636363636364 0.06823529411764706 0.035454545454545454
1 0.4814705882352941 0.6070454545454546 0.06647058823529411 0.03409090909090909
1 0.5852941176470589 0.8597727272727272 0.042352941176470586 0.035
1 0.10205882352941177 0.4088636363636364 0.06529411764705882 0.035
1 0.5470588235294118 0.5684090909090909 0.0811764705882353 0.03227272727272727
1 0.4973529411764706 0.9270454545454545 0.05352941176470588 0.03681818181818182
1 0.8423529411764706 0.8613636363636363 0.04352941176470588 0.034545454545454546
1 0.09117647058823529 0.7604545454545455 0.0611764705882353 0.035454545454545454
1 0.09088235294117647 0.7238636363636364 0.05823529411764706 0.03590909090909091
1 0.525 0.45636363636363636 0.05352941176470588 0.031818181818181815
1 0.5 0.8602272727272727 0.041176470588235294 0.03409090909090909
1 0.4797058823529412 0.7229545454545454 0.03 0.03318181818181818
1 0.09323529411764706 0.6036363636363636 0.0688235294117647 0.035454545454545454
1 0.6738235294117647 0.9268181818181818 0.05588235294117647 0.03363636363636364
1 0.3241176470588235 0.8575 0.047058823529411764 0.03681818181818182
1 0.38058823529411767 0.45386363636363636 0.10705882352941176 0.035
1 0.6938235294117647 0.5684090909090909 0.07823529411764706 0.03318181818181818
1 0.30205882352941177 0.03340909090909091 0.045294117647058825 0.023181818181818182
1 0.5629411764705883 0.03590909090909091 0.09411764705882353 0.025454545454545455
1 0.5297058823529411 0.7715909090909091 0.0711764705882353 0.03227272727272727