1 0.40794117647058825 0.6829545454545455 0.18176470588235294 0.029545454545454545
1 0.7705882352941177 0.8606818181818182 0.058823529411764705 0.03409090909090909
1 0.8558823529411764 0.9261363636363636 0.05647058823529412 0.03954545454545454
1 0.5344117647058824 0.6088636363636364 0.05 0.030454545454545453
1 0.4258823529411765 0.9277272727272727 0.06235294117647059 0.034545454545454546
1 0.5467647058823529 0.5261363636363636 0.07823529411764706 0.03409090909090909
1 0.36941176470588233 0.6127272727272727 0.1188235294117647 0.02727272727272727
1 0.5397058823529411 0.40954545454545455 0.11823529411764706 0.03272727272727273
1 0.6267647058823529 0.7675 0.07588235294117647 0.029545454545454545
1 0.3888235294117647 0.4125 0.16588235294117648 0.035
1 0.6882352941176471 0.6804545454545454 0.03058823529411765 0.03090909090909091
1 0.09176470588235294 0.6856818181818182 0.052941176470588235 0.02590909090909091
1 0.09823529411764706 0.4556818181818182 0.06941176470588235 0.030454545454545453
1 0.6844117647058824 0.524090909090909 0.09352941176470589 0.02909090909090909
1 0.5044117647058823 0.769090909090909 0.10411764705882352 0.02181818181818182
1 0.16323529411764706 0.9295454545454546 0.045294117647058825 0.03636363636363636
1 0.7608823529411765 0.6797727272727273 0.09 0.031363636363636364
1 0.3423529411764706 0.9275 0.05411764705882353 0.03227272727272727
1 0.16176470588235295 0.860909090909091 0.04352941176470588 0.03090909090909091
1 0.6770588235294117 0.7265909090909091 0.07764705882352942 0.031363636363636364
1 0.10147058823529412 0.4122727272727273 0.07235294117647059 0.034545454545454546
1 0.25588235294117645 0.86 0.06470588235294118 0.03272727272727273
1 0.25529411764705884 0.925 0.05529411764705883 0.038181818181818185
1 0.3791176470588235 0.7704545454545455 0.13 0.02727272727272727
1 0.7720588235294118 0.9227272727272727 0.057058823529411766 0.03909090909090909
1 0.3008823529411765 0.035227272727272725 0.03823529411764706 0.02409090909090909
1 0.6041176470588235 0.45204545454545453 0.06705882352941177 0.03227272727272727
1 0.6485294117647059 0.36886363636363634 0.027647058823529413 0.03681818181818182
1 0.5611764705882353 0.3690909090909091 0.13529411764705881 0.035454545454545454
1 0.42470588235294116 0.8606818181818182 0.052941176470588235 0.03590909090909091
1 0.10470588235294118 0.3729545454545454 0.07529411764705882 0.03318181818181818
1 0.39794117647058824 0.5284090909090909 0.18176470588235294 0.03590909090909091
1 0.5244117647058824 0.7281818181818182 0.1288235294117647 0.023636363636363636
1 0.49323529411764705 0.45454545454545453 0.08176470588235295 0.03272727272727273
1 0.5970588235294118 0.8606818181818182 0.0611764705882353 0.035
1 0.08470588235294117 0.53 0.04941176470588235 0.03727272727272727
1 0.6 0.5695454545454546 0.03058823529411765 0.031818181818181815
1 0.5597058823529412 0.03727272727272727 0.09705882352941177 0.022727272727272728
1 0.6170588235294118 0.4102272727272727 0.021176470588235293 0.03227272727272727
1 0.6902941176470588 0.40795454545454546 0.09941176470588235 0.026818181818181817
1 0.5094117647058823 0.9268181818181818 0.05647058823529412 0.03909090909090909
1 0.6779411764705883 0.8597727272727272 0.04647058823529412 0.03318181818181818
1 0.7002941176470588 0.3663636363636364 0.07588235294117647 0.03272727272727273
1 0.5864705882352941 0.6822727272727273 0.14941176470588236 0.03090909090909091
1 0.8597058823529412 0.8597727272727272 0.06411764705882353 0.03409090909090909
1 0.09823529411764706 0.7663636363636364 0.058823529411764705 0.028181818181818183
1 0.5535294117647059 0.45227272727272727 0.02588235294117647 0.03363636363636364
1 0.6058823529411764 0.7297727272727272 0.023529411764705882 0.025
1 0.5114705882352941 0.8593181818181819 0.057058823529411766 0.035
1 0.39676470588235296 0.36863636363636365 0.18176470588235294 0.034545454545454546
1 0.49205882352941177 0.61 0.022941176470588236 0.03272727272727273
1 0.09235294117647058 0.6145454545454545 0.0611764705882353 0.026363636363636363
1 0.6885294117647058 0.9231818181818182 0.0688235294117647 0.038181818181818185
1 0.3341176470588235 0.860909090909091 0.047058823529411764 0.03272727272727273
1 0.6673529411764706 0.5681818181818182 0.08411764705882353 0.03272727272727273
1 0.09441176470588235 0.725 0.05235294117647059 0.02727272727272727
1 0.37441176470588233 0.45590909090909093 0.13823529411764707 0.031818181818181815
1 0.6044117647058823 0.5309090909090909 0.02411764705882353 0.02727272727272727
1 0.45529411764705885 0.6140909090909091 0.04352941176470588 0.025454545454545455
1 0.40147058823529413 0.5686363636363636 0.18294117647058825 0.028181818181818183
1 0.5423529411764706 0.5684090909090909 0.07529411764705882 0.028636363636363637
1 0.38176470588235295 0.7270454545454546 0.14470588235294118 0.023181818181818182
1 0.6058823529411764 0.9270454545454545 0.06588235294117648 0.03409090909090909
1 0.09088235294117647 0.5752272727272727 0.05941176470588235 0.029545454545454545
1 0.5726470588235294 0.7734090909090909 0.02411764705882353 0.028636363636363637