1 0.3673529411764706 0.6856818181818182 0.13470588235294118 0.03681818181818182
1 0.7614705882352941 0.865 0.07470588235294118 0.038181818181818185
1 0.8397058823529412 0.9290909090909091 0.05823529411764706 0.038181818181818185
1 0.40852941176470586 0.9286363636363636 0.057058823529411766 0.03909090909090909
1 0.5344117647058824 0.5275 0.13470588235294118 0.03681818181818182
1 0.8364705882352941 0.8638636363636364 0.047058823529411764 0.03772727272727273
1 0.36411764705882355 0.6106818181818182 0.11176470588235295 0.03409090909090909
1 0.6685294117647059 0.7731818181818182 0.09823529411764706 0.03090909090909091
1 0.41823529411764704 0.45545454545454545 0.22823529411764706 0.03636363636363636
1 0.6744117647058824 0.6856818181818182 0.10882352941176471 0.03409090909090909
1 0.4158823529411765 0.7263636363636363 0.22941176470588234 0.03636363636363636
1 0.09352941176470589 0.6825 0.08823529411764706 0.03681818181818182
1 0.09529411764705882 0.45431818181818184 0.08823529411764706 0.03772727272727273
1 0.49970588235294117 0.7761363636363636 0.12058823529411765 0.03318181818181818
1 0.1526470588235294 0.9261363636363636 0.057058823529411766 0.03954545454545454
1 0.3270588235294118 0.9286363636363636 0.06470588235294118 0.038181818181818185
1 0.1535294117647059 0.8577272727272728 0.06 0.04
1 0.3785294117647059 0.5247727272727273 0.13470588235294118 0.03590909090909091
1 0.09941176470588235 0.5222727272727272 0.08588235294117647 0.03636363636363636
1 0.6223529411764706 0.7288636363636364 0.1811764705882353 0.03681818181818182
1 0.24529411764705883 0.8597727272727272 0.06823529411764706 0.038636363636363635
1 0.23823529411764705 0.9263636363636364 0.05764705882352941 0.038181818181818185
1 0.3652941176470588 0.7720454545454546 0.12117647058823529 0.03409090909090909
1 0.7544117647058823 0.9272727272727272 0.057058823529411766 0.038181818181818185
1 0.09852941176470588 0.36477272727272725 0.08764705882352941 0.03772727272727273
1 0.6402941176470588 0.4572727272727273 0.1935294117647059 0.038181818181818185
1 0.625 0.37 0.1923529411764706 0.03636363636363636
1 0.46176470588235297 0.4131818181818182 0.3341176470588235 0.04090909090909091
1 0.41411764705882353 0.860909090909091 0.06705882352941177 0.03909090909090909
1 0.5852941176470589 0.9272727272727272 0.06 0.038181818181818185
1 0.1038235294117647 0.5659090909090909 0.10058823529411764 0.03727272727272727
1 0.4173529411764706 0.5725 0.2076470588235294 0.04409090909090909
1 0.4902941176470588 0.6136363636363636 0.12058823529411765 0.03272727272727273
1 0.586764705882353 0.8590909090909091 0.061764705882352944 0.03909090909090909
1 0.09470588235294118 0.4102272727272727 0.09647058823529411 0.03681818181818182
1 0.6358823529411765 0.5722727272727273 0.22823529411764706 0.04
1 0.548235294117647 0.03977272727272727 0.08823529411764706 0.018636363636363635
1 0.7847058823529411 0.41454545454545455 0.30941176470588233 0.04
1 0.4973529411764706 0.9281818181818182 0.06647058823529411 0.03909090909090909
1 0.6726470588235294 0.8631818181818182 0.06529411764705882 0.04
1 0.5176470588235295 0.6854545454545454 0.12823529411764706 0.035454545454545454
1 0.8341176470588235 0.7288636363636364 0.16470588235294117 0.03409090909090909
1 0.09205882352941176 0.7668181818181818 0.09 0.03636363636363636
1 0.5882352941176471 0.7813636363636364 0.04470588235294118 0.03636363636363636
1 0.4964705882352941 0.8629545454545454 0.052941176470588235 0.03954545454545454
1 0.5985294117647059 0.6868181818181818 0.03588235294117647 0.03363636363636364
1 0.4041176470588235 0.3675 0.19411764705882353 0.03772727272727273
1 0.10588235294117647 0.6097727272727272 0.10352941176470588 0.03772727272727273
1 0.6673529411764706 0.9281818181818182 0.05352941176470588 0.03909090909090909
1 0.32735294117647057 0.8593181818181819 0.06529411764705882 0.03954545454545454
1 0.0888235294117647 0.7227272727272728 0.08352941176470588 0.03636363636363636
1 0.30205882352941177 0.03590909090909091 0.09941176470588235 0.017272727272727273
1 0.7335294117647059 0.7286363636363636 0.05647058823529412 0.04727272727272727