1 0.3985294117647059 0.6825 0.21705882352941178 0.029545454545454545
1 0.6026470588235294 0.6811363636363637 0.15235294117647058 0.03409090909090909
1 0.7620588235294118 0.8540909090909091 0.06764705882352941 0.04090909090909091
1 0.8494117647058823 0.9231818181818182 0.07882352941176471 0.04181818181818182
1 0.4117647058823529 0.9204545454545454 0.06 0.03909090909090909
1 0.8502941176470589 0.8565909090909091 0.07470588235294118 0.042272727272727274
1 0.3835294117647059 0.6131818181818182 0.19058823529411764 0.028181818181818183
1 0.7838235294117647 0.5270454545454546 0.04764705882352941 0.031363636363636364
1 0.3897058823529412 0.40636363636363637 0.18176470588235294 0.031818181818181815
1 0.08558823529411765 0.6759090909090909 0.061764705882352944 0.03363636363636364
1 0.08794117647058823 0.4420454545454545 0.05823529411764706 0.03318181818181818
1 0.38676470588235295 0.7256818181818182 0.1888235294117647 0.025
1 0.09147058823529412 0.35954545454545456 0.06529411764705882 0.03363636363636364
1 0.5 0.8529545454545454 0.06235294117647059 0.038636363636363635
1 0.6273529411764706 0.7234090909090909 0.14529411764705882 0.035
1 0.1535294117647059 0.92 0.06705882352941177 0.04090909090909091
1 0.33676470588235297 0.918409090909091 0.08058823529411764 0.04045454545454545
1 0.1585294117647059 0.8520454545454546 0.06764705882352941 0.03954545454545454
1 0.7261764705882353 0.725 0.03470588235294118 0.035454545454545454
1 0.6079411764705882 0.4065909090909091 0.12411764705882353 0.03590909090909091
1 0.44 0.5222727272727272 0.27058823529411763 0.03272727272727273
1 0.0888235294117647 0.5186363636363637 0.07176470588235294 0.03636363636363636
1 0.6644117647058824 0.6079545454545454 0.06529411764705882 0.031363636363636364
1 0.8629411764705882 0.5256818181818181 0.07647058823529412 0.031363636363636364
1 0.24205882352941177 0.92 0.06294117647058824 0.03909090909090909
1 0.3738235294117647 0.7636363636363637 0.16411764705882353 0.02909090909090909
1 0.7597058823529412 0.9211363636363636 0.061764705882352944 0.041363636363636366
1 0.2797058823529412 0.02931818181818182 0.03705882352941176 0.02409090909090909
1 0.6214705882352941 0.3663636363636364 0.11705882352941177 0.03636363636363636
1 0.5197058823529411 0.37727272727272726 0.054705882352941174 0.03636363636363636
1 0.41852941176470587 0.8534090909090909 0.0688235294117647 0.04045454545454545
1 0.5952941176470589 0.9211363636363636 0.07176470588235294 0.03954545454545454
1 0.46147058823529413 0.5675 0.3135294117647059 0.030454545454545453
1 0.5379411764705883 0.6129545454545454 0.10647058823529412 0.022272727272727274
1 0.44323529411764706 0.45704545454545453 0.028823529411764706 0.03227272727272727
1 0.5879411764705882 0.8527272727272728 0.05941176470588235 0.038181818181818185
1 0.09323529411764706 0.4036363636363636 0.06294117647058824 0.031818181818181815
1 0.08970588235294118 0.5581818181818182 0.07235294117647059 0.03363636363636364
1 0.5505882352941176 0.031818181818181815 0.08823529411764706 0.024545454545454544
1 0.7835294117647059 0.7220454545454545 0.07294117647058823 0.03409090909090909
1 0.5038235294117647 0.9204545454545454 0.07470588235294118 0.04090909090909091
1 0.6744117647058824 0.8552272727272727 0.06764705882352941 0.04045454545454545
1 0.5070588235294118 0.4031818181818182 0.03764705882352941 0.034545454545454546
1 0.888235294117647 0.5665909090909091 0.08235294117647059 0.035
1 0.35970588235294115 0.44795454545454544 0.11705882352941177 0.03590909090909091
1 0.07882352941176471 0.7593181818181818 0.052941176470588235 0.03409090909090909
1 0.2464705882352941 0.8525 0.06823529411764706 0.04045454545454545
1 0.5088235294117647 0.45136363636363636 0.0811764705882353 0.031818181818181815
1 0.6470588235294118 0.7788636363636363 0.029411764705882353 0.02772727272727273
1 0.6720588235294118 0.524090909090909 0.1511764705882353 0.03636363636363636
1 0.6097058823529412 0.605909090909091 0.03588235294117647 0.03272727272727273
1 0.3941176470588235 0.36454545454545456 0.16 0.038181818181818185
1 0.08647058823529412 0.6020454545454546 0.06588235294117648 0.03409090909090909
1 0.6764705882352942 0.92 0.07176470588235294 0.04181818181818182
1 0.3297058823529412 0.8525 0.06647058823529411 0.03954545454545454
1 0.7152941176470589 0.5695454545454546 0.1776470588235294 0.034545454545454546
1 0.7852941176470588 0.6811363636363637 0.07176470588235294 0.03227272727272727
1 0.08294117647058824 0.7204545454545455 0.05529411764705883 0.03363636363636364
1 0.3373529411764706 0.031136363636363636 0.07941176470588235 0.02409090909090909
1 0.8297058823529412 0.5718181818181818 0.03823529411764706 0.04181818181818182
1 0.7097058823529412 0.6938636363636363 0.03470588235294118 0.022272727272727274
1 0.5544117647058824 0.7715909090909091 0.14294117647058824 0.028636363636363637
1 0.7047058823529412 0.7752272727272728 0.06823529411764706 0.029545454545454545