1 0.4085545722713864 0.6790263876251137 0.18348082595870208 0.03867151956323931
1 0.4283185840707965 0.40172884440400364 0.24778761061946902 0.0373066424021838
1 0.7728613569321534 0.8537306642402184 0.06843657817109144 0.04049135577797998
1 0.856637168141593 0.9203821656050956 0.06843657817109144 0.04094631483166515
1 0.568731563421829 0.606687898089172 0.09085545722713864 0.034121929026387623
1 0.41622418879056045 0.9226569608735213 0.052507374631268436 0.039126478616924476
1 0.40825958702064896 0.6089626933575978 0.20766961651917404 0.03958143767060965
1 0.6395280235988201 0.77024567788899 0.030678466076696165 0.0373066424021838
1 0.41179941002949855 0.44745222929936307 0.2112094395280236 0.036851683348498636
1 0.6908554572271386 0.6835759781619655 0.03421828908554572 0.03503184713375796
1 0.415929203539823 0.7211101000909919 0.22182890855457227 0.0373066424021838
1 0.3088495575221239 0.024112829845313922 0.04660766961651917 0.026387625113739762
1 0.7504424778761062 0.6778889899909009 0.071976401179941 0.036396724294813464
1 0.1200589970501475 0.6781164695177434 0.09616519174041298 0.036851683348498636
1 0.11622418879056047 0.445859872611465 0.09793510324483776 0.0373066424021838
1 0.11504424778761062 0.35987261146496813 0.09911504424778761 0.0373066424021838
1 0.623598820058997 0.7227024567788899 0.1687315634218289 0.0359417652411283
1 0.1616519174041298 0.9222020018198362 0.06371681415929203 0.040036396724294813
1 0.7970501474926254 0.7220200181983621 0.08495575221238938 0.034576888080072796
1 0.3333333333333333 0.9210646041856233 0.054277286135693215 0.03958143767060965
1 0.1631268436578171 0.8544131028207461 0.04896755162241888 0.040036396724294813
1 0.6920353982300885 0.7679708826205641 0.06489675516224189 0.03275705186533212
1 0.5929203539823009 0.4467697907188353 0.12389380530973451 0.034576888080072796
1 0.4176991150442478 0.5177434030937216 0.19823008849557522 0.040036396724294813
1 0.11002949852507375 0.5181983621474068 0.10324483775811209 0.0373066424021838
1 0.2398230088495575 0.8553230209281165 0.043067846607669616 0.03821656050955414
1 0.24926253687315633 0.9219745222929936 0.0607669616519174 0.03958143767060965
1 0.3873156342182891 0.7688808007279345 0.168141592920354 0.0373066424021838
1 0.7743362831858407 0.9203821656050956 0.057227138643067846 0.040036396724294813
1 0.552212389380531 0.7679708826205641 0.12743362831858407 0.034576888080072796
1 0.6047197640117994 0.36055505004549593 0.10029498525073746 0.0359417652411283
1 0.42743362831858406 0.35873521383075524 0.2153392330383481 0.03776160145586897
1 0.415929203539823 0.8553230209281165 0.05309734513274336 0.040036396724294813
1 0.5935103244837758 0.9208371246587808 0.058997050147492625 0.039126478616924476
1 0.1088495575221239 0.5636942675159236 0.09498525073746313 0.036396724294813464
1 0.4247787610619469 0.5630118289353958 0.22772861356932153 0.036851683348498636
1 0.5929203539823009 0.8553230209281165 0.054277286135693215 0.040036396724294813
1 0.11592920353982301 0.4021838034576888 0.09262536873156342 0.036396724294813464
1 0.6091445427728613 0.5621019108280255 0.1056047197640118 0.033212010919017286
1 0.5710914454277286 0.024340309372156504 0.07787610619469026 0.024112829845313922
1 0.5890855457227139 0.5179708826205641 0.09852507374631268 0.0359417652411283
1 0.7380530973451327 0.7238398544131028 0.03421828908554572 0.03366696997270246
1 0.503834808259587 0.925614194722475 0.05191740412979351 0.045950864422202004
1 0.8530973451327434 0.8541856232939036 0.06489675516224189 0.041401273885350316
1 0.6849557522123894 0.8548680618744313 0.06489675516224189 0.039126478616924476
1 0.11268436578171091 0.763648771610555 0.08731563421828908 0.03503184713375796
1 0.1168141592920354 0.7217925386715196 0.0943952802359882 0.0359417652411283
1 0.6333333333333333 0.4028662420382166 0.1457227138643068 0.03503184713375796
1 0.5058997050147492 0.8550955414012739 0.061946902654867256 0.041401273885350316
1 0.6002949852507374 0.6781164695177434 0.13628318584070798 0.036851683348498636
1 0.11002949852507375 0.6041856232939036 0.09734513274336283 0.0373066424021838
1 0.6808259587020649 0.9222020018198362 0.06607669616519174 0.03821656050955414
1 0.32772861356932154 0.8550955414012739 0.04660766961651917 0.03867151956323931