1 0.4491176470588235 0.6822727272727273 0.3111764705882353 0.04090909090909091
1 0.7638235294117647 0.8577272727272728 0.07235294117647059 0.04
1 0.8444117647058823 0.9263636363636364 0.07 0.038181818181818185
1 0.8755882352941177 0.5365909090909091 0.10294117647058823 0.030454545454545453
1 0.6 0.5763636363636364 0.14823529411764705 0.028181818181818183
1 0.41205882352941176 0.9238636363636363 0.07235294117647059 0.03954545454545454
1 0.4067647058823529 0.5736363636363636 0.23 0.031818181818181815
1 0.8423529411764706 0.8611363636363636 0.06705882352941177 0.041363636363636366
1 0.3788235294117647 0.6225 0.17058823529411765 0.03318181818181818
1 0.6791176470588235 0.7288636363636364 0.09352941176470589 0.03318181818181818
1 0.6876470588235294 0.6859090909090909 0.1635294117647059 0.03272727272727273
1 0.38441176470588234 0.725 0.17588235294117646 0.03636363636363636
1 0.8026470588235294 0.5368181818181819 0.045294117647058825 0.038181818181818185
1 0.3991176470588235 0.4113636363636364 0.20411764705882354 0.03727272727272727
1 0.08294117647058824 0.6788636363636363 0.07647058823529412 0.03772727272727273
1 0.08411764705882353 0.45022727272727275 0.07764705882352942 0.03681818181818182
1 0.08735294117647059 0.3640909090909091 0.07941176470588235 0.03636363636363636
1 0.48764705882352943 0.7711363636363636 0.09411764705882353 0.03318181818181818
1 0.616764705882353 0.7302272727272727 0.028823529411764706 0.035
1 0.14705882352941177 0.9225 0.05647058823529412 0.04045454545454545
1 0.758235294117647 0.5736363636363636 0.11529411764705882 0.03272727272727273
1 0.3326470588235294 0.9229545454545455 0.060588235294117644 0.038636363636363635
1 0.14794117647058824 0.8568181818181818 0.054705882352941174 0.04363636363636364
1 0.425 0.5286363636363637 0.26176470588235295 0.03090909090909091
1 0.09411764705882353 0.5197727272727273 0.0811764705882353 0.03590909090909091
1 0.6685294117647059 0.6140909090909091 0.08764705882352941 0.031818181818181815
1 0.9273529411764706 0.3820454545454545 0.1111764705882353 0.03772727272727273
1 0.6697058823529412 0.5281818181818182 0.21352941176470588 0.03727272727272727
1 0.24323529411764705 0.92 0.07 0.04
1 0.3708823529411765 0.7706818181818181 0.15235294117647058 0.035
1 0.7617647058823529 0.925 0.07529411764705882 0.03909090909090909
1 0.2952941176470588 0.031136363636363636 0.047058823529411764 0.02772727272727273
1 0.6641176470588235 0.4572727272727273 0.11058823529411765 0.034545454545454546
1 0.7135294117647059 0.37318181818181817 0.24352941176470588 0.035454545454545454
1 0.6038235294117648 0.4143181818181818 0.1864705882352941 0.04045454545454545
1 0.41294117647058826 0.8575 0.06705882352941177 0.04045454545454545
1 0.5891176470588235 0.8618181818181818 0.07235294117647059 0.03909090909090909
1 0.5911764705882353 0.45386363636363636 0.03882352941176471 0.03772727272727273
1 0.5267647058823529 0.6215909090909091 0.12764705882352942 0.03318181818181818
1 0.5864705882352941 0.7725 0.0988235294117647 0.031363636363636364
1 0.08441176470588235 0.4047727272727273 0.07588235294117647 0.035
1 0.09235294117647058 0.5631818181818182 0.08 0.03636363636363636
1 0.5688235294117647 0.038636363636363635 0.11058823529411765 0.023636363636363636
1 0.7958823529411765 0.415 0.14588235294117646 0.04
1 0.5029411764705882 0.9240909090909091 0.07882352941176471 0.03909090909090909
1 0.8555882352941176 0.6925 0.11352941176470588 0.03227272727272727
1 0.6767647058823529 0.8606818181818182 0.07705882352941176 0.03954545454545454
1 0.36941176470588233 0.4515909090909091 0.14352941176470588 0.038636363636363635
1 0.08205882352941177 0.7645454545454545 0.07705882352941176 0.035454545454545454
1 0.7144117647058823 0.41613636363636364 0.03470588235294118 0.03681818181818182
1 0.5144117647058823 0.45431818181818184 0.1476470588235294 0.03681818181818182
1 0.4976470588235294 0.8581818181818182 0.06705882352941177 0.04090909090909091
1 0.6905882352941176 0.5752272727272727 0.03294117647058824 0.03409090909090909
1 0.61 0.6156818181818182 0.02823529411764706 0.03227272727272727
1 0.43970588235294117 0.36727272727272725 0.28647058823529414 0.04090909090909091
1 0.5311764705882352 0.7254545454545455 0.1223529411764706 0.034545454545454546
1 0.09352941176470589 0.6040909090909091 0.08235294117647059 0.03636363636363636
1 0.6726470588235294 0.9229545454545455 0.07588235294117647 0.03954545454545454
1 0.32235294117647056 0.855909090909091 0.05411764705882353 0.04090909090909091
1 0.08294117647058824 0.7206818181818182 0.07529411764705882 0.03681818181818182
1 0.8552941176470589 0.3806818181818182 0.02588235294117647 0.03409090909090909
1 0.7873529411764706 0.696590909090909 0.039411764705882354 0.03681818181818182
1 0.23411764705882354 0.8590909090909091 0.06352941176470588 0.042727272727272725
1 0.5826470588235294 0.928409090909091 0.0711764705882353 0.041363636363636366