1 0.38735294117647057 0.72 0.19588235294117648 0.03909090909090909
1 0.3888235294117647 0.4027272727272727 0.18470588235294116 0.04
1 0.7573529411764706 0.855 0.06529411764705882 0.04
1 0.8452941176470589 0.9256818181818182 0.07647058823529412 0.04045454545454545
1 0.5632352941176471 0.6127272727272727 0.15470588235294117 0.035454545454545454
1 0.40647058823529414 0.9204545454545454 0.05764705882352941 0.03909090909090909
1 0.8408823529411765 0.8581818181818182 0.061764705882352944 0.04
1 0.37941176470588234 0.61 0.16588235294117648 0.03636363636363636
1 0.6773529411764706 0.7715909090909091 0.033529411764705884 0.03772727272727273
1 0.38323529411764706 0.7711363636363636 0.20411764705882354 0.035
1 0.2902941176470588 0.025227272727272727 0.051176470588235295 0.02590909090909091
1 0.10029411764705883 0.6725 0.0888235294117647 0.03772727272727273
1 0.10147058823529412 0.5131818181818182 0.08647058823529412 0.03727272727272727
1 0.09235294117647058 0.35818181818181816 0.06941176470588235 0.03636363636363636
1 0.15764705882352942 0.9186363636363636 0.06941176470588235 0.03909090909090909
1 0.7476470588235294 0.6184090909090909 0.0988235294117647 0.03227272727272727
1 0.3311764705882353 0.9186363636363636 0.07176470588235294 0.03909090909090909
1 0.15 0.8511363636363637 0.0611764705882353 0.038636363636363635
1 0.6264705882352941 0.4506818181818182 0.1423529411764706 0.03681818181818182
1 0.41205882352941176 0.5652272727272727 0.23941176470588235 0.03227272727272727
1 0.24323529411764705 0.8527272727272728 0.06529411764705882 0.04
1 0.6314705882352941 0.5661363636363637 0.18176470588235294 0.03954545454545454
1 0.7576470588235295 0.9229545454545455 0.07058823529411765 0.03954545454545454
1 0.5711764705882353 0.7711363636363636 0.1411764705882353 0.03409090909090909
1 0.6508823529411765 0.4072727272727273 0.1652941176470588 0.03727272727272727
1 0.4167647058823529 0.8525 0.07470588235294118 0.03772727272727273
1 0.591764705882353 0.9215909090909091 0.07294117647058823 0.03772727272727273
1 0.5879411764705882 0.8543181818181819 0.06647058823529411 0.03954545454545454
1 0.09058823529411765 0.3965909090909091 0.07411764705882352 0.038636363636363635
1 0.10205882352941177 0.5584090909090909 0.07941176470588235 0.03590909090909091
1 0.675 0.6161363636363636 0.028823529411764706 0.03681818181818182
1 0.5729411764705883 0.03159090909090909 0.10352941176470588 0.021363636363636362
1 0.8414705882352941 0.5718181818181818 0.13352941176470587 0.05
1 0.7591176470588236 0.7713636363636364 0.10764705882352942 0.03363636363636364
1 0.4973529411764706 0.9211363636363636 0.07588235294117647 0.03954545454545454
1 0.6752941176470588 0.8552272727272727 0.06235294117647059 0.038636363636363635
1 0.5397058823529411 0.4015909090909091 0.03470588235294118 0.04045454545454545
1 0.865 0.7281818181818182 0.09941176470588235 0.04818181818181818
1 0.10029411764705883 0.7559090909090909 0.09352941176470589 0.035454545454545454
1 0.5226470588235295 0.45022727272727275 0.03 0.03409090909090909
1 0.4985294117647059 0.8529545454545454 0.0711764705882353 0.04045454545454545
1 0.5920588235294117 0.7243181818181819 0.20529411764705882 0.04681818181818182
1 0.10264705882352941 0.5986363636363636 0.09470588235294118 0.035454545454545454
1 0.673235294117647 0.9213636363636364 0.06647058823529411 0.04
1 0.32676470588235296 0.8511363636363637 0.061764705882352944 0.03681818181818182
1 0.39088235294117646 0.44363636363636366 0.18058823529411766 0.03727272727272727
1 0.09941176470588235 0.7161363636363637 0.08470588235294117 0.035
1 0.08823529411764706 0.4431818181818182 0.06588235294117648 0.04363636363636364
1 0.7494117647058823 0.5672727272727273 0.04823529411764706 0.04
1 0.7947058823529412 0.7288636363636364 0.042352941176470586 0.04318181818181818