1 0.4308823529411765 0.7295454545454545 0.03588235294117647 0.031818181818181815
1 0.7529411764705882 0.8656818181818182 0.05764705882352941 0.03681818181818182
1 0.8394117647058823 0.9295454545454546 0.05647058823529412 0.03727272727272727
1 0.4788235294117647 0.6163636363636363 0.19058823529411764 0.04
1 0.4041176470588235 0.9286363636363636 0.05647058823529412 0.03727272727272727
1 0.6129411764705882 0.5736363636363636 0.32 0.03
1 0.8358823529411765 0.8647727272727272 0.05058823529411765 0.03681818181818182
1 0.33852941176470586 0.6152272727272727 0.09117647058823529 0.03590909090909091
1 0.07176470588235294 0.6820454545454545 0.05764705882352941 0.03590909090909091
1 0.08323529411764706 0.4547727272727273 0.07352941176470588 0.03590909090909091
1 0.34205882352941175 0.6806818181818182 0.09352941176470589 0.03772727272727273
1 0.08352941176470588 0.3679545454545455 0.07294117647058823 0.03409090909090909
1 0.5714705882352941 0.725909090909091 0.14058823529411765 0.03636363636363636
1 0.14882352941176472 0.9252272727272727 0.06 0.03954545454545454
1 0.3197058823529412 0.9261363636363636 0.057058823529411766 0.03681818181818182
1 0.1514705882352941 0.8568181818181818 0.061764705882352944 0.038181818181818185
1 0.35676470588235293 0.525 0.10411764705882352 0.03727272727272727
1 0.23058823529411765 0.9252272727272727 0.05411764705882353 0.03954545454545454
1 0.32529411764705884 0.77 0.06823529411764706 0.03090909090909091
1 0.7508823529411764 0.9288636363636363 0.05588235294117647 0.03681818181818182
1 0.2741176470588235 0.0375 0.04 0.02409090909090909
1 0.7002941176470588 0.4147727272727273 0.19823529411764707 0.04045454545454545
1 0.4047058823529412 0.8602272727272727 0.05411764705882353 0.03590909090909091
1 0.5773529411764706 0.928409090909091 0.04764705882352941 0.03681818181818182
1 0.3685294117647059 0.57 0.15470588235294117 0.03363636363636364
1 0.44794117647058823 0.41409090909090907 0.30411764705882355 0.035454545454545454
1 0.575 0.8613636363636363 0.04294117647058823 0.03727272727272727
1 0.07970588235294118 0.40954545454545455 0.07470588235294118 0.035454545454545454
1 0.0826470588235294 0.5265909090909091 0.0688235294117647 0.03227272727272727
1 0.5588235294117647 0.03840909090909091 0.10352941176470588 0.022272727272727274
1 0.49264705882352944 0.9270454545454545 0.05823529411764706 0.03681818181818182
1 0.663235294117647 0.8652272727272727 0.045294117647058825 0.038636363636363635
1 0.46647058823529414 0.6845454545454546 0.08 0.03636363636363636
1 0.3861764705882353 0.45590909090909093 0.18411764705882352 0.035454545454545454
1 0.06911764705882353 0.7706818181818181 0.054705882352941174 0.03681818181818182
1 0.23411764705882354 0.860909090909091 0.05647058823529412 0.03636363636363636
1 0.6270588235294118 0.37022727272727274 0.13411764705882354 0.03590909090909091
1 0.538235294117647 0.4540909090909091 0.10941176470588235 0.03636363636363636
1 0.48823529411764705 0.8618181818181818 0.052941176470588235 0.035454545454545454
1 0.4738235294117647 0.7263636363636363 0.03705882352941176 0.03363636363636364
1 0.075 0.6111363636363636 0.0688235294117647 0.03681818181818182
1 0.6623529411764706 0.9286363636363636 0.052941176470588235 0.038181818181818185
1 0.3226470588235294 0.8586363636363636 0.057058823529411766 0.035454545454545454
1 0.42764705882352944 0.36954545454545457 0.2635294117647059 0.03727272727272727
1 0.06794117647058824 0.7243181818181819 0.05352941176470588 0.03409090909090909
1 0.07352941176470588 0.5722727272727273 0.06705882352941177 0.02909090909090909
1 0.4873529411764706 0.5220454545454546 0.15588235294117647 0.031363636363636364
1 0.40205882352941175 0.6815909090909091 0.03588235294117647 0.028636363636363637
1 0.3988235294117647 0.7715909090909091 0.03411764705882353 0.028636363636363637
1 0.4561764705882353 0.7688636363636364 0.07823529411764706 0.031363636363636364
1 0.35558823529411765 0.7286363636363636 0.11352941176470588 0.03272727272727273
1 0.36558823529411766 0.7668181818181818 0.028823529411764706 0.025454545454545455