1 0.44 0.40613636363636363 0.26588235294117646 0.038636363636363635
1 0.3947058823529412 0.4484090909090909 0.1776470588235294 0.03681818181818182
1 0.3864705882352941 0.6147727272727272 0.14705882352941177 0.031363636363636364
1 0.10323529411764706 0.4515909090909091 0.08294117647058824 0.030454545454545453
1 0.5832352941176471 0.5663636363636364 0.08058823529411764 0.03363636363636364
1 0.8311764705882353 0.4077272727272727 0.08705882352941176 0.03090909090909091
1 0.35058823529411764 0.7761363636363636 0.09176470588235294 0.035
1 0.10941176470588235 0.7277272727272728 0.03529411764705882 0.03727272727272727
1 0.41352941176470587 0.5670454545454545 0.20588235294117646 0.03681818181818182
1 0.10764705882352942 0.4084090909090909 0.08941176470588236 0.031363636363636364
1 0.10352941176470588 0.5679545454545455 0.07882352941176471 0.03318181818181818
1 0.5505882352941176 0.03431818181818182 0.09176470588235294 0.026818181818181817
1 0.5561764705882353 0.4511363636363636 0.12294117647058823 0.03227272727272727
1 0.6776470588235294 0.41 0.17176470588235293 0.03272727272727273
1 0.5002941176470588 0.6143181818181818 0.05941176470588235 0.03318181818181818
1 0.1 0.6106818181818182 0.07529411764705882 0.035
1 0.3644117647058824 0.7231818181818181 0.10882352941176471 0.03636363636363636
1 0.30411764705882355 0.03590909090909091 0.041176470588235294 0.023636363636363636
1 0.7794117647058824 0.4090909090909091 0.024705882352941175 0.04
1 0.668235294117647 0.4581818181818182 0.06705882352941177 0.025454545454545455
1 0.6305882352941177 0.4611363636363636 0.02235294117647059 0.029545454545454545
1 0.10676470588235294 0.7790909090909091 0.03823529411764706 0.03909090909090909