1 0.39205882352941174 0.6802272727272727 0.18176470588235294 0.03954545454545454
1 0.543235294117647 0.6813636363636364 0.09588235294117647 0.035454545454545454
1 0.7594117647058823 0.8590909090909091 0.05529411764705883 0.03727272727272727
1 0.845 0.9268181818181818 0.06529411764705882 0.04
1 0.5585294117647058 0.6120454545454546 0.09588235294117647 0.03409090909090909
1 0.4082352941176471 0.9252272727272727 0.05647058823529412 0.04045454545454545
1 0.5302941176470588 0.5225 0.15705882352941178 0.03772727272727273
1 0.3982352941176471 0.6106818181818182 0.20470588235294118 0.041363636363636366
1 0.4076470588235294 0.7252272727272727 0.21529411764705883 0.038636363636363635
1 0.3588235294117647 0.36363636363636365 0.10705882352941176 0.038181818181818185
1 0.38058823529411767 0.4081818181818182 0.1376470588235294 0.03727272727272727
1 0.09941176470588235 0.6781818181818182 0.07647058823529412 0.03636363636363636
1 0.09676470588235295 0.36454545454545456 0.06764705882352941 0.035454545454545454
1 0.09647058823529411 0.4506818181818182 0.07176470588235294 0.03681818181818182
1 0.5873529411764706 0.7238636363636364 0.11588235294117646 0.035
1 0.15235294117647058 0.9236363636363636 0.0611764705882353 0.04090909090909091
1 0.7035294117647058 0.6097727272727272 0.12 0.03590909090909091
1 0.3264705882352941 0.925 0.05647058823529412 0.03909090909090909
1 0.16088235294117648 0.8556818181818182 0.057058823529411766 0.03772727272727273
1 0.3652941176470588 0.5245454545454545 0.1376470588235294 0.034545454545454546
1 0.10264705882352941 0.5195454545454545 0.08529411764705883 0.035454545454545454
1 0.6244117647058823 0.6093181818181819 0.028823529411764706 0.03681818181818182
1 0.2388235294117647 0.8561363636363636 0.05058823529411765 0.03772727272727273
1 0.23970588235294119 0.9231818181818182 0.057058823529411766 0.03909090909090909
1 0.39676470588235296 0.7704545454545455 0.20294117647058824 0.03272727272727273
1 0.7576470588235295 0.9265909090909091 0.06588235294117648 0.03954545454545454
1 0.5423529411764706 0.769090909090909 0.07882352941176471 0.03272727272727273
1 0.4717647058823529 0.4113636363636364 0.03176470588235294 0.034545454545454546
1 0.5114705882352941 0.3693181818181818 0.09705882352941177 0.03681818181818182
1 0.41147058823529414 0.8584090909090909 0.051176470588235295 0.03954545454545454
1 0.5873529411764706 0.9256818181818182 0.061764705882352944 0.038636363636363635
1 0.37529411764705883 0.5688636363636363 0.13058823529411764 0.03681818181818182
1 0.5508823529411765 0.571590909090909 0.031176470588235295 0.031363636363636364
1 0.44529411764705884 0.45636363636363636 0.04 0.03727272727272727
1 0.5855882352941176 0.8590909090909091 0.05352941176470588 0.03909090909090909
1 0.09411764705882353 0.4047727272727273 0.07294117647058823 0.03590909090909091
1 0.10617647058823529 0.5670454545454545 0.07352941176470588 0.03590909090909091
1 0.6164705882352941 0.5706818181818182 0.07529411764705882 0.03409090909090909
1 0.5491176470588235 0.042272727272727274 0.09705882352941177 0.02727272727272727
1 0.4958823529411765 0.925 0.06470588235294118 0.03909090909090909
1 0.8420588235294117 0.8572727272727273 0.05588235294117647 0.03727272727272727
1 0.6744117647058824 0.8584090909090909 0.05941176470588235 0.038636363636363635
1 0.3629411764705882 0.45681818181818185 0.11176470588235295 0.038181818181818185
1 0.5117647058823529 0.45454545454545453 0.08941176470588236 0.035454545454545454
1 0.5008823529411764 0.8593181818181819 0.05823529411764706 0.038636363636363635
1 0.4373529411764706 0.3690909090909091 0.03823529411764706 0.035454545454545454
1 0.11323529411764706 0.6111363636363636 0.08058823529411764 0.03590909090909091
1 0.6702941176470588 0.925 0.05941176470588235 0.04
1 0.325 0.8570454545454546 0.05 0.038636363636363635
1 0.5541176470588235 0.41363636363636364 0.13058823529411764 0.03727272727272727
1 0.4879411764705882 0.5725 0.07 0.029545454545454545
1 0.30558823529411766 0.03590909090909091 0.031176470588235295 0.025454545454545455
1 0.09970588235294117 0.7234090909090909 0.06647058823529411 0.03227272727272727
1 0.08441176470588235 0.7661363636363636 0.07941176470588235 0.03227272727272727