1 0.40911764705882353 0.6915909090909091 0.20529411764705882 0.038636363636363635
1 0.7614705882352941 0.855909090909091 0.057058823529411766 0.038181818181818185
1 0.8582352941176471 0.925 0.06823529411764706 0.03909090909090909
1 0.4211764705882353 0.9270454545454545 0.05529411764705883 0.03772727272727273
1 0.4894117647058824 0.5277272727272727 0.12705882352941175 0.03727272727272727
1 0.8508823529411764 0.8565909090909091 0.060588235294117644 0.03772727272727273
1 0.3458823529411765 0.6204545454545455 0.08941176470588236 0.03363636363636364
1 0.6552941176470588 0.7738636363636363 0.07647058823529412 0.030454545454545453
1 0.40088235294117647 0.41454545454545455 0.1888235294117647 0.03636363636363636
1 0.6852941176470588 0.6906818181818182 0.04352941176470588 0.031363636363636364
1 0.4102941176470588 0.7270454545454546 0.21 0.03681818181818182
1 0.08764705882352941 0.6895454545454546 0.07882352941176471 0.03636363636363636
1 0.10147058823529412 0.4606818181818182 0.07588235294117647 0.035
1 0.6629411764705883 0.5320454545454546 0.08588235294117647 0.03590909090909091
1 0.5861764705882353 0.725909090909091 0.12764705882352942 0.03363636363636364
1 0.16029411764705884 0.9275 0.05352941176470588 0.03772727272727273
1 0.33441176470588235 0.9270454545454545 0.06764705882352941 0.03681818181818182
1 0.16029411764705884 0.865 0.060588235294117644 0.04181818181818182
1 0.6826470588235294 0.7286363636363636 0.03470588235294118 0.03272727272727273
1 0.09294117647058824 0.5270454545454546 0.07058823529411765 0.035
1 0.596764705882353 0.6165909090909091 0.07588235294117647 0.030454545454545453
1 0.24911764705882353 0.8595454545454545 0.05352941176470588 0.038181818181818185
1 0.5947058823529412 0.5327272727272727 0.03882352941176471 0.03
1 0.2464705882352941 0.9259090909090909 0.05764705882352941 0.03636363636363636
1 0.38794117647058823 0.7731818181818182 0.1688235294117647 0.03363636363636364
1 0.6929411764705883 0.9265909090909091 0.07058823529411765 0.03681818181818182
1 0.29205882352941176 0.035454545454545454 0.04058823529411765 0.022727272727272728
1 0.5270588235294118 0.7725 0.08941176470588236 0.03227272727272727
1 0.663235294117647 0.465 0.08058823529411764 0.03272727272727273
1 0.6688235294117647 0.36818181818181817 0.07764705882352942 0.03272727272727273
1 0.5726470588235294 0.41409090909090907 0.13352941176470587 0.03636363636363636
1 0.42058823529411765 0.8590909090909091 0.06588235294117648 0.03909090909090909
1 0.5920588235294117 0.8595454545454545 0.05 0.03727272727272727
1 0.3588235294117647 0.5354545454545454 0.10705882352941176 0.035454545454545454
1 0.5764705882352941 0.5745454545454546 0.029411764705882353 0.03
1 0.4808823529411765 0.5727272727272728 0.14058823529411765 0.034545454545454546
1 0.5955882352941176 0.7843181818181818 0.03823529411764706 0.03590909090909091
1 0.09411764705882353 0.3775 0.07764705882352942 0.03590909090909091
1 0.5629411764705883 0.03931818181818182 0.1223529411764706 0.023181818181818182
1 0.6044117647058823 0.4625 0.028823529411764706 0.031363636363636364
1 0.7444117647058823 0.4175 0.09941176470588235 0.03590909090909091
1 0.7485294117647059 0.73 0.07705882352941176 0.03090909090909091
1 0.5176470588235295 0.9272727272727272 0.08 0.03909090909090909
1 0.5855882352941176 0.6854545454545454 0.11588235294117646 0.035454545454545454
1 0.3835294117647059 0.4590909090909091 0.15294117647058825 0.035454545454545454
1 0.0988235294117647 0.7727272727272727 0.09294117647058824 0.035454545454545454
1 0.09647058823529411 0.7325 0.08470588235294117 0.03590909090909091
1 0.6720588235294118 0.4159090909090909 0.03823529411764706 0.03272727272727273
1 0.5270588235294118 0.4572727272727273 0.10823529411764705 0.03363636363636364
1 0.5070588235294118 0.8581818181818182 0.058823529411764705 0.038181818181818185
1 0.3811764705882353 0.36818181818181817 0.15411764705882353 0.038181818181818185
1 0.5391176470588235 0.6213636363636363 0.02411764705882353 0.031818181818181815
1 0.09058823529411765 0.6193181818181818 0.06470588235294118 0.03590909090909091
1 0.5991176470588235 0.9259090909090909 0.060588235294117644 0.03727272727272727
1 0.3361764705882353 0.8581818181818182 0.05588235294117647 0.038181818181818185
1 0.6497058823529411 0.5738636363636364 0.10058823529411764 0.03227272727272727
1 0.7711764705882352 0.6868181818181818 0.07764705882352942 0.03272727272727273
1 0.09470588235294118 0.41454545454545455 0.0811764705882353 0.031818181818181815
1 0.52 0.36704545454545456 0.11176470588235295 0.03409090909090909
1 0.5982352941176471 0.3693181818181818 0.04 0.029545454545454545
1 0.08794117647058823 0.5738636363636364 0.07 0.03409090909090909
1 0.3511764705882353 0.5738636363636364 0.10588235294117647 0.03409090909090909
1 0.45176470588235296 0.6225 0.11176470588235295 0.029545454545454545
1 0.6794117647058824 0.8570454545454546 0.06235294117647059 0.03318181818181818
1 0.7629411764705882 0.9272727272727272 0.05411764705882353 0.034545454545454546