1 0.40294117647058825 0.6802272727272727 0.17176470588235293 0.03772727272727273
1 0.7611764705882353 0.8590909090909091 0.04823529411764706 0.03636363636363636
1 0.8473529411764706 0.9286363636363636 0.05 0.03909090909090909
1 0.5697058823529412 0.5704545454545454 0.18176470588235294 0.035454545454545454
1 0.41352941176470587 0.9275 0.05529411764705883 0.03590909090909091
1 0.5208823529411765 0.5277272727272727 0.13352941176470587 0.035454545454545454
1 0.8479411764705882 0.8606818181818182 0.04764705882352941 0.03590909090909091
1 0.3708823529411765 0.6090909090909091 0.09941176470588235 0.034545454545454546
1 0.6164705882352941 0.7709090909090909 0.07882352941176471 0.031818181818181815
1 0.665 0.6854545454545454 0.03588235294117647 0.034545454545454546
1 0.4111764705882353 0.7284090909090909 0.19647058823529412 0.03681818181818182
1 0.7476470588235294 0.37386363636363634 0.10823529411764705 0.03318181818181818
1 0.4061764705882353 0.4090909090909091 0.18058823529411766 0.03636363636363636
1 0.1188235294117647 0.678409090909091 0.08470588235294117 0.035
1 0.11088235294117647 0.3640909090909091 0.0711764705882353 0.03363636363636364
1 0.10588235294117647 0.4475 0.07647058823529412 0.035
1 0.48764705882352943 0.7720454545454546 0.0988235294117647 0.03318181818181818
1 0.6188235294117647 0.7286363636363636 0.19176470588235295 0.03363636363636364
1 0.15705882352941178 0.9247727272727273 0.05176470588235294 0.03772727272727273
1 0.3261764705882353 0.9281818181818182 0.05 0.03636363636363636
1 0.16294117647058823 0.8572727272727273 0.058823529411764705 0.03636363636363636
1 0.7382352941176471 0.7315909090909091 0.03176470588235294 0.03318181818181818
1 0.39647058823529413 0.5238636363636363 0.10588235294117647 0.035
1 0.11147058823529411 0.5231818181818182 0.0688235294117647 0.03363636363636364
1 0.25176470588235295 0.8595454545454545 0.052941176470588235 0.038181818181818185
1 0.2485294117647059 0.9256818181818182 0.054705882352941174 0.03772727272727273
1 0.3708823529411765 0.7713636363636364 0.11941176470588236 0.03272727272727273
1 0.755 0.9315909090909091 0.060588235294117644 0.03772727272727273
1 0.31323529411764706 0.03727272727272727 0.03588235294117647 0.024545454545454544
1 0.6220588235294118 0.45454545454545453 0.07823529411764706 0.03272727272727273
1 0.6691176470588235 0.3759090909090909 0.031176470588235295 0.03363636363636364
1 0.5852941176470589 0.37204545454545457 0.12705882352941175 0.03681818181818182
1 0.41911764705882354 0.8595454545454545 0.04411764705882353 0.038181818181818185
1 0.5908823529411765 0.8640909090909091 0.05 0.03727272727272727
1 0.1188235294117647 0.5656818181818182 0.07294117647058823 0.03409090909090909
1 0.3914705882352941 0.5693181818181818 0.13705882352941176 0.03590909090909091
1 0.5714705882352941 0.45840909090909093 0.02176470588235294 0.03772727272727273
1 0.4758823529411765 0.6097727272727272 0.11058823529411765 0.03318181818181818
1 0.5538235294117647 0.7759090909090909 0.027647058823529413 0.03363636363636364
1 0.10558823529411765 0.4056818181818182 0.07235294117647059 0.035
1 0.5608823529411765 0.04113636363636364 0.10647058823529412 0.022272727272727274
1 0.7755882352941177 0.41363636363636364 0.12294117647058823 0.04181818181818182
1 0.5011764705882353 0.9293181818181818 0.05058823529411765 0.038636363636363635
1 0.6811764705882353 0.86 0.06352941176470588 0.03636363636363636
1 0.5911764705882353 0.41204545454545455 0.17176470588235293 0.038636363636363635
1 0.5729411764705883 0.6843181818181818 0.13529411764705881 0.035
1 0.8423529411764706 0.7270454545454546 0.14705882352941177 0.03409090909090909
1 0.3888235294117647 0.4536363636363636 0.13647058823529412 0.03636363636363636
1 0.11529411764705882 0.7675 0.08470588235294117 0.03409090909090909
1 0.1161764705882353 0.7225 0.08411764705882353 0.035
1 0.5088235294117647 0.45386363636363636 0.08941176470588236 0.03409090909090909
1 0.5064705882352941 0.8593181818181819 0.052941176470588235 0.038636363636363635
1 0.4126470588235294 0.3715909090909091 0.19941176470588234 0.04318181818181818
1 0.12058823529411765 0.6093181818181819 0.07411764705882352 0.03590909090909091
1 0.6805882352941176 0.9279545454545455 0.052941176470588235 0.03772727272727273
1 0.33558823529411763 0.8593181818181819 0.0488235294117647 0.03772727272727273
1 0.7594117647058823 0.6870454545454545 0.10823529411764705 0.035
1 0.696764705882353 0.41204545454545455 0.03 0.03318181818181818
1 0.5885294117647059 0.9329545454545455 0.054705882352941174 0.03409090909090909