1 0.4041176470588235 0.6904545454545454 0.1952941176470588 0.038181818181818185
1 0.5902941176470589 0.6895454545454546 0.15705882352941178 0.03727272727272727
1 0.4288235294117647 0.36863636363636365 0.23647058823529413 0.03727272727272727
1 0.7694117647058824 0.8647727272727272 0.07529411764705882 0.060454545454545455
1 0.8588235294117647 0.9311363636363637 0.07411764705882352 0.05136363636363636
1 0.9647058823529412 0.5634090909090909 0.06588235294117648 0.056818181818181816
1 0.4302941176470588 0.9313636363636364 0.08294117647058824 0.04363636363636364
1 0.778235294117647 0.7736363636363637 0.07882352941176471 0.03090909090909091
1 0.42558823529411766 0.615 0.24529411764705883 0.034545454545454546
1 0.6176470588235294 0.7743181818181818 0.16588235294117648 0.03318181818181818
1 0.4447058823529412 0.4118181818181818 0.28352941176470586 0.03909090909090909
1 0.7002941176470588 0.6865909090909091 0.031176470588235295 0.03681818181818182
1 0.44823529411764707 0.7288636363636364 0.29411764705882354 0.03772727272727273
1 0.8129411764705883 0.5284090909090909 0.1011764705882353 0.03409090909090909
1 0.09117647058823529 0.6902272727272727 0.07294117647058823 0.038636363636363635
1 0.0861764705882353 0.45795454545454545 0.07941176470588235 0.03681818181818182
1 0.08411764705882353 0.37 0.07764705882352942 0.03636363636363636
1 0.7173529411764706 0.7834090909090909 0.033529411764705884 0.03318181818181818
1 0.1676470588235294 0.9295454545454546 0.07058823529411765 0.04454545454545455
1 0.8526470588235294 0.6136363636363636 0.06411764705882353 0.034545454545454546
1 0.32735294117647057 0.9286363636363636 0.05941176470588235 0.03909090909090909
1 0.15705882352941178 0.8627272727272727 0.05764705882352941 0.045454545454545456
1 0.668235294117647 0.6120454545454546 0.2164705882352941 0.03681818181818182
1 0.8752941176470588 0.37386363636363634 0.09529411764705882 0.035
1 0.255 0.8629545454545454 0.08411764705882353 0.045909090909090906
1 0.245 0.9306818181818182 0.07588235294117647 0.04681818181818182
1 0.41352941176470587 0.7736363636363637 0.2211764705882353 0.03727272727272727
1 0.7652941176470588 0.9277272727272727 0.06941176470588235 0.042727272727272725
1 0.28147058823529414 0.042727272727272725 0.039411764705882354 0.025454545454545455
1 0.7152941176470589 0.7286363636363636 0.2235294117647059 0.03909090909090909
1 0.6685294117647059 0.36977272727272725 0.2111764705882353 0.038636363636363635
1 0.6729411764705883 0.41454545454545455 0.17176470588235293 0.04090909090909091
1 0.4164705882352941 0.8640909090909091 0.06235294117647059 0.04818181818181818
1 0.5897058823529412 0.8629545454545454 0.0711764705882353 0.04318181818181818
1 0.46441176470588236 0.5725 0.3276470588235294 0.03681818181818182
1 0.6291176470588236 0.5320454545454546 0.19 0.03409090909090909
1 0.09382352941176471 0.5304545454545454 0.07941176470588235 0.03727272727272727
1 0.6452941176470588 0.45636363636363636 0.17647058823529413 0.03636363636363636
1 0.5697058823529412 0.04090909090909091 0.15 0.026363636363636363
1 0.7652941176470588 0.4634090909090909 0.04470588235294118 0.03409090909090909
1 0.5935294117647059 0.9263636363636364 0.06823529411764706 0.04
1 0.8547058823529412 0.73 0.04352941176470588 0.046363636363636364
1 0.6876470588235294 0.8611363636363636 0.07294117647058823 0.042272727272727274
1 0.9370588235294117 0.725909090909091 0.10588235294117647 0.05
1 0.425 0.46 0.2488235294117647 0.035454545454545454
1 0.09529411764705882 0.77 0.07411764705882352 0.035454545454545454
1 0.09470588235294118 0.6165909090909091 0.09529411764705882 0.038636363636363635
1 0.7873529411764706 0.4163636363636364 0.039411764705882354 0.03636363636363636
1 0.513235294117647 0.8677272727272727 0.0888235294117647 0.05
1 0.7452941176470588 0.5352272727272728 0.03764705882352941 0.03227272727272727
1 0.8661764705882353 0.41613636363636364 0.1111764705882353 0.03772727272727273
1 0.6791176470588235 0.9270454545454545 0.0688235294117647 0.042272727272727274
1 0.3382352941176471 0.8647727272727272 0.07411764705882352 0.04863636363636364
1 0.7676470588235295 0.5722727272727273 0.2741176470588235 0.03636363636363636
1 0.08529411764705883 0.4134090909090909 0.08 0.03590909090909091
1 0.8058823529411765 0.3729545454545454 0.041176470588235294 0.03954545454545454
1 0.8485294117647059 0.4622727272727273 0.11235294117647059 0.03727272727272727
1 0.9176470588235294 0.5731818181818182 0.02823529411764706 0.035454545454545454
1 0.41 0.5309090909090909 0.2235294117647059 0.04090909090909091
1 0.803235294117647 0.6152272727272727 0.03823529411764706 0.03227272727272727
1 0.08735294117647059 0.5743181818181818 0.08411764705882353 0.03954545454545454
1 0.09029411764705883 0.7261363636363637 0.07588235294117647 0.03409090909090909
1 0.7720588235294118 0.6911363636363637 0.09470588235294118 0.03227272727272727
1 0.8544117647058823 0.8556818181818182 0.07 0.049545454545454545
1 0.5052941176470588 0.9315909090909091 0.06941176470588235 0.05136363636363636