1 0.43441176470588233 0.6131818181818182 0.1511764705882353 0.03636363636363636
1 0.43441176470588233 0.5256818181818181 0.13352941176470587 0.042272727272727274
1 0.7602941176470588 0.8620454545454546 0.06294117647058824 0.03590909090909091
1 0.8391176470588235 0.9265909090909091 0.054705882352941174 0.03954545454545454
1 0.4073529411764706 0.9265909090909091 0.054705882352941174 0.03590909090909091
1 0.4602941176470588 0.5720454545454545 0.2088235294117647 0.041363636363636366
1 0.8041176470588235 0.7745454545454545 0.09647058823529411 0.03272727272727273
1 0.10852941176470589 0.5663636363636364 0.07941176470588235 0.03636363636363636
1 0.6438235294117647 0.7756818181818181 0.14529411764705882 0.02772727272727273
1 0.5029411764705882 0.45545454545454545 0.2952941176470588 0.03909090909090909
1 0.31470588235294117 0.03272727272727273 0.042352941176470586 0.024545454545454544
1 0.10647058823529412 0.4465909090909091 0.08235294117647059 0.035
1 0.15 0.9231818181818182 0.05529411764705883 0.03909090909090909
1 0.778235294117647 0.7325 0.14470588235294118 0.045909090909090906
1 0.32176470588235295 0.9238636363636363 0.05529411764705883 0.03954545454545454
1 0.15088235294117647 0.8570454545454546 0.04647058823529412 0.038636363636363635
1 0.10941176470588235 0.5197727272727273 0.08352941176470588 0.03590909090909091
1 0.23941176470588235 0.8579545454545454 0.04941176470588235 0.03772727272727273
1 0.2426470588235294 0.9229545454545455 0.05588235294117647 0.03772727272727273
1 0.455 0.7745454545454545 0.2311764705882353 0.03727272727272727
1 0.7576470588235295 0.9259090909090909 0.05647058823529412 0.03909090909090909
1 0.11735294117647059 0.3659090909090909 0.08647058823529412 0.035454545454545454
1 0.41 0.8586363636363636 0.05411764705882353 0.03909090909090909
1 0.5832352941176471 0.9256818181818182 0.05 0.03409090909090909
1 0.585 0.8590909090909091 0.051176470588235295 0.03727272727272727
1 0.10911764705882353 0.4040909090909091 0.09 0.03636363636363636
1 0.1111764705882353 0.6770454545454545 0.09058823529411765 0.03681818181818182
1 0.6611764705882353 0.5711363636363637 0.16705882352941176 0.04045454545454545
1 0.5791176470588235 0.038863636363636364 0.11 0.023181818181818182
1 0.5205882352941177 0.4115909090909091 0.36 0.038636363636363635
1 0.7476470588235294 0.45545454545454545 0.18823529411764706 0.03727272727272727
1 0.74 0.7777272727272727 0.04 0.034545454545454546
1 0.4979411764705882 0.9265909090909091 0.054705882352941174 0.038636363636363635
1 0.6711764705882353 0.8577272727272728 0.05411764705882353 0.03727272727272727
1 0.7526470588235294 0.37454545454545457 0.18058823529411766 0.034545454545454546
1 0.5338235294117647 0.6877272727272727 0.31588235294117645 0.04181818181818182
1 0.9161764705882353 0.7313636363636363 0.0711764705882353 0.042727272727272725
1 0.10352941176470588 0.7652272727272728 0.09058823529411765 0.03590909090909091
1 0.10705882352941176 0.7211363636363637 0.09176470588235294 0.038636363636363635
1 0.49970588235294117 0.8579545454545454 0.05588235294117647 0.03772727272727273
1 0.8120588235294117 0.4147727272727273 0.22058823529411764 0.045909090909090906
1 0.6061764705882353 0.6131818181818182 0.14529411764705882 0.034545454545454546
1 0.543235294117647 0.7265909090909091 0.3347058823529412 0.045909090909090906
1 0.10352941176470588 0.6031818181818182 0.07647058823529412 0.03727272727272727
1 0.6720588235294118 0.9252272727272727 0.057058823529411766 0.038636363636363635
1 0.5041176470588236 0.3690909090909091 0.31529411764705884 0.03636363636363636
1 0.32794117647058824 0.8579545454545454 0.05588235294117647 0.041363636363636366
1 0.7729411764705882 0.6888636363636363 0.17294117647058824 0.035
1 0.5647058823529412 0.5313636363636364 0.11411764705882353 0.03727272727272727
1 0.8755882352941177 0.6972727272727273 0.025294117647058825 0.02909090909090909
1 0.9205882352941176 0.6925 0.05529411764705883 0.030454545454545453
1 0.8705882352941177 0.7352272727272727 0.029411764705882353 0.038636363636363635
1 0.8426470588235294 0.8615909090909091 0.05823529411764706 0.03772727272727273