1 0.38382352941176473 0.7227272727272728 0.16411764705882353 0.04
1 0.7647058823529411 0.8586363636363636 0.06352941176470588 0.03909090909090909
1 0.84 0.9306818181818182 0.052941176470588235 0.042272727272727274
1 0.5338235294117647 0.610909090909091 0.11941176470588236 0.035454545454545454
1 0.4152941176470588 0.9261363636363636 0.058823529411764705 0.03772727272727273
1 0.8435294117647059 0.8579545454545454 0.06235294117647059 0.041363636363636366
1 0.3864705882352941 0.6111363636363636 0.16 0.03590909090909091
1 0.455 0.4109090909090909 0.3241176470588235 0.038181818181818185
1 0.6394117647058823 0.7713636363636364 0.07294117647058823 0.031818181818181815
1 0.39088235294117646 0.4515909090909091 0.1711764705882353 0.03772727272727273
1 0.09823529411764706 0.6822727272727273 0.08 0.03636363636363636
1 0.7479411764705882 0.5679545454545455 0.03588235294117647 0.03772727272727273
1 0.10588235294117647 0.4470454545454545 0.10235294117647059 0.03772727272727273
1 0.4797058823529412 0.7713636363636364 0.12411764705882353 0.03363636363636364
1 0.15970588235294117 0.9231818181818182 0.06411764705882353 0.04
1 0.8379411764705882 0.5686363636363636 0.15588235294117647 0.038181818181818185
1 0.32323529411764707 0.9245454545454546 0.0488235294117647 0.04
1 0.15294117647058825 0.855909090909091 0.05058823529411765 0.04
1 0.74 0.7184090909090909 0.042352941176470586 0.03954545454545454
1 0.42617647058823527 0.5643181818181818 0.2523529411764706 0.03954545454545454
1 0.1 0.5211363636363636 0.10705882352941176 0.03772727272727273
1 0.6811764705882353 0.6111363636363636 0.07882352941176471 0.03318181818181818
1 0.24441176470588236 0.8579545454545454 0.05588235294117647 0.03409090909090909
1 0.24 0.9222727272727272 0.05529411764705883 0.04090909090909091
1 0.35705882352941176 0.7704545454545455 0.10941176470588235 0.034545454545454546
1 0.7658823529411765 0.9261363636363636 0.06235294117647059 0.038636363636363635
1 0.09852941176470588 0.3638636363636364 0.10882352941176471 0.04045454545454545
1 0.678235294117647 0.45954545454545453 0.07294117647058823 0.03636363636363636
1 0.6273529411764706 0.4602272727272727 0.028823529411764706 0.03954545454545454
1 0.4108823529411765 0.8579545454545454 0.054705882352941174 0.038636363636363635
1 0.585 0.9254545454545454 0.060588235294117644 0.03909090909090909
1 0.5852941176470589 0.7847727272727273 0.03764705882352941 0.04409090909090909
1 0.10294117647058823 0.4047727272727273 0.10352941176470588 0.03681818181818182
1 0.10323529411764706 0.5647727272727273 0.10058823529411764 0.03772727272727273
1 0.6461764705882352 0.5647727272727273 0.16176470588235295 0.03954545454545454
1 0.7197058823529412 0.4127272727272727 0.2088235294117647 0.04090909090909091
1 0.5008823529411764 0.9256818181818182 0.060588235294117644 0.03954545454545454
1 0.6729411764705883 0.8597727272727272 0.06 0.038636363636363635
1 0.8429411764705882 0.7247727272727272 0.11764705882352941 0.042272727272727274
1 0.1011764705882353 0.7647727272727273 0.0811764705882353 0.03681818181818182
1 0.10294117647058823 0.7222727272727273 0.0811764705882353 0.038181818181818185
1 0.5461764705882353 0.4531818181818182 0.11470588235294117 0.03636363636363636
1 0.4985294117647059 0.8588636363636364 0.054705882352941174 0.038636363636363635
1 0.9079411764705883 0.4072727272727273 0.08294117647058824 0.04
1 0.62 0.615 0.02588235294117647 0.034545454545454546
1 0.5926470588235294 0.725 0.21235294117647058 0.04090909090909091
1 0.10529411764705883 0.605 0.10235294117647059 0.038181818181818185
1 0.6741176470588235 0.9256818181818182 0.0611764705882353 0.042272727272727274
1 0.3297058823529412 0.8586363636363636 0.05941176470588235 0.03909090909090909
1 0.3114705882352941 0.03409090909090909 0.03705882352941176 0.028181818181818183
1 0.5494117647058824 0.03363636363636364 0.08705882352941176 0.02727272727272727
1 0.8482352941176471 0.4134090909090909 0.04 0.045909090909090906
1 0.5879411764705882 0.8622727272727273 0.07588235294117647 0.042727272727272725