1 0.3961764705882353 0.6886363636363636 0.20529411764705882 0.04090909090909091
1 0.7623529411764706 0.8634090909090909 0.058823529411764705 0.03681818181818182
1 0.84 0.9331818181818182 0.06 0.03909090909090909
1 0.3726470588235294 0.571590909090909 0.15470588235294117 0.03772727272727273
1 0.4073529411764706 0.9295454545454546 0.061764705882352944 0.03727272727272727
1 0.5344117647058824 0.5320454545454546 0.20647058823529413 0.03227272727272727
1 0.8411764705882353 0.865909090909091 0.06470588235294118 0.042727272727272725
1 0.3438235294117647 0.6181818181818182 0.09941176470588235 0.03363636363636364
1 0.6964705882352941 0.7806818181818181 0.08470588235294117 0.03227272727272727
1 0.49176470588235294 0.6195454545454545 0.17647058823529413 0.03636363636363636
1 0.675 0.7020454545454545 0.04411764705882353 0.030454545454545453
1 0.4285294117647059 0.7277272727272728 0.27705882352941175 0.042727272727272725
1 0.36411764705882355 0.37227272727272726 0.12 0.03727272727272727
1 0.39323529411764707 0.4138636363636364 0.19117647058823528 0.03772727272727273
1 0.11029411764705882 0.6809090909090909 0.08647058823529412 0.035454545454545454
1 0.10235294117647059 0.4511363636363636 0.07647058823529412 0.038636363636363635
1 0.14470588235294118 0.9268181818181818 0.05176470588235294 0.04090909090909091
1 0.7847058823529411 0.7320454545454546 0.03529411764705882 0.04045454545454545
1 0.32382352941176473 0.928409090909091 0.05588235294117647 0.03772727272727273
1 0.15 0.8631818181818182 0.06 0.03909090909090909
1 0.09823529411764706 0.524090909090909 0.06823529411764706 0.03636363636363636
1 0.665 0.7313636363636363 0.1923529411764706 0.04181818181818182
1 0.2826470588235294 0.035454545454545454 0.04176470588235294 0.02
1 0.23588235294117646 0.9261363636363636 0.05411764705882353 0.03772727272727273
1 0.37588235294117645 0.7765909090909091 0.16705882352941176 0.03409090909090909
1 0.7526470588235294 0.9311363636363637 0.05235294117647059 0.04409090909090909
1 0.09705882352941177 0.3668181818181818 0.07882352941176471 0.03727272727272727
1 0.5347058823529411 0.7788636363636363 0.12117647058823529 0.03318181818181818
1 0.5885294117647059 0.4127272727272727 0.1676470588235294 0.046363636363636364
1 0.4738235294117647 0.37318181818181817 0.09705882352941177 0.03363636363636364
1 0.40852941176470586 0.8606818181818182 0.05941176470588235 0.03954545454545454
1 0.5788235294117647 0.9281818181818182 0.04588235294117647 0.04090909090909091
1 0.3588235294117647 0.5309090909090909 0.12352941176470589 0.038181818181818185
1 0.45176470588235296 0.46295454545454545 0.07647058823529412 0.031363636363636364
1 0.5844117647058824 0.865 0.06647058823529411 0.04090909090909091
1 0.10147058823529412 0.4077272727272727 0.08058823529411764 0.03909090909090909
1 0.10294117647058823 0.5677272727272727 0.07058823529411765 0.038181818181818185
1 0.5455882352941176 0.037954545454545456 0.0711764705882353 0.020454545454545454
1 0.4979411764705882 0.9295454545454546 0.06411764705882353 0.03727272727272727
1 0.6673529411764706 0.8645454545454545 0.05823529411764706 0.04363636363636364
1 0.861764705882353 0.7320454545454546 0.10941176470588235 0.045
1 0.3552941176470588 0.46090909090909093 0.10235294117647059 0.034545454545454546
1 0.11323529411764706 0.7693181818181818 0.08529411764705883 0.04045454545454545
1 0.11411764705882353 0.7238636363636364 0.0811764705882353 0.038636363636363635
1 0.6326470588235295 0.785 0.031176470588235295 0.034545454545454546
1 0.49941176470588233 0.8613636363636363 0.0611764705882353 0.03909090909090909
1 0.5738235294117647 0.6918181818181818 0.14411764705882352 0.03363636363636364
1 0.10470588235294118 0.6122727272727273 0.07294117647058823 0.03909090909090909
1 0.6720588235294118 0.9320454545454545 0.061764705882352944 0.038636363636363635
1 0.3241176470588235 0.8615909090909091 0.052941176470588235 0.03772727272727273
1 0.6138235294117647 0.5727272727272728 0.31823529411764706 0.042727272727272725
1 0.7488235294117647 0.6931818181818182 0.08588235294117647 0.03636363636363636
1 0.33558823529411763 0.035227272727272725 0.06411764705882353 0.02409090909090909
1 0.23558823529411765 0.8627272727272727 0.061764705882352944 0.04