1 0.38323529411764706 0.6775 0.1688235294117647 0.04045454545454545
1 0.5608823529411765 0.6795454545454546 0.12294117647058823 0.03727272727272727
1 0.7523529411764706 0.8602272727272727 0.05058823529411765 0.03590909090909091
1 0.8326470588235294 0.9240909090909091 0.05823529411764706 0.04090909090909091
1 0.8320588235294117 0.8643181818181818 0.05941176470588235 0.038636363636363635
1 0.3791176470588235 0.6045454545454545 0.16176470588235295 0.03636363636363636
1 0.6961764705882353 0.7681818181818182 0.10882352941176471 0.034545454545454546
1 0.39441176470588235 0.4059090909090909 0.19117647058823528 0.028181818181818183
1 0.07911764705882353 0.6754545454545454 0.07705882352941176 0.038181818181818185
1 0.09029411764705883 0.44386363636363635 0.07705882352941176 0.03409090909090909
1 0.3864705882352941 0.72 0.18 0.038181818181818185
1 0.6591176470588235 0.5188636363636364 0.22176470588235295 0.038636363636363635
1 0.09117647058823529 0.3584090909090909 0.07294117647058823 0.03409090909090909
1 0.14 0.9238636363636363 0.05058823529411765 0.042272727272727274
1 0.7488235294117647 0.7222727272727273 0.11647058823529412 0.035454545454545454
1 0.39941176470588236 0.9261363636363636 0.05647058823529412 0.03954545454545454
1 0.1426470588235294 0.8547727272727272 0.04647058823529412 0.03954545454545454
1 0.6082352941176471 0.45431818181818184 0.07529411764705882 0.02590909090909091
1 0.41411764705882353 0.5236363636363637 0.2211764705882353 0.02909090909090909
1 0.08558823529411765 0.5231818181818182 0.07705882352941176 0.034545454545454546
1 0.6520588235294118 0.6802272727272727 0.03470588235294118 0.035
1 0.2288235294117647 0.92 0.052941176470588235 0.03909090909090909
1 0.37176470588235294 0.765 0.1564705882352941 0.03272727272727273
1 0.7455882352941177 0.9231818181818182 0.05235294117647059 0.04090909090909091
1 0.3120588235294118 0.02340909090909091 0.03470588235294118 0.02590909090909091
1 0.5285294117647059 0.7670454545454546 0.12058823529411765 0.035
1 0.6273529411764706 0.36477272727272725 0.03705882352941176 0.03227272727272727
1 0.40294117647058825 0.8563636363636363 0.05411764705882353 0.04090909090909091
1 0.5732352941176471 0.923409090909091 0.05588235294117647 0.03954545454545454
1 0.3947058823529412 0.5615909090909091 0.19058823529411764 0.03772727272727273
1 0.5452941176470588 0.6072727272727273 0.17529411764705882 0.035454545454545454
1 0.48823529411764705 0.4481818181818182 0.0976470588235294 0.03363636363636364
1 0.5791176470588235 0.855909090909091 0.05235294117647059 0.03909090909090909
1 0.0826470588235294 0.4077272727272727 0.0711764705882353 0.035454545454545454
1 0.09029411764705883 0.5654545454545454 0.07470588235294118 0.034545454545454546
1 0.5985294117647059 0.5656818181818182 0.19941176470588234 0.031363636363636364
1 0.5626470588235294 0.03386363636363637 0.10529411764705883 0.03318181818181818
1 0.7423529411764705 0.40636363636363637 0.12823529411764706 0.035454545454545454
1 0.4814705882352941 0.9225 0.04647058823529412 0.042272727272727274
1 0.6588235294117647 0.8634090909090909 0.047058823529411764 0.041363636363636366
1 0.565 0.4036363636363636 0.14294117647058824 0.035454545454545454
1 0.6988235294117647 0.36522727272727273 0.09411764705882353 0.03318181818181818
1 0.36411764705882355 0.4475 0.1376470588235294 0.03681818181818182
1 0.08764705882352941 0.7584090909090909 0.0811764705882353 0.03590909090909091
1 0.6232352941176471 0.7681818181818182 0.028823529411764706 0.03636363636363636
1 0.49 0.8554545454545455 0.05647058823529412 0.038181818181818185
1 0.6591176470588235 0.4068181818181818 0.027647058823529413 0.035454545454545454
1 0.3952941176470588 0.3643181818181818 0.17529411764705882 0.029545454545454545
1 0.5652941176470588 0.7222727272727273 0.14823529411764705 0.03727272727272727
1 0.09558823529411764 0.6015909090909091 0.08176470588235295 0.03409090909090909
1 0.6547058823529411 0.9218181818181819 0.04823529411764706 0.04
1 0.5385294117647059 0.3643181818181818 0.11705882352941177 0.03409090909090909
1 0.3173529411764706 0.855 0.051176470588235295 0.03727272727272727
1 0.7279411764705882 0.6872727272727273 0.09235294117647058 0.03636363636363636
1 0.08705882352941176 0.7175 0.07647058823529412 0.03590909090909091
1 0.56 0.45340909090909093 0.021176470588235293 0.029545454545454545
1 0.665 0.7263636363636363 0.03705882352941176 0.04181818181818182
1 0.2273529411764706 0.8579545454545454 0.04294117647058823 0.03227272727272727
1 0.3191176470588235 0.9261363636363636 0.05823529411764706 0.03409090909090909