1 0.3891176470588235 0.6888636363636363 0.18176470588235294 0.03772727272727273
1 0.5538235294117647 0.6854545454545454 0.10529411764705883 0.03636363636363636
1 0.4082352941176471 0.4134090909090909 0.1976470588235294 0.04863636363636364
1 0.7573529411764706 0.8606818181818182 0.06294117647058824 0.038636363636363635
1 0.84 0.928409090909091 0.05529411764705883 0.04045454545454545
1 0.4108823529411765 0.9275 0.060588235294117644 0.03681818181818182
1 0.8814705882352941 0.7297727272727272 0.12411764705882353 0.03954545454545454
1 0.3729411764705882 0.6172727272727273 0.15529411764705883 0.031818181818181815
1 0.7220588235294118 0.7729545454545454 0.08176470588235295 0.031363636363636364
1 0.6788235294117647 0.6979545454545455 0.05176470588235294 0.03409090909090909
1 0.3658823529411765 0.36863636363636365 0.11647058823529412 0.03636363636363636
1 0.7952941176470588 0.5331818181818182 0.09529411764705882 0.03636363636363636
1 0.10176470588235294 0.6790909090909091 0.09176470588235294 0.03727272727272727
1 0.768235294117647 0.5729545454545455 0.03882352941176471 0.03409090909090909
1 0.1011764705882353 0.365 0.07882352941176471 0.03636363636363636
1 0.09676470588235295 0.4495454545454545 0.0688235294117647 0.038181818181818185
1 0.6558823529411765 0.7336363636363636 0.16823529411764707 0.03727272727272727
1 0.15176470588235294 0.9254545454545454 0.05529411764705883 0.038181818181818185
1 0.33029411764705885 0.9265909090909091 0.06764705882352941 0.03772727272727273
1 0.14941176470588236 0.8570454545454546 0.04941176470588235 0.03772727272727273
1 0.3861764705882353 0.5254545454545455 0.16058823529411764 0.03909090909090909
1 0.10323529411764706 0.5277272727272727 0.10058823529411764 0.038181818181818185
1 0.23970588235294119 0.8593181818181819 0.05 0.03772727272727273
1 0.23647058823529413 0.9259090909090909 0.05411764705882353 0.03727272727272727
1 0.3952941176470588 0.7709090909090909 0.18588235294117647 0.035454545454545454
1 0.7623529411764706 0.9265909090909091 0.07058823529411765 0.03772727272727273
1 0.3008823529411765 0.03568181818181818 0.045294117647058825 0.030454545454545453
1 0.5632352941176471 0.7738636363636363 0.11 0.03227272727272727
1 0.6785294117647059 0.3770454545454546 0.039411764705882354 0.03409090909090909
1 0.6373529411764706 0.4172727272727273 0.24176470588235294 0.035454545454545454
1 0.4097058823529412 0.860909090909091 0.05823529411764706 0.03727272727272727
1 0.5847058823529412 0.9263636363636364 0.058823529411764705 0.03727272727272727
1 0.41558823529411765 0.5706818181818182 0.2288235294117647 0.03318181818181818
1 0.5779411764705882 0.535 0.13823529411764707 0.04
1 0.5355882352941177 0.6211363636363636 0.1264705882352941 0.03318181818181818
1 0.5797058823529412 0.8622727272727273 0.05 0.03727272727272727
1 0.0961764705882353 0.40636363636363637 0.07352941176470588 0.038181818181818185
1 0.10352941176470588 0.5722727272727273 0.09058823529411765 0.03727272727272727
1 0.6397058823529411 0.5704545454545454 0.1711764705882353 0.03727272727272727
1 0.5641176470588235 0.04159090909090909 0.10941176470588235 0.02409090909090909
1 0.7776470588235294 0.4631818181818182 0.06941176470588235 0.031818181818181815
1 0.49470588235294116 0.9268181818181818 0.05647058823529412 0.03727272727272727
1 0.6676470588235294 0.8604545454545455 0.05058823529411765 0.038181818181818185
1 0.5470588235294118 0.37386363636363634 0.15058823529411763 0.03772727272727273
1 0.7994117647058824 0.4188636363636364 0.04352941176470588 0.03590909090909091
1 0.8755882352941177 0.5745454545454546 0.1288235294117647 0.03909090909090909
1 0.38 0.4536363636363636 0.14352941176470588 0.038181818181818185
1 0.10705882352941176 0.769090909090909 0.08941176470588236 0.035454545454545454
1 0.10323529411764706 0.7231818181818181 0.09352941176470589 0.03636363636363636
1 0.758235294117647 0.37886363636363635 0.06352941176470588 0.03409090909090909
1 0.5676470588235294 0.45704545454545453 0.18705882352941178 0.03772727272727273
1 0.6476470588235295 0.7822727272727272 0.03764705882352941 0.034545454545454546
1 0.5008823529411764 0.860909090909091 0.061764705882352944 0.03636363636363636
1 0.7023529411764706 0.46545454545454545 0.036470588235294116 0.034545454545454546
1 0.8791176470588236 0.41204545454545455 0.09352941176470589 0.03954545454545454
1 0.6488235294117647 0.6231818181818182 0.03411764705882353 0.03363636363636364
1 0.10294117647058823 0.6111363636363636 0.0988235294117647 0.03772727272727273
1 0.6717647058823529 0.9256818181818182 0.0611764705882353 0.038636363636363635
1 0.3247058823529412 0.8593181818181819 0.05058823529411765 0.03772727272727273
1 0.7473529411764706 0.6195454545454545 0.09823529411764706 0.03272727272727273
1 0.7785294117647059 0.6918181818181818 0.0888235294117647 0.035454545454545454
1 0.7011764705882353 0.543409090909091 0.029411764705882353 0.030454545454545453
1 0.7876470588235294 0.7343181818181819 0.047058823529411764 0.045909090909090906
1 0.43 0.7311363636363636 0.2741176470588235 0.03772727272727273
1 0.8402941176470589 0.8677272727272727 0.05823529411764706 0.03636363636363636