1 0.7620588235294118 0.8588636363636364 0.054705882352941174 0.03590909090909091
1 0.8411764705882353 0.9272727272727272 0.04941176470588235 0.038181818181818185
1 0.4102941176470588 0.9268181818181818 0.0488235294117647 0.034545454545454546
1 0.395 0.6093181818181819 0.13941176470588235 0.035
1 0.6652941176470588 0.7718181818181818 0.06470588235294118 0.028181818181818183
1 0.3947058823529412 0.45454545454545453 0.14470588235294118 0.03272727272727273
1 0.4973529411764706 0.6804545454545454 0.09823529411764706 0.034545454545454546
1 0.6270588235294118 0.6806818181818182 0.08352941176470588 0.03409090909090909
1 0.38441176470588234 0.7254545454545455 0.15470588235294117 0.034545454545454546
1 0.415 0.41 0.17588235294117646 0.03363636363636364
1 0.09794117647058824 0.6813636363636364 0.060588235294117644 0.02909090909090909
1 0.09 0.44522727272727275 0.0611764705882353 0.03318181818181818
1 0.0961764705882353 0.3640909090909091 0.0688235294117647 0.034545454545454546
1 0.15764705882352942 0.9227272727272727 0.052941176470588235 0.03636363636363636
1 0.32794117647058824 0.9247727272727273 0.05588235294117647 0.03681818181818182
1 0.15941176470588236 0.8547727272727272 0.05058823529411765 0.03409090909090909
1 0.6664705882352941 0.7261363636363637 0.06588235294117648 0.031363636363636364
1 0.40588235294117647 0.5222727272727272 0.15294117647058825 0.03636363636363636
1 0.08970588235294118 0.5202272727272728 0.05941176470588235 0.02772727272727273
1 0.6114705882352941 0.7270454545454546 0.03 0.030454545454545453
1 0.24205882352941177 0.9225 0.05235294117647059 0.03590909090909091
1 0.3820588235294118 0.7711363636363636 0.14411764705882352 0.031363636363636364
1 0.7673529411764706 0.9279545454545455 0.061764705882352944 0.03772727272727273
1 0.5258823529411765 0.7713636363636364 0.12823529411764706 0.02909090909090909
1 0.41794117647058826 0.8579545454545454 0.0488235294117647 0.03772727272727273
1 0.585 0.9290909090909091 0.05352941176470588 0.03636363636363636
1 0.09029411764705883 0.5679545454545455 0.060588235294117644 0.029545454545454545
1 0.37558823529411767 0.68 0.13117647058823528 0.035454545454545454
1 0.43470588235294116 0.5697727272727273 0.2188235294117647 0.03681818181818182
1 0.5861764705882353 0.860909090909091 0.0488235294117647 0.031818181818181815
1 0.6052941176470589 0.4556818181818182 0.02588235294117647 0.031363636363636364
1 0.5552941176470588 0.038636363636363635 0.08823529411764706 0.02181818181818182
1 0.5829411764705882 0.4115909090909091 0.14 0.03590909090909091
1 0.7544117647058823 0.4127272727272727 0.12176470588235294 0.03272727272727273
1 0.5017647058823529 0.9275 0.04941176470588235 0.03772727272727273
1 0.8455882352941176 0.86 0.054705882352941174 0.034545454545454546
1 0.6776470588235294 0.8584090909090909 0.05529411764705883 0.03681818181818182
1 0.09823529411764706 0.7636363636363637 0.06235294117647059 0.025454545454545455
1 0.2447058823529412 0.8554545454545455 0.05058823529411765 0.035454545454545454
1 0.5314705882352941 0.4536363636363636 0.10176470588235294 0.034545454545454546
1 0.5023529411764706 0.86 0.04588235294117647 0.03363636363636364
1 0.6708823529411765 0.4122727272727273 0.026470588235294117 0.03636363636363636
1 0.5729411764705883 0.6836363636363636 0.03529411764705882 0.03090909090909091
1 0.40294117647058825 0.3684090909090909 0.14705882352941177 0.03590909090909091
1 0.5270588235294118 0.7252272727272727 0.11647058823529412 0.03409090909090909
1 0.08794117647058823 0.6118181818181818 0.060588235294117644 0.025454545454545455
1 0.6767647058823529 0.9281818181818182 0.06294117647058824 0.035454545454545454
1 0.3255882352941176 0.8552272727272727 0.051176470588235295 0.03681818181818182
1 0.6635294117647059 0.45431818181818184 0.08 0.030454545454545453
1 0.09676470588235295 0.7256818181818182 0.05941176470588235 0.026818181818181817
1 0.295 0.03159090909090909 0.04058823529411765 0.01681818181818182
1 0.09441176470588235 0.4072727272727273 0.06411764705882353 0.02909090909090909
1 0.6123529411764705 0.7734090909090909 0.027058823529411764 0.030454545454545453