1 0.4073529411764706 0.39954545454545454 0.20058823529411765 0.038181818181818185
1 0.5776470588235294 0.6090909090909091 0.0611764705882353 0.03090909090909091
1 0.5261764705882352 0.5640909090909091 0.16176470588235295 0.031818181818181815
1 0.35058823529411764 0.6065909090909091 0.1011764705882353 0.03318181818181818
1 0.6641176470588235 0.7756818181818181 0.07647058823529412 0.03318181818181818
1 0.3935294117647059 0.44386363636363635 0.16470588235294117 0.03409090909090909
1 0.09558823529411764 0.7131818181818181 0.07352941176470588 0.034545454545454546
1 0.0988235294117647 0.43931818181818183 0.0811764705882353 0.03409090909090909
1 0.7535294117647059 0.7265909090909091 0.11411764705882353 0.03318181818181818
1 0.6641176470588235 0.5663636363636364 0.08 0.02909090909090909
1 0.3770588235294118 0.7652272727272728 0.15529411764705883 0.03590909090909091
1 0.3185294117647059 0.026590909090909092 0.04647058823529412 0.023181818181818182
1 0.5285294117647059 0.7681818181818182 0.10764705882352942 0.03727272727272727
1 0.3658823529411765 0.5625 0.1188235294117647 0.03409090909090909
1 0.45647058823529413 0.605 0.12588235294117647 0.034545454545454546
1 0.0988235294117647 0.3975 0.0811764705882353 0.03409090909090909
1 0.09088235294117647 0.5588636363636363 0.06294117647058824 0.03318181818181818
1 0.5588235294117647 0.028863636363636362 0.07764705882352942 0.025
1 0.6061764705882353 0.40386363636363637 0.18058823529411766 0.038636363636363635
1 0.7788235294117647 0.4034090909090909 0.11529411764705882 0.029545454545454545
1 0.09705882352941177 0.7625 0.07529411764705882 0.035
1 0.5594117647058824 0.44681818181818184 0.15294117647058825 0.03090909090909091
1 0.5861764705882353 0.7184090909090909 0.17352941176470588 0.03772727272727273
1 0.08970588235294118 0.6031818181818182 0.06647058823529411 0.03363636363636364
1 0.6032352941176471 0.7781818181818182 0.027647058823529413 0.035454545454545454
1 0.39647058823529413 0.7175 0.1952941176470588 0.03681818181818182
1 0.7158823529411765 0.40454545454545454 0.018823529411764704 0.034545454545454546
1 0.7011764705882353 0.4484090909090909 0.07529411764705882 0.025
1 0.6511764705882352 0.4525 0.021176470588235293 0.023181818181818182
1 0.6191176470588236 0.565 0.022941176470588236 0.03272727272727273
1 0.533235294117647 0.615 0.02176470588235294 0.026363636363636363
1 0.6891176470588235 0.7243181818181819 0.018235294117647058 0.029545454545454545