1 0.3452941176470588 0.7320454545454546 0.10941176470588235 0.02772727272727273
1 0.3729411764705882 0.3775 0.14588235294117646 0.03772727272727273
1 0.7520588235294118 0.865909090909091 0.05823529411764706 0.04
1 0.8302941176470588 0.9331818181818182 0.04294117647058823 0.028181818181818183
1 0.4423529411764706 0.5738636363636364 0.29058823529411765 0.03227272727272727
1 0.40058823529411763 0.9329545454545455 0.04 0.026818181818181817
1 0.8258823529411765 0.8675 0.05058823529411765 0.03954545454545454
1 0.40176470588235297 0.6231818181818182 0.21176470588235294 0.024545454545454544
1 0.40911764705882353 0.41818181818181815 0.2323529411764706 0.031818181818181815
1 0.7664705882352941 0.5409090909090909 0.06 0.02
1 0.08058823529411764 0.6854545454545454 0.06352941176470588 0.026363636363636363
1 0.696764705882353 0.5770454545454545 0.18764705882352942 0.028636363636363637
1 0.09205882352941176 0.4536363636363636 0.08529411764705883 0.04090909090909091
1 0.485 0.8668181818181818 0.045294117647058825 0.035454545454545454
1 0.6047058823529412 0.6215909090909091 0.17058823529411765 0.03318181818181818
1 0.14411764705882352 0.9325 0.04470588235294118 0.02590909090909091
1 0.3214705882352941 0.9322727272727273 0.0488235294117647 0.02909090909090909
1 0.14176470588235293 0.8606818181818182 0.047058823529411764 0.038636363636363635
1 0.7605882352941177 0.6247727272727273 0.0611764705882353 0.019545454545454546
1 0.42176470588235293 0.5370454545454545 0.25058823529411767 0.02590909090909091
1 0.11235294117647059 0.5281818181818182 0.08941176470588236 0.035454545454545454
1 0.6335294117647059 0.5388636363636363 0.1411764705882353 0.022272727272727274
1 0.2338235294117647 0.9268181818181818 0.0488235294117647 0.03727272727272727
1 0.3376470588235294 0.7770454545454546 0.08941176470588236 0.02409090909090909
1 0.7514705882352941 0.9340909090909091 0.045294117647058825 0.02727272727272727
1 0.10235294117647059 0.36977272727272725 0.08 0.03772727272727273
1 0.6008823529411764 0.4234090909090909 0.10764705882352942 0.025
1 0.4032352941176471 0.8622727272727273 0.04764705882352941 0.03727272727272727
1 0.5744117647058824 0.9345454545454546 0.05235294117647059 0.025454545454545455
1 0.5711764705882353 0.8631818181818182 0.04352941176470588 0.03727272727272727
1 0.10088235294117646 0.4115909090909091 0.08764705882352941 0.04045454545454545
1 0.5370588235294118 0.04159090909090909 0.06823529411764706 0.023181818181818182
1 0.7508823529411764 0.4268181818181818 0.12411764705882353 0.025454545454545455
1 0.4888235294117647 0.93 0.04588235294117647 0.025454545454545455
1 0.5408823529411765 0.37386363636363634 0.15705882352941178 0.029545454545454545
1 0.8685294117647059 0.58 0.06764705882352941 0.02909090909090909
1 0.39029411764705885 0.46204545454545454 0.19117647058823528 0.029545454545454545
1 0.08 0.769090909090909 0.06823529411764706 0.03090909090909091
1 0.7182352941176471 0.38045454545454543 0.12117647058823529 0.023636363636363636
1 0.5635294117647058 0.4652272727272727 0.11529411764705882 0.020454545454545454
1 0.6608823529411765 0.8706818181818182 0.054705882352941174 0.02772727272727273
1 0.1011764705882353 0.5752272727272727 0.08705882352941176 0.029545454545454545
1 0.7173529411764706 0.465 0.10882352941176471 0.03272727272727273
1 0.09735294117647059 0.6136363636363636 0.08764705882352941 0.035454545454545454
1 0.6658823529411765 0.9327272727272727 0.05176470588235294 0.03090909090909091
1 0.3185294117647059 0.8611363636363636 0.05 0.03681818181818182
1 0.08705882352941176 0.7268181818181818 0.06823529411764706 0.03727272727272727
1 0.28205882352941175 0.03659090909090909 0.045294117647058825 0.028636363636363637
1 0.33147058823529413 0.03681818181818182 0.0488235294117647 0.019090909090909092
1 0.635 0.38022727272727275 0.03 0.02409090909090909
1 0.6608823529411765 0.42568181818181816 0.019411764705882354 0.019545454545454546
1 0.6273529411764706 0.4693181818181818 0.017058823529411765 0.017727272727272727
1 0.715 0.5411363636363636 0.020588235294117647 0.019545454545454546
1 0.7002941176470588 0.6281818181818182 0.019411764705882354 0.023636363636363636
1 0.8055882352941176 0.5788636363636364 0.026470588235294117 0.026818181818181817
1 0.335 0.6902272727272727 0.08529411764705883 0.026818181818181817
1 0.23294117647058823 0.8652272727272727 0.05176470588235294 0.02772727272727273