1 0.4138235294117647 0.6770454545454545 0.2088235294117647 0.035
1 0.40911764705882353 0.40795454545454546 0.1923529411764706 0.03227272727272727
1 0.7591176470588236 0.8588636363636364 0.0711764705882353 0.03681818181818182
1 0.8473529411764706 0.9261363636363636 0.07705882352941176 0.04045454545454545
1 0.575 0.6090909090909091 0.12058823529411765 0.03363636363636364
1 0.42 0.9225 0.06470588235294118 0.041363636363636366
1 0.8444117647058823 0.8593181818181819 0.06294117647058824 0.03681818181818182
1 0.39676470588235296 0.6063636363636363 0.20058823529411765 0.03636363636363636
1 0.6817647058823529 0.7790909090909091 0.027058823529411764 0.035454545454545454
1 0.736764705882353 0.73 0.03 0.03272727272727273
1 0.10970588235294118 0.673409090909091 0.08647058823529412 0.03681818181818182
1 0.09588235294117647 0.44136363636363635 0.08235294117647059 0.03090909090909091
1 0.41411764705882353 0.7236363636363636 0.22941176470588234 0.038181818181818185
1 0.1011764705882353 0.35909090909090907 0.08235294117647059 0.031818181818181815
1 0.6264705882352941 0.7256818181818182 0.17058823529411765 0.035
1 0.15441176470588236 0.9195454545454546 0.0711764705882353 0.042727272727272725
1 0.3261764705882353 0.9202272727272728 0.06411764705882353 0.04045454545454545
1 0.15823529411764706 0.8504545454545455 0.07294117647058823 0.04090909090909091
1 0.41794117647058826 0.5227272727272727 0.22764705882352942 0.03363636363636364
1 0.10588235294117647 0.5181818181818182 0.07882352941176471 0.03
1 0.2411764705882353 0.855 0.06352941176470588 0.04
1 0.655 0.6229545454545454 0.026470588235294117 0.028636363636363637
1 0.24176470588235294 0.92 0.06352941176470588 0.04
1 0.4011764705882353 0.7663636363636364 0.20588235294117646 0.031818181818181815
1 0.7585294117647059 0.923409090909091 0.06764705882352941 0.03954545454545454
1 0.5935294117647059 0.7670454545454546 0.14 0.03318181818181818
1 0.6397058823529411 0.45431818181818184 0.07941176470588235 0.031363636363636364
1 0.7029411764705882 0.3775 0.03176470588235294 0.031363636363636364
1 0.4167647058823529 0.8547727272727272 0.06764705882352941 0.03772727272727273
1 0.5876470588235294 0.923409090909091 0.0611764705882353 0.03681818181818182
1 0.10294117647058823 0.5625 0.08 0.03318181818181818
1 0.4088235294117647 0.565 0.21764705882352942 0.03636363636363636
1 0.6255882352941177 0.5245454545454545 0.17 0.035454545454545454
1 0.513235294117647 0.4525 0.09588235294117647 0.029545454545454545
1 0.585 0.8552272727272727 0.06647058823529411 0.041363636363636366
1 0.09588235294117647 0.4009090909090909 0.0811764705882353 0.034545454545454546
1 0.6047058823529412 0.5668181818181818 0.14823529411764705 0.035454545454545454
1 0.6073529411764705 0.3679545454545455 0.15588235294117647 0.03227272727272727
1 0.7397058823529412 0.4102272727272727 0.0888235294117647 0.03318181818181818
1 0.765 0.7722727272727272 0.10647058823529412 0.026363636363636363
1 0.5005882352941177 0.9295454545454546 0.06 0.04818181818181818
1 0.8235294117647058 0.6831818181818182 0.12117647058823529 0.03363636363636364
1 0.6764705882352942 0.8568181818181818 0.07529411764705882 0.03727272727272727
1 0.59 0.40954545454545455 0.12941176470588237 0.035454545454545454
1 0.78 0.3704545454545455 0.11176470588235295 0.03
1 0.6188235294117647 0.6797727272727273 0.17411764705882352 0.03681818181818182
1 0.8135294117647058 0.7268181818181818 0.11058823529411765 0.03363636363636364
1 0.10794117647058823 0.7584090909090909 0.08294117647058824 0.03681818181818182
1 0.11029411764705882 0.715 0.09352941176470589 0.03727272727272727
1 0.7426470588235294 0.5377272727272727 0.03470588235294118 0.03636363636363636
1 0.5764705882352941 0.465 0.02235294117647059 0.03272727272727273
1 0.49558823529411766 0.8563636363636363 0.06294117647058824 0.03727272727272727
1 0.7005882352941176 0.5706818181818182 0.024705882352941175 0.02590909090909091
1 0.8244117647058824 0.5297727272727273 0.10411764705882352 0.030454545454545453
1 0.4188235294117647 0.36613636363636365 0.2 0.03318181818181818
1 0.10176470588235294 0.605909090909091 0.0811764705882353 0.03
1 0.668235294117647 0.9243181818181818 0.06470588235294118 0.038636363636363635
1 0.3255882352941176 0.8536363636363636 0.06411764705882353 0.04090909090909091
1 0.37970588235294117 0.4515909090909091 0.14529411764705882 0.030454545454545453
1 0.7279411764705882 0.615 0.10176470588235294 0.03
1 0.30911764705882355 0.031363636363636364 0.05 0.014545454545454545
1 0.5544117647058824 0.03568181818181818 0.07352941176470588 0.020454545454545454
1 0.678235294117647 0.41545454545454547 0.021176470588235293 0.024545454545454544
1 0.7661764705882353 0.5713636363636364 0.09823529411764706 0.025454545454545455
1 0.7311764705882353 0.6972727272727273 0.029411764705882353 0.031818181818181815