1 0.4078327444051826 0.7056414922656961 0.16431095406360424 0.0373066424021838
1 0.5382803297997645 0.704049135577798 0.08244994110718493 0.034121929026387623
1 0.7600117785630153 0.876933575978162 0.06301531213191991 0.03867151956323931
1 0.8439340400471143 0.9522292993630573 0.061248527679623084 0.05004549590536852
1 0.4134275618374558 0.9438125568698817 0.04946996466431095 0.0359417652411283
1 0.8406949352179034 0.881255686988171 0.05830388692579505 0.047315741583257506
1 0.42638398115429915 0.48089171974522293 0.22732626619552415 0.034576888080072796
1 0.6702002355712603 0.5898544131028207 0.1425206124852768 0.03503184713375796
1 0.4093050647820966 0.7911737943585078 0.17785630153121318 0.034576888080072796
1 0.8162544169611308 0.4369881710646042 0.03180212014134275 0.033212010919017286
1 0.4552414605418139 0.43744313011828934 0.2826855123674912 0.03139217470427662
1 0.11454652532391048 0.7054140127388535 0.07950530035335689 0.034121929026387623
1 0.4305064782096584 0.7481801637852593 0.22379269729093051 0.03503184713375796
1 0.1154299175500589 0.3937670609645132 0.08716136631330977 0.036851683348498636
1 0.11690223792697291 0.4781619654231119 0.08775029446407538 0.03548680618744313
1 0.16401648998822144 0.944722474977252 0.0535924617196702 0.03776160145586897
1 0.8138987043580683 0.4854413102820746 0.07656065959952886 0.03184713375796178
1 0.3333333333333333 0.9438125568698817 0.05535924617196702 0.03503184713375796
1 0.16195524146054183 0.8778434940855323 0.05535924617196702 0.04049135577797998
1 0.4081272084805654 0.5491355777979982 0.19316843345111898 0.03821656050955414
1 0.1154299175500589 0.5500454959053686 0.08598351001177856 0.03548680618744313
1 0.6487043580683156 0.635122838944495 0.13839811542991756 0.03275705186533212
1 0.25294464075382805 0.8789808917197452 0.06537102473498234 0.0373066424021838
1 0.2479387514723204 0.9438125568698817 0.05889281507656066 0.036851683348498636
1 0.7617785630153121 0.9417652411282984 0.06772673733804475 0.039126478616924476
1 0.2968197879858657 0.06915377616014559 0.0447585394581861 0.02183803457688808
1 0.5588928150765606 0.7914012738853503 0.08362779740871613 0.03139217470427662
1 0.6704946996466431 0.39717925386715197 0.03356890459363958 0.034576888080072796
1 0.5845111896348646 0.3955868971792539 0.12779740871613662 0.036851683348498636
1 0.4134275618374558 0.8794358507734303 0.050647820965842166 0.0373066424021838
1 0.5851001177856302 0.9438125568698817 0.05594817432273263 0.036851683348498636
1 0.446113074204947 0.5907643312101911 0.26914016489988224 0.03503184713375796
1 0.589811542991755 0.5489080982711556 0.11484098939929328 0.03503184713375796
1 0.4363957597173145 0.6339854413102821 0.232037691401649 0.034121929026387623
1 0.5871613663133097 0.8810282074613285 0.05418138987043581 0.03776160145586897
1 0.1160188457008245 0.43630573248407645 0.09305064782096584 0.03548680618744313
1 0.12131919905771496 0.5916742493175614 0.08362779740871613 0.034121929026387623
1 0.6516489988221437 0.48089171974522293 0.16313309776207302 0.034576888080072796
1 0.5653710247349824 0.06938125568698818 0.1166077738515901 0.021383075523202913
1 0.7591283863368669 0.4956778889899909 0.030624263839811542 0.041401273885350316
1 0.5026501766784452 0.9435850773430391 0.059481743227326266 0.036396724294813464
1 0.6687279151943463 0.8846678798908099 0.05830388692579505 0.05232029117379436
1 0.7340989399293286 0.3958143767060964 0.09128386336866902 0.03275705186533212
1 0.12190812720848057 0.7902638762511374 0.08362779740871613 0.03366696997270246
1 0.6110129564193169 0.7470427661510464 0.10659599528857479 0.03366696997270246
1 0.5038280329799765 0.8848953594176524 0.06537102473498234 0.051865332120109194
1 0.696113074204947 0.43744313011828934 0.1967020023557126 0.03503184713375796
1 0.8769140164899882 0.4356232939035487 0.08480565371024736 0.033212010919017286
1 0.411660777385159 0.3955868971792539 0.1896348645465253 0.03776160145586897
1 0.12632508833922262 0.6344404003639672 0.08892815076560659 0.034121929026387623
1 0.675206124852768 0.9531392174704276 0.054770318021201414 0.055505004549590536
1 0.3324499411071849 0.879663330300273 0.05005889281507656 0.036851683348498636
1 0.11307420494699646 0.7493175614194723 0.07891637220259129 0.03366696997270246