1 0.36323529411764705 0.7252272727272727 0.12294117647058823 0.03590909090909091
1 0.7564705882352941 0.8595454545454545 0.05529411764705883 0.03636363636363636
1 0.8385294117647059 0.9275 0.06529411764705882 0.038636363636363635
1 0.6088235294117647 0.5711363636363637 0.18352941176470589 0.038636363636363635
1 0.40794117647058825 0.9265909090909091 0.05352941176470588 0.03681818181818182
1 0.5238235294117647 0.5306818181818181 0.13117647058823528 0.03772727272727273
1 0.8432352941176471 0.8638636363636364 0.04764705882352941 0.03590909090909091
1 0.37323529411764705 0.6088636363636364 0.1323529411764706 0.035
1 0.4 0.45454545454545453 0.16941176470588235 0.03727272727272727
1 0.47294117647058825 0.6852272727272727 0.10705882352941176 0.03772727272727273
1 0.4361764705882353 0.4138636363636364 0.22647058823529412 0.03681818181818182
1 0.09411764705882353 0.685 0.06823529411764706 0.03363636363636364
1 0.7176470588235294 0.5740909090909091 0.03882352941176471 0.03363636363636364
1 0.09411764705882353 0.3654545454545455 0.07294117647058823 0.034545454545454546
1 0.08705882352941176 0.45136363636363636 0.07294117647058823 0.035454545454545454
1 0.4535294117647059 0.7718181818181818 0.1 0.034545454545454546
1 0.15441176470588236 0.9254545454545454 0.054705882352941174 0.038181818181818185
1 0.7947058823529412 0.571590909090909 0.11294117647058824 0.03590909090909091
1 0.31676470588235295 0.9238636363636363 0.05235294117647059 0.03772727272727273
1 0.15088235294117647 0.8572727272727273 0.05 0.04
1 0.3723529411764706 0.5277272727272727 0.14352941176470588 0.03363636363636364
1 0.09735294117647059 0.5256818181818181 0.07352941176470588 0.03318181818181818
1 0.645 0.6152272727272727 0.08764705882352941 0.03227272727272727
1 0.2388235294117647 0.8588636363636364 0.047058823529411764 0.03772727272727273
1 0.6064705882352941 0.53 0.041176470588235294 0.03272727272727273
1 0.23470588235294118 0.9270454545454545 0.04823529411764706 0.03772727272727273
1 0.35411764705882354 0.7720454545454546 0.09294117647058824 0.03318181818181818
1 0.7591176470588236 0.9277272727272727 0.060588235294117644 0.03727272727272727
1 0.30411764705882355 0.03613636363636363 0.04352941176470588 0.02590909090909091
1 0.505 0.7229545454545454 0.14294117647058824 0.03681818181818182
1 0.6629411764705883 0.37636363636363634 0.04352941176470588 0.031818181818181815
1 0.5820588235294117 0.3743181818181818 0.1111764705882353 0.03681818181818182
1 0.40705882352941175 0.8604545454545455 0.05176470588235294 0.038181818181818185
1 0.5876470588235294 0.9268181818181818 0.0611764705882353 0.03727272727272727
1 0.4167647058823529 0.5720454545454545 0.21588235294117647 0.03590909090909091
1 0.49823529411764705 0.6138636363636364 0.10941176470588235 0.03409090909090909
1 0.5758823529411765 0.8581818181818182 0.04823529411764706 0.03909090909090909
1 0.09382352941176471 0.4122727272727273 0.07705882352941176 0.035454545454545454
1 0.10147058823529412 0.5672727272727273 0.07588235294117647 0.034545454545454546
1 0.6373529411764706 0.45704545454545453 0.03 0.03590909090909091
1 0.5485294117647059 0.04159090909090909 0.07352941176470588 0.02590909090909091
1 0.6147058823529412 0.415 0.12117647058823529 0.035454545454545454
1 0.7461764705882353 0.41818181818181815 0.06764705882352941 0.03363636363636364
1 0.5011764705882353 0.9268181818181818 0.06705882352941177 0.038181818181818185
1 0.6670588235294118 0.8640909090909091 0.05647058823529412 0.04
1 0.08911764705882352 0.7688636363636364 0.06411764705882353 0.03318181818181818
1 0.7347058823529412 0.37886363636363635 0.07058823529411765 0.03227272727272727
1 0.5623529411764706 0.4556818181818182 0.10235294117647059 0.03409090909090909
1 0.49117647058823527 0.8620454545454546 0.04941176470588235 0.04045454545454545
1 0.6905882352941176 0.4172727272727273 0.02588235294117647 0.035454545454545454
1 0.5873529411764706 0.615909090909091 0.02411764705882353 0.03363636363636364
1 0.10088235294117646 0.6145454545454545 0.08058823529411764 0.035454545454545454
1 0.6720588235294118 0.9272727272727272 0.05941176470588235 0.03909090909090909
1 0.3264705882352941 0.8581818181818182 0.052941176470588235 0.03636363636363636
1 0.4173529411764706 0.37204545454545457 0.20176470588235293 0.038636363636363635
1 0.6864705882352942 0.4597727272727273 0.06588235294117648 0.03227272727272727
1 0.6861764705882353 0.5318181818181819 0.09 0.03363636363636364
1 0.09117647058823529 0.7302272727272727 0.06705882352941177 0.03409090909090909
1 0.36941176470588233 0.6829545454545455 0.09176470588235294 0.035