1 0.7558823529411764 0.8602272727272727 0.04941176470588235 0.04045454545454545
1 0.8447058823529412 0.9347727272727273 0.04588235294117647 0.053181818181818184
1 0.5579411764705883 0.5681818181818182 0.1111764705882353 0.03636363636363636
1 0.41294117647058826 0.9270454545454545 0.04941176470588235 0.03681818181818182
1 0.3573529411764706 0.6120454545454546 0.10294117647058823 0.03409090909090909
1 0.4320588235294118 0.40863636363636363 0.21470588235294116 0.03909090909090909
1 0.3911764705882353 0.4606818181818182 0.1388235294117647 0.03681818181818182
1 0.42323529411764704 0.7225 0.23588235294117646 0.03954545454545454
1 0.3052941176470588 0.03340909090909091 0.04 0.023181818181818182
1 0.10705882352941176 0.6795454545454546 0.08705882352941176 0.03636363636363636
1 0.09911764705882353 0.45045454545454544 0.0888235294117647 0.03727272727272727
1 0.1561764705882353 0.9240909090909091 0.05823529411764706 0.04
1 0.8532352941176471 0.41545454545454547 0.10058823529411764 0.04
1 0.3332352941176471 0.9275 0.060588235294117644 0.03772727272727273
1 0.15411764705882353 0.8579545454545454 0.04941176470588235 0.038636363636363635
1 0.3991176470588235 0.5663636363636364 0.17352941176470588 0.03909090909090909
1 0.09735294117647059 0.5195454545454545 0.08411764705882353 0.034545454545454546
1 0.6191176470588236 0.7261363636363637 0.11588235294117646 0.038636363636363635
1 0.24205882352941177 0.8590909090909091 0.04764705882352941 0.03909090909090909
1 0.24205882352941177 0.9243181818181818 0.051176470588235295 0.03954545454545454
1 0.3723529411764706 0.7727272727272727 0.1376470588235294 0.03363636363636364
1 0.7558823529411764 0.9265909090909091 0.05764705882352941 0.03954545454545454
1 0.10735294117647058 0.36818181818181817 0.10411764705882352 0.03727272727272727
1 0.5011764705882353 0.7727272727272727 0.07764705882352942 0.03090909090909091
1 0.6770588235294117 0.4113636363636364 0.2447058823529412 0.04363636363636364
1 0.41205882352941176 0.8590909090909091 0.04294117647058823 0.03909090909090909
1 0.5879411764705882 0.9261363636363636 0.05823529411764706 0.04045454545454545
1 0.4514705882352941 0.6120454545454546 0.07588235294117647 0.031363636363636364
1 0.5861764705882353 0.8613636363636363 0.05588235294117647 0.04090909090909091
1 0.10058823529411764 0.405 0.09294117647058824 0.03636363636363636
1 0.10088235294117646 0.565 0.0888235294117647 0.03636363636363636
1 0.565 0.03727272727272727 0.10647058823529412 0.02181818181818182
1 0.5011764705882353 0.9272727272727272 0.052941176470588235 0.038181818181818185
1 0.8444117647058823 0.8636363636363636 0.057058823529411766 0.04090909090909091
1 0.6664705882352941 0.8631818181818182 0.04823529411764706 0.04181818181818182
1 0.10588235294117647 0.7656818181818181 0.08705882352941176 0.03590909090909091
1 0.10735294117647058 0.7243181818181819 0.08647058823529412 0.03681818181818182
1 0.5402941176470588 0.4597727272727273 0.13 0.029545454545454545
1 0.49823529411764705 0.865 0.042352941176470586 0.042727272727272725
1 0.64 0.4606818181818182 0.06235294117647059 0.026818181818181817
1 0.10352941176470588 0.6054545454545455 0.08588235294117647 0.03727272727272727
1 0.6744117647058824 0.9256818181818182 0.05235294117647059 0.04045454545454545
1 0.3270588235294118 0.86 0.04352941176470588 0.04