1 0.3985294117647059 0.6845454545454546 0.19117647058823528 0.04181818181818182
1 0.7605882352941177 0.8636363636363636 0.05411764705882353 0.042727272727272725
1 0.8444117647058823 0.9286363636363636 0.0488235294117647 0.038181818181818185
1 0.5594117647058824 0.5729545454545455 0.21411764705882352 0.03772727272727273
1 0.4147058823529412 0.9297727272727273 0.04470588235294118 0.03590909090909091
1 0.4797058823529412 0.5293181818181818 0.13941176470588235 0.03681818181818182
1 0.8520588235294118 0.86 0.07352941176470588 0.04181818181818182
1 0.3426470588235294 0.6179545454545454 0.09 0.03409090909090909
1 0.3914705882352941 0.46 0.17 0.03272727272727273
1 0.10852941176470589 0.678409090909091 0.07352941176470588 0.03590909090909091
1 0.09852941176470588 0.4481818181818182 0.0711764705882353 0.03636363636363636
1 0.10323529411764706 0.3618181818181818 0.07352941176470588 0.035454545454545454
1 0.5076470588235295 0.7720454545454546 0.1 0.035
1 0.15823529411764706 0.9302272727272727 0.05411764705882353 0.03681818181818182
1 0.3305882352941176 0.9302272727272727 0.04823529411764706 0.03590909090909091
1 0.15676470588235294 0.8565909090909091 0.04176470588235294 0.04045454545454545
1 0.10411764705882352 0.5188636363636364 0.07176470588235294 0.03409090909090909
1 0.6485294117647059 0.7281818181818182 0.15705882352941178 0.035454545454545454
1 0.24323529411764705 0.8565909090909091 0.04764705882352941 0.042272727272727274
1 0.24764705882352941 0.93 0.05411764705882353 0.03727272727272727
1 0.3788235294117647 0.7725 0.14705882352941177 0.038636363636363635
1 0.7605882352941177 0.9381818181818182 0.05411764705882353 0.05090909090909091
1 0.2964705882352941 0.03068181818181818 0.04588235294117647 0.02772727272727273
1 0.6317647058823529 0.4611363636363636 0.05647058823529412 0.03227272727272727
1 0.5785294117647058 0.36477272727272725 0.1264705882352941 0.03681818181818182
1 0.41823529411764704 0.8593181818181819 0.06588235294117648 0.04045454545454545
1 0.5911764705882353 0.9347727272727273 0.07058823529411765 0.03681818181818182
1 0.36764705882352944 0.5706818181818182 0.14705882352941177 0.03409090909090909
1 0.4611764705882353 0.6140909090909091 0.13411764705882354 0.034545454545454546
1 0.09705882352941177 0.4031818181818182 0.07411764705882352 0.035454545454545454
1 0.10676470588235294 0.5618181818181818 0.06764705882352941 0.03636363636363636
1 0.7447058823529412 0.4163636363636364 0.17647058823529413 0.034545454545454546
1 0.5026470588235294 0.9268181818181818 0.05588235294117647 0.04
1 0.6708823529411765 0.8579545454545454 0.060588235294117644 0.045909090909090906
1 0.475 0.41613636363636364 0.34294117647058825 0.03409090909090909
1 0.10705882352941176 0.7634090909090909 0.07647058823529412 0.03681818181818182
1 0.10705882352941176 0.7225 0.08 0.03681818181818182
1 0.6914705882352942 0.3668181818181818 0.06529411764705882 0.03363636363636364
1 0.5320588235294118 0.45795454545454545 0.09352941176470589 0.03318181818181818
1 0.5905882352941176 0.8572727272727273 0.052941176470588235 0.042727272727272725
1 0.5055882352941177 0.8572727272727273 0.060588235294117644 0.04363636363636364
1 0.5664705882352942 0.6859090909090909 0.1223529411764706 0.034545454545454546
1 0.4076470588235294 0.36318181818181816 0.19411764705882353 0.038181818181818185
1 0.4252941176470588 0.7272727272727273 0.25882352941176473 0.038181818181818185
1 0.10588235294117647 0.6038636363636364 0.07882352941176471 0.03681818181818182
1 0.6758823529411765 0.9354545454545454 0.05176470588235294 0.03727272727272727
1 0.3311764705882353 0.8568181818181818 0.04588235294117647 0.04090909090909091
1 0.55 0.03318181818181818 0.09294117647058824 0.025454545454545455
1 0.6473529411764706 0.37386363636363634 0.03235294117647059 0.031363636363636364
1 0.8502941176470589 0.42 0.031176470588235295 0.035454545454545454
1 0.9076470588235294 0.41704545454545455 0.08 0.035
1 0.5929411764705882 0.4634090909090909 0.024705882352941175 0.02772727272727273
1 0.3517647058823529 0.5245454545454545 0.10705882352941176 0.042727272727272725