1 0.37529411764705883 0.4081818181818182 0.11294117647058824 0.03636363636363636
1 0.5579411764705883 0.6138636363636364 0.11941176470588236 0.035
1 0.3911764705882353 0.6131818181818182 0.18 0.03272727272727273
1 0.6114705882352941 0.7754545454545455 0.08411764705882353 0.034545454545454546
1 0.3076470588235294 0.035454545454545454 0.03882352941176471 0.031818181818181815
1 0.10676470588235294 0.6836363636363636 0.07705882352941176 0.03363636363636364
1 0.09294117647058824 0.445 0.06941176470588235 0.03636363636363636
1 0.3926470588235294 0.7729545454545454 0.17 0.03772727272727273
1 0.10617647058823529 0.7286363636363636 0.07705882352941176 0.03363636363636364
1 0.5908823529411765 0.7270454545454546 0.08294117647058824 0.03227272727272727
1 0.4273529411764706 0.5690909090909091 0.24529411764705883 0.038181818181818185
1 0.09794117647058824 0.525 0.07 0.03272727272727273
1 0.10088235294117646 0.3663636363636364 0.06647058823529411 0.03363636363636364
1 0.6344117647058823 0.40954545454545455 0.03 0.035454545454545454
1 0.4211764705882353 0.7222727272727273 0.2235294117647059 0.038181818181818185
1 0.5702941176470588 0.4593181818181818 0.027647058823529413 0.03227272727272727
1 0.4811764705882353 0.45204545454545453 0.11529411764705882 0.03409090909090909
1 0.09176470588235294 0.40636363636363637 0.07176470588235294 0.03636363636363636
1 0.6355882352941177 0.4547727272727273 0.07941176470588235 0.03590909090909091
1 0.566764705882353 0.031818181818181815 0.12294117647058823 0.02909090909090909
1 0.7155882352941176 0.4090909090909091 0.10294117647058823 0.034545454545454546
1 0.5164705882352941 0.7747727272727273 0.06588235294117648 0.03409090909090909
1 0.5276470588235294 0.40954545454545455 0.15176470588235294 0.03727272727272727
1 0.36205882352941177 0.45136363636363636 0.09941176470588235 0.03636363636363636
1 0.10647058823529412 0.7720454545454546 0.07529411764705882 0.035
1 0.1 0.6075 0.07176470588235294 0.03590909090909091
1 0.6497058823529411 0.5688636363636363 0.16176470588235295 0.03590909090909091
1 0.09588235294117647 0.5743181818181818 0.07176470588235294 0.031363636363636364
1 0.6461764705882352 0.7275 0.03 0.030454545454545453
1 0.7044117647058824 0.7288636363636364 0.09352941176470589 0.03681818181818182
1 0.5605882352941176 0.7802272727272728 0.021176470588235293 0.028636363636363637