1 0.4173529411764706 0.6884090909090909 0.21470588235294116 0.03772727272727273
1 0.5797058823529412 0.6252272727272727 0.025294117647058825 0.030454545454545453
1 0.7597058823529412 0.8602272727272727 0.05235294117647059 0.038636363636363635
1 0.8455882352941176 0.9286363636363636 0.054705882352941174 0.04
1 0.9579411764705882 0.7313636363636363 0.07941176470588235 0.05181818181818182
1 0.41323529411764703 0.9270454545454545 0.05235294117647059 0.03681818181818182
1 0.5579411764705883 0.5290909090909091 0.13 0.03727272727272727
1 0.8426470588235294 0.8629545454545454 0.04411764705882353 0.04045454545454545
1 0.36176470588235293 0.6227272727272727 0.11529411764705882 0.034545454545454546
1 0.6958823529411765 0.7804545454545454 0.06235294117647059 0.03
1 0.6914705882352942 0.6888636363636363 0.033529411764705884 0.03318181818181818
1 0.4838235294117647 0.7311363636363636 0.3652941176470588 0.038636363636363635
1 0.72 0.5256818181818181 0.06941176470588235 0.03227272727272727
1 0.3826470588235294 0.4647727272727273 0.16176470588235295 0.035
1 0.10352941176470588 0.6831818181818182 0.07411764705882352 0.03636363636363636
1 0.09558823529411764 0.4597727272727273 0.07352941176470588 0.03590909090909091
1 0.765 0.571590909090909 0.03470588235294118 0.03409090909090909
1 0.09705882352941177 0.3709090909090909 0.06941176470588235 0.034545454545454546
1 0.15794117647058822 0.9238636363636363 0.05588235294117647 0.038636363636363635
1 0.8435294117647059 0.5718181818181818 0.0988235294117647 0.03636363636363636
1 0.3297058823529412 0.9268181818181818 0.054705882352941174 0.03636363636363636
1 0.16029411764705884 0.8604545454545455 0.05235294117647059 0.03909090909090909
1 0.09852941176470588 0.5259090909090909 0.06647058823529411 0.034545454545454546
1 0.6317647058823529 0.6261363636363636 0.05764705882352941 0.030454545454545453
1 0.9211764705882353 0.38227272727272726 0.08 0.02727272727272727
1 0.24735294117647058 0.8613636363636363 0.057058823529411766 0.03727272727272727
1 0.6535294117647059 0.5265909090909091 0.03411764705882353 0.03227272727272727
1 0.24441176470588236 0.9252272727272727 0.051176470588235295 0.03772727272727273
1 0.39029411764705885 0.7754545454545455 0.17470588235294118 0.03636363636363636
1 0.7594117647058823 0.9286363636363636 0.04941176470588235 0.04
1 0.28705882352941176 0.03659090909090909 0.04352941176470588 0.02409090909090909
1 0.5517647058823529 0.7813636363636364 0.11176470588235295 0.031818181818181815
1 0.6714705882352942 0.4665909090909091 0.09117647058823529 0.03227272727272727
1 0.6414705882352941 0.4077272727272727 0.16411764705882353 0.03272727272727273
1 0.4273529411764706 0.8595454545454545 0.0688235294117647 0.038181818181818185
1 0.5811764705882353 0.9279545454545455 0.04470588235294118 0.04045454545454545
1 0.3905882352941176 0.5284090909090909 0.16823529411764707 0.03772727272727273
1 0.4988235294117647 0.6252272727272727 0.10941176470588235 0.03227272727272727
1 0.6023529411764705 0.8604545454545455 0.07529411764705882 0.03909090909090909
1 0.10147058823529412 0.5697727272727273 0.061764705882352944 0.03681818181818182
1 0.6485294117647059 0.5693181818181818 0.1923529411764706 0.03772727272727273
1 0.5555882352941176 0.04022727272727273 0.10176470588235294 0.020454545454545454
1 0.6008823529411764 0.4690909090909091 0.028823529411764706 0.03090909090909091
1 0.8320588235294117 0.4106818181818182 0.13470588235294118 0.03409090909090909
1 0.7726470588235295 0.7327272727272728 0.2088235294117647 0.03636363636363636
1 0.5047058823529412 0.9275 0.05647058823529412 0.03954545454545454
1 0.6829411764705883 0.8593181818181819 0.06588235294117648 0.038636363636363635
1 0.6032352941176471 0.6890909090909091 0.1323529411764706 0.034545454545454546
1 0.8920588235294118 0.7281818181818182 0.04647058823529412 0.04
1 0.42470588235294116 0.5661363636363637 0.23176470588235293 0.038636363636363635
1 0.09558823529411764 0.7727272727272727 0.06529411764705882 0.035454545454545454
1 0.7655882352941177 0.37022727272727274 0.18764705882352942 0.03772727272727273
1 0.528235294117647 0.46704545454545454 0.10823529411764705 0.035
1 0.6335294117647059 0.7820454545454546 0.03058823529411765 0.03318181818181818
1 0.508235294117647 0.8604545454545455 0.06352941176470588 0.03909090909090909
1 0.4894117647058824 0.3709090909090909 0.35411764705882354 0.042727272727272725
1 0.10470588235294118 0.6113636363636363 0.07176470588235294 0.034545454545454546
1 0.6708823529411765 0.9275 0.05235294117647059 0.04045454545454545
1 0.3376470588235294 0.860909090909091 0.06352941176470588 0.038181818181818185
1 0.7585294117647059 0.6843181818181818 0.07823529411764706 0.03409090909090909
1 0.09264705882352942 0.41409090909090907 0.07470588235294118 0.04090909090909091
1 0.42617647058823527 0.4134090909090909 0.25941176470588234 0.038636363636363635
1 0.7447058823529412 0.4047727272727273 0.03529411764705882 0.03227272727272727
1 0.09941176470588235 0.730909090909091 0.06823529411764706 0.035454545454545454