1 0.3791176470588235 0.7286363636363636 0.16176470588235295 0.034545454545454546
1 0.5644117647058824 0.6927272727272727 0.027647058823529413 0.034545454545454546
1 0.7591176470588236 0.8631818181818182 0.07 0.038181818181818185
1 0.8473529411764706 0.9315909090909091 0.08058823529411764 0.04409090909090909
1 0.94 0.41704545454545455 0.11176470588235295 0.038636363636363635
1 0.5644117647058824 0.6195454545454545 0.027647058823529413 0.03272727272727273
1 0.41352941176470587 0.9268181818181818 0.06588235294117648 0.03909090909090909
1 0.5114705882352941 0.5279545454545455 0.11941176470588236 0.03681818181818182
1 0.7752941176470588 0.7695454545454545 0.08588235294117647 0.03272727272727273
1 0.3679411764705882 0.6095454545454545 0.13941176470588235 0.03090909090909091
1 0.6179411764705882 0.7695454545454545 0.14294117647058824 0.034545454545454546
1 0.3941176470588235 0.45295454545454544 0.18823529411764706 0.035
1 0.4985294117647059 0.6868181818181818 0.10529411764705883 0.03363636363636364
1 0.6102941176470589 0.6831818181818182 0.057058823529411766 0.03909090909090909
1 0.475 0.41045454545454546 0.34647058823529414 0.04090909090909091
1 0.09529411764705882 0.6806818181818182 0.07882352941176471 0.03772727272727273
1 0.10470588235294118 0.3629545454545455 0.08823529411764706 0.03681818181818182
1 0.09823529411764706 0.4495454545454545 0.08352941176470588 0.03727272727272727
1 0.15529411764705883 0.9238636363636363 0.07058823529411765 0.04045454545454545
1 0.8029411764705883 0.5681818181818182 0.08705882352941176 0.034545454545454546
1 0.3311764705882353 0.9243181818181818 0.07294117647058823 0.03954545454545454
1 0.15441176470588236 0.8563636363636363 0.07352941176470588 0.04181818181818182
1 0.7152941176470589 0.7702272727272728 0.02823529411764706 0.03772727272727273
1 0.3723529411764706 0.5259090909090909 0.14 0.03909090909090909
1 0.08941176470588236 0.5290909090909091 0.0811764705882353 0.035454545454545454
1 0.6491176470588236 0.5725 0.14647058823529413 0.035
1 0.2447058823529412 0.8575 0.06823529411764706 0.038636363636363635
1 0.24205882352941177 0.9236363636363636 0.06529411764705882 0.04
1 0.4164705882352941 0.7706818181818181 0.2388235294117647 0.03409090909090909
1 0.76 0.9327272727272727 0.07058823529411765 0.04090909090909091
1 0.285 0.037954545454545456 0.03823529411764706 0.022272727272727274
1 0.6982352941176471 0.45545454545454545 0.10588235294117647 0.034545454545454546
1 0.6314705882352941 0.375 0.03705882352941176 0.034545454545454546
1 0.5494117647058824 0.3693181818181818 0.13176470588235295 0.038636363636363635
1 0.4176470588235294 0.8575 0.07647058823529412 0.03954545454545454
1 0.5820588235294117 0.9265909090909091 0.05941176470588235 0.03772727272727273
1 0.08852941176470588 0.5663636363636364 0.08294117647058824 0.038181818181818185
1 0.43588235294117644 0.5711363636363637 0.24941176470588236 0.04045454545454545
1 0.5926470588235294 0.5338636363636363 0.03235294117647059 0.03318181818181818
1 0.49823529411764705 0.6120454545454546 0.09411764705882353 0.029545454545454545
1 0.58 0.8602272727272727 0.06235294117647059 0.04045454545454545
1 0.10294117647058823 0.40613636363636363 0.09411764705882353 0.03772727272727273
1 0.6258823529411764 0.46 0.03294117647058824 0.035454545454545454
1 0.575 0.04022727272727273 0.11 0.022272727272727274
1 0.7461764705882353 0.4143181818181818 0.17705882352941177 0.038636363636363635
1 0.5032352941176471 0.9259090909090909 0.07235294117647059 0.03909090909090909
1 0.8461764705882353 0.8604545454545455 0.07352941176470588 0.04909090909090909
1 0.6717647058823529 0.8620454545454546 0.06588235294117648 0.03954545454545454
1 0.0976470588235294 0.7663636363636364 0.08470588235294117 0.034545454545454546
1 0.09352941176470589 0.7211363636363637 0.0811764705882353 0.03590909090909091
1 0.7111764705882353 0.37522727272727274 0.11764705882352941 0.03590909090909091
1 0.5470588235294118 0.45454545454545453 0.10823529411764705 0.034545454545454546
1 0.6155882352941177 0.7363636363636363 0.04294117647058823 0.03272727272727273
1 0.4964705882352941 0.8602272727272727 0.07058823529411765 0.04409090909090909
1 0.6605882352941177 0.5275 0.09411764705882353 0.03409090909090909
1 0.8594117647058823 0.4177272727272727 0.03411764705882353 0.031818181818181815
1 0.5117647058823529 0.7338636363636364 0.08352941176470588 0.031363636363636364
1 0.08852941176470588 0.605909090909091 0.08764705882352941 0.031818181818181815
1 0.675 0.9252272727272727 0.07235294117647059 0.03954545454545454
1 0.3305882352941176 0.8568181818181818 0.07176470588235294 0.04090909090909091
1 0.3911764705882353 0.36886363636363634 0.17294117647058824 0.038636363636363635
1 0.7458823529411764 0.5711363636363637 0.02823529411764706 0.035
1 0.6097058823529412 0.6136363636363636 0.051176470588235295 0.02727272727272727
1 0.36823529411764705 0.6838636363636363 0.14352941176470588 0.038636363636363635
1 0.5723529411764706 0.7379545454545454 0.029411764705882353 0.029545454545454545