1 0.40088235294117647 0.6806818181818182 0.20058823529411765 0.041363636363636366
1 0.5314705882352941 0.6890909090909091 0.04058823529411765 0.03363636363636364
1 0.7485294117647059 0.8611363636363636 0.05941176470588235 0.04681818181818182
1 0.8411764705882353 0.9384090909090909 0.07294117647058823 0.055
1 0.455 0.5720454545454545 0.2911764705882353 0.041363636363636366
1 0.4108823529411765 0.9265909090909091 0.06764705882352941 0.038636363636363635
1 0.3911764705882353 0.6152272727272727 0.17176470588235293 0.03681818181818182
1 0.3876470588235294 0.4625 0.17294117647058824 0.03590909090909091
1 0.6261764705882353 0.6831818181818182 0.12058823529411765 0.03636363636363636
1 0.3914705882352941 0.7254545454545455 0.19117647058823528 0.04181818181818182
1 0.09205882352941176 0.678409090909091 0.07235294117647059 0.03590909090909091
1 0.09705882352941177 0.3654545454545455 0.08470588235294117 0.035454545454545454
1 0.10529411764705883 0.4475 0.08588235294117647 0.03590909090909091
1 0.4697058823529412 0.7772727272727272 0.03235294117647059 0.035454545454545454
1 0.15 0.9218181818181819 0.05764705882352941 0.04181818181818182
1 0.32235294117647056 0.9256818181818182 0.0611764705882353 0.038636363636363635
1 0.1535294117647059 0.8563636363636363 0.05176470588235294 0.038181818181818185
1 0.4326470588235294 0.525 0.24411764705882352 0.03727272727272727
1 0.09911764705882353 0.5236363636363637 0.08294117647058824 0.03272727272727273
1 0.6255882352941177 0.7263636363636363 0.13823529411764707 0.038181818181818185
1 0.24970588235294117 0.8570454545454546 0.07352941176470588 0.03954545454545454
1 0.235 0.9225 0.05588235294117647 0.04045454545454545
1 0.37029411764705883 0.7713636363636364 0.1511764705882353 0.04
1 0.7591176470588236 0.9275 0.07 0.03954545454545454
1 0.2923529411764706 0.03363636363636364 0.05411764705882353 0.024545454545454544
1 0.5473529411764706 0.7729545454545454 0.09588235294117647 0.03681818181818182
1 0.6767647058823529 0.41363636363636364 0.19 0.04181818181818182
1 0.6429411764705882 0.3709090909090909 0.1623529411764706 0.03636363636363636
1 0.41058823529411764 0.8586363636363636 0.06705882352941177 0.04
1 0.5829411764705882 0.9313636363636364 0.0611764705882353 0.045454545454545456
1 0.09735294117647059 0.5645454545454546 0.08058823529411764 0.034545454545454546
1 0.5235294117647059 0.6120454545454546 0.07882352941176471 0.031363636363636364
1 0.5814705882352941 0.86 0.057058823529411766 0.04181818181818182
1 0.10058823529411764 0.40454545454545454 0.08823529411764706 0.035454545454545454
1 0.5694117647058824 0.03840909090909091 0.12117647058823529 0.022272727272727274
1 0.8370588235294117 0.8638636363636364 0.06823529411764706 0.04863636363636364
1 0.6661764705882353 0.8611363636363636 0.05823529411764706 0.042272727272727274
1 0.10441176470588236 0.7643181818181818 0.07705882352941176 0.035
1 0.09852941176470588 0.7229545454545454 0.07823529411764706 0.03590909090909091
1 0.5255882352941177 0.465 0.09941176470588235 0.03363636363636364
1 0.4979411764705882 0.8602272727272727 0.06529411764705882 0.038636363636363635
1 0.6294117647058823 0.5275 0.11411764705882353 0.035
1 0.42705882352941177 0.36954545454545457 0.24235294117647058 0.04090909090909091
1 0.5273529411764706 0.7281818181818182 0.039411764705882354 0.03272727272727273
1 0.09558823529411764 0.6086363636363636 0.08058823529411764 0.034545454545454546
1 0.6714705882352942 0.9281818181818182 0.06294117647058824 0.03727272727272727
1 0.3288235294117647 0.8584090909090909 0.058823529411764705 0.03954545454545454
1 0.6597058823529411 0.5729545454545455 0.10764705882352942 0.03590909090909091
1 0.4411764705882353 0.41113636363636363 0.28 0.04681818181818182