1 0.4379411764705882 0.685 0.2817647058823529 0.04
1 0.3891176470588235 0.4097727272727273 0.17470588235294118 0.03954545454545454
1 0.758235294117647 0.8636363636363636 0.07411764705882352 0.04
1 0.8441176470588235 0.9311363636363637 0.06941176470588235 0.03954545454545454
1 0.6202941176470588 0.6147727272727272 0.14882352941176472 0.04045454545454545
1 0.4032352941176471 0.9290909090909091 0.05588235294117647 0.03727272727272727
1 0.4264705882352941 0.5686363636363636 0.26705882352941174 0.034545454545454546
1 0.8252941176470588 0.7756818181818181 0.06823529411764706 0.03409090909090909
1 0.4208823529411765 0.6145454545454545 0.24058823529411766 0.04090909090909091
1 0.6523529411764706 0.7729545454545454 0.17294117647058824 0.03318181818181818
1 0.7714705882352941 0.5336363636363637 0.07352941176470588 0.03272727272727273
1 0.09058823529411765 0.6825 0.08470588235294117 0.03681818181818182
1 0.7647058823529411 0.5727272727272728 0.03294117647058824 0.03363636363636364
1 0.09647058823529411 0.4509090909090909 0.08823529411764706 0.03727272727272727
1 0.145 0.9309090909090909 0.051176470588235295 0.03727272727272727
1 0.7861764705882353 0.6165909090909091 0.08529411764705883 0.029545454545454545
1 0.31941176470588234 0.9309090909090909 0.06235294117647059 0.03727272727272727
1 0.15970588235294117 0.8556818181818182 0.0711764705882353 0.04045454545454545
1 0.7635294117647059 0.7870454545454545 0.03176470588235294 0.03590909090909091
1 0.08941176470588236 0.5247727272727273 0.08941176470588236 0.03590909090909091
1 0.6691176470588235 0.6897727272727273 0.18058823529411766 0.03772727272727273
1 0.24441176470588236 0.8595454545454545 0.0711764705882353 0.04181818181818182
1 0.2373529411764706 0.9302272727272727 0.05588235294117647 0.03681818181818182
1 0.4244117647058824 0.7720454545454546 0.2605882352941176 0.038636363636363635
1 0.7505882352941177 0.9347727272727273 0.05529411764705883 0.04045454545454545
1 0.09352941176470589 0.36568181818181816 0.08705882352941176 0.03590909090909091
1 0.6738235294117647 0.46136363636363636 0.06529411764705882 0.034545454545454546
1 0.695 0.37477272727272726 0.03705882352941176 0.03227272727272727
1 0.6094117647058823 0.41113636363636363 0.22941176470588234 0.04045454545454545
1 0.3723529411764706 0.3684090909090909 0.13529411764705881 0.038636363636363635
1 0.4138235294117647 0.8615909090909091 0.07235294117647059 0.042272727272727274
1 0.4894117647058824 0.9306818181818182 0.05411764705882353 0.038636363636363635
1 0.09294117647058824 0.5659090909090909 0.09176470588235294 0.03727272727272727
1 0.4082352941176471 0.5286363636363637 0.22 0.03909090909090909
1 0.6058823529411764 0.5293181818181818 0.14 0.03681818181818182
1 0.5255882352941177 0.45681818181818185 0.1652941176470588 0.04181818181818182
1 0.58 0.8618181818181818 0.05529411764705883 0.04
1 0.09823529411764706 0.405 0.09411764705882353 0.03636363636363636
1 0.655 0.5690909090909091 0.1688235294117647 0.03727272727272727
1 0.5644117647058824 0.04181818181818182 0.12411764705882353 0.022727272727272728
1 0.8188235294117647 0.41204545454545455 0.10235294117647059 0.03954545454545454
1 0.7176470588235294 0.6281818181818182 0.02588235294117647 0.03363636363636364
1 0.5788235294117647 0.9347727272727273 0.05529411764705883 0.03681818181818182
1 0.8335294117647059 0.6934090909090909 0.07882352941176471 0.02590909090909091
1 0.6741176470588235 0.8631818181818182 0.07058823529411765 0.04454545454545455
1 0.7597058823529412 0.37477272727272726 0.07470588235294118 0.031363636363636364
1 0.3623529411764706 0.4581818181818182 0.1223529411764706 0.038181818181818185
1 0.0961764705882353 0.765 0.08058823529411764 0.035454545454545454
1 0.095 0.7229545454545454 0.08529411764705883 0.03772727272727273
1 0.4979411764705882 0.8611363636363636 0.05823529411764706 0.038636363636363635
1 0.8411764705882353 0.5727272727272728 0.11411764705882353 0.03636363636363636
1 0.09411764705882353 0.6077272727272728 0.09294117647058824 0.03636363636363636
1 0.6626470588235294 0.9365909090909091 0.05823529411764706 0.038636363636363635
1 0.3305882352941176 0.8593181818181819 0.07176470588235294 0.03954545454545454
1 0.28794117647058826 0.03613636363636363 0.05235294117647059 0.02590909090909091
1 0.5561764705882353 0.37022727272727274 0.2076470588235294 0.035
1 0.7458823529411764 0.4113636363636364 0.03529411764705882 0.03363636363636364
1 0.6270588235294118 0.47295454545454546 0.02588235294117647 0.03227272727272727
1 0.7120588235294117 0.5377272727272727 0.031176470588235295 0.02909090909090909
1 0.7764705882352941 0.6954545454545454 0.03058823529411765 0.02909090909090909
1 0.43558823529411766 0.7284090909090909 0.2923529411764706 0.03772727272727273
1 0.6791176470588235 0.7290909090909091 0.1923529411764706 0.034545454545454546
1 0.7926470588235294 0.7313636363636363 0.025294117647058825 0.02909090909090909
1 0.8464705882352941 0.8645454545454545 0.07529411764705882 0.03727272727272727
1 0.8508823529411764 0.7286363636363636 0.10058823529411764 0.04363636363636364