1 0.3629411764705882 0.6884090909090909 0.13176470588235295 0.03590909090909091
1 0.7535294117647059 0.8652272727272727 0.0611764705882353 0.04045454545454545
1 0.8373529411764706 0.9286363636363636 0.04647058823529412 0.03909090909090909
1 0.5161764705882353 0.5713636363636364 0.07 0.03363636363636364
1 0.40911764705882353 0.9309090909090909 0.051176470588235295 0.038181818181818185
1 0.4873529411764706 0.5327272727272727 0.04764705882352941 0.03272727272727273
1 0.3511764705882353 0.6190909090909091 0.10823529411764705 0.034545454545454546
1 0.6741176470588235 0.8627272727272727 0.05176470588235294 0.03727272727272727
1 0.42705882352941177 0.6229545454545454 0.03294117647058824 0.03318181818181818
1 0.3941176470588235 0.7302272727272727 0.19058823529411764 0.03772727272727273
1 0.09147058823529412 0.6895454545454546 0.07470588235294118 0.035454545454545454
1 0.09735294117647059 0.36772727272727274 0.07588235294117647 0.035454545454545454
1 0.09382352941176471 0.4536363636363636 0.07823529411764706 0.038181818181818185
1 0.56 0.7268181818181818 0.10705882352941176 0.035454545454545454
1 0.15205882352941177 0.9263636363636364 0.05823529411764706 0.03909090909090909
1 0.32029411764705884 0.9304545454545454 0.05 0.03909090909090909
1 0.15 0.8590909090909091 0.04823529411764706 0.03909090909090909
1 0.08970588235294118 0.5293181818181818 0.060588235294117644 0.035
1 0.23705882352941177 0.8602272727272727 0.04941176470588235 0.03681818181818182
1 0.24176470588235294 0.9311363636363637 0.05764705882352941 0.04409090909090909
1 0.3788235294117647 0.7786363636363637 0.14823529411764705 0.034545454545454546
1 0.7532352941176471 0.9304545454545454 0.05 0.038181818181818185
1 0.3035294117647059 0.03613636363636363 0.036470588235294116 0.025
1 0.5102941176470588 0.7784090909090909 0.07 0.03227272727272727
1 0.38794117647058823 0.4138636363636364 0.17705882352941177 0.042272727272727274
1 0.4111764705882353 0.8627272727272727 0.06588235294117648 0.045454545454545456
1 0.585 0.9293181818181818 0.051176470588235295 0.03772727272727273
1 0.0861764705882353 0.5736363636363636 0.05588235294117647 0.03272727272727273
1 0.35794117647058826 0.5297727272727273 0.11705882352941177 0.03681818181818182
1 0.581764705882353 0.8636363636363636 0.05411764705882353 0.03636363636363636
1 0.09529411764705882 0.4072727272727273 0.0811764705882353 0.03727272727272727
1 0.5523529411764706 0.03977272727272727 0.09647058823529411 0.02590909090909091
1 0.6335294117647059 0.4163636363636364 0.28352941176470586 0.04090909090909091
1 0.5044117647058823 0.9309090909090909 0.057058823529411766 0.03727272727272727
1 0.8447058823529412 0.8661363636363636 0.07058823529411765 0.03954545454545454
1 0.5870588235294117 0.3756818181818182 0.20941176470588235 0.03409090909090909
1 0.48676470588235293 0.6911363636363637 0.060588235294117644 0.03318181818181818
1 0.37176470588235294 0.4581818181818182 0.1423529411764706 0.03727272727272727
1 0.09382352941176471 0.7729545454545454 0.09 0.03681818181818182
1 0.09294117647058824 0.7290909090909091 0.08 0.03636363636363636
1 0.55 0.455 0.17058823529411765 0.035454545454545454
1 0.4958823529411765 0.860909090909091 0.047058823529411764 0.038181818181818185
1 0.37676470588235295 0.3690909090909091 0.14294117647058824 0.038181818181818185
1 0.47794117647058826 0.6229545454545454 0.05235294117647059 0.03227272727272727
1 0.6723529411764706 0.928409090909091 0.0611764705882353 0.038636363636363635
1 0.32294117647058823 0.86 0.05411764705882353 0.038181818181818185
1 0.08147058823529411 0.6143181818181818 0.05588235294117647 0.038636363636363635
1 0.43823529411764706 0.5327272727272727 0.03294117647058824 0.038181818181818185
1 0.36705882352941177 0.571590909090909 0.14 0.03590909090909091
1 0.465 0.5709090909090909 0.033529411764705884 0.03363636363636364