1 0.40147058823529413 0.6813636363636364 0.18294117647058825 0.034545454545454546
1 0.5673529411764706 0.6827272727272727 0.12529411764705883 0.03727272727272727
1 0.7617647058823529 0.8604545454545455 0.05647058823529412 0.035454545454545454
1 0.8397058823529412 0.9272727272727272 0.05235294117647059 0.038181818181818185
1 0.5505882352941176 0.6090909090909091 0.11176470588235295 0.03363636363636364
1 0.41058823529411764 0.9240909090909091 0.052941176470588235 0.03636363636363636
1 0.5008823529411764 0.4097727272727273 0.03 0.03590909090909091
1 0.3911764705882353 0.6125 0.14705882352941177 0.035
1 0.6808823529411765 0.77 0.08647058823529412 0.031818181818181815
1 0.6547058823529411 0.6865909090909091 0.03058823529411765 0.03409090909090909
1 0.41205882352941176 0.7238636363636364 0.21470588235294116 0.03590909090909091
1 0.39205882352941174 0.40795454545454546 0.13941176470588235 0.03590909090909091
1 0.10205882352941177 0.6761363636363636 0.07470588235294118 0.03590909090909091
1 0.6811764705882353 0.7293181818181819 0.03058823529411765 0.03227272727272727
1 0.10323529411764706 0.4470454545454545 0.05 0.035
1 0.5941176470588235 0.7243181818181819 0.1376470588235294 0.03409090909090909
1 0.15058823529411763 0.9211363636363636 0.052941176470588235 0.03954545454545454
1 0.7576470588235295 0.7265909090909091 0.11529411764705882 0.03409090909090909
1 0.3261764705882353 0.9227272727272727 0.057058823529411766 0.03727272727272727
1 0.1514705882352941 0.8538636363636364 0.05235294117647059 0.03772727272727273
1 0.3997058823529412 0.5211363636363636 0.17 0.038636363636363635
1 0.1 0.519090909090909 0.06823529411764706 0.03363636363636364
1 0.23970588235294119 0.8563636363636363 0.05235294117647059 0.03727272727272727
1 0.23970588235294119 0.9225 0.057058823529411766 0.03681818181818182
1 0.38794117647058823 0.7670454545454546 0.15588235294117647 0.035
1 0.7561764705882353 0.9265909090909091 0.05352941176470588 0.03772727272727273
1 0.10970588235294118 0.3615909090909091 0.05823529411764706 0.03590909090909091
1 0.5311764705882352 0.7693181818181818 0.10470588235294118 0.03318181818181818
1 0.5770588235294117 0.36863636363636365 0.07529411764705882 0.03272727272727273
1 0.5652941176470588 0.4097727272727273 0.06941176470588235 0.03227272727272727
1 0.5088235294117647 0.3679545454545455 0.036470588235294116 0.035
1 0.4161764705882353 0.8590909090909091 0.051176470588235295 0.03727272727272727
1 0.586764705882353 0.9268181818181818 0.06411764705882353 0.03727272727272727
1 0.4123529411764706 0.5697727272727273 0.19411764705882353 0.028636363636363637
1 0.5658823529411765 0.5236363636363637 0.13294117647058823 0.035454545454545454
1 0.4726470588235294 0.4611363636363636 0.051176470588235295 0.03772727272727273
1 0.5844117647058824 0.8586363636363636 0.051176470588235295 0.038181818181818185
1 0.10441176470588236 0.40613636363636363 0.06647058823529411 0.035
1 0.10088235294117646 0.5625 0.07470588235294118 0.03409090909090909
1 0.591764705882353 0.5704545454545454 0.14352941176470588 0.034545454545454546
1 0.5555882352941176 0.03613636363636363 0.06529411764705882 0.021363636363636362
1 0.4985294117647059 0.9243181818181818 0.05588235294117647 0.03772727272727273
1 0.8385294117647059 0.8634090909090909 0.05823529411764706 0.03590909090909091
1 0.6658823529411765 0.8640909090909091 0.052941176470588235 0.03727272727272727
1 0.3785294117647059 0.44886363636363635 0.1111764705882353 0.038636363636363635
1 0.1011764705882353 0.7631818181818182 0.07529411764705882 0.035454545454545454
1 0.09852941176470588 0.7177272727272728 0.07705882352941176 0.03636363636363636
1 0.5411764705882353 0.45590909090909093 0.06 0.03272727272727273
1 0.6091176470588235 0.7736363636363637 0.028823529411764706 0.03272727272727273
1 0.5023529411764706 0.8602272727272727 0.05176470588235294 0.03772727272727273
1 0.4047058823529412 0.36613636363636365 0.13176470588235295 0.03681818181818182
1 0.0988235294117647 0.6043181818181819 0.07529411764705882 0.035
1 0.6688235294117647 0.9286363636363636 0.06 0.03909090909090909
1 0.3264705882352941 0.8556818181818182 0.052941176470588235 0.038636363636363635
1 0.7485294117647059 0.6838636363636363 0.10411764705882352 0.03409090909090909
1 0.31058823529411766 0.03340909090909091 0.041176470588235294 0.02590909090909091