1 0.4673529411764706 0.7368181818181818 0.33 0.03090909090909091
1 0.7602941176470588 0.8629545454545454 0.060588235294117644 0.035
1 0.8485294117647059 0.9295454545454546 0.06411764705882353 0.038181818181818185
1 0.611764705882353 0.5747727272727273 0.16823529411764707 0.03590909090909091
1 0.4108823529411765 0.9325 0.05352941176470588 0.03681818181818182
1 0.5741176470588235 0.5234090909090909 0.14 0.038636363636363635
1 0.8494117647058823 0.8631818181818182 0.06705882352941177 0.038181818181818185
1 0.39794117647058824 0.6206818181818182 0.1935294117647059 0.03409090909090909
1 0.40794117647058825 0.37863636363636366 0.22411764705882353 0.034545454545454546
1 0.6641176470588235 0.7840909090909091 0.10352941176470588 0.03090909090909091
1 0.7326470588235294 0.5197727272727273 0.09705882352941177 0.03590909090909091
1 0.10705882352941176 0.4593181818181818 0.09529411764705882 0.035
1 0.3988235294117647 0.6897727272727273 0.1811764705882353 0.03681818181818182
1 0.725 0.5756818181818182 0.03235294117647059 0.03318181818181818
1 0.10588235294117647 0.41863636363636364 0.10235294117647059 0.03636363636363636
1 0.5088235294117647 0.7815909090909091 0.12941176470588237 0.03318181818181818
1 0.5676470588235294 0.6195454545454545 0.1635294117647059 0.03090909090909091
1 0.16029411764705884 0.9309090909090909 0.060588235294117644 0.038181818181818185
1 0.7952941176470588 0.5745454545454546 0.1 0.035454545454545454
1 0.3326470588235294 0.9322727272727273 0.061764705882352944 0.038181818181818185
1 0.16088235294117648 0.8604545454545455 0.060588235294117644 0.03727272727272727
1 0.7170588235294117 0.7325 0.16588235294117648 0.035
1 0.4038235294117647 0.5247727272727273 0.19470588235294117 0.03954545454545454
1 0.11470588235294117 0.5288636363636363 0.10470588235294118 0.03590909090909091
1 0.6779411764705883 0.6186363636363637 0.028823529411764706 0.031818181818181815
1 0.24911764705882353 0.8640909090909091 0.05823529411764706 0.038181818181818185
1 0.24941176470588236 0.9297727272727273 0.06352941176470588 0.03772727272727273
1 0.37323529411764705 0.7795454545454545 0.14058823529411765 0.03363636363636364
1 0.7644117647058823 0.9281818181818182 0.06411764705882353 0.03727272727272727
1 0.3008823529411765 0.04386363636363636 0.04176470588235294 0.023181818181818182
1 0.67 0.455 0.10823529411764705 0.03
1 0.643235294117647 0.4188636363636364 0.17470588235294118 0.03409090909090909
1 0.41705882352941176 0.8638636363636364 0.05764705882352941 0.03681818181818182
1 0.5923529411764706 0.9304545454545454 0.06235294117647059 0.038181818181818185
1 0.41411764705882353 0.5754545454545454 0.2376470588235294 0.035454545454545454
1 0.5894117647058823 0.7781818181818182 0.03529411764705882 0.03272727272727273
1 0.09705882352941177 0.3743181818181818 0.11058823529411765 0.04409090909090909
1 0.5452941176470588 0.04045454545454545 0.09058823529411765 0.022727272727272728
1 0.8373529411764706 0.4202272727272727 0.16411764705882353 0.03954545454545454
1 0.5038235294117647 0.9302272727272727 0.05588235294117647 0.03954545454545454
1 0.6738235294117647 0.8629545454545454 0.05352941176470588 0.035
1 0.6147058823529412 0.3765909090909091 0.17058823529411765 0.035
1 0.8064705882352942 0.37636363636363634 0.1376470588235294 0.035454545454545454
1 0.5726470588235294 0.6938636363636363 0.14176470588235293 0.038636363636363635
1 0.883235294117647 0.7354545454545455 0.11941176470588236 0.035454545454545454
1 0.3785294117647059 0.4547727272727273 0.16294117647058823 0.03681818181818182
1 0.10294117647058823 0.7727272727272727 0.09176470588235294 0.03363636363636364
1 0.10235294117647059 0.7320454545454546 0.09294117647058824 0.03772727272727273
1 0.5214705882352941 0.455 0.12411764705882353 0.03
1 0.5073529411764706 0.8654545454545455 0.07 0.03636363636363636
1 0.6697058823529412 0.5252272727272728 0.04411764705882353 0.03409090909090909
1 0.10882352941176471 0.575 0.1011764705882353 0.04181818181818182
1 0.6776470588235294 0.9286363636363636 0.06235294117647059 0.03909090909090909
1 0.34058823529411764 0.8636363636363636 0.06705882352941177 0.03727272727272727
1 0.42823529411764705 0.4177272727272727 0.2541176470588235 0.03363636363636364
1 0.7470588235294118 0.6872727272727273 0.10352941176470588 0.03272727272727273
1 0.10852941176470589 0.6156818181818182 0.09 0.035
1 0.7173529411764706 0.3831818181818182 0.03705882352941176 0.03727272727272727
1 0.7455882352941177 0.4213636363636364 0.039411764705882354 0.035454545454545454
1 0.6 0.4586363636363636 0.03529411764705882 0.03090909090909091
1 0.11147058823529411 0.6893181818181818 0.10882352941176471 0.03318181818181818
1 0.8102941176470588 0.7361363636363636 0.03588235294117647 0.038636363636363635
1 0.5923529411764706 0.8661363636363636 0.06823529411764706 0.03954545454545454
1 0.7538235294117647 0.625 0.11235294117647059 0.038181818181818185
1 0.6770588235294117 0.7029545454545455 0.03294117647058824 0.03409090909090909