1 0.3211764705882353 0.6861363636363637 0.06 0.03409090909090909
1 0.8347058823529412 0.9275 0.04470588235294118 0.03681818181818182
1 0.4041176470588235 0.9275 0.04470588235294118 0.03590909090909091
1 0.8355882352941176 0.8615909090909091 0.04647058823529412 0.035
1 0.6605882352941177 0.925 0.041176470588235294 0.035454545454545454
1 0.66 0.8645454545454545 0.042352941176470586 0.035454545454545454
1 0.3138235294117647 0.6138636363636364 0.04294117647058823 0.019545454545454546
1 0.08 0.6818181818181818 0.06705882352941177 0.03272727272727273
1 0.08294117647058824 0.45431818181818184 0.07294117647058823 0.030454545454545453
1 0.08852941176470588 0.3665909090909091 0.07235294117647059 0.03318181818181818
1 0.14411764705882352 0.9270454545454545 0.04 0.03409090909090909
1 0.31470588235294117 0.9281818181818182 0.04352941176470588 0.035454545454545454
1 0.14558823529411766 0.8618181818181818 0.04058823529411765 0.02909090909090909
1 0.7420588235294118 0.8590909090909091 0.039411764705882354 0.034545454545454546
1 0.09176470588235294 0.5229545454545454 0.07058823529411765 0.03409090909090909
1 0.23 0.8615909090909091 0.03882352941176471 0.029545454545454545
1 0.22823529411764706 0.9254545454545454 0.042352941176470586 0.03727272727272727
1 0.31176470588235294 0.7711363636363636 0.042352941176470586 0.02409090909090909
1 0.7452941176470588 0.9245454545454546 0.04470588235294118 0.03727272727272727
1 0.27176470588235296 0.03704545454545455 0.03294117647058824 0.019545454545454546
1 0.32029411764705884 0.7261363636363637 0.05235294117647059 0.02590909090909091
1 0.4032352941176471 0.8638636363636364 0.039411764705882354 0.031363636363636364
1 0.5738235294117647 0.9259090909090909 0.04176470588235294 0.03090909090909091
1 0.3361764705882353 0.5236363636363637 0.07588235294117647 0.03
1 0.08823529411764706 0.5686363636363636 0.07647058823529412 0.03090909090909091
1 0.5558823529411765 0.03977272727272727 0.09529411764705882 0.020454545454545454
1 0.4908823529411765 0.925 0.045294117647058825 0.02909090909090909
1 0.3352941176470588 0.5722727272727273 0.08235294117647059 0.026363636363636363
1 0.08529411764705883 0.769090909090909 0.07411764705882352 0.031818181818181815
1 0.08088235294117647 0.7270454545454546 0.06764705882352941 0.03318181818181818
1 0.4726470588235294 0.5202272727272728 0.060588235294117644 0.022272727272727274
1 0.5729411764705883 0.8613636363636363 0.03882352941176471 0.031818181818181815
1 0.48676470588235293 0.8625 0.03823529411764706 0.028636363636363637
1 0.31941176470588234 0.3638636363636364 0.042352941176470586 0.028636363636363637
1 0.46441176470588236 0.5634090909090909 0.05823529411764706 0.02590909090909091
1 0.08352941176470588 0.6122727272727273 0.07058823529411765 0.034545454545454546
1 0.3138235294117647 0.8577272727272728 0.03705882352941176 0.02909090909090909
1 0.31441176470588234 0.4084090909090909 0.03705882352941176 0.028636363636363637
1 0.08352941176470588 0.4102272727272727 0.07294117647058823 0.030454545454545453
1 0.3114705882352941 0.4575 0.03235294117647059 0.018636363636363635
1 0.36617647058823527 0.3609090909090909 0.0488235294117647 0.024545454545454544
1 0.3511764705882353 0.4081818181818182 0.03764705882352941 0.02909090909090909
1 0.33794117647058824 0.45636363636363636 0.02411764705882353 0.02
1 0.4073529411764706 0.5234090909090909 0.054705882352941174 0.02772727272727273
1 0.4041176470588235 0.5665909090909091 0.05529411764705883 0.029545454545454545
1 0.35058823529411764 0.6122727272727273 0.03294117647058824 0.02
1 0.3847058823529412 0.6134090909090909 0.03529411764705882 0.01681818181818182