1 0.3644117647058824 0.6834090909090909 0.12176470588235294 0.035
1 0.40352941176470586 0.4081818181818182 0.20941176470588235 0.04
1 0.7602941176470588 0.8593181818181819 0.06411764705882353 0.04045454545454545
1 0.8573529411764705 0.9275 0.07352941176470588 0.041363636363636366
1 0.5455882352941176 0.6120454545454546 0.12411764705882353 0.035
1 0.4164705882352941 0.9290909090909091 0.06 0.03727272727272727
1 0.8538235294117648 0.8595454545454545 0.07 0.042727272727272725
1 0.3723529411764706 0.6181818181818182 0.17411764705882352 0.05454545454545454
1 0.40058823529411763 0.7236363636363636 0.19176470588235295 0.03909090909090909
1 0.8235294117647058 0.5265909090909091 0.08941176470588236 0.03409090909090909
1 0.10264705882352941 0.6829545454545455 0.08529411764705883 0.03681818181818182
1 0.10411764705882352 0.44772727272727275 0.08705882352941176 0.038181818181818185
1 0.10235294117647059 0.36613636363636365 0.10588235294117647 0.038636363636363635
1 0.5323529411764706 0.7718181818181818 0.18705882352941178 0.04
1 0.1585294117647059 0.9272727272727272 0.06411764705882353 0.03727272727272727
1 0.33088235294117646 0.9277272727272727 0.08411764705882353 0.04181818181818182
1 0.15205882352941177 0.8575 0.05352941176470588 0.04045454545454545
1 0.4288235294117647 0.5234090909090909 0.23058823529411765 0.038636363636363635
1 0.11529411764705882 0.5227272727272727 0.0988235294117647 0.035454545454545454
1 0.7173529411764706 0.6190909090909091 0.07470588235294118 0.03636363636363636
1 0.6470588235294118 0.5254545454545455 0.15411764705882353 0.03727272727272727
1 0.23352941176470587 0.9270454545454545 0.06823529411764706 0.03681818181818182
1 0.3629411764705882 0.7684090909090909 0.12117647058823529 0.03590909090909091
1 0.7620588235294118 0.9272727272727272 0.06529411764705882 0.038181818181818185
1 0.37970588235294117 0.3693181818181818 0.17823529411764705 0.03954545454545454
1 0.41294117647058826 0.8584090909090909 0.08588235294117647 0.045
1 0.5961764705882353 0.9272727272727272 0.07470588235294118 0.038181818181818185
1 0.5870588235294117 0.8575 0.06470588235294118 0.041363636363636366
1 0.0976470588235294 0.41204545454545455 0.09294117647058824 0.042272727272727274
1 0.11558823529411764 0.5668181818181818 0.09 0.038181818181818185
1 0.6573529411764706 0.4581818181818182 0.08058823529411764 0.04090909090909091
1 0.5608823529411765 0.04 0.11588235294117646 0.022727272727272728
1 0.6385294117647059 0.4097727272727273 0.25470588235294117 0.03409090909090909
1 0.505 0.9290909090909091 0.06647058823529411 0.038181818181818185
1 0.89 0.7268181818181818 0.09529411764705882 0.045454545454545456
1 0.6744117647058824 0.8584090909090909 0.06411764705882353 0.041363636363636366
1 0.5591176470588235 0.37272727272727274 0.18411764705882352 0.04
1 0.555 0.6861363636363637 0.24294117647058824 0.03954545454545454
1 0.9070588235294118 0.5713636363636364 0.06470588235294118 0.04
1 0.3644117647058824 0.4531818181818182 0.11823529411764706 0.03636363636363636
1 0.105 0.7647727272727273 0.09117647058823529 0.03681818181818182
1 0.7211764705882353 0.36863636363636365 0.14705882352941177 0.03727272727272727
1 0.5038235294117647 0.4536363636363636 0.12058823529411765 0.03727272727272727
1 0.4970588235294118 0.8597727272727272 0.07411764705882352 0.04318181818181818
1 0.8829411764705882 0.41113636363636363 0.10352941176470588 0.04318181818181818
1 0.47058823529411764 0.5668181818181818 0.33647058823529413 0.04
1 0.6517647058823529 0.7286363636363636 0.2847058823529412 0.038181818181818185
1 0.1161764705882353 0.6075 0.10882352941176471 0.038636363636363635
1 0.6697058823529412 0.9277272727272727 0.057058823529411766 0.04
1 0.3291176470588235 0.8586363636363636 0.061764705882352944 0.04
1 0.7414705882352941 0.5706818181818182 0.17470588235294118 0.038636363636363635
1 0.7691176470588236 0.6859090909090909 0.1111764705882353 0.03727272727272727
1 0.09705882352941177 0.7240909090909091 0.08 0.03636363636363636
1 0.28058823529411764 0.038636363636363635 0.047058823529411764 0.03909090909090909
1 0.6441176470588236 0.6247727272727273 0.05176470588235294 0.03590909090909091
1 0.6888235294117647 0.6922727272727273 0.03882352941176471 0.026363636363636363
1 0.8191176470588235 0.7263636363636363 0.03470588235294118 0.05
1 0.6591176470588235 0.7775 0.04058823529411765 0.03590909090909091
1 0.7576470588235295 0.7784090909090909 0.0988235294117647 0.03227272727272727
1 0.24176470588235294 0.8611363636363636 0.07058823529411765 0.04681818181818182
1 0.5920588235294117 0.47113636363636363 0.04411764705882353 0.042272727272727274
1 0.7961764705882353 0.41795454545454547 0.04411764705882353 0.05136363636363636
1 0.8544117647058823 0.5795454545454546 0.03705882352941176 0.05272727272727273
1 0.7555882352941177 0.5331818181818182 0.039411764705882354 0.034545454545454546