1 0.40941176470588236 0.6861363636363637 0.22470588235294117 0.03772727272727273
1 0.7505882352941177 0.8690909090909091 0.05176470588235294 0.04090909090909091
1 0.8447058823529412 0.9347727272727273 0.0611764705882353 0.04409090909090909
1 0.5402941176470588 0.6229545454545454 0.07705882352941176 0.030454545454545453
1 0.40941176470588236 0.9302272727272727 0.058823529411764705 0.038636363636363635
1 0.8429411764705882 0.8684090909090909 0.06352941176470588 0.04409090909090909
1 0.3841176470588235 0.6211363636363636 0.18 0.03409090909090909
1 0.3888235294117647 0.4511363636363636 0.15764705882352942 0.03772727272727273
1 0.41705882352941176 0.7311363636363636 0.24 0.03772727272727273
1 0.3185294117647059 0.035454545454545454 0.0488235294117647 0.023636363636363636
1 0.7635294117647059 0.5402272727272728 0.12352941176470589 0.03409090909090909
1 0.42617647058823527 0.41363636363636364 0.23823529411764705 0.03636363636363636
1 0.09558823529411764 0.6797727272727273 0.10647058823529412 0.03772727272727273
1 0.0976470588235294 0.4515909090909091 0.08470588235294117 0.03681818181818182
1 0.15411764705882353 0.9272727272727272 0.06235294117647059 0.04181818181818182
1 0.32735294117647057 0.9295454545454546 0.06411764705882353 0.038181818181818185
1 0.1511764705882353 0.8638636363636364 0.0611764705882353 0.042272727272727274
1 0.09705882352941177 0.5243181818181818 0.08470588235294117 0.03590909090909091
1 0.6394117647058823 0.695 0.1988235294117647 0.02909090909090909
1 0.23823529411764705 0.8622727272727273 0.06 0.03909090909090909
1 0.23176470588235293 0.9309090909090909 0.05529411764705883 0.03909090909090909
1 0.3885294117647059 0.7752272727272728 0.17470588235294118 0.029545454545454545
1 0.76 0.9297727272727273 0.06705882352941177 0.038636363636363635
1 0.10647058823529412 0.36704545454545456 0.1011764705882353 0.03772727272727273
1 0.5811764705882353 0.7761363636363636 0.19294117647058823 0.02409090909090909
1 0.6311764705882353 0.41409090909090907 0.14588235294117646 0.03636363636363636
1 0.4117647058823529 0.8620454545454546 0.0611764705882353 0.038636363636363635
1 0.585 0.93 0.060588235294117644 0.04
1 0.4211764705882353 0.5286363636363637 0.22470588235294117 0.03727272727272727
1 0.5897058823529412 0.5329545454545455 0.09235294117647058 0.035
1 0.42 0.5736363636363636 0.2376470588235294 0.03363636363636364
1 0.5841176470588235 0.8625 0.0611764705882353 0.041363636363636366
1 0.10264705882352941 0.405 0.09588235294117647 0.03727272727272727
1 0.09676470588235295 0.5665909090909091 0.08764705882352941 0.035
1 0.5873529411764706 0.5813636363636364 0.09117647058823529 0.03272727272727273
1 0.5658823529411765 0.04 0.10235294117647059 0.02181818181818182
1 0.7538235294117647 0.5827272727272728 0.11705882352941177 0.034545454545454546
1 0.4961764705882353 0.9336363636363636 0.060588235294117644 0.042727272727272725
1 0.6655882352941176 0.8656818181818182 0.054705882352941174 0.04045454545454545
1 0.5438235294117647 0.37636363636363634 0.10294117647058823 0.03363636363636364
1 0.105 0.7697727272727273 0.10764705882352942 0.03772727272727273
1 0.0961764705882353 0.7270454545454546 0.10058823529411764 0.03590909090909091
1 0.5408823529411765 0.45545454545454545 0.10058823529411764 0.03363636363636364
1 0.49823529411764705 0.8622727272727273 0.06588235294117648 0.03909090909090909
1 0.6591176470588235 0.5831818181818181 0.03 0.03272727272727273
1 0.6135294117647059 0.6247727272727273 0.03176470588235294 0.030454545454545453
1 0.38941176470588235 0.3679545454545455 0.14470588235294118 0.03772727272727273
1 0.09323529411764706 0.6090909090909091 0.08411764705882353 0.03272727272727273
1 0.6711764705882353 0.9293181818181818 0.0611764705882353 0.038636363636363635
1 0.3276470588235294 0.8606818181818182 0.058823529411764705 0.03954545454545454
1 0.6879411764705883 0.6275 0.10294117647058823 0.030454545454545453
1 0.6670588235294118 0.5379545454545455 0.04941176470588235 0.041363636363636366
1 0.6847058823529412 0.7361363636363636 0.28705882352941176 0.038636363636363635