1 0.3935294117647059 0.6827272727272727 0.1811764705882353 0.04
1 0.5747058823529412 0.6825 0.14823529411764705 0.03772727272727273
1 0.7626470588235295 0.8588636363636364 0.06294117647058824 0.04045454545454545
1 0.8447058823529412 0.9254545454545454 0.06470588235294118 0.04181818181818182
1 0.41147058823529414 0.925 0.06411764705882353 0.04
1 0.845 0.8586363636363636 0.06529411764705882 0.04181818181818182
1 0.3770588235294118 0.6090909090909091 0.1411764705882353 0.03636363636363636
1 0.6802941176470588 0.6879545454545455 0.03235294117647059 0.03681818181818182
1 0.7855882352941177 0.5286363636363637 0.09941176470588235 0.03636363636363636
1 0.11 0.6752272727272727 0.10823529411764705 0.041363636363636366
1 0.10823529411764705 0.44772727272727275 0.09058823529411765 0.03727272727272727
1 0.4411764705882353 0.7238636363636364 0.2741176470588235 0.03681818181818182
1 0.7564705882352941 0.5727272727272728 0.03058823529411765 0.034545454545454546
1 0.5338235294117647 0.7681818181818182 0.14529411764705882 0.03636363636363636
1 0.6908823529411765 0.7254545454545455 0.21 0.03363636363636364
1 0.15235294117647058 0.9225 0.05529411764705883 0.042272727272727274
1 0.836764705882353 0.5734090909090909 0.11941176470588236 0.03590909090909091
1 0.32588235294117646 0.9231818181818182 0.06 0.04
1 0.15176470588235294 0.8552272727272727 0.05411764705882353 0.042272727272727274
1 0.3911764705882353 0.5211363636363636 0.17294117647058824 0.03681818181818182
1 0.11588235294117646 0.5175 0.10352941176470588 0.03954545454545454
1 0.6729411764705883 0.6131818181818182 0.08235294117647059 0.031818181818181815
1 0.23676470588235293 0.855909090909091 0.04411764705882353 0.04
1 0.23941176470588235 0.9220454545454545 0.05529411764705883 0.03954545454545454
1 0.36941176470588233 0.7675 0.14588235294117646 0.03681818181818182
1 0.7652941176470588 0.9254545454545454 0.06941176470588235 0.03909090909090909
1 0.10764705882352942 0.36204545454545456 0.08705882352941176 0.03772727272727273
1 0.6929411764705883 0.4552272727272727 0.07294117647058823 0.030454545454545453
1 0.7105882352941176 0.37636363636363634 0.042352941176470586 0.042727272727272725
1 0.6320588235294118 0.4602272727272727 0.04058823529411765 0.03318181818181818
1 0.415 0.8590909090909091 0.05941176470588235 0.038181818181818185
1 0.40911764705882353 0.5663636363636364 0.21352941176470588 0.03727272727272727
1 0.5852941176470589 0.5245454545454545 0.17058823529411765 0.03727272727272727
1 0.5202941176470588 0.6113636363636363 0.12529411764705883 0.03363636363636364
1 0.5826470588235294 0.8606818181818182 0.057058823529411766 0.042272727272727274
1 0.11176470588235295 0.4036363636363636 0.0988235294117647 0.03727272727272727
1 0.11529411764705882 0.5609090909090909 0.10588235294117647 0.03727272727272727
1 0.6314705882352941 0.5697727272727273 0.20058823529411765 0.03681818181818182
1 0.5952941176470589 0.3675 0.14588235294117646 0.03772727272727273
1 0.5064705882352941 0.9247727272727273 0.07882352941176471 0.04045454545454545
1 0.7011764705882353 0.7702272727272728 0.07176470588235294 0.03318181818181818
1 0.6673529411764706 0.4097727272727273 0.18764705882352942 0.04045454545454545
1 0.7861764705882353 0.3704545454545455 0.0711764705882353 0.031818181818181815
1 0.8823529411764706 0.7270454545454546 0.09411764705882353 0.03318181818181818
1 0.37941176470588234 0.4486363636363636 0.15176470588235294 0.03909090909090909
1 0.11205882352941177 0.7602272727272728 0.09470588235294118 0.038636363636363635
1 0.1126470588235294 0.7204545454545455 0.10058823529411764 0.03909090909090909
1 0.5317647058823529 0.4531818181818182 0.11176470588235295 0.03636363636363636
1 0.6411764705882353 0.7736363636363637 0.03294117647058824 0.03636363636363636
1 0.49970588235294117 0.8595454545454545 0.060588235294117644 0.03909090909090909
1 0.7032352941176471 0.5365909090909091 0.028823529411764706 0.03409090909090909
1 0.8661764705882353 0.41045454545454546 0.08411764705882353 0.03272727272727273
1 0.6126470588235294 0.6168181818181818 0.03588235294117647 0.03090909090909091
1 0.40558823529411764 0.365 0.20294117647058824 0.03636363636363636
1 0.11823529411764706 0.6027272727272728 0.10588235294117647 0.038181818181818185
1 0.6670588235294118 0.9259090909090909 0.06 0.04
1 0.3214705882352941 0.8547727272727272 0.04647058823529412 0.042272727272727274
1 0.7617647058823529 0.6852272727272727 0.07764705882352942 0.035
1 0.3058823529411765 0.031818181818181815 0.03529411764705882 0.01818181818181818
1 0.5723529411764706 0.03340909090909091 0.11764705882352941 0.02409090909090909
1 0.7976470588235294 0.41204545454545455 0.024705882352941175 0.03409090909090909
1 0.43323529411764705 0.4106818181818182 0.2641176470588235 0.03954545454545454
1 0.8161764705882353 0.7277272727272728 0.026470588235294117 0.03272727272727273
1 0.6764705882352942 0.8597727272727272 0.06588235294117648 0.04045454545454545
1 0.5885294117647059 0.9261363636363636 0.06294117647058824 0.03681818181818182