1 0.3973529411764706 0.6820454545454545 0.19 0.03590909090909091
1 0.7638235294117647 0.8618181818181818 0.060588235294117644 0.03727272727272727
1 0.8458823529411764 0.9281818181818182 0.06823529411764706 0.038181818181818185
1 0.5258823529411765 0.6211363636363636 0.21529411764705883 0.03409090909090909
1 0.41411764705882353 0.9281818181818182 0.05411764705882353 0.03636363636363636
1 0.3447058823529412 0.6193181818181818 0.1011764705882353 0.03409090909090909
1 0.5397058823529411 0.5809090909090909 0.25 0.03636363636363636
1 0.7032352941176471 0.7706818181818181 0.09 0.031363636363636364
1 0.6802941176470588 0.7256818181818182 0.028823529411764706 0.035
1 0.3985294117647059 0.7245454545454545 0.19470588235294117 0.035454545454545454
1 0.3679411764705882 0.4618181818181818 0.15 0.028181818181818183
1 0.09911764705882353 0.6788636363636363 0.07235294117647059 0.035
1 0.10823529411764705 0.3668181818181818 0.06588235294117648 0.03363636363636364
1 0.10823529411764705 0.4552272727272727 0.07058823529411765 0.035
1 0.586764705882353 0.7265909090909091 0.15941176470588236 0.03409090909090909
1 0.15911764705882353 0.9279545454545455 0.05941176470588235 0.03681818181818182
1 0.7502941176470588 0.7275 0.10176470588235294 0.03318181818181818
1 0.33794117647058824 0.9277272727272727 0.06529411764705882 0.03727272727272727
1 0.1585294117647059 0.8577272727272728 0.05352941176470588 0.03636363636363636
1 0.39676470588235296 0.5277272727272727 0.1711764705882353 0.035454545454545454
1 0.10705882352941176 0.5279545454545455 0.06588235294117648 0.03227272727272727
1 0.2529411764705882 0.8577272727272728 0.06823529411764706 0.03909090909090909
1 0.24705882352941178 0.9265909090909091 0.05647058823529412 0.03681818181818182
1 0.3788235294117647 0.7763636363636364 0.16588235294117648 0.031818181818181815
1 0.7611764705882353 0.925 0.06352941176470588 0.038181818181818185
1 0.5352941176470588 0.7713636363636364 0.12117647058823529 0.03272727272727273
1 0.6070588235294118 0.4175 0.1776470588235294 0.03681818181818182
1 0.6985294117647058 0.3759090909090909 0.24294117647058824 0.04
1 0.4238235294117647 0.8579545454545454 0.06529411764705882 0.038636363636363635
1 0.5858823529411765 0.9261363636363636 0.05529411764705883 0.038636363636363635
1 0.5885294117647059 0.8597727272727272 0.06294117647058824 0.03681818181818182
1 0.10323529411764706 0.4125 0.06764705882352941 0.035
1 0.11 0.5727272727272728 0.06705882352941177 0.03363636363636364
1 0.4985294117647059 0.9306818181818182 0.051176470588235295 0.04318181818181818
1 0.8420588235294117 0.8602272727272727 0.05823529411764706 0.038636363636363635
1 0.6761764705882353 0.8579545454545454 0.057058823529411766 0.03772727272727273
1 0.5938235294117648 0.6868181818181818 0.17470588235294118 0.03636363636363636
1 0.09852941176470588 0.7713636363636364 0.07823529411764706 0.034545454545454546
1 0.10088235294117646 0.7229545454545454 0.07941176470588235 0.035
1 0.5138235294117647 0.4631818181818182 0.1323529411764706 0.03090909090909091
1 0.6276470588235294 0.7759090909090909 0.029411764705882353 0.034545454545454546
1 0.5041176470588236 0.8602272727272727 0.06 0.03772727272727273
1 0.6285294117647059 0.5238636363636363 0.2735294117647059 0.03772727272727273
1 0.42264705882352943 0.37068181818181817 0.24529411764705883 0.03681818181818182
1 0.10764705882352942 0.6140909090909091 0.06823529411764706 0.03363636363636364
1 0.6752941176470588 0.925 0.06235294117647059 0.038181818181818185
1 0.33647058823529413 0.8572727272727273 0.058823529411764705 0.038181818181818185
1 0.7588235294117647 0.6856818181818182 0.09058823529411765 0.03318181818181818
1 0.28352941176470586 0.034772727272727275 0.041176470588235294 0.030454545454545453
1 0.5714705882352941 0.04090909090909091 0.13117647058823528 0.02727272727272727
1 0.39794117647058824 0.4197727272727273 0.2076470588235294 0.025
1 0.3552941176470588 0.5763636363636364 0.1223529411764706 0.028181818181818183
1 0.6858823529411765 0.6990909090909091 0.02823529411764706 0.03272727272727273