1 0.45941176470588235 0.6797727272727273 0.32 0.03318181818181818
1 0.763235294117647 0.8570454545454546 0.061764705882352944 0.04409090909090909
1 0.8476470588235294 0.923409090909091 0.06470588235294118 0.042272727272727274
1 0.4152941176470588 0.9229545454545455 0.05764705882352941 0.038636363636363635
1 0.4802941176470588 0.5202272727272728 0.37 0.03590909090909091
1 0.8552941176470589 0.8554545454545455 0.07529411764705882 0.04181818181818182
1 0.6808823529411765 0.7681818181818182 0.06529411764705882 0.03363636363636364
1 0.41411764705882353 0.44886363636363635 0.22 0.041363636363636366
1 0.7094117647058824 0.678409090909091 0.16588235294117648 0.03954545454545454
1 0.793235294117647 0.5195454545454545 0.2570588235294118 0.04363636363636364
1 0.11352941176470588 0.6777272727272727 0.10470588235294118 0.04
1 0.4476470588235294 0.7227272727272728 0.29058823529411765 0.04
1 0.11705882352941177 0.3625 0.10470588235294118 0.038636363636363635
1 0.12676470588235295 0.44 0.11470588235294117 0.038181818181818185
1 0.5041176470588236 0.8518181818181818 0.06352941176470588 0.03727272727272727
1 0.6252941176470588 0.7661363636363636 0.036470588235294116 0.03772727272727273
1 0.15411764705882353 0.9213636363636364 0.06 0.04090909090909091
1 0.8020588235294117 0.5631818181818182 0.24764705882352941 0.04181818181818182
1 0.3326470588235294 0.9220454545454545 0.0688235294117647 0.03954545454545454
1 0.15441176470588236 0.8525 0.061764705882352944 0.03954545454545454
1 0.7767647058823529 0.7229545454545454 0.03588235294117647 0.03772727272727273
1 0.12441176470588235 0.5179545454545454 0.10411764705882352 0.03772727272727273
1 0.6791176470588235 0.7236363636363636 0.14882352941176472 0.03727272727272727
1 0.24558823529411763 0.8529545454545454 0.061764705882352944 0.03772727272727273
1 0.24441176470588236 0.9209090909090909 0.05941176470588235 0.038181818181818185
1 0.3914705882352941 0.7606818181818182 0.18176470588235294 0.03772727272727273
1 0.7655882352941177 0.9211363636363636 0.07352941176470588 0.04318181818181818
1 0.6894117647058824 0.36522727272727273 0.2576470588235294 0.04045454545454545
1 0.6176470588235294 0.45136363636363636 0.1811764705882353 0.03636363636363636
1 0.41323529411764703 0.8531818181818182 0.057058823529411766 0.038181818181818185
1 0.5952941176470589 0.9202272727272728 0.07529411764705882 0.04045454545454545
1 0.49058823529411766 0.5634090909090909 0.37529411764705883 0.035
1 0.42470588235294116 0.6040909090909091 0.2447058823529412 0.038181818181818185
1 0.5920588235294117 0.8543181818181819 0.06647058823529411 0.04045454545454545
1 0.12323529411764705 0.4018181818181818 0.11235294117647059 0.038181818181818185
1 0.11705882352941177 0.5659090909090909 0.11058823529411765 0.034545454545454546
1 0.645 0.6040909090909091 0.17588235294117646 0.035454545454545454
1 0.7444117647058823 0.41045454545454546 0.2688235294117647 0.03727272727272727
1 0.49941176470588233 0.9229545454545455 0.06588235294117648 0.03954545454545454
1 0.8764705882352941 0.6809090909090909 0.09176470588235294 0.035454545454545454
1 0.6758823529411765 0.855909090909091 0.06588235294117648 0.042727272727272725
1 0.4597058823529412 0.40613636363636363 0.31 0.03954545454545454
1 0.8391176470588235 0.7238636363636364 0.09705882352941177 0.035
1 0.11352941176470588 0.7577272727272727 0.0976470588235294 0.03636363636363636
1 0.11352941176470588 0.7190909090909091 0.09294117647058824 0.03727272727272727
1 0.43 0.36113636363636364 0.24823529411764705 0.03772727272727273
1 0.12294117647058823 0.6034090909090909 0.11529411764705882 0.03681818181818182
1 0.6747058823529412 0.9220454545454545 0.06 0.041363636363636366
1 0.32676470588235296 0.8520454545454546 0.057058823529411766 0.03681818181818182
1 0.8155882352941176 0.6838636363636363 0.03235294117647059 0.03772727272727273
1 0.2861764705882353 0.02727272727272727 0.05235294117647059 0.022727272727272728
1 0.35 0.031363636363636364 0.06823529411764706 0.028181818181818183
1 0.5714705882352941 0.03318181818181818 0.13 0.023636363636363636
1 0.5467647058823529 0.7684090909090909 0.12176470588235294 0.03318181818181818