1 0.3941176470588235 0.6770454545454545 0.18705882352941178 0.04045454545454545
1 0.5376470588235294 0.6775 0.09176470588235294 0.03590909090909091
1 0.7626470588235295 0.8572727272727273 0.0688235294117647 0.04090909090909091
1 0.8444117647058823 0.9272727272727272 0.06294117647058824 0.038181818181818185
1 0.41705882352941176 0.9225 0.06588235294117648 0.038636363636363635
1 0.41 0.5227272727272727 0.2235294117647059 0.03636363636363636
1 0.8411764705882353 0.8611363636363636 0.06235294117647059 0.042272727272727274
1 0.6758823529411765 0.8586363636363636 0.06588235294117648 0.04
1 0.3870588235294118 0.44772727272727275 0.17294117647058824 0.03636363636363636
1 0.4152941176470588 0.3643181818181818 0.2164705882352941 0.03590909090909091
1 0.4152941176470588 0.4059090909090909 0.2164705882352941 0.03636363636363636
1 0.09205882352941176 0.6745454545454546 0.07588235294117647 0.03727272727272727
1 0.09323529411764706 0.4481818181818182 0.08176470588235295 0.03636363636363636
1 0.3791176470588235 0.7238636363636364 0.15823529411764706 0.03772727272727273
1 0.09852941176470588 0.3593181818181818 0.0888235294117647 0.03772727272727273
1 0.6155882352941177 0.6106818181818182 0.13 0.03318181818181818
1 0.15705882352941178 0.9195454545454546 0.06470588235294118 0.04
1 0.6529411764705882 0.5672727272727273 0.17411764705882352 0.03909090909090909
1 0.3247058823529412 0.9202272727272728 0.0611764705882353 0.038636363636363635
1 0.14882352941176472 0.8502272727272727 0.047058823529411764 0.03681818181818182
1 0.7464705882352941 0.6104545454545455 0.07058823529411765 0.03272727272727273
1 0.10029411764705883 0.5184090909090909 0.10058823529411764 0.038636363636363635
1 0.2376470588235294 0.8525 0.05647058823529412 0.038636363636363635
1 0.23852941176470588 0.9204545454545454 0.054705882352941174 0.03909090909090909
1 0.3679411764705882 0.7645454545454545 0.14882352941176472 0.03727272727272727
1 0.7579411764705882 0.925 0.06411764705882353 0.038181818181818185
1 0.6602941176470588 0.36477272727272725 0.25823529411764706 0.03590909090909091
1 0.40794117647058825 0.8556818181818182 0.05 0.03954545454545454
1 0.58 0.923409090909091 0.05176470588235294 0.041363636363636366
1 0.4214705882352941 0.5593181818181818 0.23941176470588235 0.03772727272727273
1 0.4164705882352941 0.6077272727272728 0.2223529411764706 0.03272727272727273
1 0.5829411764705882 0.855909090909091 0.05647058823529412 0.04090909090909091
1 0.09794117647058824 0.4031818181818182 0.07235294117647059 0.03727272727272727
1 0.10029411764705883 0.5590909090909091 0.09117647058823529 0.035454545454545454
1 0.6461764705882352 0.4077272727272727 0.23941176470588235 0.04090909090909091
1 0.4914705882352941 0.9220454545454545 0.05235294117647059 0.041363636363636366
1 0.095 0.7586363636363637 0.08294117647058824 0.034545454545454546
1 0.5647058823529412 0.4490909090909091 0.17647058823529413 0.03909090909090909
1 0.4908823529411765 0.8568181818181818 0.05235294117647059 0.03636363636363636
1 0.6244117647058823 0.5245454545454545 0.19588235294117648 0.03727272727272727
1 0.10205882352941177 0.6018181818181818 0.09235294117647058 0.035454545454545454
1 0.6673529411764706 0.9256818181818182 0.054705882352941174 0.041363636363636366
1 0.3205882352941177 0.8520454545454546 0.04588235294117647 0.03681818181818182
1 0.09411764705882353 0.7177272727272728 0.08235294117647059 0.035454545454545454
1 0.28088235294117647 0.03 0.03470588235294118 0.026363636363636363
1 0.33941176470588236 0.028863636363636362 0.07764705882352942 0.02590909090909091
1 0.5785294117647058 0.03590909090909091 0.13705882352941176 0.03363636363636364
1 0.7617647058823529 0.5690909090909091 0.03176470588235294 0.03909090909090909
1 0.8220588235294117 0.5702272727272727 0.07941176470588235 0.03681818181818182
1 0.736764705882353 0.5268181818181819 0.026470588235294117 0.03363636363636364
1 0.7908823529411765 0.5247727272727273 0.08176470588235295 0.04045454545454545
1 0.6958823529411765 0.6140909090909091 0.02823529411764706 0.031818181818181815
1 0.4973529411764706 0.7238636363636364 0.07588235294117647 0.038636363636363635
1 0.47794117647058826 0.7643181818181818 0.0688235294117647 0.03590909090909091