1 0.37441176470588233 0.685 0.15235294117647058 0.03636363636363636
1 0.5855882352941176 0.6865909090909091 0.031176470588235295 0.03681818181818182
1 0.7461764705882353 0.8604545454545455 0.051176470588235295 0.042727272727272725
1 0.831764705882353 0.9306818181818182 0.052941176470588235 0.041363636363636366
1 0.5438235294117647 0.5711363636363637 0.13470588235294118 0.03318181818181818
1 0.4011764705882353 0.9293181818181818 0.052941176470588235 0.03954545454545454
1 0.0838235294117647 0.5231818181818182 0.0711764705882353 0.03363636363636364
1 0.49264705882352944 0.5284090909090909 0.09705882352941177 0.03772727272727273
1 0.35 0.6138636363636364 0.10588235294117647 0.03590909090909091
1 0.655 0.6877272727272727 0.08764705882352941 0.03636363636363636
1 0.40205882352941175 0.7263636363636363 0.2111764705882353 0.03727272727272727
1 0.7014705882352941 0.4168181818181818 0.031176470588235295 0.03272727272727273
1 0.08147058823529411 0.6825 0.0688235294117647 0.035
1 0.10323529411764706 0.3634090909090909 0.07941176470588235 0.03681818181818182
1 0.10323529411764706 0.45 0.08058823529411764 0.03727272727272727
1 0.4752941176470588 0.7754545454545455 0.1011764705882353 0.03
1 0.5738235294117647 0.7263636363636363 0.12764705882352942 0.035454545454545454
1 0.1497058823529412 0.9277272727272727 0.05588235294117647 0.04363636363636364
1 0.32588235294117646 0.9286363636363636 0.04941176470588235 0.04181818181818182
1 0.1476470588235294 0.8568181818181818 0.04823529411764706 0.04090909090909091
1 0.38529411764705884 0.5709090909090909 0.18 0.03
1 0.6485294117647059 0.7288636363636364 0.027647058823529413 0.035
1 0.6202941176470588 0.5311363636363636 0.09 0.03681818181818182
1 0.2311764705882353 0.9268181818181818 0.04941176470588235 0.04181818181818182
1 0.35970588235294115 0.7743181818181818 0.12176470588235294 0.026818181818181817
1 0.7508823529411764 0.93 0.05588235294117647 0.04181818181818182
1 0.2952941176470588 0.035 0.04470588235294118 0.024545454545454544
1 0.6191176470588236 0.4138636363636364 0.13 0.03590909090909091
1 0.4052941176470588 0.8602272727272727 0.04588235294117647 0.03954545454545454
1 0.5729411764705883 0.9245454545454546 0.047058823529411764 0.04181818181818182
1 0.3688235294117647 0.5281818181818182 0.1388235294117647 0.034545454545454546
1 0.553235294117647 0.46386363636363637 0.027647058823529413 0.03409090909090909
1 0.49470588235294116 0.4627272727272727 0.08470588235294117 0.026363636363636363
1 0.6 0.7806818181818181 0.08823529411764706 0.022272727272727274
1 0.10294117647058823 0.40613636363636363 0.08352941176470588 0.03590909090909091
1 0.09176470588235294 0.5647727272727273 0.06823529411764706 0.03409090909090909
1 0.6311764705882353 0.5743181818181818 0.02588235294117647 0.035
1 0.5608823529411765 0.03681818181818182 0.09823529411764706 0.023636363636363636
1 0.6220588235294118 0.37977272727272726 0.028823529411764706 0.038636363636363635
1 0.7717647058823529 0.4159090909090909 0.10941176470588235 0.03272727272727273
1 0.7311764705882353 0.7268181818181818 0.12117647058823529 0.035454545454545454
1 0.49176470588235294 0.9329545454545455 0.047058823529411764 0.045909090909090906
1 0.8326470588235294 0.8634090909090909 0.057058823529411766 0.045
1 0.6620588235294118 0.8638636363636364 0.04647058823529412 0.045909090909090906
1 0.5452941176470588 0.3718181818181818 0.12 0.038181818181818185
1 0.5179411764705882 0.6854545454545454 0.10411764705882352 0.034545454545454546
1 0.37470588235294117 0.4581818181818182 0.15294117647058825 0.02909090909090909
1 0.08441176470588235 0.7647727272727273 0.0688235294117647 0.03590909090909091
1 0.6841176470588235 0.37477272727272726 0.08823529411764706 0.03409090909090909
1 0.495 0.8631818181818182 0.060588235294117644 0.03727272727272727
1 0.6055882352941176 0.4606818181818182 0.07352941176470588 0.030454545454545453
1 0.39558823529411763 0.3684090909090909 0.17705882352941177 0.04045454545454545
1 0.5364705882352941 0.62 0.06588235294117648 0.028181818181818183
1 0.09294117647058824 0.6088636363636364 0.07294117647058823 0.035
1 0.6644117647058824 0.9336363636363636 0.05235294117647059 0.04909090909090909
1 0.32 0.8586363636363636 0.047058823529411764 0.04
1 0.6905882352941176 0.5736363636363636 0.08823529411764706 0.03363636363636364
1 0.08352941176470588 0.7234090909090909 0.06705882352941177 0.03590909090909091
1 0.42705882352941177 0.41204545454545455 0.25058823529411767 0.035
1 0.44382352941176473 0.6161363636363636 0.0711764705882353 0.030454545454545453
1 0.5405882352941176 0.7854545454545454 0.027058823529411764 0.02909090909090909
1 0.5741176470588235 0.8631818181818182 0.04470588235294118 0.03727272727272727
1 0.22970588235294118 0.8593181818181819 0.04058823529411765 0.03409090909090909
1 0.5573529411764706 0.5334090909090909 0.033529411764705884 0.035
1 0.4902941176470588 0.6247727272727273 0.031176470588235295 0.030454545454545453