1 0.4288235294117647 0.6918181818181818 0.25176470588235295 0.038181818181818185
1 0.7638235294117647 0.8638636363636364 0.051176470588235295 0.04863636363636364
1 0.8520588235294118 0.9309090909090909 0.05823529411764706 0.04
1 0.5852941176470589 0.6209090909090909 0.1 0.034545454545454546
1 0.4194117647058824 0.9311363636363637 0.0611764705882353 0.03954545454545454
1 0.4835294117647059 0.5311363636363636 0.25176470588235295 0.03954545454545454
1 0.42205882352941176 0.37613636363636366 0.16411764705882353 0.03772727272727273
1 0.5905882352941176 0.7779545454545455 0.11647058823529412 0.03318181818181818
1 0.42058823529411765 0.6234090909090909 0.18941176470588236 0.03681818181818182
1 0.4682352941176471 0.7297727272727272 0.32 0.038636363636363635
1 0.1126470588235294 0.4575 0.060588235294117644 0.03590909090909091
1 0.7355882352941177 0.575 0.03705882352941176 0.03272727272727273
1 0.11323529411764706 0.4177272727272727 0.05941176470588235 0.035454545454545454
1 0.16676470588235295 0.9302272727272727 0.06529411764705882 0.03954545454545454
1 0.8314705882352941 0.5752272727272727 0.1323529411764706 0.03772727272727273
1 0.32823529411764707 0.9288636363636363 0.05176470588235294 0.041363636363636366
1 0.1638235294117647 0.8681818181818182 0.054705882352941174 0.042727272727272725
1 0.11705882352941177 0.5302272727272728 0.08 0.035
1 0.7223529411764706 0.7302272727272727 0.16941176470588235 0.035
1 0.24558823529411763 0.865909090909091 0.05588235294117647 0.04454545454545455
1 0.663235294117647 0.6240909090909091 0.03588235294117647 0.03
1 0.24735294117647058 0.9311363636363637 0.054705882352941174 0.038636363636363635
1 0.4164705882352941 0.7763636363636364 0.21764705882352942 0.03636363636363636
1 0.7720588235294118 0.9306818181818182 0.07235294117647059 0.042272727272727274
1 0.3120588235294118 0.04 0.03705882352941176 0.024545454545454544
1 0.4273529411764706 0.41863636363636364 0.18529411764705883 0.038181818181818185
1 0.42676470588235293 0.8636363636363636 0.0711764705882353 0.042727272727272725
1 0.5894117647058823 0.9363636363636364 0.06235294117647059 0.05
1 0.4420588235294118 0.5738636363636364 0.23588235294117646 0.03772727272727273
1 0.41352941176470587 0.46636363636363637 0.15411764705882353 0.034545454545454546
1 0.5873529411764706 0.8631818181818182 0.057058823529411766 0.04090909090909091
1 0.12441176470588235 0.37727272727272726 0.06294117647058824 0.034545454545454546
1 0.6388235294117647 0.5770454545454545 0.13529411764705881 0.03409090909090909
1 0.5608823529411765 0.0375 0.09588235294117647 0.02409090909090909
1 0.508235294117647 0.93 0.0611764705882353 0.04090909090909091
1 0.8482352941176471 0.8645454545454545 0.05529411764705883 0.04363636363636364
1 0.6747058823529412 0.8625 0.05411764705882353 0.04409090909090909
1 0.12529411764705883 0.7768181818181819 0.08235294117647059 0.04363636363636364
1 0.12264705882352941 0.69 0.07941176470588235 0.03727272727272727
1 0.7141176470588235 0.5275 0.1564705882352941 0.03409090909090909
1 0.5073529411764706 0.8663636363636363 0.061764705882352944 0.04818181818181818
1 0.8970588235294118 0.5313636363636364 0.11764705882352941 0.035454545454545454
1 0.12323529411764705 0.5759090909090909 0.07470588235294118 0.034545454545454546
1 0.6802941176470588 0.9288636363636363 0.0711764705882353 0.04318181818181818
1 0.3397058823529412 0.8652272727272727 0.0711764705882353 0.042272727272727274
1 0.7447058823529412 0.6206818181818182 0.10941176470588235 0.030454545454545453
1 0.12029411764705883 0.6202272727272727 0.07705882352941176 0.030454545454545453
1 0.12088235294117647 0.7336363636363636 0.0888235294117647 0.04090909090909091
1 0.6267647058823529 0.6884090909090909 0.13588235294117648 0.03227272727272727
1 0.8205882352941176 0.5320454545454546 0.03529411764705882 0.03227272727272727