1 0.645 0.6872727272727273 0.17352941176470588 0.042727272727272725
1 0.7694117647058824 0.8690909090909091 0.07294117647058823 0.04909090909090909
1 0.8602941176470589 0.9302272727272727 0.08647058823529412 0.04318181818181818
1 0.4164705882352941 0.9343181818181818 0.06 0.045909090909090906
1 0.8270588235294117 0.7781818181818182 0.13058823529411764 0.034545454545454546
1 0.42823529411764705 0.6156818181818182 0.25529411764705884 0.035
1 0.6411764705882353 0.7765909090909091 0.14352941176470588 0.035
1 0.4147058823529412 0.41295454545454546 0.22705882352941176 0.045
1 0.42558823529411766 0.6854545454545454 0.25 0.04090909090909091
1 0.11 0.7288636363636364 0.10352941176470588 0.03954545454545454
1 0.10941176470588235 0.455 0.0811764705882353 0.03727272727272727
1 0.7232352941176471 0.6254545454545455 0.03588235294117647 0.03272727272727273
1 0.10441176470588236 0.36977272727272725 0.08294117647058824 0.035
1 0.6729411764705883 0.7286363636363636 0.17529411764705882 0.04090909090909091
1 0.16323529411764706 0.9288636363636363 0.061764705882352944 0.041363636363636366
1 0.8302941176470588 0.6222727272727273 0.13823529411764707 0.025454545454545455
1 0.3411764705882353 0.9331818181818182 0.07882352941176471 0.04454545454545455
1 0.10882352941176471 0.5279545454545455 0.09529411764705882 0.03681818181818182
1 0.6276470588235294 0.6168181818181818 0.13647058823529412 0.03363636363636364
1 0.2461764705882353 0.8636363636363636 0.05941176470588235 0.042727272727272725
1 0.2447058823529412 0.9318181818181818 0.0611764705882353 0.04181818181818182
1 0.43558823529411766 0.7727272727272727 0.25941176470588234 0.03727272727272727
1 0.6873529411764706 0.9315909090909091 0.07823529411764706 0.04318181818181818
1 0.29558823529411765 0.035 0.04764705882352941 0.024545454545454544
1 0.6811764705882353 0.4113636363636364 0.14705882352941177 0.03909090909090909
1 0.6441176470588236 0.3718181818181818 0.16823529411764707 0.04181818181818182
1 0.4264705882352941 0.8636363636363636 0.07529411764705882 0.04454545454545455
1 0.48264705882352943 0.5286363636363637 0.3664705882352941 0.04090909090909091
1 0.4914705882352941 0.4718181818181818 0.03235294117647059 0.028181818181818183
1 0.6041176470588235 0.8654545454545455 0.07529411764705882 0.042727272727272725
1 0.11911764705882352 0.4106818181818182 0.07823529411764706 0.03772727272727273
1 0.11382352941176471 0.6843181818181818 0.10764705882352942 0.041363636363636366
1 0.5414705882352941 0.03931818181818182 0.07705882352941176 0.02409090909090909
1 0.513235294117647 0.93 0.08411764705882353 0.04909090909090909
1 0.7414705882352941 0.7870454545454545 0.033529411764705884 0.03590909090909091
1 0.5317647058823529 0.3861363636363636 0.03529411764705882 0.031363636363636364
1 0.37823529411764706 0.45590909090909093 0.14823529411764705 0.04181818181818182
1 0.11911764705882352 0.7709090909090909 0.10294117647058823 0.04
1 0.5808823529411765 0.4590909090909091 0.11588235294117646 0.038181818181818185
1 0.5152941176470588 0.8643181818181818 0.0811764705882353 0.04318181818181818
1 0.40058823529411763 0.37136363636363634 0.18941176470588236 0.04
1 0.11470588235294117 0.6140909090909091 0.11529411764705882 0.04
1 0.6885294117647058 0.8654545454545455 0.06647058823529411 0.042727272727272725
1 0.3417647058823529 0.8627272727272727 0.06 0.04181818181818182
1 0.5791176470588235 0.41409090909090907 0.04647058823529412 0.04727272727272727
1 0.1126470588235294 0.57 0.12764705882352942 0.04090909090909091
1 0.7270588235294118 0.5286363636363637 0.12588235294117647 0.04363636363636364
1 0.8847058823529412 0.5284090909090909 0.12823529411764706 0.042272727272727274
1 0.4632352941176471 0.5706818181818182 0.33 0.04045454545454545
1 0.7126470588235294 0.5711363636363637 0.15941176470588236 0.04045454545454545
1 0.8867647058823529 0.5720454545454545 0.12411764705882353 0.03954545454545454
1 0.4561764705882353 0.7279545454545454 0.32294117647058823 0.041363636363636366
1 0.8426470588235294 0.7306818181818182 0.11588235294117646 0.041363636363636366
1 0.16411764705882353 0.8634090909090909 0.06941176470588235 0.04409090909090909
1 0.855 0.8695454545454545 0.07823529411764706 0.05545454545454546
1 0.768235294117647 0.93 0.07764705882352942 0.04181818181818182