1 0.758235294117647 0.8579545454545454 0.06470588235294118 0.04318181818181818
1 0.8473529411764706 0.9297727272727273 0.054705882352941174 0.03954545454545454
1 0.40294117647058825 0.9270454545454545 0.04823529411764706 0.04318181818181818
1 0.8438235294117648 0.8615909090909091 0.045294117647058825 0.04045454545454545
1 0.37 0.6202272727272727 0.1376470588235294 0.026818181818181817
1 0.6397058823529411 0.7804545454545454 0.05941176470588235 0.028181818181818183
1 0.42205882352941176 0.4152272727272727 0.23823529411764705 0.03772727272727273
1 0.40911764705882353 0.7318181818181818 0.21941176470588236 0.03636363636363636
1 0.105 0.6881818181818182 0.07235294117647059 0.03363636363636364
1 0.10205882352941177 0.45590909090909093 0.0688235294117647 0.03636363636363636
1 0.5991176470588235 0.7363636363636363 0.14529411764705882 0.028181818181818183
1 0.14823529411764705 0.9270454545454545 0.047058823529411764 0.04409090909090909
1 0.7517647058823529 0.735 0.09647058823529411 0.03363636363636364
1 0.31882352941176473 0.9270454545454545 0.05058823529411765 0.04318181818181818
1 0.15411764705882353 0.8575 0.05176470588235294 0.04045454545454545
1 0.4061764705882353 0.5725 0.21 0.03590909090909091
1 0.09441176470588235 0.5277272727272727 0.0711764705882353 0.03272727272727273
1 0.6085294117647059 0.6243181818181818 0.07235294117647059 0.028636363636363637
1 0.23529411764705882 0.86 0.05176470588235294 0.04181818181818182
1 0.2373529411764706 0.928409090909091 0.05352941176470588 0.04409090909090909
1 0.3861764705882353 0.7797727272727273 0.1535294117647059 0.028636363636363637
1 0.7635294117647059 0.9270454545454545 0.052941176470588235 0.041363636363636366
1 0.09705882352941177 0.3684090909090909 0.07176470588235294 0.03409090909090909
1 0.52 0.7806818181818181 0.10823529411764705 0.025
1 0.668235294117647 0.42 0.2576470588235294 0.03363636363636364
1 0.41147058823529414 0.8584090909090909 0.057058823529411766 0.041363636363636366
1 0.5820588235294117 0.9313636363636364 0.051176470588235295 0.05
1 0.5735294117647058 0.5736363636363636 0.12 0.03272727272727273
1 0.59 0.8590909090909091 0.05176470588235294 0.04454545454545455
1 0.5461764705882353 0.04045454545454545 0.08058823529411764 0.022727272727272728
1 0.4973529411764706 0.9302272727272727 0.05352941176470588 0.04863636363636364
1 0.6735294117647059 0.8588636363636364 0.05764705882352941 0.04318181818181818
1 0.38029411764705884 0.4640909090909091 0.15705882352941178 0.02909090909090909
1 0.10676470588235294 0.7752272727272728 0.05588235294117647 0.03409090909090909
1 0.10558823529411765 0.7331818181818182 0.061764705882352944 0.03272727272727273
1 0.5317647058823529 0.46386363636363637 0.15294117647058825 0.023181818181818182
1 0.5035294117647059 0.8588636363636364 0.03882352941176471 0.04318181818181818
1 0.6529411764705882 0.5777272727272728 0.027058823529411764 0.031818181818181815
1 0.558235294117647 0.6265909090909091 0.03411764705882353 0.035
1 0.49176470588235294 0.6245454545454545 0.10470588235294118 0.022727272727272728
1 0.11147058823529411 0.6154545454545455 0.054705882352941174 0.03
1 0.6694117647058824 0.925 0.058823529411764705 0.04454545454545455
1 0.3247058823529412 0.8584090909090909 0.05647058823529412 0.04045454545454545
1 0.7147058823529412 0.5784090909090909 0.08941176470588236 0.03318181818181818
1 0.2832352941176471 0.035454545454545454 0.03705882352941176 0.022727272727272728
1 0.10264705882352941 0.4138636363636364 0.07235294117647059 0.041363636363636366
1 0.10441176470588236 0.5747727272727273 0.06411764705882353 0.03227272727272727
1 0.6891176470588235 0.7347727272727272 0.039411764705882354 0.03409090909090909
1 0.5908823529411765 0.7875 0.033529411764705884 0.03409090909090909