1 0.38 0.7295454545454545 0.17058823529411765 0.03909090909090909
1 0.7508823529411764 0.8618181818181818 0.04647058823529412 0.03909090909090909
1 0.8441176470588235 0.9277272727272727 0.06352941176470588 0.03909090909090909
1 0.4067647058823529 0.9265909090909091 0.05352941176470588 0.038636363636363635
1 0.84 0.8611363636363636 0.05058823529411765 0.03772727272727273
1 0.3841176470588235 0.6231818181818182 0.17411764705882352 0.025454545454545455
1 0.39323529411764707 0.4581818181818182 0.18764705882352942 0.034545454545454546
1 0.3552941176470588 0.6831818181818182 0.11647058823529412 0.03363636363636364
1 0.10264705882352941 0.6811363636363637 0.08294117647058824 0.035
1 0.0861764705882353 0.4540909090909091 0.07235294117647059 0.03727272727272727
1 0.4776470588235294 0.7811363636363636 0.14352941176470588 0.028636363636363637
1 0.15794117647058822 0.9252272727272727 0.057058823529411766 0.038636363636363635
1 0.7958823529411765 0.5822727272727273 0.10470588235294118 0.034545454545454546
1 0.3288235294117647 0.9256818181818182 0.06588235294117648 0.03954545454545454
1 0.1538235294117647 0.8597727272727272 0.051176470588235295 0.03772727272727273
1 0.7485294117647059 0.6286363636363637 0.10058823529411764 0.023636363636363636
1 0.5902941176470589 0.46295454545454545 0.17941176470588235 0.028636363636363637
1 0.0988235294117647 0.5270454545454546 0.09058823529411765 0.035
1 0.6455882352941177 0.6320454545454546 0.027647058823529413 0.023181818181818182
1 0.6829411764705883 0.5313636363636364 0.20823529411764705 0.03272727272727273
1 0.23676470588235293 0.9263636363636364 0.05 0.04
1 0.3461764705882353 0.7784090909090909 0.10411764705882352 0.028636363636363637
1 0.7611764705882353 0.9265909090909091 0.06470588235294118 0.03772727272727273
1 0.09441176470588235 0.3665909090909091 0.08294117647058824 0.035
1 0.6511764705882352 0.41659090909090907 0.1988235294117647 0.03318181818181818
1 0.4152941176470588 0.4143181818181818 0.23411764705882354 0.03590909090909091
1 0.41205882352941176 0.86 0.060588235294117644 0.038181818181818185
1 0.5864705882352941 0.9334090909090909 0.05647058823529412 0.041363636363636366
1 0.43058823529411766 0.5311363636363636 0.2611764705882353 0.035
1 0.4161764705882353 0.5754545454545454 0.23588235294117646 0.04
1 0.5847058823529412 0.86 0.05529411764705883 0.03909090909090909
1 0.09029411764705883 0.4115909090909091 0.07 0.03318181818181818
1 0.6135294117647059 0.5793181818181818 0.12823529411764706 0.03409090909090909
1 0.5508823529411765 0.03931818181818182 0.0888235294117647 0.022272727272727274
1 0.7755882352941177 0.42 0.03823529411764706 0.03272727272727273
1 0.5002941176470588 0.9293181818181818 0.051176470588235295 0.04045454545454545
1 0.6697058823529412 0.8581818181818182 0.057058823529411766 0.03909090909090909
1 0.6435294117647059 0.36954545454545457 0.24588235294117647 0.034545454545454546
1 0.8744117647058823 0.5363636363636364 0.08764705882352941 0.028181818181818183
1 0.10235294117647059 0.7679545454545454 0.08823529411764706 0.03681818181818182
1 0.10029411764705883 0.7268181818181818 0.08529411764705883 0.03636363636363636
1 0.5002941176470588 0.8595454545454545 0.060588235294117644 0.038181818181818185
1 0.7305882352941176 0.4636363636363636 0.06 0.02909090909090909
1 0.8461764705882353 0.4218181818181818 0.08176470588235295 0.035454545454545454
1 0.5488235294117647 0.6281818181818182 0.12705882352941175 0.023636363636363636
1 0.5855882352941176 0.7306818181818182 0.20411764705882354 0.04045454545454545
1 0.10235294117647059 0.6152272727272727 0.10235294117647059 0.045909090909090906
1 0.6741176470588235 0.9327272727272727 0.05529411764705883 0.03909090909090909
1 0.32735294117647057 0.8604545454545455 0.05352941176470588 0.03727272727272727
1 0.7141176470588235 0.5806818181818182 0.042352941176470586 0.031363636363636364
1 0.8085294117647058 0.5352272727272728 0.04058823529411765 0.030454545454545453
1 0.31176470588235294 0.03613636363636363 0.04470588235294118 0.02590909090909091
1 0.40058823529411763 0.36886363636363634 0.20470588235294118 0.03681818181818182
1 0.8394117647058823 0.3690909090909091 0.08235294117647059 0.034545454545454546
1 0.08764705882352941 0.5709090909090909 0.08823529411764706 0.04090909090909091
1 0.4858823529411765 0.6818181818181818 0.14588235294117646 0.03363636363636364
1 0.23823529411764705 0.8618181818181818 0.05764705882352941 0.038181818181818185