1 0.5761764705882353 0.6797727272727273 0.03705882352941176 0.03681818181818182
1 0.3997058823529412 0.4047727272727273 0.13352941176470587 0.03590909090909091
1 0.7502941176470588 0.8577272727272728 0.054705882352941174 0.03727272727272727
1 0.8344117647058824 0.9277272727272727 0.05235294117647059 0.04
1 0.4061764705882353 0.9231818181818182 0.05235294117647059 0.03636363636363636
1 0.8364705882352941 0.8597727272727272 0.05176470588235294 0.03681818181818182
1 0.3685294117647059 0.6072727272727273 0.12411764705882353 0.035454545454545454
1 0.45 0.6772727272727272 0.17529411764705882 0.04090909090909091
1 0.6526470588235294 0.6802272727272727 0.09117647058823529 0.03681818181818182
1 0.37970588235294117 0.3609090909090909 0.10176470588235294 0.03636363636363636
1 0.7685294117647059 0.5213636363636364 0.12058823529411765 0.034545454545454546
1 0.10676470588235294 0.6752272727272727 0.05941176470588235 0.03590909090909091
1 0.10647058823529412 0.44545454545454544 0.07882352941176471 0.034545454545454546
1 0.4320588235294118 0.7213636363636363 0.23 0.03909090909090909
1 0.10411764705882352 0.36045454545454547 0.09058823529411765 0.03727272727272727
1 0.4673529411764706 0.7665909090909091 0.033529411764705884 0.03681818181818182
1 0.6023529411764705 0.7293181818181819 0.02823529411764706 0.03318181818181818
1 0.15411764705882353 0.9225 0.05411764705882353 0.03954545454545454
1 0.3205882352941177 0.9222727272727272 0.04941176470588235 0.03909090909090909
1 0.15529411764705883 0.8531818181818182 0.05647058823529412 0.035454545454545454
1 0.6717647058823529 0.7229545454545454 0.07764705882352942 0.03318181818181818
1 0.4161764705882353 0.5204545454545455 0.17823529411764705 0.04
1 0.10588235294117647 0.5181818181818182 0.08823529411764706 0.03636363636363636
1 0.6470588235294118 0.61 0.09294117647058824 0.03272727272727273
1 0.23794117647058824 0.8536363636363636 0.05588235294117647 0.03727272727272727
1 0.2323529411764706 0.9213636363636364 0.04941176470588235 0.038181818181818185
1 0.3738235294117647 0.7627272727272727 0.14294117647058824 0.03727272727272727
1 0.7502941176470588 0.9252272727272727 0.05235294117647059 0.038636363636363635
1 0.30176470588235293 0.03340909090909091 0.04 0.02772727272727273
1 0.5135294117647059 0.764090909090909 0.058823529411764705 0.034545454545454546
1 0.5464705882352942 0.3640909090909091 0.22470588235294117 0.04
1 0.41147058823529414 0.8570454545454546 0.05941176470588235 0.03590909090909091
1 0.5811764705882353 0.9254545454545454 0.05176470588235294 0.03727272727272727
1 0.42558823529411766 0.5636363636363636 0.19705882352941176 0.038181818181818185
1 0.5894117647058823 0.5225 0.12 0.03681818181818182
1 0.49470588235294116 0.6054545454545455 0.1188235294117647 0.03636363636363636
1 0.5805882352941176 0.8565909090909091 0.04823529411764706 0.038636363636363635
1 0.10088235294117646 0.4025 0.07588235294117647 0.03590909090909091
1 0.10647058823529412 0.5613636363636364 0.09176470588235294 0.035454545454545454
1 0.6411764705882353 0.5638636363636363 0.2223529411764706 0.02772727272727273
1 0.5479411764705883 0.03568181818181818 0.08294117647058824 0.023181818181818182
1 0.49823529411764705 0.923409090909091 0.05647058823529412 0.038636363636363635
1 0.6652941176470588 0.8570454545454546 0.052941176470588235 0.03954545454545454
1 0.6361764705882353 0.41045454545454546 0.2817647058823529 0.04909090909090909
1 0.8702941176470588 0.5656818181818182 0.1111764705882353 0.03590909090909091
1 0.3791176470588235 0.44772727272727275 0.09235294117647058 0.035454545454545454
1 0.10088235294117646 0.7593181818181818 0.06529411764705882 0.03409090909090909
1 0.10764705882352942 0.7204545454545455 0.05764705882352941 0.034545454545454546
1 0.48558823529411765 0.4495454545454545 0.13588235294117648 0.031818181818181815
1 0.49941176470588233 0.8597727272727272 0.052941176470588235 0.03772727272727273
1 0.6814705882352942 0.5265909090909091 0.03588235294117647 0.03409090909090909
1 0.5885294117647059 0.6111363636363636 0.039411764705882354 0.03681818181818182
1 0.0976470588235294 0.6115909090909091 0.08705882352941176 0.035
1 0.665 0.9252272727272727 0.05235294117647059 0.03772727272727273
1 0.3226470588235294 0.8554545454545455 0.05235294117647059 0.03727272727272727
1 0.785 0.5690909090909091 0.031176470588235295 0.035454545454545454