1 0.3985294117647059 0.6854545454545454 0.20411764705882354 0.04363636363636364
1 0.7635294117647059 0.8627272727272727 0.0611764705882353 0.04090909090909091
1 0.8411764705882353 0.9268181818181818 0.06235294117647059 0.04
1 0.40852941176470586 0.928409090909091 0.057058823529411766 0.03681818181818182
1 0.5661764705882353 0.5288636363636363 0.1511764705882353 0.038636363636363635
1 0.8461764705882353 0.8613636363636363 0.05941176470588235 0.04090909090909091
1 0.3785294117647059 0.6161363636363636 0.16647058823529412 0.03772727272727273
1 0.7020588235294117 0.7790909090909091 0.09235294117647058 0.031818181818181815
1 0.39588235294117646 0.4556818181818182 0.1988235294117647 0.04318181818181818
1 0.6785294117647059 0.6881818181818182 0.11470588235294117 0.03636363636363636
1 0.4414705882352941 0.7272727272727273 0.2888235294117647 0.038181818181818185
1 0.38441176470588234 0.4127272727272727 0.17823529411764705 0.04
1 0.09029411764705883 0.6811363636363637 0.09 0.038636363636363635
1 0.09147058823529412 0.4484090909090909 0.08294117647058824 0.03590909090909091
1 0.7182352941176471 0.5379545454545455 0.07882352941176471 0.029545454545454545
1 0.0988235294117647 0.36477272727272725 0.08823529411764706 0.03590909090909091
1 0.6444117647058824 0.7306818181818182 0.11823529411764706 0.04045454545454545
1 0.15588235294117647 0.9261363636363636 0.06 0.041363636363636366
1 0.77 0.5845454545454546 0.04470588235294118 0.04909090909090909
1 0.3247058823529412 0.9225 0.05764705882352941 0.03409090909090909
1 0.15205882352941177 0.8595454545454545 0.060588235294117644 0.04363636363636364
1 0.08588235294117647 0.525 0.07294117647058823 0.03727272727272727
1 0.663235294117647 0.6227272727272727 0.08058823529411764 0.031818181818181815
1 0.7111764705882353 0.42204545454545456 0.08705882352941176 0.03227272727272727
1 0.24588235294117647 0.8595454545454545 0.07647058823529412 0.04
1 0.24323529411764705 0.9238636363636363 0.05823529411764706 0.03954545454545454
1 0.3991176470588235 0.7747727272727273 0.21 0.03681818181818182
1 0.7532352941176471 0.9268181818181818 0.0488235294117647 0.04090909090909091
1 0.29 0.03681818181818182 0.041176470588235294 0.03090909090909091
1 0.5535294117647059 0.7784090909090909 0.08 0.030454545454545453
1 0.6520588235294118 0.38045454545454543 0.028823529411764706 0.03363636363636364
1 0.5526470588235294 0.4143181818181818 0.14411764705882352 0.03772727272727273
1 0.4164705882352941 0.8611363636363636 0.07411764705882352 0.04045454545454545
1 0.5885294117647059 0.928409090909091 0.054705882352941174 0.038636363636363635
1 0.38823529411764707 0.5284090909090909 0.18705882352941178 0.04318181818181818
1 0.5879411764705882 0.865 0.060588235294117644 0.04
1 0.09176470588235294 0.40613636363636363 0.08470588235294117 0.03590909090909091
1 0.08411764705882353 0.5675 0.07647058823529412 0.03681818181818182
1 0.6452941176470588 0.5736363636363636 0.1976470588235294 0.04
1 0.5579411764705883 0.04022727272727273 0.09705882352941177 0.025
1 0.6458823529411765 0.42272727272727273 0.03294117647058824 0.03727272727272727
1 0.7138235294117647 0.4659090909090909 0.09470588235294118 0.03363636363636364
1 0.816764705882353 0.7325 0.14294117647058824 0.038636363636363635
1 0.4970588235294118 0.9272727272727272 0.05647058823529412 0.038181818181818185
1 0.6773529411764706 0.8636363636363636 0.07470588235294118 0.03909090909090909
1 0.5614705882352942 0.37227272727272726 0.13352941176470587 0.03363636363636364
1 0.8455882352941176 0.5788636363636364 0.10411764705882352 0.04318181818181818
1 0.095 0.7681818181818182 0.10647058823529412 0.042727272727272725
1 0.7088235294117647 0.38113636363636366 0.08941176470588236 0.03409090909090909
1 0.6282352941176471 0.7886363636363637 0.03176470588235294 0.03727272727272727
1 0.5008823529411764 0.8656818181818182 0.06647058823529411 0.049545454545454545
1 0.6502941176470588 0.46636363636363637 0.03470588235294118 0.03363636363636364
1 0.6047058823529412 0.6236363636363637 0.03176470588235294 0.035454545454545454
1 0.3952941176470588 0.36727272727272725 0.1976470588235294 0.04090909090909091
1 0.525 0.6190909090909091 0.12176470588235294 0.03909090909090909
1 0.09 0.6088636363636364 0.07529411764705882 0.03681818181818182
1 0.67 0.9259090909090909 0.06 0.03909090909090909
1 0.3276470588235294 0.8590909090909091 0.05764705882352941 0.03909090909090909
1 0.0838235294117647 0.7243181818181819 0.08294117647058824 0.03954545454545454
1 0.5641176470588235 0.46 0.1376470588235294 0.042727272727272725
1 0.66 0.5425 0.03411764705882353 0.029545454545454545
1 0.41852941176470587 0.5695454545454546 0.25 0.04454545454545455
1 0.5352941176470588 0.6884090909090909 0.07411764705882352 0.03772727272727273
1 0.5947058823529412 0.6913636363636364 0.03882352941176471 0.03727272727272727
1 0.7247058823529412 0.7318181818181818 0.042352941176470586 0.03909090909090909