1 0.39294117647058824 0.68 0.17294117647058824 0.04
1 0.5414705882352941 0.6825 0.11235294117647059 0.03590909090909091
1 0.7605882352941177 0.8575 0.05529411764705883 0.041363636363636366
1 0.8447058823529412 0.9259090909090909 0.06470588235294118 0.04363636363636364
1 0.5514705882352942 0.5702272727272727 0.07705882352941176 0.035
1 0.4108823529411765 0.9202272727272728 0.051176470588235295 0.04409090909090909
1 0.5411764705882353 0.524090909090909 0.08941176470588236 0.03636363636363636
1 0.37411764705882355 0.6170454545454546 0.14823529411764705 0.03772727272727273
1 0.6444117647058824 0.7718181818181818 0.031176470588235295 0.03727272727272727
1 0.365 0.45136363636363636 0.12529411764705883 0.038181818181818185
1 0.6208823529411764 0.685 0.03470588235294118 0.034545454545454546
1 0.3991176470588235 0.41045454545454546 0.19941176470588234 0.042727272727272725
1 0.09941176470588235 0.6797727272727273 0.07647058823529412 0.03772727272727273
1 0.10058823529411764 0.4486363636363636 0.07764705882352942 0.038181818181818185
1 0.5944117647058823 0.7215909090909091 0.16176470588235295 0.03681818181818182
1 0.15941176470588236 0.9188636363636363 0.058823529411764705 0.045
1 0.7479411764705882 0.7220454545454545 0.11941176470588236 0.03772727272727273
1 0.3347058823529412 0.9179545454545455 0.06823529411764706 0.045909090909090906
1 0.15558823529411764 0.8513636363636363 0.054705882352941174 0.04090909090909091
1 0.6888235294117647 0.77 0.07529411764705882 0.03363636363636364
1 0.4032352941176471 0.5220454545454546 0.18764705882352942 0.04045454545454545
1 0.10264705882352941 0.5225 0.08529411764705883 0.03681818181818182
1 0.595 0.6134090909090909 0.08294117647058824 0.03227272727272727
1 0.24058823529411766 0.8534090909090909 0.04941176470588235 0.04045454545454545
1 0.2447058823529412 0.9218181818181819 0.06235294117647059 0.04363636363636364
1 0.39705882352941174 0.7695454545454545 0.18705882352941178 0.04181818181818182
1 0.765 0.9222727272727272 0.06764705882352941 0.046363636363636364
1 0.10235294117647059 0.36704545454545456 0.06705882352941177 0.03954545454545454
1 0.5920588235294117 0.4118181818181818 0.09941176470588235 0.038181818181818185
1 0.41911764705882354 0.8588636363636364 0.054705882352941174 0.041363636363636366
1 0.5935294117647059 0.9231818181818182 0.058823529411764705 0.042727272727272725
1 0.4041176470588235 0.5643181818181818 0.1952941176470588 0.04045454545454545
1 0.44323529411764706 0.4540909090909091 0.03470588235294118 0.038181818181818185
1 0.5879411764705882 0.8556818181818182 0.05941176470588235 0.04318181818181818
1 0.10176470588235294 0.4068181818181818 0.07058823529411765 0.03909090909090909
1 0.10323529411764706 0.5684090909090909 0.09941176470588235 0.04318181818181818
1 0.61 0.5690909090909091 0.024705882352941175 0.034545454545454546
1 0.5155882352941177 0.37113636363636365 0.07352941176470588 0.029545454545454545
1 0.6026470588235294 0.5306818181818181 0.025294117647058825 0.03409090909090909
1 0.5055882352941177 0.923409090909091 0.05941176470588235 0.041363636363636366
1 0.8488235294117648 0.8575 0.0611764705882353 0.03954545454545454
1 0.6805882352941176 0.8575 0.06235294117647059 0.038636363636363635
1 0.523235294117647 0.4068181818181818 0.033529411764705884 0.042727272727272725
1 0.10235294117647059 0.7627272727272727 0.07764705882352942 0.038181818181818185
1 0.1 0.7284090909090909 0.07764705882352942 0.04045454545454545
1 0.5002941176470588 0.455 0.07 0.03363636363636364
1 0.4973529411764706 0.8586363636363636 0.045294117647058825 0.04090909090909091
1 0.6473529411764706 0.5275 0.0688235294117647 0.03318181818181818
1 0.5414705882352941 0.6168181818181818 0.02411764705882353 0.034545454545454546
1 0.10529411764705883 0.6113636363636363 0.08588235294117647 0.04090909090909091
1 0.6841176470588235 0.9211363636363636 0.07176470588235294 0.042272727272727274
1 0.33294117647058824 0.8565909090909091 0.058823529411764705 0.04045454545454545
1 0.6670588235294118 0.5684090909090909 0.09058823529411765 0.03590909090909091
1 0.2697058823529412 0.03227272727272727 0.031176470588235295 0.025454545454545455
1 0.5488235294117647 0.038181818181818185 0.08470588235294117 0.022727272727272728
1 0.46647058823529414 0.3690909090909091 0.023529411764705882 0.03272727272727273
1 0.4108823529411765 0.7234090909090909 0.22176470588235295 0.042272727272727274
1 0.553235294117647 0.77 0.13823529411764707 0.04454545454545455
1 0.5426470588235294 0.5275 0.0888235294117647 0.038636363636363635
1 0.48823529411764705 0.6163636363636363 0.06705882352941177 0.034545454545454546
1 0.6629411764705883 0.6825 0.042352941176470586 0.031363636363636364