1 0.46647058823529414 0.7311363636363636 0.3458823529411765 0.03681818181818182
1 0.76 0.8636363636363636 0.05411764705882353 0.03636363636363636
1 0.8435294117647059 0.9272727272727272 0.06823529411764706 0.038181818181818185
1 0.576764705882353 0.5690909090909091 0.11941176470588236 0.035454545454545454
1 0.41294117647058826 0.9275 0.06588235294117648 0.03590909090909091
1 0.39 0.5686363636363636 0.19176470588235295 0.035454545454545454
1 0.846764705882353 0.8613636363636363 0.05235294117647059 0.03909090909090909
1 0.3602941176470588 0.6127272727272727 0.11235294117647059 0.03363636363636364
1 0.3941176470588235 0.4552272727272727 0.18235294117647058 0.03590909090909091
1 0.6988235294117647 0.7886363636363637 0.03764705882352941 0.02727272727272727
1 0.29558823529411765 0.031136363636363636 0.045294117647058825 0.02590909090909091
1 0.09529411764705882 0.6779545454545455 0.07529411764705882 0.035
1 0.09117647058823529 0.44795454545454544 0.0811764705882353 0.03590909090909091
1 0.0961764705882353 0.3640909090909091 0.08764705882352941 0.035454545454545454
1 0.6055882352941176 0.7725 0.13 0.031363636363636364
1 0.1514705882352941 0.9229545454545455 0.060588235294117644 0.038636363636363635
1 0.85 0.7302272727272727 0.04 0.03681818181818182
1 0.3323529411764706 0.925 0.06941176470588235 0.03636363636363636
1 0.15764705882352942 0.8565909090909091 0.05647058823529412 0.038636363636363635
1 0.736764705882353 0.7261363636363637 0.17470588235294118 0.03590909090909091
1 0.5720588235294117 0.4581818181818182 0.13588235294117648 0.03363636363636364
1 0.09058823529411765 0.5211363636363636 0.07529411764705882 0.035
1 0.24735294117647058 0.8579545454545454 0.05823529411764706 0.03772727272727273
1 0.24588235294117647 0.9243181818181818 0.06588235294117648 0.03681818181818182
1 0.40911764705882353 0.7754545454545455 0.23705882352941177 0.025454545454545455
1 0.7602941176470588 0.9263636363636364 0.061764705882352944 0.038181818181818185
1 0.6491176470588236 0.41454545454545455 0.17352941176470588 0.038181818181818185
1 0.40941176470588236 0.8588636363636364 0.06470588235294118 0.03954545454545454
1 0.5897058823529412 0.9261363636363636 0.07 0.03590909090909091
1 0.4723529411764706 0.6136363636363636 0.09294117647058824 0.031818181818181815
1 0.5832352941176471 0.86 0.05235294117647059 0.03909090909090909
1 0.105 0.4043181818181818 0.10058823529411764 0.03590909090909091
1 0.09588235294117647 0.5647727272727273 0.08 0.03590909090909091
1 0.5752941176470588 0.038636363636363635 0.11647058823529412 0.023636363636363636
1 0.7688235294117647 0.774090909090909 0.08235294117647059 0.03
1 0.5011764705882353 0.9270454545454545 0.06235294117647059 0.03681818181818182
1 0.6761764705882353 0.8604545454545455 0.05941176470588235 0.04
1 0.9185294117647059 0.7327272727272728 0.09470588235294118 0.045454545454545456
1 0.09411764705882353 0.7663636363636364 0.07882352941176471 0.034545454545454546
1 0.09029411764705883 0.7236363636363636 0.07470588235294118 0.03636363636363636
1 0.7735294117647059 0.4175 0.036470588235294116 0.035
1 0.5029411764705882 0.8595454545454545 0.058823529411764705 0.03727272727272727
1 0.6764705882352942 0.4622727272727273 0.03058823529411765 0.031818181818181815
1 0.8655882352941177 0.4143181818181818 0.09352941176470589 0.03681818181818182
1 0.09205882352941176 0.6063636363636363 0.07352941176470588 0.034545454545454546
1 0.6726470588235294 0.9259090909090909 0.06294117647058824 0.03727272727272727
1 0.32676470588235296 0.8581818181818182 0.060588235294117644 0.04
1 0.41823529411764704 0.4138636363636364 0.25529411764705884 0.031363636363636364
1 0.7373529411764705 0.4606818181818182 0.06647058823529411 0.030454545454545453