1 0.3982352941176471 0.6843181818181818 0.2011764705882353 0.04045454545454545
1 0.3502941176470588 0.5284090909090909 0.10294117647058823 0.03772727272727273
1 0.8397058823529412 0.8672727272727273 0.05352941176470588 0.03909090909090909
1 0.5188235294117647 0.5734090909090909 0.16117647058823528 0.03954545454545454
1 0.41911764705882354 0.8629545454545454 0.06764705882352941 0.03954545454545454
1 0.46058823529411763 0.5313636363636364 0.11647058823529412 0.035454545454545454
1 0.3508823529411765 0.6147727272727272 0.10176470588235294 0.03409090909090909
1 0.6361764705882353 0.7790909090909091 0.08058823529411764 0.028181818181818183
1 0.6544117647058824 0.6906818181818182 0.03705882352941176 0.03590909090909091
1 0.425 0.7281818181818182 0.2535294117647059 0.04181818181818182
1 0.10529411764705883 0.6815909090909091 0.08705882352941176 0.035
1 0.095 0.36727272727272725 0.08176470588235295 0.035454545454545454
1 0.10441176470588236 0.45022727272727275 0.09 0.03681818181818182
1 0.1461764705882353 0.8584090909090909 0.05235294117647059 0.04045454545454545
1 0.7270588235294118 0.730909090909091 0.03764705882352941 0.03272727272727273
1 0.10441176470588236 0.5231818181818182 0.09 0.035454545454545454
1 0.6279411764705882 0.7297727272727272 0.1476470588235294 0.03954545454545454
1 0.24176470588235294 0.8611363636363636 0.06352941176470588 0.03681818181818182
1 0.24 0.9272727272727272 0.06235294117647059 0.03909090909090909
1 0.7505882352941177 0.8661363636363636 0.052941176470588235 0.04318181818181818
1 0.5067647058823529 0.7770454545454546 0.08058823529411764 0.030454545454545453
1 0.5994117647058823 0.41363636363636364 0.14352941176470588 0.04
1 0.38382352941176473 0.7759090909090909 0.16176470588235295 0.03
1 0.36411764705882355 0.57 0.13058823529411764 0.04
1 0.4426470588235294 0.6127272727272727 0.07823529411764706 0.034545454545454546
1 0.4702941176470588 0.4611363636363636 0.08411764705882353 0.02590909090909091
1 0.5688235294117647 0.7861363636363636 0.024705882352941175 0.02409090909090909
1 0.105 0.4102272727272727 0.08647058823529412 0.03590909090909091
1 0.11529411764705882 0.5668181818181818 0.09529411764705882 0.03636363636363636
1 0.5682352941176471 0.03977272727272727 0.11176470588235295 0.019545454545454546
1 0.5079411764705882 0.8625 0.07352941176470588 0.038636363636363635
1 0.6735294117647059 0.8631818181818182 0.06 0.038181818181818185
1 0.4970588235294118 0.3690909090909091 0.10941176470588235 0.034545454545454546
1 0.8261764705882353 0.7329545454545454 0.13352941176470587 0.03590909090909091
1 0.3638235294117647 0.45795454545454545 0.12411764705882353 0.03318181818181818
1 0.12 0.77 0.09176470588235294 0.03636363636363636
1 0.11058823529411765 0.7256818181818182 0.09058823529411765 0.03590909090909091
1 0.5676470588235294 0.6861363636363637 0.11529411764705882 0.038636363636363635
1 0.3720588235294118 0.3679545454545455 0.13470588235294118 0.03590909090909091
1 0.11852941176470588 0.6084090909090909 0.09588235294117647 0.03772727272727273
1 0.5823529411764706 0.8652272727272727 0.05176470588235294 0.042272727272727274
1 0.32676470588235296 0.8595454545454545 0.05588235294117647 0.04
1 0.4073529411764706 0.41295454545454546 0.21352941176470588 0.041363636363636366
1 0.7261764705882353 0.685 0.08764705882352941 0.034545454545454546
1 0.2752941176470588 0.035454545454545454 0.03294117647058824 0.02
1 0.31441176470588234 0.035227272727272725 0.04764705882352941 0.022272727272727274