1 0.36558823529411766 0.6827272727272727 0.13352941176470587 0.038181818181818185
1 0.7573529411764706 0.8629545454545454 0.060588235294117644 0.03590909090909091
1 0.8441176470588235 0.9288636363636363 0.06470588235294118 0.04045454545454545
1 0.5905882352941176 0.5731818181818182 0.15176470588235294 0.03727272727272727
1 0.5711764705882353 0.5231818181818182 0.1376470588235294 0.03727272727272727
1 0.8441176470588235 0.8620454545454546 0.05411764705882353 0.038636363636363635
1 0.38 0.6097727272727272 0.15058823529411763 0.03681818181818182
1 0.648235294117647 0.7797727272727273 0.0611764705882353 0.030454545454545453
1 0.3861764705882353 0.4590909090909091 0.17705882352941177 0.03272727272727273
1 0.5258823529411765 0.6890909090909091 0.14352941176470588 0.03636363636363636
1 0.39 0.7311363636363636 0.18470588235294116 0.03681818181818182
1 0.7364705882352941 0.5270454545454546 0.09294117647058824 0.035
1 0.4126470588235294 0.4152272727272727 0.22647058823529412 0.03590909090909091
1 0.08 0.68 0.06588235294117648 0.034545454545454546
1 0.7008823529411765 0.5745454545454546 0.026470588235294117 0.03272727272727273
1 0.09088235294117647 0.3625 0.07823529411764706 0.03681818181818182
1 0.09117647058823529 0.44727272727272727 0.0811764705882353 0.03636363636363636
1 0.515 0.78 0.1111764705882353 0.03272727272727273
1 0.5623529411764706 0.7327272727272728 0.15058823529411763 0.034545454545454546
1 0.14911764705882352 0.9227272727272727 0.05588235294117647 0.03909090909090909
1 0.7688235294117647 0.5754545454545454 0.09647058823529411 0.034545454545454546
1 0.41352941176470587 0.9252272727272727 0.06235294117647059 0.03954545454545454
1 0.14735294117647058 0.8568181818181818 0.051176470588235295 0.03272727272727273
1 0.39558823529411763 0.5209090909090909 0.18058823529411766 0.03909090909090909
1 0.0826470588235294 0.5222727272727272 0.0688235294117647 0.034545454545454546
1 0.6820588235294117 0.6193181818181818 0.07 0.030454545454545453
1 0.8232352941176471 0.3790909090909091 0.12176470588235294 0.035454545454545454
1 0.663235294117647 0.5311363636363636 0.04411764705882353 0.03227272727272727
1 0.23705882352941177 0.9229545454545455 0.052941176470588235 0.038636363636363635
1 0.37558823529411767 0.7775 0.13941176470588235 0.03590909090909091
1 0.76 0.9270454545454545 0.05647058823529412 0.04045454545454545
1 0.6261764705882353 0.4168181818181818 0.1688235294117647 0.04
1 0.4117647058823529 0.8579545454545454 0.04588235294117647 0.038636363636363635
1 0.5770588235294117 0.9286363636363636 0.052941176470588235 0.03909090909090909
1 0.39941176470588236 0.5734090909090909 0.1952941176470588 0.03318181818181818
1 0.5426470588235294 0.6163636363636363 0.13705882352941176 0.034545454545454546
1 0.5888235294117647 0.7852272727272728 0.02588235294117647 0.03409090909090909
1 0.09382352941176471 0.4034090909090909 0.08294117647058824 0.03590909090909091
1 0.08147058823529411 0.5659090909090909 0.07 0.035454545454545454
1 0.5535294117647059 0.042272727272727274 0.06588235294117648 0.024545454545454544
1 0.6347058823529412 0.46295454545454545 0.02588235294117647 0.035
1 0.8044117647058824 0.4175 0.10764705882352942 0.03954545454545454
1 0.5008823529411764 0.9256818181818182 0.06294117647058824 0.038636363636363635
1 0.673235294117647 0.8640909090909091 0.06294117647058824 0.04
1 0.07764705882352942 0.7656818181818181 0.06588235294117648 0.035
1 0.7326470588235294 0.41795454545454547 0.028823529411764706 0.03681818181818182
1 0.5455882352941176 0.45636363636363636 0.12529411764705883 0.035454545454545454
1 0.6494117647058824 0.7390909090909091 0.02823529411764706 0.03363636363636364
1 0.49970588235294117 0.8588636363636364 0.061764705882352944 0.03954545454545454
1 0.6226470588235294 0.6975 0.03705882352941176 0.03227272727272727
1 0.41294117647058826 0.3679545454545455 0.21176470588235294 0.03954545454545454
1 0.08235294117647059 0.6070454545454546 0.07176470588235294 0.03681818181818182
1 0.6705882352941176 0.9265909090909091 0.06823529411764706 0.04045454545454545
1 0.6329411764705882 0.37318181818181817 0.16 0.03909090909090909
1 0.32735294117647057 0.8572727272727273 0.06411764705882353 0.03909090909090909
1 0.6920588235294117 0.46 0.07705882352941176 0.03090909090909091
1 0.07882352941176471 0.7240909090909091 0.06352941176470588 0.034545454545454546
1 0.23588235294117646 0.8575 0.05647058823529412 0.035
1 0.32029411764705884 0.9286363636363636 0.05588235294117647 0.03909090909090909
1 0.5879411764705882 0.8627272727272727 0.0711764705882353 0.03727272727272727
1 0.2797058823529412 0.03386363636363637 0.045294117647058825 0.028636363636363637
1 0.3297058823529412 0.03409090909090909 0.06294117647058824 0.028181818181818183
1 0.7358823529411764 0.3809090909090909 0.03764705882352941 0.034545454545454546
1 0.6982352941176471 0.7381818181818182 0.07294117647058823 0.03636363636363636
1 0.6935294117647058 0.6938636363636363 0.06941176470588235 0.035
1 0.6352941176470588 0.6256818181818182 0.03529411764705882 0.030454545454545453