1 0.38794117647058823 0.6743181818181818 0.15588235294117647 0.038636363636363635
1 0.5244117647058824 0.6765909090909091 0.09588235294117647 0.02772727272727273
1 0.758235294117647 0.8522727272727273 0.05764705882352941 0.03909090909090909
1 0.8423529411764706 0.9204545454545454 0.06235294117647059 0.04
1 0.4123529411764706 0.9197727272727273 0.05529411764705883 0.03681818181818182
1 0.8444117647058823 0.8565909090909091 0.061764705882352944 0.04318181818181818
1 0.35352941176470587 0.61 0.10352941176470588 0.022727272727272728
1 0.36 0.40545454545454546 0.10941176470588235 0.03090909090909091
1 0.6747058823529412 0.85 0.058823529411764705 0.038181818181818185
1 0.3594117647058824 0.3625 0.11529411764705882 0.028636363636363637
1 0.09705882352941177 0.6736363636363636 0.07294117647058823 0.03636363636363636
1 0.09441176470588235 0.4425 0.05941176470588235 0.03409090909090909
1 0.4023529411764706 0.7181818181818181 0.18235294117647058 0.03636363636363636
1 0.09529411764705882 0.35863636363636364 0.058823529411764705 0.03363636363636364
1 0.5597058823529412 0.7161363636363637 0.13705882352941176 0.035
1 0.1514705882352941 0.9172727272727272 0.05823529411764706 0.03727272727272727
1 0.3205882352941177 0.918409090909091 0.058823529411764705 0.038636363636363635
1 0.1511764705882353 0.8502272727272727 0.05764705882352941 0.038636363636363635
1 0.7052941176470588 0.7202272727272727 0.0976470588235294 0.025
1 0.5397058823529411 0.5611363636363637 0.14647058823529413 0.03409090909090909
1 0.3735294117647059 0.5152272727272728 0.1376470588235294 0.03681818181818182
1 0.1038235294117647 0.5095454545454545 0.06529411764705882 0.03272727272727273
1 0.24735294117647058 0.8531818181818182 0.061764705882352944 0.03727272727272727
1 0.6320588235294118 0.5618181818181818 0.025294117647058825 0.03272727272727273
1 0.23794117647058824 0.9170454545454545 0.05235294117647059 0.03681818181818182
1 0.3514705882352941 0.7654545454545455 0.11 0.025454545454545455
1 0.7502941176470588 0.9227272727272727 0.039411764705882354 0.031818181818181815
1 0.2888235294117647 0.02772727272727273 0.03058823529411765 0.02181818181818182
1 0.41323529411764703 0.8556818181818182 0.05588235294117647 0.03954545454545454
1 0.5791176470588235 0.9206818181818182 0.05588235294117647 0.03772727272727273
1 0.3788235294117647 0.5586363636363636 0.15176470588235294 0.03636363636363636
1 0.45941176470588235 0.6115909090909091 0.09294117647058824 0.019545454545454546
1 0.43558823529411766 0.4490909090909091 0.04764705882352941 0.023636363636363636
1 0.5897058823529412 0.8520454545454546 0.0688235294117647 0.04045454545454545
1 0.09588235294117647 0.3972727272727273 0.06 0.034545454545454546
1 0.10029411764705883 0.5572727272727273 0.06764705882352941 0.03363636363636364
1 0.5638235294117647 0.6102272727272727 0.05941176470588235 0.021363636363636362
1 0.48558823529411765 0.36204545454545456 0.07 0.02772727272727273
1 0.5929411764705882 0.5184090909090909 0.029411764705882353 0.03681818181818182
1 0.5002941176470588 0.9190909090909091 0.07 0.04
1 0.5105882352941177 0.515 0.11764705882352941 0.035454545454545454
1 0.34088235294117647 0.44977272727272727 0.07823529411764706 0.028636363636363637
1 0.10323529411764706 0.7575 0.08176470588235295 0.035
1 0.6594117647058824 0.5170454545454546 0.1 0.03318181818181818
1 0.5005882352941177 0.8525 0.06235294117647059 0.03681818181818182
1 0.56 0.7677272727272727 0.06588235294117648 0.02181818181818182
1 0.095 0.5986363636363636 0.0688235294117647 0.03272727272727273
1 0.668235294117647 0.9245454545454546 0.04588235294117647 0.03636363636363636
1 0.3241176470588235 0.8520454545454546 0.05176470588235294 0.03772727272727273
1 0.6935294117647058 0.5593181818181818 0.09529411764705882 0.03318181818181818
1 0.33 0.030227272727272728 0.05647058823529412 0.022272727272727274
1 0.5661764705882353 0.031363636363636364 0.07705882352941176 0.024545454545454544
1 0.42705882352941177 0.4031818181818182 0.023529411764705882 0.026363636363636363
1 0.4773529411764706 0.4040909090909091 0.07588235294117647 0.028181818181818183
1 0.4338235294117647 0.3665909090909091 0.026470588235294117 0.02772727272727273
1 0.3991176470588235 0.4552272727272727 0.027647058823529413 0.030454545454545453
1 0.5158823529411765 0.6154545454545455 0.024705882352941175 0.024545454545454544
1 0.10058823529411764 0.7172727272727273 0.07647058823529412 0.034545454545454546
1 0.6388235294117647 0.6781818181818182 0.0811764705882353 0.03
1 0.5855882352941176 0.6829545454545455 0.02176470588235294 0.025
1 0.6435294117647059 0.7181818181818181 0.02588235294117647 0.022727272727272728
1 0.5114705882352941 0.7738636363636363 0.031176470588235295 0.02590909090909091
1 0.45323529411764707 0.7693181818181818 0.08294117647058824 0.02590909090909091