1 0.7723792697290931 0.852619589977221 0.06065959952885748 0.04236902050113895
1 0.8633686690223793 0.9184510250569476 0.06949352179034157 0.03917995444191344
1 0.5848056537102474 0.6070615034168565 0.143698468786808 0.03507972665148064
1 0.4178445229681979 0.9184510250569476 0.05712603062426384 0.03917995444191344
1 0.8536513545347467 0.8539863325740319 0.06772673733804475 0.03963553530751709
1 0.4016489988221437 0.6075170842824601 0.17432273262661954 0.03507972665148064
1 0.45170789163722025 0.4002277904328018 0.25559481743227325 0.0387243735763098
1 0.4084216725559482 0.4460136674259681 0.17137809187279152 0.03553530751708428
1 0.42314487632508835 0.6758542141230068 0.1972909305064782 0.04054669703872437
1 0.413133097762073 0.7644646924829157 0.18904593639575973 0.03735763097949886
1 0.31419316843345113 0.023234624145785875 0.05712603062426384 0.02824601366742597
1 0.7959363957597173 0.558997722095672 0.03828032979976443 0.03462414578587699
1 0.11101295641931684 0.6726651480637813 0.09363957597173145 0.03690205011389522
1 0.11277974087161366 0.4407744874715262 0.0983510011778563 0.03599088838268793
1 0.4637809187279152 0.7202733485193622 0.28209658421672557 0.03917995444191344
1 0.11130742049469965 0.35671981776765377 0.0977620730270907 0.03735763097949886
1 0.6083627797408716 0.7640091116173121 0.18256772673733804 0.03644646924829157
1 0.15547703180212014 0.9200455580865604 0.0636042402826855 0.04328018223234624
1 0.7782685512367491 0.6066059225512529 0.09481743227326266 0.03234624145785877
1 0.3306831566548881 0.9195899772209567 0.06772673733804475 0.0387243735763098
1 0.160188457008245 0.849886104783599 0.0636042402826855 0.03963553530751709
1 0.7240871613663133 0.7175398633257403 0.20318021201413428 0.03826879271070615
1 0.42667844522968196 0.5145785876993166 0.20200235571260305 0.03963553530751709
1 0.10954063604240283 0.5150341685649202 0.09305064782096584 0.03690205011389522
1 0.24617196702002356 0.8528473804100227 0.06478209658421673 0.03826879271070615
1 0.676678445229682 0.5587699316628701 0.18256772673733804 0.03599088838268793
1 0.24322732626619553 0.9195899772209567 0.05889281507656066 0.03963553530751709
1 0.7673733804475854 0.9189066059225512 0.05535924617196702 0.03917995444191344
1 0.6731448763250883 0.40113895216400913 0.13427561837455831 0.03599088838268793
1 0.5665488810365136 0.35990888382687924 0.1166077738515901 0.03826879271070615
1 0.4216725559481743 0.8505694760820045 0.06007067137809187 0.04009111617312073
1 0.5930506478209658 0.9193621867881548 0.061248527679623084 0.03826879271070615
1 0.11012956419316844 0.5624145785876993 0.10247349823321555 0.03781321184510251
1 0.4502355712603062 0.558997722095672 0.24676089517078917 0.03735763097949886
1 0.6130742049469965 0.5168564920273349 0.13427561837455831 0.03781321184510251
1 0.591283863368669 0.8562642369020501 0.06595995288574794 0.0387243735763098
1 0.1071849234393404 0.3979498861047836 0.0977620730270907 0.03690205011389522
1 0.5488810365135454 0.02733485193621868 0.06831566548881036 0.03189066059225513
1 0.5038280329799765 0.9211845102505695 0.061837455830388695 0.03917995444191344
1 0.6828621908127208 0.8528473804100227 0.06419316843345112 0.04191343963553531
1 0.7876914016489989 0.5175398633257403 0.0983510011778563 0.03553530751708428
1 0.8754416961130742 0.5576309794988611 0.09363957597173145 0.0337129840546697
1 0.11012956419316844 0.7601366742596811 0.09187279151943463 0.03599088838268793
1 0.11425206124852769 0.7168564920273348 0.10129564193168433 0.03690205011389522
1 0.5815665488810365 0.4446469248291572 0.09952885747938751 0.0337129840546697
1 0.5114840989399293 0.8535307517084283 0.07361601884570082 0.04236902050113895
1 0.7040636042402827 0.5170842824601367 0.034746760895170786 0.03462414578587699
1 0.6263250883392226 0.6753986332574032 0.1878680800942285 0.03963553530751709
1 0.39693757361601884 0.3574031890660592 0.16136631330977622 0.0387243735763098
1 0.10836277974087162 0.6043280182232347 0.09422850412249706 0.03690205011389522
1 0.6822732626619552 0.9186788154897494 0.061837455830388695 0.0387243735763098
1 0.33627797408716137 0.8519362186788155 0.061248527679623084 0.03826879271070615
1 0.6928739693757362 0.6107061503416856 0.044169611307420496 0.03052391799544419