1 0.3352941176470588 0.8577272727272728 0.06235294117647059 0.02909090909090909
1 0.5005882352941177 0.8604545454545455 0.06 0.03727272727272727
1 0.7555882352941177 0.8613636363636363 0.057058823529411766 0.03727272727272727
1 0.8544117647058823 0.9270454545454545 0.0711764705882353 0.038636363636363635
1 0.5320588235294118 0.5202272727272728 0.13 0.025
1 0.5226470588235295 0.6763636363636364 0.09470588235294118 0.03272727272727273
1 0.40294117647058825 0.4056818181818182 0.22 0.029545454545454545
1 0.6864705882352942 0.8615909090909091 0.06235294117647059 0.03772727272727273
1 0.41205882352941176 0.9290909090909091 0.054705882352941174 0.035454545454545454
1 0.11029411764705882 0.6797727272727273 0.08529411764705883 0.03409090909090909
1 0.40294117647058825 0.7206818181818182 0.21176470588235294 0.026818181818181817
1 0.11470588235294117 0.3668181818181818 0.09176470588235294 0.034545454545454546
1 0.11029411764705882 0.4486363636363636 0.09117647058823529 0.03636363636363636
1 0.42411764705882354 0.8590909090909091 0.07058823529411765 0.03272727272727273
1 0.1538235294117647 0.9270454545454545 0.060588235294117644 0.03409090909090909
1 0.33088235294117646 0.9281818181818182 0.057058823529411766 0.035454545454545454
1 0.15764705882352942 0.8593181818181819 0.06352941176470588 0.030454545454545453
1 0.37058823529411766 0.52 0.15176470588235294 0.03090909090909091
1 0.1111764705882353 0.5231818181818182 0.08588235294117647 0.03363636363636364
1 0.24588235294117647 0.9240909090909091 0.05647058823529412 0.03636363636363636
1 0.7561764705882353 0.9252272727272727 0.05588235294117647 0.038636363636363635
1 0.5644117647058824 0.035227272727272725 0.12529411764705883 0.01681818181818182
1 0.5914705882352941 0.9263636363636364 0.06411764705882353 0.03636363636363636
1 0.1161764705882353 0.5656818181818182 0.09 0.035
1 0.3905882352941176 0.44727272727272727 0.18705882352941178 0.022727272727272728
1 0.10617647058823529 0.40613636363636363 0.08647058823529412 0.03590909090909091
1 0.5058823529411764 0.9270454545454545 0.06235294117647059 0.035
1 0.8470588235294118 0.8586363636363636 0.058823529411764705 0.03727272727272727
1 0.11764705882352941 0.7643181818181818 0.09411764705882353 0.03409090909090909
1 0.12176470588235294 0.7218181818181818 0.08941176470588236 0.034545454545454546
1 0.5852941176470589 0.8615909090909091 0.05764705882352941 0.03681818181818182
1 0.6414705882352941 0.40454545454545454 0.22294117647058823 0.023636363636363636
1 0.12676470588235295 0.6061363636363636 0.09352941176470589 0.03590909090909091
1 0.673235294117647 0.9261363636363636 0.061764705882352944 0.035
1 0.2461764705882353 0.8572727272727273 0.05823529411764706 0.03272727272727273
1 0.29470588235294115 0.03568181818181818 0.02823529411764706 0.020454545454545454
1 0.3458823529411765 0.0375 0.06470588235294118 0.02409090909090909
1 0.6264705882352941 0.44681818181818184 0.2211764705882353 0.02909090909090909
1 0.5435294117647059 0.5638636363636363 0.10941176470588235 0.029545454545454545
1 0.3891176470588235 0.5636363636363636 0.18764705882352942 0.025454545454545455
1 0.5688235294117647 0.6045454545454545 0.13176470588235295 0.02727272727272727
1 0.38588235294117645 0.6056818181818182 0.18588235294117647 0.029545454545454545
1 0.3708823529411765 0.3615909090909091 0.1511764705882353 0.025
1 0.5420588235294118 0.36227272727272725 0.16058823529411764 0.023636363636363636
1 0.38 0.6777272727272727 0.16 0.031818181818181815
1 0.5952941176470589 0.7211363636363637 0.15294117647058825 0.02409090909090909
1 0.38382352941176473 0.7627272727272727 0.17588235294117646 0.026363636363636363
1 0.5547058823529412 0.7618181818181818 0.1376470588235294 0.026363636363636363