1 0.4097058823529412 0.6884090909090909 0.20647058823529413 0.04045454545454545
1 0.39676470588235296 0.4115909090909091 0.18176470588235294 0.038636363636363635
1 0.7597058823529412 0.8738636363636364 0.07352941176470588 0.045
1 0.8432352941176471 0.9334090909090909 0.060588235294117644 0.04409090909090909
1 0.6341176470588236 0.6177272727272727 0.15529411764705883 0.034545454545454546
1 0.4158823529411765 0.9290909090909091 0.07764705882352942 0.035454545454545454
1 0.41411764705882353 0.6179545454545454 0.2188235294117647 0.03227272727272727
1 0.736764705882353 0.7354545454545455 0.04764705882352941 0.04090909090909091
1 0.4102941176470588 0.7334090909090909 0.22058823529411764 0.03772727272727273
1 0.38941176470588235 0.37 0.18 0.038181818181818185
1 0.7658823529411765 0.5520454545454545 0.03882352941176471 0.042272727272727274
1 0.10911764705882353 0.6811363636363637 0.09588235294117647 0.03772727272727273
1 0.10647058823529412 0.45181818181818184 0.11294117647058824 0.03636363636363636
1 0.8561764705882353 0.5381818181818182 0.10764705882352942 0.03727272727272727
1 0.7426470588235294 0.6206818181818182 0.03235294117647059 0.035
1 0.6305882352941177 0.7365909090909091 0.16117647058823528 0.035
1 0.1514705882352941 0.9252272727272727 0.05941176470588235 0.04318181818181818
1 0.8105882352941176 0.6263636363636363 0.08470588235294117 0.03272727272727273
1 0.33029411764705885 0.9272727272727272 0.06529411764705882 0.04
1 0.15941176470588236 0.855909090909091 0.07176470588235294 0.04181818181818182
1 0.7558823529411764 0.7781818181818182 0.12 0.034545454545454546
1 0.6497058823529411 0.4618181818181818 0.09823529411764706 0.03363636363636364
1 0.10529411764705883 0.5229545454545454 0.09529411764705882 0.03590909090909091
1 0.6552941176470588 0.5352272727272728 0.1635294117647059 0.03772727272727273
1 0.2411764705882353 0.9265909090909091 0.07058823529411765 0.03954545454545454
1 0.3814705882352941 0.7775 0.15941176470588236 0.03590909090909091
1 0.7594117647058823 0.9279545454545455 0.06470588235294118 0.041363636363636366
1 0.10470588235294118 0.3679545454545455 0.09058823529411765 0.03590909090909091
1 0.5526470588235294 0.7806818181818181 0.13941176470588235 0.028636363636363637
1 0.6594117647058824 0.3756818181818182 0.036470588235294116 0.035
1 0.5697058823529412 0.4127272727272727 0.13117647058823528 0.03727272727272727
1 0.4161764705882353 0.8665909090909091 0.06294117647058824 0.041363636363636366
1 0.5879411764705882 0.9386363636363636 0.05941176470588235 0.04818181818181818
1 0.42470588235294116 0.5347727272727273 0.23058823529411765 0.038636363636363635
1 0.5905882352941176 0.4631818181818182 0.027058823529411764 0.034545454545454546
1 0.5135294117647059 0.4561363636363636 0.12352941176470589 0.03590909090909091
1 0.5855882352941176 0.8665909090909091 0.05588235294117647 0.045
1 0.10558823529411765 0.4077272727272727 0.1111764705882353 0.03909090909090909
1 0.10323529411764706 0.5672727272727273 0.09 0.03727272727272727
1 0.6597058823529411 0.5813636363636364 0.1723529411764706 0.03090909090909091
1 0.6620588235294118 0.4168181818181818 0.03 0.03636363636363636
1 0.7273529411764705 0.4138636363636364 0.09588235294117647 0.035
1 0.8632352941176471 0.695 0.14058823529411765 0.03909090909090909
1 0.6741176470588235 0.8690909090909091 0.06470588235294118 0.04454545454545455
1 0.5714705882352941 0.37204545454545457 0.1535294117647059 0.038636363636363635
1 0.6232352941176471 0.6872727272727273 0.18764705882352942 0.038181818181818185
1 0.8470588235294118 0.7354545454545455 0.13411764705882354 0.03636363636363636
1 0.3708823529411765 0.45454545454545453 0.13470588235294118 0.03363636363636364
1 0.10470588235294118 0.7679545454545454 0.0988235294117647 0.03681818181818182
1 0.10705882352941176 0.7268181818181818 0.10352941176470588 0.038181818181818185
1 0.741764705882353 0.37522727272727274 0.10705882352941176 0.035
1 0.5005882352941177 0.8613636363636363 0.06352941176470588 0.042727272727272725
1 0.8535294117647059 0.5795454545454546 0.10941176470588235 0.035454545454545454
1 0.09941176470588235 0.6097727272727272 0.09294117647058824 0.038636363636363635
1 0.6758823529411765 0.9290909090909091 0.07294117647058823 0.04
1 0.3285294117647059 0.8595454545454545 0.06647058823529411 0.04
1 0.4285294117647059 0.5770454545454545 0.2464705882352941 0.03590909090909091
1 0.7685294117647059 0.5836363636363636 0.033529411764705884 0.03636363636363636
1 0.7441176470588236 0.7022727272727273 0.03176470588235294 0.042727272727272725
1 0.6588235294117647 0.7909090909090909 0.03764705882352941 0.03636363636363636
1 0.2373529411764706 0.8622727272727273 0.06294117647058824 0.03909090909090909
1 0.49911764705882355 0.9372727272727273 0.07470588235294118 0.056363636363636366
1 0.8497058823529412 0.8745454545454545 0.08058823529411764 0.05454545454545454