1 0.4147058823529412 0.7270454545454546 0.22941176470588234 0.035
1 0.39323529411764707 0.4106818181818182 0.17941176470588235 0.03590909090909091
1 0.7588235294117647 0.8590909090909091 0.06 0.035454545454545454
1 0.8420588235294117 0.9322727272727273 0.06411764705882353 0.03909090909090909
1 0.4161764705882353 0.9259090909090909 0.05352941176470588 0.035454545454545454
1 0.10970588235294118 0.6827272727272727 0.07470588235294118 0.034545454545454546
1 0.09852941176470588 0.3675 0.06529411764705882 0.03318181818181818
1 0.10088235294117646 0.4525 0.06529411764705882 0.035
1 0.15676470588235294 0.9240909090909091 0.05823529411764706 0.03727272727272727
1 0.32735294117647057 0.9272727272727272 0.060588235294117644 0.03636363636363636
1 0.16117647058823528 0.8572727272727273 0.06235294117647059 0.03727272727272727
1 0.68 0.7268181818181818 0.25058823529411767 0.03909090909090909
1 0.24705882352941178 0.8581818181818182 0.052941176470588235 0.03636363636363636
1 0.23970588235294119 0.9231818181818182 0.054705882352941174 0.03636363636363636
1 0.38176470588235295 0.7686363636363637 0.1635294117647059 0.035454545454545454
1 0.7588235294117647 0.9247727272727273 0.05764705882352941 0.038636363636363635
1 0.5564705882352942 0.7688636363636364 0.14 0.038636363636363635
1 0.5920588235294117 0.4106818181818182 0.1111764705882353 0.035
1 0.4152941176470588 0.8579545454545454 0.052941176470588235 0.035
1 0.5891176470588235 0.9272727272727272 0.05235294117647059 0.03909090909090909
1 0.1126470588235294 0.5679545454545455 0.08764705882352941 0.03409090909090909
1 0.4411764705882353 0.5672727272727273 0.2811764705882353 0.038181818181818185
1 0.43529411764705883 0.4572727272727273 0.03294117647058824 0.03636363636363636
1 0.585 0.8652272727272727 0.057058823529411766 0.03954545454545454
1 0.10176470588235294 0.40954545454545455 0.07176470588235294 0.035454545454545454
1 0.5014705882352941 0.9261363636363636 0.060588235294117644 0.03681818181818182
1 0.8397058823529412 0.8590909090909091 0.04764705882352941 0.038181818181818185
1 0.6691176470588235 0.86 0.05588235294117647 0.03636363636363636
1 0.5108823529411765 0.4113636363636364 0.03705882352941176 0.034545454545454546
1 0.35970588235294115 0.4525 0.10529411764705883 0.035
1 0.11029411764705882 0.7663636363636364 0.08294117647058824 0.034545454545454546
1 0.11470588235294117 0.7263636363636363 0.07882352941176471 0.034545454545454546
1 0.5032352941176471 0.455 0.07235294117647059 0.031818181818181815
1 0.49323529411764705 0.8597727272727272 0.05 0.03590909090909091
1 0.1111764705882353 0.6104545454545455 0.09058823529411765 0.035454545454545454
1 0.6767647058823529 0.9261363636363636 0.06764705882352941 0.03681818181818182
1 0.33088235294117646 0.8581818181818182 0.05352941176470588 0.03727272727272727
1 0.7255882352941176 0.5686363636363636 0.26294117647058823 0.04090909090909091
1 0.39 0.6120454545454546 0.18470588235294116 0.03318181818181818
1 0.5629411764705883 0.6090909090909091 0.14470588235294118 0.03636363636363636
1 0.30176470588235293 0.03590909090909091 0.04941176470588235 0.02727272727272727
1 0.5526470588235294 0.03977272727272727 0.08411764705882353 0.031363636363636364
1 0.10970588235294118 0.5247727272727273 0.09588235294117647 0.03772727272727273