1 0.4723529411764706 0.4036363636363636 0.34 0.04090909090909091
1 0.5623529411764706 0.6118181818181818 0.1976470588235294 0.031818181818181815
1 0.38794117647058823 0.5179545454545454 0.18764705882352942 0.03681818181818182
1 0.38382352941176473 0.5622727272727273 0.20058823529411765 0.04
1 0.3788235294117647 0.6079545454545454 0.1376470588235294 0.035
1 0.3008823529411765 0.027954545454545454 0.04058823529411765 0.02590909090909091
1 0.4188235294117647 0.769090909090909 0.22705882352941176 0.03636363636363636
1 0.10647058823529412 0.6772727272727272 0.0811764705882353 0.03727272727272727
1 0.11941176470588236 0.445 0.1011764705882353 0.03727272727272727
1 0.11441176470588235 0.36068181818181816 0.10058823529411764 0.038636363636363635
1 0.11058823529411765 0.7222727272727273 0.08823529411764706 0.038181818181818185
1 0.7532352941176471 0.6115909090909091 0.08176470588235295 0.03227272727272727
1 0.10617647058823529 0.524090909090909 0.08176470588235295 0.03272727272727273
1 0.6861764705882353 0.6179545454545454 0.025294117647058825 0.03772727272727273
1 0.903235294117647 0.40795454545454546 0.11470588235294117 0.035
1 0.678235294117647 0.44931818181818184 0.16117647058823528 0.03409090909090909
1 0.4476470588235294 0.7181818181818181 0.29294117647058826 0.038181818181818185
1 0.6338235294117647 0.77 0.17588235294117646 0.03727272727272727
1 0.12176470588235294 0.4040909090909091 0.10588235294117647 0.03909090909090909
1 0.10705882352941176 0.5634090909090909 0.07294117647058823 0.03590909090909091
1 0.543235294117647 0.027954545454545454 0.03470588235294118 0.02590909090909091
1 0.7291176470588235 0.4065909090909091 0.1688235294117647 0.03409090909090909
1 0.7814705882352941 0.4565909090909091 0.028823529411764706 0.035
1 0.7194117647058823 0.7179545454545454 0.23294117647058823 0.041363636363636366
1 0.8779411764705882 0.5647727272727273 0.10647058823529412 0.03681818181818182
1 0.445 0.4506818181818182 0.2852941176470588 0.038636363636363635
1 0.11382352941176471 0.7656818181818181 0.08764705882352941 0.038636363636363635
1 0.10882352941176471 0.6077272727272728 0.08 0.03636363636363636
1 0.8661764705882353 0.45340909090909093 0.1264705882352941 0.03590909090909091
1 0.6282352941176471 0.5622727272727273 0.2788235294117647 0.03636363636363636
1 0.7958823529411765 0.5627272727272727 0.03882352941176471 0.03909090909090909
1 0.8332352941176471 0.4093181818181818 0.027647058823529413 0.041363636363636366