1 0.41205882352941176 0.6884090909090909 0.21 0.028636363636363637
1 0.40441176470588236 0.37136363636363634 0.18294117647058825 0.03727272727272727
1 0.7697058823529411 0.8563636363636363 0.06529411764705882 0.03909090909090909
1 0.8544117647058823 0.9220454545454545 0.06529411764705882 0.03954545454545454
1 0.5585294117647058 0.610909090909091 0.028823529411764706 0.03727272727272727
1 0.4173529411764706 0.9263636363636364 0.04764705882352941 0.03636363636363636
1 0.5708823529411765 0.5277272727272727 0.08058823529411764 0.03363636363636364
1 0.8570588235294118 0.8565909090909091 0.06470588235294118 0.03954545454545454
1 0.39176470588235296 0.6120454545454546 0.15058823529411763 0.03590909090909091
1 0.6891176470588235 0.7281818181818182 0.16647058823529412 0.03727272727272727
1 0.43588235294117644 0.41909090909090907 0.2411764705882353 0.03909090909090909
1 0.6879411764705883 0.6895454545454546 0.045294117647058825 0.03363636363636364
1 0.45235294117647057 0.7263636363636363 0.29294117647058826 0.04
1 0.1 0.6831818181818182 0.07294117647058823 0.03636363636363636
1 0.10058823529411764 0.4509090909090909 0.08 0.035454545454545454
1 0.7382352941176471 0.5693181818181818 0.03058823529411765 0.03772727272727273
1 0.09852941176470588 0.3709090909090909 0.07941176470588235 0.034545454545454546
1 0.16 0.9261363636363636 0.05176470588235294 0.03772727272727273
1 0.8158823529411765 0.5684090909090909 0.1 0.03590909090909091
1 0.3373529411764706 0.9256818181818182 0.060588235294117644 0.03681818181818182
1 0.16147058823529412 0.8586363636363636 0.04647058823529412 0.03727272727272727
1 0.6152941176470588 0.4506818181818182 0.03176470588235294 0.03318181818181818
1 0.09176470588235294 0.5254545454545455 0.07176470588235294 0.035454545454545454
1 0.6564705882352941 0.5731818181818182 0.11411764705882353 0.035454545454545454
1 0.25088235294117645 0.8577272727272728 0.05235294117647059 0.03727272727272727
1 0.633235294117647 0.5361363636363636 0.033529411764705884 0.03409090909090909
1 0.2538235294117647 0.9254545454545454 0.06411764705882353 0.03727272727272727
1 0.40794117647058825 0.7668181818181818 0.20529411764705882 0.034545454545454546
1 0.7691176470588236 0.9229545454545455 0.05941176470588235 0.03772727272727273
1 0.27676470588235297 0.0325 0.04176470588235294 0.023181818181818182
1 0.6920588235294117 0.4484090909090909 0.09823529411764706 0.03409090909090909
1 0.6658823529411765 0.3740909090909091 0.042352941176470586 0.03363636363636364
1 0.6455882352941177 0.41454545454545455 0.16058823529411764 0.038181818181818185
1 0.41970588235294115 0.8584090909090909 0.045294117647058825 0.038636363636363635
1 0.5914705882352941 0.9229545454545455 0.060588235294117644 0.03772727272727273
1 0.40794117647058825 0.5309090909090909 0.18529411764705883 0.035454545454545454
1 0.44058823529411767 0.5722727272727273 0.27294117647058824 0.03727272727272727
1 0.5964705882352941 0.8552272727272727 0.058823529411764705 0.03772727272727273
1 0.5502941176470588 0.03613636363636363 0.09705882352941177 0.025
1 0.821764705882353 0.4125 0.11294117647058824 0.03772727272727273
1 0.7935294117647059 0.7277272727272728 0.03294117647058824 0.03909090909090909
1 0.5076470588235295 0.925 0.05647058823529412 0.03909090909090909
1 0.6820588235294117 0.8556818181818182 0.061764705882352944 0.03954545454545454
1 0.5726470588235294 0.37318181818181817 0.11941176470588236 0.034545454545454546
1 0.7664705882352941 0.37113636363636365 0.12 0.035
1 0.5882352941176471 0.6845454545454546 0.11176470588235295 0.034545454545454546
1 0.8744117647058823 0.7247727272727272 0.12764705882352942 0.03681818181818182
1 0.3855882352941176 0.4490909090909091 0.1476470588235294 0.03636363636363636
1 0.0988235294117647 0.7654545454545455 0.06705882352941177 0.035454545454545454
1 0.09823529411764706 0.7225 0.06705882352941177 0.03590909090909091
1 0.7517647058823529 0.4093181818181818 0.04 0.03681818181818182
1 0.5273529411764706 0.4486363636363636 0.10764705882352942 0.035454545454545454
1 0.5091176470588236 0.8568181818181818 0.051176470588235295 0.038181818181818185
1 0.6976470588235294 0.5268181818181819 0.07529411764705882 0.035454545454545454
1 0.09470588235294118 0.6129545454545454 0.06941176470588235 0.03590909090909091
1 0.6835294117647058 0.923409090909091 0.06588235294117648 0.038636363636363635
1 0.3332352941176471 0.8575 0.05352941176470588 0.038636363636363635
1 0.7658823529411765 0.6825 0.08941176470588236 0.03409090909090909
1 0.10411764705882352 0.4134090909090909 0.07411764705882352 0.03227272727272727
1 0.5052941176470588 0.610909090909091 0.05764705882352941 0.03
1 0.6114705882352941 0.6129545454545454 0.0688235294117647 0.028636363636363637
1 0.09147058823529412 0.5709090909090909 0.06529411764705882 0.034545454545454546
1 0.5905882352941176 0.7665909090909091 0.12470588235294118 0.02590909090909091
1 0.6944117647058824 0.7665909090909091 0.027647058823529413 0.02772727272727273
1 0.7770588235294118 0.7686363636363637 0.10235294117647059 0.035454545454545454