1 0.42058823529411765 0.6868181818181818 0.23294117647058823 0.03636363636363636
1 0.7608823529411765 0.8570454545454546 0.051176470588235295 0.038636363636363635
1 0.8470588235294118 0.9236363636363636 0.058823529411764705 0.04090909090909091
1 0.5497058823529412 0.6206818181818182 0.09 0.03227272727272727
1 0.4223529411764706 0.9272727272727272 0.05764705882352941 0.03909090909090909
1 0.5014705882352941 0.5306818181818181 0.03 0.03318181818181818
1 0.8538235294117648 0.8584090909090909 0.0688235294117647 0.03954545454545454
1 0.38088235294117645 0.6186363636363637 0.14882352941176472 0.035454545454545454
1 0.6270588235294118 0.7736363636363637 0.18470588235294116 0.03090909090909091
1 0.4661764705882353 0.7268181818181818 0.3205882352941177 0.038181818181818185
1 0.09176470588235294 0.6856818181818182 0.07058823529411765 0.03227272727272727
1 0.08441176470588235 0.45454545454545453 0.07823529411764706 0.03727272727272727
1 0.16294117647058823 0.9275 0.06 0.038636363636363635
1 0.335 0.9277272727272727 0.06529411764705882 0.038181818181818185
1 0.1661764705882353 0.8597727272727272 0.06411764705882353 0.03772727272727273
1 0.5761764705882353 0.4556818181818182 0.16294117647058823 0.03590909090909091
1 0.38676470588235295 0.5288636363636363 0.1652941176470588 0.03409090909090909
1 0.09352941176470589 0.5288636363636363 0.06705882352941177 0.03590909090909091
1 0.24441176470588236 0.8620454545454546 0.05 0.03772727272727273
1 0.24 0.9261363636363636 0.04941176470588235 0.038636363636363635
1 0.40941176470588236 0.7747727272727273 0.20470588235294118 0.03318181818181818
1 0.7597058823529412 0.9247727272727273 0.05 0.03954545454545454
1 0.2735294117647059 0.03704545454545455 0.041176470588235294 0.02409090909090909
1 0.6326470588235295 0.3643181818181818 0.2088235294117647 0.03772727272727273
1 0.4147058823529412 0.8615909090909091 0.04941176470588235 0.038636363636363635
1 0.586764705882353 0.9290909090909091 0.05 0.04090909090909091
1 0.4447058823529412 0.5720454545454545 0.24823529411764705 0.03954545454545454
1 0.5832352941176471 0.5279545454545455 0.09941176470588235 0.03590909090909091
1 0.5947058823529412 0.8593181818181819 0.06588235294117648 0.038636363636363635
1 0.09029411764705883 0.3718181818181818 0.08411764705882353 0.038181818181818185
1 0.605 0.5688636363636363 0.03 0.035
1 0.5438235294117647 0.03772727272727273 0.07705882352941176 0.02090909090909091
1 0.5002941176470588 0.928409090909091 0.0488235294117647 0.04045454545454545
1 0.6797058823529412 0.8581818181818182 0.061764705882352944 0.03636363636363636
1 0.43 0.4131818181818182 0.24235294117647058 0.03727272727272727
1 0.7885294117647059 0.7234090909090909 0.2852941176470588 0.04045454545454545
1 0.39323529411764707 0.45704545454545453 0.17588235294117646 0.035
1 0.10235294117647059 0.77 0.08235294117647059 0.035454545454545454
1 0.1 0.7261363636363637 0.08235294117647059 0.03590909090909091
1 0.6985294117647058 0.40863636363636363 0.26294117647058823 0.04
1 0.5055882352941177 0.8581818181818182 0.05823529411764706 0.03909090909090909
1 0.4814705882352941 0.6204545454545455 0.03 0.035454545454545454
1 0.08941176470588236 0.5711363636363637 0.05058823529411765 0.03590909090909091
1 0.6794117647058824 0.9236363636363636 0.06352941176470588 0.03909090909090909
1 0.3338235294117647 0.8604545454545455 0.061764705882352944 0.03727272727272727
1 0.4208823529411765 0.37113636363636365 0.2111764705882353 0.03772727272727273
1 0.6908823529411765 0.5663636363636364 0.11470588235294117 0.03636363636363636
1 0.706764705882353 0.6809090909090909 0.2735294117647059 0.03636363636363636
1 0.09058823529411765 0.4115909090909091 0.08941176470588236 0.038636363636363635
1 0.08470588235294117 0.6118181818181818 0.04588235294117647 0.03090909090909091