1 0.38176470588235295 0.6813636363636364 0.15529411764705883 0.031818181818181815
1 0.7588235294117647 0.8570454545454546 0.04588235294117647 0.04045454545454545
1 0.8497058823529412 0.9275 0.06294117647058824 0.038636363636363635
1 0.5535294117647059 0.6097727272727272 0.14705882352941177 0.03409090909090909
1 0.4108823529411765 0.9259090909090909 0.05352941176470588 0.03727272727272727
1 0.3841176470588235 0.5243181818181818 0.16705882352941176 0.03318181818181818
1 0.8388235294117647 0.8593181818181819 0.04352941176470588 0.03227272727272727
1 0.38441176470588234 0.6095454545454545 0.16411764705882353 0.03363636363636364
1 0.39088235294117646 0.45295454545454544 0.1711764705882353 0.035
1 0.43970588235294117 0.7252272727272727 0.2688235294117647 0.03772727272727273
1 0.38588235294117645 0.36568181818181816 0.15529411764705883 0.03227272727272727
1 0.4294117647058823 0.4093181818181818 0.24941176470588236 0.030454545454545453
1 0.10941176470588235 0.6790909090909091 0.09294117647058824 0.035454545454545454
1 0.6964705882352941 0.5697727272727273 0.18588235294117647 0.03318181818181818
1 0.09235294117647058 0.36318181818181816 0.08352941176470588 0.03363636363636364
1 0.09264705882352942 0.4490909090909091 0.08176470588235295 0.03272727272727273
1 0.1514705882352941 0.9243181818181818 0.05 0.03772727272727273
1 0.32794117647058824 0.9256818181818182 0.05588235294117647 0.03772727272727273
1 0.15 0.8568181818181818 0.04823529411764706 0.04
1 0.6873529411764706 0.7263636363636363 0.20411764705882354 0.038181818181818185
1 0.09588235294117647 0.5238636363636363 0.0811764705882353 0.03318181818181818
1 0.6479411764705882 0.6138636363636364 0.028823529411764706 0.029545454545454545
1 0.24235294117647058 0.8572727272727273 0.04588235294117647 0.038181818181818185
1 0.2447058823529412 0.9243181818181818 0.05764705882352941 0.03681818181818182
1 0.4067647058823529 0.7684090909090909 0.20647058823529413 0.03681818181818182
1 0.7644117647058823 0.9254545454545454 0.05588235294117647 0.038181818181818185
1 0.6061764705882353 0.7675 0.1676470588235294 0.03590909090909091
1 0.6123529411764705 0.41113636363636363 0.10941176470588235 0.035
1 0.4102941176470588 0.8568181818181818 0.04764705882352941 0.038181818181818185
1 0.591764705882353 0.925 0.052941176470588235 0.03636363636363636
1 0.4676470588235294 0.5686363636363636 0.25529411764705884 0.03272727272727273
1 0.5805882352941176 0.8584090909090909 0.042352941176470586 0.03954545454545454
1 0.09411764705882353 0.4065909090909091 0.08352941176470588 0.031363636363636364
1 0.09911764705882353 0.5670454545454545 0.08764705882352941 0.035
1 0.5070588235294118 0.3659090909090909 0.07647058823529412 0.031818181818181815
1 0.5379411764705883 0.5259090909090909 0.13352941176470587 0.03272727272727273
1 0.5029411764705882 0.925 0.0611764705882353 0.04
1 0.6711764705882353 0.8575 0.04823529411764706 0.03954545454545454
1 0.5364705882352941 0.6827272727272727 0.13529411764705881 0.03090909090909091
1 0.885 0.5702272727272727 0.09 0.03318181818181818
1 0.1111764705882353 0.7652272727272728 0.10470588235294118 0.03681818181818182
1 0.10941176470588235 0.7272727272727273 0.09411764705882353 0.038181818181818185
1 0.5014705882352941 0.8625 0.04764705882352941 0.038636363636363635
1 0.6876470588235294 0.5265909090909091 0.07529411764705882 0.031363636363636364
1 0.09823529411764706 0.6095454545454545 0.08705882352941176 0.035454545454545454
1 0.6761764705882353 0.9240909090909091 0.05823529411764706 0.03909090909090909
1 0.3270588235294118 0.8575 0.04823529411764706 0.03772727272727273
1 0.7005882352941176 0.6088636363636364 0.06941176470588235 0.031363636363636364
1 0.3038235294117647 0.03409090909090909 0.054705882352941174 0.022727272727272728
1 0.5647058823529412 0.037954545454545456 0.11764705882352941 0.021363636363636362
1 0.6302941176470588 0.5293181818181818 0.03235294117647059 0.03318181818181818
1 0.8182352941176471 0.5690909090909091 0.03529411764705882 0.034545454545454546
1 0.52 0.45454545454545453 0.0811764705882353 0.031818181818181815