1 0.39558823529411763 0.6856818181818182 0.18411764705882352 0.03772727272727273
1 0.565 0.69 0.12764705882352942 0.035454545454545454
1 0.4411764705882353 0.3715909090909091 0.2788235294117647 0.03954545454545454
1 0.7655882352941177 0.8647727272727272 0.06411764705882353 0.04318181818181818
1 0.846764705882353 0.9304545454545454 0.05941176470588235 0.04181818181818182
1 0.6085294117647059 0.5736363636363636 0.18176470588235294 0.035454545454545454
1 0.42470588235294116 0.9293181818181818 0.06352941176470588 0.03954545454545454
1 0.8502941176470589 0.8634090909090909 0.061764705882352944 0.04318181818181818
1 0.38529411764705884 0.6154545454545455 0.17411764705882352 0.042727272727272725
1 0.4555882352941176 0.4175 0.31 0.04318181818181818
1 0.4032352941176471 0.7284090909090909 0.2076470588235294 0.038636363636363635
1 0.7894117647058824 0.4147727272727273 0.03294117647058824 0.038636363636363635
1 0.10352941176470588 0.6906818181818182 0.07176470588235294 0.03590909090909091
1 0.0988235294117647 0.4540909090909091 0.07294117647058823 0.03727272727272727
1 0.7211764705882353 0.5711363636363637 0.03058823529411765 0.03409090909090909
1 0.09852941176470588 0.3693181818181818 0.07588235294117647 0.03590909090909091
1 0.595 0.7293181818181819 0.15823529411764706 0.03681818181818182
1 0.15823529411764706 0.9343181818181818 0.05764705882352941 0.03954545454545454
1 0.8108823529411765 0.575 0.13117647058823528 0.03727272727272727
1 0.3332352941176471 0.9311363636363637 0.05823529411764706 0.03954545454545454
1 0.15794117647058822 0.8627272727272727 0.06411764705882353 0.04363636363636364
1 0.7497058823529412 0.6168181818181818 0.11235294117647059 0.03272727272727273
1 0.09411764705882353 0.5288636363636363 0.07294117647058823 0.035
1 0.6738235294117647 0.6156818181818182 0.028823529411764706 0.03409090909090909
1 0.8435294117647059 0.3718181818181818 0.11529411764705882 0.035454545454545454
1 0.24764705882352941 0.8620454545454546 0.06 0.04045454545454545
1 0.24352941176470588 0.9313636363636364 0.05529411764705883 0.03909090909090909
1 0.38058823529411767 0.7727272727272727 0.1588235294117647 0.035454545454545454
1 0.7647058823529411 0.9411363636363637 0.05529411764705883 0.04409090909090909
1 0.3079411764705882 0.03613636363636363 0.039411764705882354 0.02590909090909091
1 0.5461764705882353 0.7747727272727273 0.11235294117647059 0.03590909090909091
1 0.6982352941176471 0.4152272727272727 0.15764705882352942 0.03954545454545454
1 0.4244117647058824 0.8615909090909091 0.06764705882352941 0.042272727272727274
1 0.5885294117647059 0.9336363636363636 0.05588235294117647 0.03909090909090909
1 0.41058823529411764 0.5304545454545454 0.20823529411764705 0.038181818181818185
1 0.5985294117647059 0.8627272727272727 0.07941176470588235 0.04454545454545455
1 0.5679411764705883 0.03840909090909091 0.1264705882352941 0.02590909090909091
1 0.6520588235294118 0.3765909090909091 0.12411764705882353 0.03772727272727273
1 0.7567647058823529 0.45795454545454545 0.10176470588235294 0.03318181818181818
1 0.49941176470588233 0.9304545454545454 0.052941176470588235 0.04090909090909091
1 0.6726470588235294 0.8606818181818182 0.054705882352941174 0.04409090909090909
1 0.40088235294117647 0.4586363636363636 0.20529411764705882 0.038181818181818185
1 0.10647058823529412 0.7736363636363637 0.06588235294117648 0.035454545454545454
1 0.10882352941176471 0.7302272727272727 0.06941176470588235 0.03590909090909091
1 0.7455882352941177 0.37681818181818183 0.03823529411764706 0.038181818181818185
1 0.585 0.45590909090909093 0.14411764705882352 0.03636363636363636
1 0.5044117647058823 0.8611363636363636 0.061764705882352944 0.042272727272727274
1 0.6811764705882353 0.4602272727272727 0.03529411764705882 0.035
1 0.8735294117647059 0.4115909090909091 0.13411764705882354 0.04045454545454545
1 0.6094117647058823 0.5279545454545455 0.1635294117647059 0.03681818181818182
1 0.5588235294117647 0.6168181818181818 0.14823529411764705 0.034545454545454546
1 0.0961764705882353 0.6195454545454545 0.07352941176470588 0.03727272727272727
1 0.6694117647058824 0.93 0.05411764705882353 0.04090909090909091
1 0.3335294117647059 0.8620454545454546 0.06941176470588235 0.04045454545454545
1 0.8008823529411765 0.5322727272727272 0.12411764705882353 0.035454545454545454
1 0.09705882352941177 0.4131818181818182 0.08 0.035454545454545454
1 0.09735294117647059 0.5775 0.07235294117647059 0.03409090909090909
1 0.7147058823529412 0.5390909090909091 0.03529411764705882 0.03272727272727273
1 0.4026470588235294 0.5729545454545455 0.21470588235294116 0.03409090909090909