1 0.47705882352941176 0.6902272727272727 0.3411764705882353 0.045909090909090906
1 0.7641176470588236 0.8611363636363636 0.07058823529411765 0.04318181818181818
1 0.8529411764705882 0.9268181818181818 0.06470588235294118 0.04090909090909091
1 0.5170588235294118 0.5731818181818182 0.03411764705882353 0.03272727272727273
1 0.42676470588235293 0.9254545454545454 0.0711764705882353 0.04090909090909091
1 0.5417647058823529 0.5277272727272727 0.036470588235294116 0.03636363636363636
1 0.8602941176470589 0.8597727272727272 0.07823529411764706 0.04318181818181818
1 0.3738235294117647 0.6081818181818182 0.13470588235294118 0.03636363636363636
1 0.48411764705882354 0.6122727272727273 0.03294117647058824 0.035454545454545454
1 0.4041176470588235 0.4106818181818182 0.18823529411764706 0.04772727272727273
1 0.105 0.6856818181818182 0.09705882352941177 0.03772727272727273
1 0.09676470588235295 0.4593181818181818 0.06529411764705882 0.03681818181818182
1 0.09852941176470588 0.3679545454545455 0.07470588235294118 0.03681818181818182
1 0.17029411764705882 0.9231818181818182 0.08647058823529412 0.04181818181818182
1 0.3323529411764706 0.9245454545454546 0.07176470588235294 0.04090909090909091
1 0.16294117647058823 0.86 0.058823529411764705 0.038181818181818185
1 0.6711764705882353 0.7293181818181819 0.07764705882352942 0.042272727272727274
1 0.41147058823529414 0.5229545454545454 0.20294117647058824 0.03954545454545454
1 0.09205882352941176 0.5254545454545455 0.07352941176470588 0.038181818181818185
1 0.6347058823529412 0.6111363636363636 0.041176470588235294 0.03409090909090909
1 0.24941176470588236 0.8593181818181819 0.05764705882352941 0.038636363636363635
1 0.2564705882352941 0.9231818181818182 0.07764705882352942 0.04181818181818182
1 0.4047058823529412 0.7697727272727273 0.1988235294117647 0.03590909090909091
1 0.7726470588235295 0.9270454545454545 0.0711764705882353 0.04045454545454545
1 0.28558823529411764 0.03590909090909091 0.05352941176470588 0.026363636363636363
1 0.46352941176470586 0.7247727272727272 0.31529411764705884 0.03954545454545454
1 0.6520588235294118 0.4081818181818182 0.18176470588235294 0.04090909090909091
1 0.6520588235294118 0.36977272727272725 0.17823529411764705 0.03954545454545454
1 0.5226470588235295 0.37227272727272726 0.04294117647058823 0.038181818181818185
1 0.4229411764705882 0.8611363636363636 0.06352941176470588 0.03954545454545454
1 0.5985294117647059 0.923409090909091 0.07823529411764706 0.03954545454545454
1 0.46647058823529414 0.4556818181818182 0.03411764705882353 0.03772727272727273
1 0.5652941176470588 0.7754545454545455 0.0611764705882353 0.03363636363636364
1 0.10323529411764706 0.4097727272727273 0.08294117647058824 0.03954545454545454
1 0.6308823529411764 0.5706818181818182 0.15470588235294117 0.03772727272727273
1 0.5658823529411765 0.03909090909090909 0.12 0.022727272727272728
1 0.5020588235294118 0.9245454545454546 0.06529411764705882 0.042727272727272725
1 0.6876470588235294 0.8581818181818182 0.07411764705882352 0.04181818181818182
1 0.3714705882352941 0.4511363636363636 0.13352941176470587 0.038636363636363635
1 0.10029411764705883 0.7713636363636364 0.08411764705882353 0.035454545454545454
1 0.09941176470588235 0.7247727272727272 0.08823529411764706 0.03772727272727273
1 0.54 0.4618181818181818 0.10588235294117647 0.034545454545454546
1 0.5091176470588236 0.8586363636363636 0.06647058823529411 0.04
1 0.6538235294117647 0.5265909090909091 0.14176470588235293 0.03954545454545454
1 0.0811764705882353 0.6145454545454545 0.06705882352941177 0.03727272727272727
1 0.6861764705882353 0.9259090909090909 0.0688235294117647 0.04
1 0.33676470588235297 0.8590909090909091 0.07 0.04
1 0.4052941176470588 0.3690909090909091 0.19294117647058823 0.045454545454545456
1 0.7 0.6831818181818182 0.08470588235294117 0.03727272727272727
1 0.09352941176470589 0.571590909090909 0.07176470588235294 0.03954545454545454
1 0.5973529411764706 0.8629545454545454 0.08529411764705883 0.04045454545454545
1 0.5264705882352941 0.41795454545454547 0.05176470588235294 0.042272727272727274