1 0.3985294117647059 0.675 0.16176470588235295 0.03909090909090909
1 0.5502941176470588 0.678409090909091 0.10411764705882352 0.03590909090909091
1 0.7602941176470588 0.8536363636363636 0.05823529411764706 0.03909090909090909
1 0.8435294117647059 0.9204545454545454 0.06588235294117648 0.042727272727272725
1 0.5202941176470588 0.6086363636363636 0.12529411764705883 0.03363636363636364
1 0.4052941176470588 0.9206818181818182 0.052941176470588235 0.03772727272727273
1 0.5217647058823529 0.5263636363636364 0.15529411764705883 0.03909090909090909
1 0.37676470588235295 0.6061363636363636 0.14176470588235293 0.03590909090909091
1 0.6847058823529412 0.7845454545454545 0.036470588235294116 0.03
1 0.6911764705882353 0.6759090909090909 0.09176470588235294 0.038181818181818185
1 0.36176470588235293 0.36045454545454547 0.0988235294117647 0.038181818181818185
1 0.8114705882352942 0.5629545454545455 0.03235294117647059 0.04045454545454545
1 0.38088235294117645 0.4018181818181818 0.14411764705882352 0.03727272727272727
1 0.10705882352941176 0.6729545454545455 0.07882352941176471 0.03681818181818182
1 0.10029411764705883 0.4440909090909091 0.07470588235294118 0.035454545454545454
1 0.4441176470588235 0.7193181818181819 0.2847058823529412 0.03954545454545454
1 0.0961764705882353 0.3625 0.0688235294117647 0.035
1 0.14823529411764705 0.9197727272727273 0.047058823529411764 0.038636363636363635
1 0.8879411764705882 0.5588636363636363 0.1288235294117647 0.03954545454545454
1 0.3220588235294118 0.9202272727272728 0.05352941176470588 0.03954545454545454
1 0.14205882352941177 0.8522727272727273 0.04058823529411765 0.038181818181818185
1 0.37 0.5254545454545455 0.14705882352941177 0.03363636363636364
1 0.09852941176470588 0.5184090909090909 0.08058823529411764 0.03590909090909091
1 0.6755882352941176 0.7179545454545454 0.16058823529411764 0.03681818181818182
1 0.23852941176470588 0.8522727272727273 0.045294117647058825 0.038181818181818185
1 0.6217647058823529 0.6790909090909091 0.024705882352941175 0.03636363636363636
1 0.23676470588235293 0.9197727272727273 0.05 0.038636363636363635
1 0.3926470588235294 0.7663636363636364 0.18176470588235294 0.03727272727272727
1 0.7570588235294118 0.9204545454545454 0.06 0.04181818181818182
1 0.5755882352941176 0.7679545454545454 0.14058823529411765 0.035
1 0.6823529411764706 0.5679545454545455 0.20352941176470588 0.035
1 0.5520588235294117 0.4022727272727273 0.1935294117647059 0.038181818181818185
1 0.45794117647058824 0.36227272727272725 0.10294117647058823 0.03636363636363636
1 0.40794117647058825 0.8543181818181819 0.0488235294117647 0.038636363636363635
1 0.5873529411764706 0.9190909090909091 0.05823529411764706 0.04090909090909091
1 0.43 0.5618181818181818 0.24823529411764705 0.03909090909090909
1 0.5761764705882353 0.8570454545454546 0.04294117647058823 0.04045454545454545
1 0.10264705882352941 0.4009090909090909 0.08058823529411764 0.035454545454545454
1 0.09941176470588235 0.5643181818181818 0.08823529411764706 0.03590909090909091
1 0.61 0.5345454545454545 0.027058823529411764 0.023636363636363636
1 0.7738235294117647 0.7684090909090909 0.11352941176470588 0.03409090909090909
1 0.6761764705882353 0.8518181818181818 0.06411764705882353 0.03727272727272727
1 0.8758823529411764 0.7161363636363637 0.1411764705882353 0.038636363636363635
1 0.36676470588235294 0.44636363636363635 0.11 0.03636363636363636
1 0.10588235294117647 0.7579545454545454 0.09294117647058824 0.03681818181818182
1 0.10676470588235294 0.7168181818181818 0.09117647058823529 0.03727272727272727
1 0.49941176470588233 0.44795454545454544 0.13058823529411764 0.03590909090909091
1 0.4938235294117647 0.8520454545454546 0.04176470588235294 0.038636363636363635
1 0.696764705882353 0.5306818181818181 0.14176470588235293 0.038636363636363635
1 0.615 0.6106818181818182 0.027647058823529413 0.035
1 0.09970588235294117 0.6027272727272728 0.0888235294117647 0.035454545454545454
1 0.6667647058823529 0.9195454545454546 0.05352941176470588 0.042727272727272725
1 0.32029411764705884 0.8518181818181818 0.045294117647058825 0.03909090909090909
1 0.6920588235294117 0.6075 0.11 0.03409090909090909
1 0.7841176470588235 0.715 0.03294117647058824 0.04
1 0.30970588235294116 0.03 0.039411764705882354 0.03636363636363636
1 0.5664705882352942 0.035454545454545454 0.1011764705882353 0.03090909090909091
1 0.8435294117647059 0.8540909090909091 0.05176470588235294 0.03363636363636364