1 0.5647820965842167 0.6765375854214123 0.03180212014134275 0.03462414578587699
1 0.4620141342756184 0.3970387243735763 0.3080094228504123 0.0387243735763098
1 0.7659010600706714 0.8542141230068337 0.06419316843345112 0.0428246013667426
1 0.8545347467608951 0.9191343963553531 0.0624263839811543 0.04145785876993166
1 0.627208480565371 0.6031890660592255 0.13427561837455831 0.03553530751708428
1 0.4190223792697291 0.9179954441913439 0.05830388692579505 0.0428246013667426
1 0.8618963486454653 0.8562642369020501 0.07243816254416961 0.04236902050113895
1 0.44140164899882217 0.6758542141230068 0.18315665488810365 0.04054669703872437
1 0.702002355712603 0.558997722095672 0.16372202591283863 0.03644646924829157
1 0.4034157832744405 0.765375854214123 0.17196702002355713 0.03735763097949886
1 0.3292108362779741 0.02255125284738041 0.06478209658421673 0.027790432801822324
1 0.7868080094228505 0.516628701594533 0.07891637220259129 0.0337129840546697
1 0.11336866902237927 0.6751708428246014 0.08775029446407538 0.03735763097949886
1 0.11219081272084806 0.44031890660592254 0.09717314487632508 0.03781321184510251
1 0.44817432273262664 0.7182232346241458 0.270906949352179 0.03963553530751709
1 0.1074793875147232 0.35580865603644646 0.0983510011778563 0.03735763097949886
1 0.5226737338044759 0.7669703872437358 0.04299175500588928 0.0387243735763098
1 0.6018845700824499 0.7630979498861048 0.06713780918727916 0.03462414578587699
1 0.15488810365135453 0.9202733485193622 0.05653710247349823 0.04100227790432802
1 0.7935806831566549 0.6072892938496584 0.08539458186101295 0.03462414578587699
1 0.3309776207302709 0.9157175398633257 0.071849234393404 0.04373576309794989
1 0.16666666666666666 0.8521640091116173 0.07302709069493522 0.04965831435079727
1 0.7393992932862191 0.7264236902050114 0.11484098939929328 0.03781321184510251
1 0.42579505300353354 0.5134396355353075 0.22614840989399293 0.04100227790432802
1 0.12014134275618374 0.5161731207289294 0.10129564193168433 0.04009111617312073
1 0.8088928150765606 0.4 0.035924617196702 0.0337129840546697
1 0.24764428739693758 0.8489749430523919 0.061837455830388695 0.04510250569476082
1 0.2497055359246172 0.9179954441913439 0.05535924617196702 0.04191343963553531
1 0.7714958775029447 0.9189066059225512 0.07656065959952886 0.04191343963553531
1 0.6690223792697291 0.44738041002277906 0.03651354534746761 0.03189066059225513
1 0.7267373380447585 0.3612756264236902 0.04122497055359246 0.03462414578587699
1 0.6239693757361602 0.35831435079726653 0.14782096584216725 0.03690205011389522
1 0.4216725559481743 0.8539863325740319 0.05771495877502945 0.04328018223234624
1 0.5974676089517079 0.9184510250569476 0.06772673733804475 0.04009111617312073
1 0.4620141342756184 0.5596810933940775 0.30565371024734983 0.0387243735763098
1 0.6239693757361602 0.5202733485193621 0.13722025912838634 0.02915717539863326
1 0.43374558303886923 0.603872437357631 0.2149587750294464 0.03599088838268793
1 0.5957008244994111 0.8546697038724373 0.06419316843345112 0.0428246013667426
1 0.10895170789163722 0.39840546697038726 0.10247349823321555 0.03781321184510251
1 0.11866902237926973 0.5587699316628701 0.09481743227326266 0.03690205011389522
1 0.5506478209658422 0.023006833712984055 0.07656065959952886 0.027790432801822324
1 0.7544169611307421 0.4485193621867882 0.11778563015312132 0.03416856492027335
1 0.5070671378091873 0.9200455580865604 0.0624263839811543 0.04145785876993166
1 0.6778563015312132 0.8544419134396355 0.05653710247349823 0.04145785876993166
1 0.8297997644287397 0.35831435079726653 0.12367491166077739 0.03507972665148064
1 0.875736160188457 0.5610478359908884 0.0989399293286219 0.03599088838268793
1 0.10335689045936396 0.7624145785876993 0.06654888103651355 0.03599088838268793
1 0.1074793875147232 0.7186788154897494 0.07597173144876325 0.03781321184510251
1 0.7070082449941107 0.39977220956719817 0.15606595995288575 0.03599088838268793
1 0.5724381625441696 0.44555808656036444 0.14016489988221437 0.03644646924829157
1 0.6310365135453475 0.7207289293849658 0.04063604240282685 0.03644646924829157
1 0.5044169611307421 0.8605922551252847 0.052414605418138985 0.04555808656036447
1 0.7190812720848057 0.5191343963553531 0.04122497055359246 0.03690205011389522
1 0.8860424028268551 0.39954441913439637 0.12426383981154299 0.03644646924829157
1 0.6233804475853946 0.6763097949886104 0.08421672555948174 0.03690205011389522
1 0.4284452296819788 0.35580865603644646 0.21731448763250882 0.03826879271070615
1 0.10541813898704358 0.6013667425968109 0.0989399293286219 0.03735763097949886
1 0.6863957597173145 0.9184510250569476 0.061837455830388695 0.04464692482915718
1 0.33568904593639576 0.8521640091116173 0.06713780918727916 0.04054669703872437
1 0.7276207302709069 0.6061503416856492 0.04063604240282685 0.03325740318906606
1 0.8050647820965842 0.5612756264236902 0.03297997644287397 0.0337129840546697
1 0.39723203769140164 0.4496583143507973 0.18669022379269729 0.03189066059225513