1 0.4273529411764706 0.6897727272727273 0.2535294117647059 0.03318181818181818
1 0.7635294117647059 0.8656818181818182 0.06470588235294118 0.03590909090909091
1 0.8447058823529412 0.9290909090909091 0.06470588235294118 0.038181818181818185
1 0.4138235294117647 0.928409090909091 0.06647058823529411 0.03681818181818182
1 0.5085294117647059 0.5293181818181818 0.13470588235294118 0.03681818181818182
1 0.8502941176470589 0.8652272727272727 0.07705882352941176 0.03772727272727273
1 0.35764705882352943 0.6163636363636363 0.11294117647058824 0.034545454545454546
1 0.7264705882352941 0.7797727272727273 0.07764705882352942 0.029545454545454545
1 0.4697058823529412 0.41704545454545455 0.3323529411764706 0.035
1 0.6529411764705882 0.6943181818181818 0.17294117647058824 0.02590909090909091
1 0.8358823529411765 0.3743181818181818 0.1011764705882353 0.03318181818181818
1 0.09411764705882353 0.6811363636363637 0.07764705882352942 0.035
1 0.09323529411764706 0.4495454545454545 0.07588235294117647 0.03636363636363636
1 0.39205882352941174 0.7818181818181819 0.1935294117647059 0.023636363636363636
1 0.15235294117647058 0.9270454545454545 0.0611764705882353 0.03681818181818182
1 0.841764705882353 0.7368181818181818 0.041176470588235294 0.035454545454545454
1 0.3270588235294118 0.9286363636363636 0.06588235294117648 0.03636363636363636
1 0.15588235294117647 0.8563636363636363 0.06470588235294118 0.038181818181818185
1 0.3961764705882353 0.5752272727272727 0.17823529411764705 0.03681818181818182
1 0.08764705882352941 0.5245454545454545 0.06470588235294118 0.03363636363636364
1 0.7082352941176471 0.7340909090909091 0.20470588235294118 0.034545454545454546
1 0.23647058823529413 0.9268181818181818 0.05647058823529412 0.03636363636363636
1 0.4464705882352941 0.7329545454545454 0.3035294117647059 0.03227272727272727
1 0.7544117647058823 0.9295454545454546 0.054705882352941174 0.038181818181818185
1 0.29470588235294115 0.03909090909090909 0.04352941176470588 0.022727272727272728
1 0.5711764705882353 0.7827272727272727 0.11764705882352941 0.028181818181818183
1 0.7508823529411764 0.41613636363636364 0.21 0.03681818181818182
1 0.6361764705882353 0.3729545454545454 0.1688235294117647 0.035
1 0.40852941176470586 0.860909090909091 0.057058823529411766 0.03727272727272727
1 0.5855882352941176 0.9277272727272727 0.05941176470588235 0.03727272727272727
1 0.09941176470588235 0.3665909090909091 0.08588235294117647 0.03590909090909091
1 0.3644117647058824 0.53 0.12529411764705883 0.035454545454545454
1 0.4661764705882353 0.6177272727272727 0.09117647058823529 0.03636363636363636
1 0.59 0.8618181818181818 0.07294117647058823 0.035454545454545454
1 0.09235294117647058 0.4059090909090909 0.08470588235294117 0.03727272727272727
1 0.5938235294117648 0.5777272727272728 0.17352941176470588 0.03636363636363636
1 0.8764705882352941 0.4188636363636364 0.029411764705882353 0.03590909090909091
1 0.4973529411764706 0.9279545454545455 0.05823529411764706 0.03681818181818182
1 0.8520588235294118 0.6904545454545454 0.09588235294117647 0.03363636363636364
1 0.6664705882352941 0.8627272727272727 0.052941176470588235 0.03727272727272727
1 0.9270588235294117 0.7377272727272727 0.10235294117647059 0.04
1 0.39588235294117646 0.46704545454545454 0.18823529411764706 0.023181818181818182
1 0.09323529411764706 0.7695454545454545 0.07588235294117647 0.034545454545454546
1 0.09323529411764706 0.7256818181818182 0.08058823529411764 0.035
1 0.7514705882352941 0.3709090909090909 0.05 0.03
1 0.5720588235294117 0.4606818181818182 0.10529411764705883 0.03318181818181818
1 0.6647058823529411 0.7868181818181819 0.027058823529411764 0.02909090909090909
1 0.5023529411764706 0.86 0.06705882352941177 0.03636363636363636
1 0.6417647058823529 0.46204545454545454 0.029411764705882353 0.031363636363636364
1 0.9429411764705883 0.41659090909090907 0.09176470588235294 0.03681818181818182
1 0.42676470588235293 0.3684090909090909 0.2311764705882353 0.03409090909090909
1 0.07852941176470589 0.6175 0.06529411764705882 0.03772727272727273
1 0.6711764705882353 0.9277272727272727 0.06235294117647059 0.038181818181818185
1 0.3341176470588235 0.8588636363636364 0.07294117647058823 0.038636363636363635
1 0.6979411764705883 0.46 0.07 0.03090909090909091
1 0.768235294117647 0.6970454545454545 0.04588235294117647 0.030454545454545453
1 0.5588235294117647 0.04090909090909091 0.12352941176470589 0.024545454545454544
1 0.07911764705882353 0.5747727272727273 0.060588235294117644 0.025
1 0.23441176470588235 0.8643181818181818 0.05941176470588235 0.030454545454545453