1 0.375 0.68 0.13941176470588235 0.03636363636363636
1 0.5247058823529411 0.6802272727272727 0.13294117647058823 0.03409090909090909
1 0.35705882352941176 0.5234090909090909 0.08235294117647059 0.03318181818181818
1 0.7541176470588236 0.8575 0.05764705882352941 0.03681818181818182
1 0.84 0.9270454545454545 0.05647058823529412 0.03772727272727273
1 0.41558823529411765 0.9275 0.061764705882352944 0.03681818181818182
1 0.35058823529411764 0.6072727272727273 0.08588235294117647 0.03272727272727273
1 0.39029411764705885 0.4118181818181818 0.16411764705882353 0.038181818181818185
1 0.6558823529411765 0.7681818181818182 0.07058823529411765 0.031818181818181815
1 0.38176470588235295 0.44886363636363635 0.14588235294117646 0.03681818181818182
1 0.6291176470588236 0.6877272727272727 0.03470588235294118 0.03272727272727273
1 0.3773529411764706 0.7236363636363636 0.14411764705882352 0.035454545454545454
1 0.08441176470588235 0.6765909090909091 0.06294117647058824 0.03409090909090909
1 0.08558823529411765 0.4461363636363636 0.05588235294117647 0.03409090909090909
1 0.6938235294117647 0.6838636363636363 0.07 0.03318181818181818
1 0.09029411764705883 0.36454545454545456 0.06764705882352941 0.034545454545454546
1 0.14852941176470588 0.9256818181818182 0.051176470588235295 0.038636363636363635
1 0.3247058823529412 0.9252272727272727 0.05764705882352941 0.038636363636363635
1 0.1511764705882353 0.8556818181818182 0.04941176470588235 0.03772727272727273
1 0.5185294117647059 0.45454545454545453 0.08647058823529412 0.035454545454545454
1 0.09147058823529412 0.5220454545454546 0.060588235294117644 0.03227272727272727
1 0.6 0.7234090909090909 0.03294117647058824 0.03227272727272727
1 0.23705882352941177 0.8577272727272728 0.04941176470588235 0.03636363636363636
1 0.24558823529411763 0.9263636363636364 0.05941176470588235 0.03727272727272727
1 0.36676470588235294 0.7679545454545454 0.13588235294117648 0.035
1 0.7520588235294118 0.9270454545454545 0.05 0.03681818181818182
1 0.3044117647058823 0.03340909090909091 0.03470588235294118 0.021363636363636362
1 0.5114705882352941 0.7654545454545455 0.11470588235294117 0.03363636363636364
1 0.3947058823529412 0.3675 0.1623529411764706 0.03590909090909091
1 0.40911764705882353 0.8577272727272728 0.051176470588235295 0.03727272727272727
1 0.5832352941176471 0.9265909090909091 0.057058823529411766 0.03772727272727273
1 0.35441176470588237 0.5681818181818182 0.09 0.034545454545454546
1 0.5864705882352941 0.8593181818181819 0.05176470588235294 0.038636363636363635
1 0.08764705882352941 0.4034090909090909 0.0611764705882353 0.03318181818181818
1 0.5791176470588235 0.04068181818181818 0.11705882352941177 0.023181818181818182
1 0.4964705882352941 0.9261363636363636 0.05058823529411765 0.038636363636363635
1 0.8388235294117647 0.8588636363636364 0.05411764705882353 0.03590909090909091
1 0.6655882352941176 0.8570454545454546 0.04764705882352941 0.03772727272727273
1 0.5241176470588236 0.3709090909090909 0.08588235294117647 0.03363636363636364
1 0.09029411764705883 0.7620454545454546 0.07470588235294118 0.03409090909090909
1 0.08676470588235294 0.7222727272727273 0.06764705882352941 0.034545454545454546
1 0.5941176470588235 0.7688636363636364 0.03764705882352941 0.035
1 0.49558823529411766 0.8588636363636364 0.05588235294117647 0.038636363636363635
1 0.09264705882352942 0.6065909090909091 0.06529411764705882 0.035
1 0.6655882352941176 0.9263636363636364 0.0488235294117647 0.038181818181818185
1 0.3241176470588235 0.8570454545454546 0.04823529411764706 0.03681818181818182
1 0.6591176470588235 0.7215909090909091 0.06647058823529411 0.030454545454545453
1 0.5258823529411765 0.4134090909090909 0.09176470588235294 0.03590909090909091
1 0.08823529411764706 0.5656818181818182 0.05647058823529412 0.031363636363636364
1 0.513235294117647 0.7229545454545454 0.1264705882352941 0.03590909090909091