1 0.36323529411764705 0.675 0.11823529411764706 0.03636363636363636
1 0.7532352941176471 0.8522727272727273 0.05235294117647059 0.038181818181818185
1 0.841764705882353 0.9238636363636363 0.06470588235294118 0.03772727272727273
1 0.40647058823529414 0.9197727272727273 0.052941176470588235 0.03772727272727273
1 0.48970588235294116 0.5659090909090909 0.031176470588235295 0.031818181818181815
1 0.7570588235294118 0.9202272727272728 0.058823529411764705 0.038636363636363635
1 0.3644117647058824 0.6031818181818182 0.12411764705882353 0.035454545454545454
1 0.4661764705882353 0.5202272727272728 0.04411764705882353 0.03227272727272727
1 0.37970588235294117 0.44522727272727275 0.14882352941176472 0.03590909090909091
1 0.46352941176470586 0.7625 0.12352941176470589 0.03590909090909091
1 0.4026470588235294 0.4015909090909091 0.19588235294117648 0.03590909090909091
1 0.10764705882352942 0.6804545454545454 0.09411764705882353 0.03727272727272727
1 0.10676470588235294 0.44431818181818183 0.09352941176470589 0.03590909090909091
1 0.3679411764705882 0.7190909090909091 0.13352941176470587 0.03090909090909091
1 0.6447058823529411 0.6768181818181818 0.0988235294117647 0.035454545454545454
1 0.105 0.3572727272727273 0.09235294117647058 0.035454545454545454
1 0.5952941176470589 0.764090909090909 0.06352941176470588 0.03272727272727273
1 0.15970588235294117 0.9168181818181819 0.05823529411764706 0.03727272727272727
1 0.3264705882352941 0.9188636363636363 0.058823529411764705 0.03772727272727273
1 0.15205882352941177 0.8525 0.05823529411764706 0.03954545454545454
1 0.6870588235294117 0.7222727272727273 0.09058823529411765 0.028181818181818183
1 0.36970588235294116 0.5172727272727272 0.12529411764705883 0.03272727272727273
1 0.10735294117647058 0.515 0.07588235294117647 0.035454545454545454
1 0.6182352941176471 0.7231818181818181 0.029411764705882353 0.034545454545454546
1 0.24382352941176472 0.8511363636363637 0.060588235294117644 0.03590909090909091
1 0.24441176470588236 0.9186363636363636 0.061764705882352944 0.03727272727272727
1 0.34647058823529414 0.7604545454545455 0.08941176470588236 0.03363636363636364
1 0.3088235294117647 0.03068181818181818 0.05058823529411765 0.021363636363636362
1 0.5444117647058824 0.7622727272727273 0.028823529411764706 0.035454545454545454
1 0.6038235294117648 0.4043181818181818 0.18411764705882352 0.03590909090909091
1 0.4097058823529412 0.8536363636363636 0.054705882352941174 0.03727272727272727
1 0.5770588235294117 0.9209090909090909 0.04941176470588235 0.04
1 0.37970588235294117 0.5620454545454545 0.1476470588235294 0.03227272727272727
1 0.5473529411764706 0.5213636363636364 0.08647058823529412 0.03363636363636364
1 0.49823529411764705 0.605 0.07764705882352942 0.031818181818181815
1 0.44323529411764706 0.6063636363636363 0.027647058823529413 0.03727272727272727
1 0.586764705882353 0.8520454545454546 0.06529411764705882 0.041363636363636366
1 0.10470588235294118 0.3993181818181818 0.1011764705882353 0.03681818181818182
1 0.10588235294117647 0.5590909090909091 0.07647058823529412 0.03363636363636364
1 0.57 0.5663636363636364 0.1 0.02909090909090909
1 0.5379411764705883 0.36045454545454547 0.14647058823529413 0.03727272727272727
1 0.49205882352941177 0.92 0.051176470588235295 0.04
1 0.8429411764705882 0.8561363636363636 0.0611764705882353 0.04045454545454545
1 0.6741176470588235 0.8527272727272728 0.058823529411764705 0.03909090909090909
1 0.48470588235294115 0.6743181818181818 0.11411764705882353 0.03681818181818182
1 0.09264705882352942 0.7586363636363637 0.08294117647058824 0.035454545454545454
1 0.5385294117647059 0.44636363636363635 0.1511764705882353 0.034545454545454546
1 0.49941176470588233 0.8522727272727273 0.06 0.03909090909090909
1 0.566764705882353 0.6809090909090909 0.031176470588235295 0.03272727272727273
1 0.38029411764705884 0.3577272727272727 0.14529411764705882 0.03636363636363636
1 0.5126470588235295 0.7211363636363637 0.14647058823529413 0.03227272727272727
1 0.10352941176470588 0.6006818181818182 0.09176470588235294 0.035
1 0.6723529411764706 0.9220454545454545 0.0611764705882353 0.04045454545454545
1 0.32088235294117645 0.8504545454545455 0.0488235294117647 0.03636363636363636
1 0.10235294117647059 0.7170454545454545 0.09176470588235294 0.035
1 0.5652941176470588 0.031363636363636364 0.0988235294117647 0.02181818181818182