1 0.7691176470588236 0.8584090909090909 0.06294117647058824 0.03954545454545454
1 0.8558823529411764 0.9354545454545454 0.052941176470588235 0.04909090909090909
1 0.5785294117647058 0.6120454545454546 0.13470588235294118 0.035
1 0.42323529411764704 0.9275 0.05352941176470588 0.038636363636363635
1 0.8570588235294118 0.8590909090909091 0.0611764705882353 0.04
1 0.4164705882352941 0.6127272727272727 0.18470588235294116 0.03727272727272727
1 0.6944117647058824 0.7725 0.03235294117647059 0.03409090909090909
1 0.40558823529411764 0.45431818181818184 0.1476470588235294 0.03772727272727273
1 0.46352941176470586 0.6827272727272727 0.20352941176470588 0.038181818181818185
1 0.6476470588235295 0.68 0.1564705882352941 0.03727272727272727
1 0.10176470588235294 0.6843181818181818 0.0811764705882353 0.035
1 0.4335294117647059 0.7202272727272727 0.22941176470588234 0.03772727272727273
1 0.7261764705882353 0.5656818181818182 0.03235294117647059 0.03318181818181818
1 0.11294117647058824 0.3679545454545455 0.06352941176470588 0.035
1 0.11 0.45340909090909093 0.058823529411764705 0.03681818181818182
1 0.6 0.7647727272727273 0.15058823529411763 0.03318181818181818
1 0.15970588235294117 0.9315909090909091 0.05 0.03954545454545454
1 0.8120588235294117 0.5636363636363636 0.14411764705882352 0.03636363636363636
1 0.34058823529411764 0.9270454545454545 0.06470588235294118 0.038636363636363635
1 0.16794117647058823 0.8593181818181819 0.06529411764705882 0.03954545454545454
1 0.43176470588235294 0.5270454545454546 0.22941176470588234 0.038636363636363635
1 0.09676470588235295 0.5284090909090909 0.07235294117647059 0.03590909090909091
1 0.255 0.8595454545454545 0.05823529411764706 0.03909090909090909
1 0.2541176470588235 0.9277272727272727 0.0611764705882353 0.03909090909090909
1 0.4138235294117647 0.7677272727272727 0.21352941176470588 0.03636363636363636
1 0.7708823529411765 0.9252272727272727 0.0688235294117647 0.03954545454545454
1 0.5944117647058823 0.3675 0.07470588235294118 0.03318181818181818
1 0.6155882352941177 0.4097727272727273 0.09823529411764706 0.035
1 0.5032352941176471 0.4593181818181818 0.031176470588235295 0.03590909090909091
1 0.42764705882352944 0.8593181818181819 0.058823529411764705 0.041363636363636366
1 0.5932352941176471 0.925 0.05235294117647059 0.04181818181818182
1 0.10088235294117646 0.5681818181818182 0.07588235294117647 0.03636363636363636
1 0.5955882352941176 0.8590909090909091 0.06529411764705882 0.04090909090909091
1 0.11441176470588235 0.4118181818181818 0.06294117647058824 0.03636363636363636
1 0.6344117647058823 0.5659090909090909 0.1476470588235294 0.03636363636363636
1 0.6270588235294118 0.5259090909090909 0.14470588235294118 0.03727272727272727
1 0.7644117647058823 0.765 0.09823529411764706 0.028181818181818183
1 0.5102941176470588 0.9259090909090909 0.060588235294117644 0.03909090909090909
1 0.8461764705882353 0.6795454545454546 0.1323529411764706 0.03636363636363636
1 0.6826470588235294 0.8588636363636364 0.060588235294117644 0.03954545454545454
1 0.5435294117647059 0.4118181818181818 0.02823529411764706 0.03727272727272727
1 0.8288235294117647 0.72 0.1223529411764706 0.03090909090909091
1 0.11235294117647059 0.7713636363636364 0.08 0.03363636363636364
1 0.11088235294117647 0.7286363636363636 0.08411764705882353 0.03363636363636364
1 0.7405882352941177 0.5320454545454546 0.03764705882352941 0.03409090909090909
1 0.5588235294117647 0.4531818181818182 0.06823529411764706 0.03363636363636364
1 0.6429411764705882 0.7179545454545454 0.16588235294117648 0.03772727272727273
1 0.5120588235294118 0.8597727272727272 0.05235294117647059 0.041363636363636366
1 0.8302941176470588 0.524090909090909 0.13823529411764707 0.035454545454545454
1 0.43176470588235294 0.36772727272727274 0.15294117647058825 0.03363636363636364
1 0.11147058823529411 0.6127272727272727 0.08176470588235295 0.03636363636363636
1 0.6835294117647058 0.9270454545454545 0.05764705882352941 0.03954545454545454
1 0.3376470588235294 0.8579545454545454 0.06352941176470588 0.041363636363636366
1 0.4244117647058824 0.40954545454545455 0.19470588235294117 0.03909090909090909
1 0.7364705882352941 0.6111363636363636 0.12352941176470589 0.03409090909090909
1 0.76 0.6881818181818182 0.03529411764705882 0.03636363636363636
1 0.30823529411764705 0.03590909090909091 0.04 0.024545454545454544
1 0.5676470588235294 0.03681818181818182 0.13294117647058823 0.024545454545454544
1 0.5314705882352941 0.37477272727272726 0.04294117647058823 0.03227272727272727
1 0.4385294117647059 0.5686363636363636 0.23941176470588235 0.038181818181818185
1 0.6561764705882352 0.6186363636363637 0.022941176470588236 0.03090909090909091
1 0.7464705882352941 0.7211363636363637 0.036470588235294116 0.03227272727272727