1 0.3820588235294118 0.6777272727272727 0.1535294117647059 0.038181818181818185
1 0.5408823529411765 0.6790909090909091 0.10529411764705883 0.034545454545454546
1 0.7614705882352941 0.8554545454545455 0.06411764705882353 0.04
1 0.8458823529411764 0.923409090909091 0.07176470588235294 0.041363636363636366
1 0.4102941176470588 0.9209090909090909 0.06294117647058824 0.03909090909090909
1 0.5370588235294118 0.5281818181818182 0.16470588235294117 0.03
1 0.37470588235294117 0.6063636363636363 0.1423529411764706 0.03636363636363636
1 0.6688235294117647 0.7752272727272728 0.06235294117647059 0.03318181818181818
1 0.4047058823529412 0.45045454545454544 0.1976470588235294 0.03
1 0.6844117647058824 0.6804545454545454 0.07470588235294118 0.034545454545454546
1 0.4082352941176471 0.7206818181818182 0.22 0.038636363636363635
1 0.41294117647058826 0.4022727272727273 0.2188235294117647 0.03636363636363636
1 0.09823529411764706 0.6743181818181818 0.06588235294117648 0.03681818181818182
1 0.09352941176470589 0.44363636363636366 0.06352941176470588 0.03272727272727273
1 0.0976470588235294 0.3613636363636364 0.06941176470588235 0.03636363636363636
1 0.5058823529411764 0.8525 0.06235294117647059 0.038636363636363635
1 0.15911764705882353 0.9188636363636363 0.06411764705882353 0.038636363636363635
1 0.8064705882352942 0.7222727272727273 0.08 0.035454545454545454
1 0.3285294117647059 0.9204545454545454 0.05588235294117647 0.04
1 0.1561764705882353 0.8520454545454546 0.054705882352941174 0.03772727272727273
1 0.7332352941176471 0.7206818181818182 0.03588235294117647 0.03681818181818182
1 0.3726470588235294 0.5281818181818182 0.13705882352941176 0.025454545454545455
1 0.1 0.5161363636363636 0.07058823529411765 0.03409090909090909
1 0.6202941176470588 0.725 0.17 0.031818181818181815
1 0.24676470588235294 0.8538636363636364 0.057058823529411766 0.038636363636363635
1 0.6241176470588236 0.685 0.029411764705882353 0.03363636363636364
1 0.24058823529411766 0.9197727272727273 0.05647058823529412 0.038636363636363635
1 0.38058823529411767 0.7684090909090909 0.16705882352941176 0.026818181818181817
1 0.7608823529411765 0.9222727272727272 0.07235294117647059 0.04
1 0.28705882352941176 0.030227272727272728 0.058823529411764705 0.021363636363636362
1 0.5320588235294118 0.7654545454545455 0.10294117647058823 0.035454545454545454
1 0.41294117647058826 0.8554545454545455 0.05411764705882353 0.04181818181818182
1 0.5873529411764706 0.9206818181818182 0.06647058823529411 0.04045454545454545
1 0.41323529411764703 0.5665909090909091 0.22411764705882353 0.03227272727272727
1 0.5391176470588235 0.6081818181818182 0.14882352941176472 0.034545454545454546
1 0.5882352941176471 0.8543181818181819 0.05647058823529412 0.041363636363636366
1 0.09735294117647059 0.40045454545454545 0.060588235294117644 0.03363636363636364
1 0.10176470588235294 0.56 0.07882352941176471 0.034545454545454546
1 0.5826470588235294 0.3654545454545455 0.11705882352941177 0.03727272727272727
1 0.5011764705882353 0.9220454545454545 0.06235294117647059 0.04045454545454545
1 0.8470588235294118 0.8536363636363636 0.07058823529411765 0.042727272727272725
1 0.68 0.8538636363636364 0.06470588235294118 0.041363636363636366
1 0.09911764705882353 0.7597727272727273 0.0688235294117647 0.03409090909090909
1 0.10264705882352941 0.7179545454545454 0.07352941176470588 0.03590909090909091
1 0.645 0.4052272727272727 0.21941176470588236 0.038636363636363635
1 0.5841176470588235 0.4552272727272727 0.1411764705882353 0.028636363636363637
1 0.39647058823529413 0.3638636363636364 0.16941176470588235 0.03772727272727273
1 0.09441176470588235 0.6031818181818182 0.07352941176470588 0.034545454545454546
1 0.6714705882352942 0.9213636363636364 0.06529411764705882 0.04090909090909091
1 0.33 0.8525 0.05764705882352941 0.03772727272727273
1 0.6505882352941177 0.5654545454545454 0.23176470588235293 0.03909090909090909
1 0.34823529411764703 0.032045454545454544 0.05529411764705883 0.019545454545454546
1 0.5405882352941176 0.03613636363636363 0.07058823529411765 0.02590909090909091
1 0.6123529411764705 0.7831818181818182 0.03411764705882353 0.03272727272727273