1 0.41058823529411764 0.6834090909090909 0.2023529411764706 0.03954545454545454
1 0.6111764705882353 0.6861363636363637 0.1411764705882353 0.03772727272727273
1 0.7773529411764706 0.8575 0.08058823529411764 0.04318181818181818
1 0.8491176470588235 0.9270454545454545 0.05941176470588235 0.03954545454545454
1 0.601764705882353 0.6127272727272727 0.15764705882352942 0.03636363636363636
1 0.4202941176470588 0.9272727272727272 0.05588235294117647 0.038181818181818185
1 0.40588235294117647 0.6140909090909091 0.19058823529411764 0.045454545454545456
1 0.4279411764705882 0.4122727272727273 0.24294117647058824 0.04181818181818182
1 0.3652941176470588 0.4531818181818182 0.10941176470588235 0.04181818181818182
1 0.7014705882352941 0.6870454545454545 0.028823529411764706 0.03681818181818182
1 0.4485294117647059 0.7281818181818182 0.2852941176470588 0.03727272727272727
1 0.31088235294117644 0.03340909090909091 0.05 0.030454545454545453
1 0.11 0.6795454545454546 0.08941176470588236 0.03727272727272727
1 0.10529411764705883 0.44886363636363635 0.09294117647058824 0.03681818181818182
1 0.16205882352941176 0.9254545454545454 0.057058823529411766 0.04090909090909091
1 0.3411764705882353 0.925 0.06588235294117648 0.038181818181818185
1 0.16 0.8577272727272728 0.05647058823529412 0.04090909090909091
1 0.7379411764705882 0.7756818181818181 0.10529411764705883 0.031363636363636364
1 0.4111764705882353 0.5222727272727272 0.20352941176470588 0.03909090909090909
1 0.10205882352941177 0.5209090909090909 0.07941176470588235 0.03727272727272727
1 0.6935294117647058 0.7288636363636364 0.19647058823529412 0.045
1 0.2411764705882353 0.8579545454545454 0.047058823529411764 0.04045454545454545
1 0.24941176470588236 0.9263636363636364 0.058823529411764705 0.038181818181818185
1 0.40058823529411763 0.7727272727272727 0.18705882352941178 0.04363636363636364
1 0.7644117647058823 0.9254545454545454 0.07 0.04181818181818182
1 0.10264705882352941 0.3668181818181818 0.07705882352941176 0.03363636363636364
1 0.5802941176470588 0.7747727272727273 0.12411764705882353 0.042272727272727274
1 0.6764705882352942 0.4102272727272727 0.2411764705882353 0.041363636363636366
1 0.6894117647058824 0.3625 0.20588235294117646 0.045
1 0.42176470588235293 0.8595454545454545 0.05529411764705883 0.03909090909090909
1 0.6 0.9245454545454546 0.07176470588235294 0.04909090909090909
1 0.4273529411764706 0.5690909090909091 0.25470588235294117 0.038181818181818185
1 0.5891176470588235 0.8588636363636364 0.054705882352941174 0.042272727272727274
1 0.10176470588235294 0.4084090909090909 0.09294117647058824 0.03681818181818182
1 0.10529411764705883 0.5695454545454546 0.09294117647058824 0.04454545454545455
1 0.5585294117647058 0.03727272727272727 0.09588235294117647 0.02181818181818182
1 0.6252941176470588 0.5263636363636364 0.18941176470588236 0.03727272727272727
1 0.5070588235294118 0.9275 0.05647058823529412 0.041363636363636366
1 0.6773529411764706 0.8561363636363636 0.05352941176470588 0.04045454545454545
1 0.8905882352941177 0.7275 0.1223529411764706 0.041363636363636366
1 0.10941176470588235 0.7656818181818181 0.09058823529411765 0.03681818181818182
1 0.10911764705882353 0.7231818181818181 0.09470588235294118 0.038181818181818185
1 0.505 0.8590909090909091 0.057058823529411766 0.04
1 0.4067647058823529 0.3665909090909091 0.2076470588235294 0.04409090909090909
1 0.10235294117647059 0.6065909090909091 0.08352941176470588 0.038636363636363635
1 0.6838235294117647 0.9252272727272727 0.06529411764705882 0.03954545454545454
1 0.33794117647058824 0.8590909090909091 0.06294117647058824 0.03909090909090909
1 0.7035294117647058 0.5727272727272728 0.2811764705882353 0.03727272727272727
1 0.7870588235294118 0.6861363636363637 0.13529411764705881 0.035
1 0.4902941176470588 0.455 0.14176470588235293 0.04181818181818182
1 0.8076470588235294 0.735 0.04 0.046363636363636364
1 0.6661764705882353 0.7802272727272728 0.04176470588235294 0.03409090909090909
1 0.8576470588235294 0.8602272727272727 0.07411764705882352 0.041363636363636366