1 0.4041176470588235 0.4047727272727273 0.21058823529411766 0.03590909090909091
1 0.39176470588235296 0.6125 0.1776470588235294 0.030454545454545453
1 0.6858823529411765 0.7720454545454546 0.029411764705882353 0.03681818181818182
1 0.39176470588235296 0.44772727272727275 0.1776470588235294 0.03636363636363636
1 0.395 0.769090909090909 0.18294117647058825 0.03727272727272727
1 0.09 0.4475 0.07764705882352942 0.03590909090909091
1 0.7491176470588236 0.7731818181818182 0.07470588235294118 0.03272727272727273
1 0.42411764705882354 0.5654545454545454 0.24 0.038181818181818185
1 0.2926470588235294 0.03590909090909091 0.039411764705882354 0.024545454545454544
1 0.5773529411764706 0.7693181818181818 0.14647058823529413 0.03590909090909091
1 0.41147058823529414 0.7225 0.21941176470588236 0.038636363636363635
1 0.09382352941176471 0.4052272727272727 0.08176470588235295 0.03681818181818182
1 0.08970588235294118 0.5695454545454546 0.06647058823529411 0.035454545454545454
1 0.6567647058823529 0.4552272727272727 0.027647058823529413 0.03318181818181818
1 0.6079411764705882 0.40636363636363637 0.15588235294117647 0.03636363636363636
1 0.7873529411764706 0.40954545454545455 0.11470588235294117 0.03636363636363636
1 0.8344117647058824 0.725 0.08764705882352941 0.03636363636363636
1 0.09647058823529411 0.769090909090909 0.08235294117647059 0.03636363636363636
1 0.10088235294117646 0.7218181818181818 0.08529411764705883 0.03636363636363636
1 0.5573529411764706 0.44931818181818184 0.11823529411764706 0.03409090909090909
1 0.6376470588235295 0.7236363636363636 0.20823529411764705 0.038181818181818185
1 0.7120588235294117 0.4081818181818182 0.026470588235294117 0.03636363636363636
1 0.08941176470588236 0.6086363636363636 0.07176470588235294 0.03636363636363636
1 0.7255882352941176 0.44886363636363635 0.07941176470588235 0.03227272727272727
1 0.7655882352941177 0.7227272727272728 0.03235294117647059 0.03727272727272727
1 0.555 0.03704545454545455 0.10647058823529412 0.021363636363636362