1 0.38441176470588234 0.3715909090909091 0.11823529411764706 0.03681818181818182
1 0.7629411764705882 0.8615909090909091 0.052941176470588235 0.03954545454545454
1 0.8520588235294118 0.9261363636363636 0.05588235294117647 0.03772727272727273
1 0.5697058823529412 0.6140909090909091 0.13352941176470587 0.03363636363636364
1 0.42411764705882354 0.9270454545454545 0.05529411764705883 0.03772727272727273
1 0.42676470588235293 0.615 0.15705882352941178 0.035454545454545454
1 0.6305882352941177 0.769090909090909 0.06705882352941177 0.031818181818181815
1 0.6567647058823529 0.6840909090909091 0.031176470588235295 0.034545454545454546
1 0.4023529411764706 0.7256818181818182 0.15411764705882353 0.03590909090909091
1 0.3761764705882353 0.41363636363636364 0.11823529411764706 0.03727272727272727
1 0.11441176470588235 0.6872727272727273 0.07235294117647059 0.034545454545454546
1 0.11 0.4565909090909091 0.07529411764705882 0.03681818181818182
1 0.1161764705882353 0.37022727272727274 0.0688235294117647 0.03409090909090909
1 0.17205882352941176 0.9290909090909091 0.060588235294117644 0.03727272727272727
1 0.7297058823529412 0.6804545454545454 0.08647058823529412 0.03363636363636364
1 0.3361764705882353 0.9275 0.05 0.03681818181818182
1 0.17088235294117646 0.8597727272727272 0.06411764705882353 0.038636363636363635
1 0.6791176470588235 0.7329545454545454 0.08529411764705883 0.03227272727272727
1 0.4426470588235294 0.5281818181818182 0.19470588235294117 0.03727272727272727
1 0.1111764705882353 0.5270454545454546 0.06823529411764706 0.035
1 0.2591176470588235 0.8606818181818182 0.05588235294117647 0.03681818181818182
1 0.2570588235294118 0.9275 0.05411764705882353 0.03681818181818182
1 0.3976470588235294 0.7720454545454546 0.14 0.03409090909090909
1 0.6897058823529412 0.928409090909091 0.05823529411764706 0.03681818181818182
1 0.5188235294117647 0.7697727272727273 0.08941176470588236 0.03227272727272727
1 0.565 0.4084090909090909 0.2511764705882353 0.041363636363636366
1 0.42970588235294116 0.8590909090909091 0.05352941176470588 0.038181818181818185
1 0.5944117647058823 0.8615909090909091 0.04764705882352941 0.03954545454545454
1 0.4123529411764706 0.6777272727272727 0.17529411764705882 0.038181818181818185
1 0.4858823529411765 0.45590909090909093 0.14588235294117646 0.03636363636363636
1 0.5861764705882353 0.7754545454545455 0.027647058823529413 0.03363636363636364
1 0.5638235294117647 0.03840909090909091 0.11470588235294117 0.022272727272727274
1 0.5117647058823529 0.9270454545454545 0.06588235294117648 0.03954545454545454
1 0.8529411764705882 0.8593181818181819 0.04823529411764706 0.04045454545454545
1 0.6776470588235294 0.8579545454545454 0.04823529411764706 0.03954545454545454
1 0.5367647058823529 0.37204545454545457 0.1935294117647059 0.03772727272727273
1 0.36911764705882355 0.4547727272727273 0.08058823529411764 0.038636363636363635
1 0.12117647058823529 0.7759090909090909 0.08235294117647059 0.03363636363636364
1 0.11823529411764706 0.7325 0.07882352941176471 0.035
1 0.5088235294117647 0.86 0.05176470588235294 0.04
1 0.6285294117647059 0.5270454545454546 0.16058823529411764 0.03681818181818182
1 0.5820588235294117 0.6804545454545454 0.10764705882352942 0.035454545454545454
1 0.5461764705882353 0.725909090909091 0.10176470588235294 0.03272727272727273
1 0.10676470588235294 0.5720454545454545 0.0711764705882353 0.03681818181818182
1 0.5979411764705882 0.9272727272727272 0.05588235294117647 0.03727272727272727
1 0.3432352941176471 0.8606818181818182 0.05352941176470588 0.03772727272727273
1 0.6544117647058824 0.5718181818181818 0.18764705882352942 0.035454545454545454
1 0.11794117647058823 0.41363636363636364 0.06764705882352941 0.04181818181818182
1 0.10558823529411765 0.6163636363636363 0.06411764705882353 0.03636363636363636
1 0.6244117647058823 0.7338636363636364 0.027647058823529413 0.029545454545454545
1 0.4476470588235294 0.5709090909090909 0.2164705882352941 0.03727272727272727
1 0.7638235294117647 0.9270454545454545 0.06411764705882353 0.03409090909090909