1 0.4126470588235294 0.6206818181818182 0.21352941176470588 0.035
1 0.7502941176470588 0.8711363636363636 0.0488235294117647 0.04045454545454545
1 0.8461764705882353 0.9281818181818182 0.07705882352941176 0.042727272727272725
1 0.41058823529411764 0.9288636363636363 0.058823529411764705 0.038636363636363635
1 0.8388235294117647 0.8704545454545455 0.06 0.03909090909090909
1 0.6767647058823529 0.7813636363636364 0.1935294117647059 0.03363636363636364
1 0.5617647058823529 0.7331818181818182 0.5294117647058824 0.04909090909090909
1 0.11411764705882353 0.6838636363636363 0.10588235294117647 0.04318181818181818
1 0.4797058823529412 0.6870454545454545 0.3347058823529412 0.042272727272727274
1 0.1126470588235294 0.37022727272727274 0.10294117647058823 0.03590909090909091
1 0.12941176470588237 0.45704545454545453 0.10235294117647059 0.03772727272727273
1 0.15588235294117647 0.9318181818181818 0.07176470588235294 0.038181818181818185
1 0.8761764705882353 0.6254545454545455 0.14176470588235293 0.034545454545454546
1 0.32588235294117646 0.9306818181818182 0.06235294117647059 0.03772727272727273
1 0.1588235294117647 0.8645454545454545 0.06823529411764706 0.04090909090909091
1 0.40352941176470586 0.5286363636363637 0.1988235294117647 0.04090909090909091
1 0.11852941176470588 0.5277272727272727 0.09588235294117647 0.03636363636363636
1 0.4320588235294118 0.7786363636363637 0.26294117647058823 0.03636363636363636
1 0.7711764705882352 0.9265909090909091 0.07411764705882352 0.03954545454545454
1 0.28088235294117647 0.03590909090909091 0.0488235294117647 0.024545454545454544
1 0.4214705882352941 0.8622727272727273 0.07470588235294118 0.03636363636363636
1 0.5873529411764706 0.9279545454545455 0.06764705882352941 0.03954545454545454
1 0.59 0.8625 0.07176470588235294 0.03772727272727273
1 0.11529411764705882 0.41295454545454546 0.0988235294117647 0.03590909090909091
1 0.5747058823529412 0.04 0.12117647058823529 0.038181818181818185
1 0.7608823529411765 0.6890909090909091 0.17 0.04181818181818182
1 0.49470588235294116 0.9313636363636364 0.05647058823529412 0.04090909090909091
1 0.6717647058823529 0.8704545454545455 0.06470588235294118 0.03909090909090909
1 0.918235294117647 0.725909090909091 0.16117647058823528 0.05090909090909091
1 0.11470588235294117 0.7681818181818182 0.10352941176470588 0.035454545454545454
1 0.11764705882352941 0.7281818181818182 0.1011764705882353 0.03727272727272727
1 0.5008823529411764 0.8606818181818182 0.06764705882352941 0.03954545454545454
1 0.648235294117647 0.6227272727272727 0.1988235294117647 0.034545454545454546
1 0.11235294117647059 0.5772727272727273 0.1 0.03909090909090909
1 0.6761764705882353 0.9286363636363636 0.0711764705882353 0.04
1 0.3270588235294118 0.8584090909090909 0.06235294117647059 0.041363636363636366
1 0.7755882352941177 0.6240909090909091 0.033529411764705884 0.03090909090909091
1 0.5220588235294118 0.3709090909090909 0.3629411764705882 0.05090909090909091
1 0.8305882352941176 0.3675 0.18941176470588236 0.05227272727272727
1 0.5061764705882353 0.41295454545454546 0.38294117647058823 0.04772727272727273
1 0.8064705882352942 0.4152272727272727 0.1976470588235294 0.045909090909090906
1 0.3870588235294118 0.46386363636363637 0.17529411764705882 0.03681818181818182
1 0.5623529411764706 0.4665909090909091 0.1411764705882353 0.025
1 0.6491176470588236 0.4734090909090909 0.031176470588235295 0.02590909090909091
1 0.7182352941176471 0.4675 0.09647058823529411 0.03227272727272727
1 0.48264705882352943 0.5725 0.3935294117647059 0.04863636363636364
1 0.7817647058823529 0.5725 0.18588235294117647 0.05136363636363636
1 0.11911764705882352 0.6165909090909091 0.11941176470588236 0.03772727272727273
1 0.8908823529411765 0.571590909090909 0.028823529411764706 0.041363636363636366
1 0.24294117647058824 0.8629545454545454 0.07294117647058823 0.045