1 0.4052941176470588 0.6868181818181818 0.2235294117647059 0.035454545454545454
1 0.7591176470588236 0.8640909090909091 0.06294117647058824 0.035454545454545454
1 0.8497058823529412 0.9311363636363637 0.07823529411764706 0.03681818181818182
1 0.4188235294117647 0.9304545454545454 0.0611764705882353 0.03727272727272727
1 0.5691176470588235 0.5293181818181818 0.13117647058823528 0.03772727272727273
1 0.8461764705882353 0.8652272727272727 0.07588235294117647 0.035
1 0.4573529411764706 0.725909090909091 0.3241176470588235 0.035454545454545454
1 0.38058823529411767 0.41113636363636363 0.15176470588235294 0.03772727272727273
1 0.11294117647058824 0.6847727272727273 0.12 0.03772727272727273
1 0.10529411764705883 0.5284090909090909 0.10588235294117647 0.035
1 0.095 0.3684090909090909 0.09 0.03681818181818182
1 0.09941176470588235 0.45204545454545453 0.08 0.03772727272727273
1 0.15294117647058825 0.9254545454545454 0.06470588235294118 0.03727272727272727
1 0.3288235294117647 0.9293181818181818 0.06823529411764706 0.03681818181818182
1 0.16117647058823528 0.8590909090909091 0.0611764705882353 0.038181818181818185
1 0.24176470588235294 0.86 0.06588235294117648 0.03727272727272727
1 0.5920588235294117 0.45840909090909093 0.27705882352941175 0.04045454545454545
1 0.675 0.5259090909090909 0.05588235294117647 0.035454545454545454
1 0.24088235294117646 0.9272727272727272 0.06529411764705882 0.03727272727272727
1 0.42058823529411765 0.775 0.24352941176470588 0.03090909090909091
1 0.7608823529411765 0.9268181818181818 0.0688235294117647 0.03909090909090909
1 0.4167647058823529 0.8615909090909091 0.07235294117647059 0.03954545454545454
1 0.5794117647058824 0.9311363636363637 0.05529411764705883 0.03772727272727273
1 0.4 0.5293181818181818 0.2011764705882353 0.031363636363636364
1 0.44 0.5706818181818182 0.2952941176470588 0.03954545454545454
1 0.1011764705882353 0.4093181818181818 0.09647058823529411 0.03681818181818182
1 0.10705882352941176 0.5686363636363636 0.10941176470588235 0.03909090909090909
1 0.555 0.04090909090909091 0.10176470588235294 0.02090909090909091
1 0.5026470588235294 0.9306818181818182 0.06294117647058824 0.038636363636363635
1 0.7879411764705883 0.7734090909090909 0.10058823529411764 0.030454545454545453
1 0.6729411764705883 0.860909090909091 0.06705882352941177 0.038181818181818185
1 0.35705882352941176 0.36727272727272725 0.12 0.04090909090909091
1 0.3785294117647059 0.4531818181818182 0.13705882352941176 0.04181818181818182
1 0.10941176470588235 0.7654545454545455 0.1188235294117647 0.038181818181818185
1 0.6082352941176471 0.4138636363636364 0.2988235294117647 0.03227272727272727
1 0.5 0.8629545454545454 0.06 0.04045454545454545
1 0.8679411764705882 0.5654545454545454 0.07941176470588235 0.03
1 0.4061764705882353 0.6136363636363636 0.20058823529411765 0.03727272727272727
1 0.105 0.6127272727272727 0.10764705882352942 0.03909090909090909
1 0.6714705882352942 0.9277272727272727 0.05941176470588235 0.03909090909090909
1 0.3305882352941176 0.8597727272727272 0.06470588235294118 0.038636363636363635
1 0.6958823529411765 0.5713636363636364 0.19411764705882353 0.03909090909090909
1 0.30117647058823527 0.03431818181818182 0.03882352941176471 0.030454545454545453
1 0.5229411764705882 0.36727272727272725 0.21529411764705883 0.04090909090909091
1 0.8108823529411765 0.5670454545454545 0.026470588235294117 0.022272727272727274
1 0.5847058823529412 0.6147727272727272 0.14470588235294118 0.03318181818181818
1 0.6688235294117647 0.6175 0.015294117647058824 0.022272727272727274
1 0.7023529411764706 0.6172727272727273 0.05058823529411765 0.022727272727272728
1 0.11 0.725909090909091 0.11294117647058824 0.03272727272727273
1 0.596764705882353 0.6861363636363637 0.16411764705882353 0.04045454545454545
1 0.6979411764705883 0.6897727272727273 0.025294117647058825 0.023181818181818182
1 0.7702941176470588 0.6893181818181818 0.10882352941176471 0.03227272727272727
1 0.7211764705882353 0.7218181818181818 0.1988235294117647 0.02727272727272727
1 0.83 0.7218181818181818 0.024705882352941175 0.02090909090909091
1 0.8938235294117647 0.7222727272727273 0.09352941176470589 0.025454545454545455
1 0.6208823529411764 0.7777272727272727 0.14411764705882352 0.025454545454545455
1 0.7120588235294117 0.7795454545454545 0.03 0.026363636363636363
1 0.5944117647058823 0.8684090909090909 0.08176470588235295 0.03590909090909091