1 0.42323529411764704 0.3740909090909091 0.24411764705882352 0.03363636363636364
1 0.7738235294117647 0.8586363636363636 0.07 0.038181818181818185
1 0.861764705882353 0.9259090909090909 0.07294117647058823 0.03909090909090909
1 0.5732352941176471 0.5761363636363637 0.17823529411764705 0.03227272727272727
1 0.4302941176470588 0.9277272727272727 0.060588235294117644 0.03727272727272727
1 0.38823529411764707 0.62 0.16941176470588235 0.03363636363636364
1 0.45647058823529413 0.4143181818181818 0.30117647058823527 0.038636363636363635
1 0.39235294117647057 0.7275 0.18 0.03590909090909091
1 0.7835294117647059 0.37136363636363634 0.13647058823529412 0.034545454545454546
1 0.10647058823529412 0.6918181818181818 0.042352941176470586 0.035454545454545454
1 0.10588235294117647 0.4615909090909091 0.07882352941176471 0.035
1 0.3614705882352941 0.6906818181818182 0.11823529411764706 0.03590909090909091
1 0.5502941176470588 0.62 0.13823529411764707 0.03090909090909091
1 0.17029411764705882 0.9304545454545454 0.05941176470588235 0.03636363636363636
1 0.8761764705882353 0.41045454545454546 0.14411764705882352 0.031818181818181815
1 0.3423529411764706 0.9297727272727273 0.06235294117647059 0.03681818181818182
1 0.16647058823529412 0.8638636363636364 0.058823529411764705 0.035
1 0.2564705882352941 0.8643181818181818 0.06 0.03590909090909091
1 0.25529411764705884 0.9293181818181818 0.05764705882352941 0.035
1 0.37323529411764705 0.7747727272727273 0.1323529411764706 0.031363636363636364
1 0.773235294117647 0.9272727272727272 0.06529411764705882 0.03636363636363636
1 0.30264705882352944 0.04363636363636364 0.03235294117647059 0.025454545454545455
1 0.5405882352941176 0.7306818181818182 0.08235294117647059 0.031363636363636364
1 0.7014705882352941 0.41363636363636364 0.17705882352941177 0.03272727272727273
1 0.4223529411764706 0.8631818181818182 0.058823529411764705 0.035454545454545454
1 0.6008823529411764 0.9265909090909091 0.06529411764705882 0.03681818181818182
1 0.38588235294117645 0.5338636363636363 0.17294117647058824 0.031363636363636364
1 0.09705882352941177 0.37545454545454543 0.07647058823529412 0.034545454545454546
1 0.09735294117647059 0.5361363636363636 0.07941176470588235 0.03590909090909091
1 0.5452941176470588 0.04068181818181818 0.07529411764705882 0.021363636363636362
1 0.6247058823529412 0.3734090909090909 0.1411764705882353 0.04045454545454545
1 0.5147058823529411 0.9288636363636363 0.06588235294117648 0.03772727272727273
1 0.86 0.8584090909090909 0.07294117647058823 0.03772727272727273
1 0.6882352941176471 0.8593181818181819 0.06941176470588235 0.03590909090909091
1 0.3941176470588235 0.46090909090909093 0.19647058823529412 0.03090909090909091
1 0.10323529411764706 0.7731818181818182 0.04176470588235294 0.03363636363636364
1 0.5994117647058823 0.860909090909091 0.06588235294117648 0.035454545454545454
1 0.5135294117647059 0.8636363636363636 0.06470588235294118 0.035454545454545454
1 0.5647058823529412 0.5347727272727273 0.1588235294117647 0.03227272727272727
1 0.10264705882352941 0.6193181818181818 0.08411764705882353 0.03772727272727273
1 0.6820588235294117 0.9272727272727272 0.06294117647058824 0.03636363636363636
1 0.34088235294117647 0.865 0.061764705882352944 0.035454545454545454
1 0.5705882352941176 0.46386363636363637 0.12117647058823529 0.03409090909090909
1 0.7158823529411765 0.46454545454545454 0.1388235294117647 0.03
1 0.10147058823529412 0.5770454545454545 0.0888235294117647 0.03409090909090909
1 0.39029411764705885 0.5775 0.18294117647058825 0.030454545454545453
1 0.10235294117647059 0.7331818181818182 0.04588235294117647 0.03272727272727273
1 0.46911764705882353 0.6929545454545455 0.07588235294117647 0.02772727272727273
1 0.48705882352941177 0.7756818181818181 0.07647058823529412 0.029545454545454545
1 0.10617647058823529 0.41704545454545455 0.07941176470588235 0.03681818181818182