1 0.38529411764705884 0.685 0.1588235294117647 0.03636363636363636
1 0.7623529411764706 0.8595454545454545 0.06 0.038181818181818185
1 0.8514705882352941 0.9245454545454546 0.06411764705882353 0.04
1 0.4211764705882353 0.9272727272727272 0.0611764705882353 0.03636363636363636
1 0.5120588235294118 0.4577272727272727 0.028823529411764706 0.03363636363636364
1 0.37676470588235295 0.61 0.13705882352941176 0.035454545454545454
1 0.5005882352941177 0.4115909090909091 0.14 0.03954545454545454
1 0.3870588235294118 0.7268181818181818 0.16117647058823528 0.03636363636363636
1 0.7561764705882353 0.5277272727272727 0.08529411764705883 0.03272727272727273
1 0.3644117647058824 0.41613636363636364 0.11352941176470588 0.03681818181818182
1 0.10911764705882353 0.6854545454545454 0.08176470588235295 0.035454545454545454
1 0.09382352941176471 0.37022727272727274 0.0711764705882353 0.03409090909090909
1 0.09970588235294117 0.44931818181818184 0.07705882352941176 0.03681818181818182
1 0.5944117647058823 0.725909090909091 0.20647058823529413 0.03636363636363636
1 0.1585294117647059 0.9286363636363636 0.057058823529411766 0.03727272727272727
1 0.7952941176470588 0.5711363636363637 0.0976470588235294 0.03409090909090909
1 0.33176470588235296 0.928409090909091 0.06 0.03590909090909091
1 0.15941176470588236 0.8586363636363636 0.05529411764705883 0.03727272727272727
1 0.5741176470588235 0.45681818181818185 0.07176470588235294 0.03
1 0.10676470588235294 0.525 0.07235294117647059 0.034545454545454546
1 0.6541176470588236 0.6122727272727273 0.06235294117647059 0.03090909090909091
1 0.25029411764705883 0.8602272727272727 0.05823529411764706 0.038636363636363635
1 0.24588235294117647 0.928409090909091 0.05764705882352941 0.03681818181818182
1 0.3658823529411765 0.7729545454545454 0.12 0.03318181818181818
1 0.7685294117647059 0.9254545454545454 0.06294117647058824 0.038181818181818185
1 0.28852941176470587 0.03704545454545455 0.04058823529411765 0.023181818181818182
1 0.5358823529411765 0.7695454545454545 0.12470588235294118 0.034545454545454546
1 0.6864705882352942 0.4109090909090909 0.09294117647058824 0.034545454545454546
1 0.6594117647058824 0.3690909090909091 0.08470588235294117 0.03272727272727273
1 0.6064705882352941 0.4113636363636364 0.03176470588235294 0.034545454545454546
1 0.485 0.3725 0.14058823529411765 0.03681818181818182
1 0.41705882352941176 0.8606818181818182 0.05058823529411765 0.03681818181818182
1 0.5885294117647059 0.9254545454545454 0.05352941176470588 0.03727272727272727
1 0.3947058823529412 0.5297727272727273 0.18 0.03409090909090909
1 0.5826470588235294 0.5256818181818181 0.11823529411764706 0.03590909090909091
1 0.5173529411764706 0.615 0.10294117647058823 0.03272727272727273
1 0.43117647058823527 0.4565909090909091 0.0988235294117647 0.03409090909090909
1 0.5944117647058823 0.8613636363636363 0.0688235294117647 0.038181818181818185
1 0.09676470588235295 0.4113636363636364 0.0711764705882353 0.03636363636363636
1 0.6073529411764705 0.5704545454545454 0.13823529411764707 0.034545454545454546
1 0.5494117647058824 0.03704545454545455 0.10352941176470588 0.018636363636363635
1 0.508235294117647 0.9302272727272727 0.05647058823529412 0.03954545454545454
1 0.8488235294117648 0.8579545454545454 0.058823529411764705 0.03954545454545454
1 0.6755882352941176 0.8586363636363636 0.05235294117647059 0.03727272727272727
1 0.5791176470588235 0.3693181818181818 0.03470588235294118 0.03318181818181818
1 0.5897058823529412 0.68 0.21235294117647058 0.038181818181818185
1 0.34705882352941175 0.45636363636363636 0.08 0.034545454545454546
1 0.10794117647058823 0.7702272727272728 0.08058823529411764 0.03409090909090909
1 0.10617647058823529 0.725 0.08294117647058824 0.035454545454545454
1 0.5035294117647059 0.8611363636363636 0.052941176470588235 0.038636363636363635
1 0.6726470588235294 0.5306818181818181 0.03705882352941176 0.03227272727272727
1 0.5985294117647059 0.6147727272727272 0.02411764705882353 0.03227272727272727
1 0.11176470588235295 0.615 0.07647058823529412 0.034545454545454546
1 0.6802941176470588 0.9252272727272727 0.06529411764705882 0.038636363636363635
1 0.33294117647058824 0.8597727272727272 0.06 0.03681818181818182
1 0.7176470588235294 0.5706818181818182 0.03176470588235294 0.03318181818181818
1 0.10794117647058823 0.5702272727272727 0.07352941176470588 0.03409090909090909
1 0.3573529411764706 0.3709090909090909 0.10411764705882352 0.03090909090909091
1 0.40852941176470586 0.5729545454545455 0.20647058823529413 0.030454545454545453