1 0.3888235294117647 0.6834090909090909 0.17176470588235293 0.042272727272727274
1 0.7579411764705882 0.8611363636363636 0.05941176470588235 0.03772727272727273
1 0.8458823529411764 0.9275 0.06352941176470588 0.038636363636363635
1 0.6429411764705882 0.5720454545454545 0.31411764705882356 0.03954545454545454
1 0.40794117647058825 0.9275 0.05941176470588235 0.03681818181818182
1 0.345 0.6152272727272727 0.10294117647058823 0.03409090909090909
1 0.6061764705882353 0.7713636363636364 0.16411764705882353 0.03363636363636364
1 0.545 0.53 0.23941176470588235 0.03727272727272727
1 0.2994117647058824 0.03613636363636363 0.04823529411764706 0.028636363636363637
1 0.7661764705882353 0.41295454545454546 0.03705882352941176 0.035
1 0.4082352941176471 0.4127272727272727 0.21176470588235294 0.03727272727272727
1 0.10176470588235294 0.6793181818181818 0.0811764705882353 0.035
1 0.11911764705882352 0.3675 0.08294117647058824 0.03409090909090909
1 0.10852941176470589 0.4475 0.09235294117647058 0.03681818181818182
1 0.1585294117647059 0.9240909090909091 0.057058823529411766 0.038181818181818185
1 0.325 0.9261363636363636 0.05 0.03681818181818182
1 0.15176470588235294 0.8593181818181819 0.047058823529411764 0.03954545454545454
1 0.7076470588235294 0.7220454545454545 0.25058823529411767 0.03954545454545454
1 0.3761764705882353 0.5675 0.15823529411764706 0.042272727272727274
1 0.10617647058823529 0.5213636363636364 0.07588235294117647 0.034545454545454546
1 0.23470588235294118 0.9261363636363636 0.04470588235294118 0.03681818181818182
1 0.395 0.7745454545454545 0.1935294117647059 0.038181818181818185
1 0.7529411764705882 0.9261363636363636 0.05764705882352941 0.03954545454545454
1 0.6258823529411764 0.4115909090909091 0.16470588235294117 0.03772727272727273
1 0.4097058823529412 0.8590909090909091 0.05235294117647059 0.03727272727272727
1 0.5820588235294117 0.9293181818181818 0.05235294117647059 0.03681818181818182
1 0.36 0.5281818181818182 0.11529411764705882 0.03636363636363636
1 0.5205882352941177 0.6129545454545454 0.2376470588235294 0.03590909090909091
1 0.576764705882353 0.8579545454545454 0.04176470588235294 0.03954545454545454
1 0.115 0.40704545454545454 0.0888235294117647 0.03590909090909091
1 0.10294117647058823 0.5661363636363637 0.07764705882352942 0.035
1 0.5811764705882353 0.03659090909090909 0.11058823529411765 0.02590909090909091
1 0.6088235294117647 0.37113636363636365 0.041176470588235294 0.031363636363636364
1 0.7767647058823529 0.4572727272727273 0.06294117647058824 0.03090909090909091
1 0.5041176470588236 0.925 0.0611764705882353 0.03909090909090909
1 0.8432352941176471 0.8590909090909091 0.051176470588235295 0.03909090909090909
1 0.6673529411764706 0.8588636363636364 0.05352941176470588 0.03772727272727273
1 0.5120588235294118 0.37113636363636365 0.11352941176470588 0.03318181818181818
1 0.5608823529411765 0.6795454545454546 0.14647058823529413 0.03636363636363636
1 0.3547058823529412 0.45295454545454544 0.11294117647058824 0.03681818181818182
1 0.10911764705882353 0.7665909090909091 0.08764705882352941 0.03681818181818182
1 0.10088235294117646 0.7284090909090909 0.08411764705882353 0.03590909090909091
1 0.6702941176470588 0.37386363636363634 0.07235294117647059 0.031363636363636364
1 0.5252941176470588 0.45636363636363636 0.1188235294117647 0.03363636363636364
1 0.49411764705882355 0.8625 0.04588235294117647 0.038636363636363635
1 0.6691176470588235 0.45681818181818185 0.03823529411764706 0.03272727272727273
1 0.8544117647058823 0.4118181818181818 0.09352941176470589 0.03636363636363636
1 0.365 0.3679545454545455 0.13117647058823528 0.030454545454545453
1 0.4376470588235294 0.7252272727272727 0.26705882352941174 0.03590909090909091
1 0.11735294117647059 0.6086363636363636 0.08529411764705883 0.03636363636363636
1 0.6711764705882353 0.9247727272727273 0.05176470588235294 0.038636363636363635
1 0.33088235294117646 0.8577272727272728 0.06294117647058824 0.03909090909090909
1 0.24176470588235294 0.8579545454545454 0.06235294117647059 0.03409090909090909