1 0.36205882352941177 0.6895454545454546 0.13941176470588235 0.042727272727272725
1 0.7629411764705882 0.8684090909090909 0.07411764705882352 0.04045454545454545
1 0.8447058823529412 0.9411363636363637 0.08 0.060454545454545455
1 0.41205882352941176 0.9318181818181818 0.06529411764705882 0.038181818181818185
1 0.6567647058823529 0.7752272727272728 0.07588235294117647 0.021363636363636362
1 0.36941176470588233 0.4134090909090909 0.1423529411764706 0.038636363636363635
1 0.4964705882352941 0.6929545454545455 0.1411764705882353 0.03409090909090909
1 0.6617647058823529 0.7004545454545454 0.10588235294117647 0.022727272727272728
1 0.7588235294117647 0.3856818181818182 0.13294117647058823 0.028636363636363637
1 0.08911764705882352 0.3675 0.07235294117647059 0.028636363636363637
1 0.09117647058823529 0.4531818181818182 0.08235294117647059 0.03272727272727273
1 0.48705882352941177 0.7706818181818181 0.14588235294117646 0.026818181818181817
1 0.15235294117647058 0.9279545454545455 0.0611764705882353 0.035
1 0.3332352941176471 0.9304545454545454 0.07941176470588235 0.03363636363636364
1 0.1561764705882353 0.8625 0.06411764705882353 0.03409090909090909
1 0.6776470588235294 0.7361363636363636 0.09176470588235294 0.03409090909090909
1 0.5911764705882353 0.455 0.04 0.03
1 0.41058823529411764 0.5306818181818181 0.23058823529411765 0.042272727272727274
1 0.09352941176470589 0.5293181818181818 0.08235294117647059 0.03318181818181818
1 0.24147058823529413 0.8647727272727272 0.07352941176470588 0.035
1 0.2461764705882353 0.9290909090909091 0.07705882352941176 0.035454545454545454
1 0.35352941176470587 0.7688636363636364 0.11411764705882353 0.026818181818181817
1 0.755 0.9427272727272727 0.06764705882352941 0.06454545454545454
1 0.28147058823529414 0.038636363636363635 0.03705882352941176 0.02090909090909091
1 0.6585294117647059 0.3890909090909091 0.05823529411764706 0.03363636363636364
1 0.41970588235294115 0.8611363636363636 0.057058823529411766 0.04045454545454545
1 0.581764705882353 0.9322727272727273 0.06470588235294118 0.046363636363636364
1 0.5997058823529412 0.5365909090909091 0.16176470588235295 0.03318181818181818
1 0.39794117647058824 0.571590909090909 0.20058823529411765 0.03954545454545454
1 0.596764705882353 0.7775 0.03823529411764706 0.02772727272727273
1 0.09647058823529411 0.4147727272727273 0.08588235294117647 0.030454545454545453
1 0.10470588235294118 0.5670454545454545 0.08823529411764706 0.03409090909090909
1 0.585 0.5734090909090909 0.1723529411764706 0.038636363636363635
1 0.5644117647058824 0.04363636363636364 0.1111764705882353 0.022727272727272728
1 0.745 0.4202272727272727 0.11823529411764706 0.03681818181818182
1 0.5014705882352941 0.9315909090909091 0.07705882352941176 0.04318181818181818
1 0.8382352941176471 0.8731818181818182 0.06470588235294118 0.05090909090909091
1 0.6670588235294118 0.8725 0.06588235294117648 0.049545454545454545
1 0.5394117647058824 0.37522727272727274 0.18588235294117647 0.035
1 0.3497058823529412 0.4527272727272727 0.1111764705882353 0.02909090909090909
1 0.09058823529411765 0.7656818181818181 0.09411764705882353 0.031363636363636364
1 0.08676470588235294 0.6843181818181818 0.08058823529411764 0.030454545454545453
1 0.49823529411764705 0.8661363636363636 0.06352941176470588 0.035
1 0.663235294117647 0.41863636363636364 0.03588235294117647 0.034545454545454546
1 0.6111764705882353 0.7361363636363636 0.03176470588235294 0.035
1 0.37470588235294117 0.37204545454545457 0.14823529411764705 0.04045454545454545
1 0.5044117647058823 0.7340909090909091 0.15941176470588236 0.038181818181818185
1 0.11088235294117647 0.6125 0.09705882352941177 0.03318181818181818
1 0.6705882352941176 0.9359090909090909 0.0611764705882353 0.04363636363636364
1 0.3326470588235294 0.8645454545454545 0.06529411764705882 0.03636363636363636
1 0.08823529411764706 0.725909090909091 0.08352941176470588 0.031818181818181815
1 0.6541176470588236 0.45022727272727275 0.08470588235294117 0.020454545454545454
1 0.5832352941176471 0.8663636363636363 0.06411764705882353 0.042727272727272725
1 0.5417647058823529 0.4147727272727273 0.20941176470588235 0.04409090909090909
1 0.48176470588235293 0.4527272727272727 0.1635294117647059 0.03363636363636364
1 0.39705882352941174 0.6134090909090909 0.1952941176470588 0.042272727272727274
1 0.5585294117647058 0.6138636363636364 0.13823529411764707 0.03772727272727273
1 0.5844117647058824 0.7072727272727273 0.054705882352941174 0.02909090909090909
1 0.3585294117647059 0.7304545454545455 0.13352941176470587 0.042727272727272725