1 0.39323529411764707 0.6786363636363636 0.18764705882352942 0.03909090909090909
1 0.6497058823529411 0.6859090909090909 0.26294117647058823 0.03909090909090909
1 0.38823529411764707 0.4025 0.1811764705882353 0.03772727272727273
1 0.7591176470588236 0.8604545454545455 0.06411764705882353 0.06
1 0.8376470588235294 0.9240909090909091 0.06 0.04090909090909091
1 0.3988235294117647 0.9197727272727273 0.05058823529411765 0.041363636363636366
1 0.545 0.5243181818181818 0.13470588235294118 0.038636363636363635
1 0.3714705882352941 0.6043181818181819 0.14176470588235293 0.03590909090909091
1 0.41147058823529414 0.7231818181818181 0.22647058823529412 0.038181818181818185
1 0.38441176470588234 0.7711363636363636 0.1711764705882353 0.038636363636363635
1 0.11147058823529411 0.6754545454545454 0.09705882352941177 0.04
1 0.09588235294117647 0.4440909090909091 0.0811764705882353 0.035454545454545454
1 0.7276470588235294 0.5272727272727272 0.0988235294117647 0.03363636363636364
1 0.09941176470588235 0.3593181818181818 0.08235294117647059 0.03681818181818182
1 0.691764705882353 0.7322727272727273 0.30117647058823527 0.03727272727272727
1 0.14558823529411766 0.9218181818181819 0.061764705882352944 0.04181818181818182
1 0.31323529411764706 0.923409090909091 0.05588235294117647 0.04045454545454545
1 0.1461764705882353 0.8520454545454546 0.06529411764705882 0.041363636363636366
1 0.5914705882352941 0.4511363636363636 0.033529411764705884 0.03227272727272727
1 0.3761764705882353 0.5236363636363637 0.16058823529411764 0.03909090909090909
1 0.10264705882352941 0.5154545454545455 0.08294117647058824 0.03727272727272727
1 0.6485294117647059 0.5288636363636363 0.03588235294117647 0.03318181818181818
1 0.2323529411764706 0.9209090909090909 0.06470588235294118 0.04181818181818182
1 0.7438235294117647 0.9245454545454546 0.051176470588235295 0.042727272727272725
1 0.3038235294117647 0.028409090909090908 0.04294117647058823 0.02772727272727273
1 0.57 0.7727272727272727 0.16705882352941176 0.035454545454545454
1 0.6711764705882353 0.44886363636363635 0.1 0.03409090909090909
1 0.6694117647058824 0.3643181818181818 0.10705882352941176 0.035
1 0.528235294117647 0.365 0.12470588235294118 0.031818181818181815
1 0.40588235294117647 0.8538636363636364 0.05411764705882353 0.038636363636363635
1 0.40794117647058825 0.5636363636363636 0.22176470588235295 0.03636363636363636
1 0.5223529411764706 0.6056818181818182 0.1411764705882353 0.035
1 0.5047058823529412 0.4465909090909091 0.11529411764705882 0.03590909090909091
1 0.09911764705882353 0.40136363636363637 0.07941176470588235 0.03727272727272727
1 0.10441176470588236 0.5586363636363636 0.0888235294117647 0.03636363636363636
1 0.591764705882353 0.0375 0.14941176470588236 0.03681818181818182
1 0.6635294117647059 0.4084090909090909 0.03176470588235294 0.03772727272727273
1 0.7361764705882353 0.40545454545454546 0.11470588235294117 0.035454545454545454
1 0.49058823529411766 0.9206818181818182 0.05411764705882353 0.04045454545454545
1 0.663235294117647 0.855 0.05235294117647059 0.04181818181818182
1 0.5579411764705883 0.4043181818181818 0.14411764705882352 0.03590909090909091
1 0.8302941176470588 0.5709090909090909 0.12294117647058823 0.03636363636363636
1 0.36676470588235294 0.445 0.13117647058823528 0.03727272727272727
1 0.10911764705882353 0.7579545454545454 0.09941176470588235 0.03681818181818182
1 0.4885294117647059 0.855 0.04764705882352941 0.042727272727272725
1 0.6258823529411764 0.5677272727272727 0.18352941176470589 0.03272727272727273
1 0.3820588235294118 0.36227272727272725 0.15470588235294117 0.03636363636363636
1 0.09735294117647059 0.6025 0.0888235294117647 0.03772727272727273
1 0.6594117647058824 0.9231818181818182 0.04823529411764706 0.04181818181818182
1 0.32 0.8529545454545454 0.04823529411764706 0.038636363636363635
1 0.706764705882353 0.6095454545454545 0.09823529411764706 0.03363636363636364
1 0.105 0.7181818181818181 0.09117647058823529 0.03727272727272727
1 0.6035294117647059 0.3693181818181818 0.02588235294117647 0.029545454545454545
1 0.6197058823529412 0.6131818181818182 0.022941176470588236 0.03
1 0.7429411764705882 0.5745454545454546 0.03411764705882353 0.03
1 0.5735294117647058 0.855909090909091 0.0611764705882353 0.042727272727272725
1 0.8358823529411765 0.8645454545454545 0.06352941176470588 0.05181818181818182
1 0.5838235294117647 0.9245454545454546 0.0688235294117647 0.04181818181818182
1 0.31529411764705884 0.8568181818181818 0.05411764705882353 0.04454545454545455