1 0.31088235294117644 0.03909090909090909 0.04058823529411765 0.022727272727272728
1 0.5564705882352942 0.04022727272727273 0.0988235294117647 0.025
1 0.11205882352941177 0.3690909090909091 0.09470588235294118 0.03727272727272727
1 0.11 0.4127272727272727 0.1011764705882353 0.03727272727272727
1 0.10764705882352942 0.4561363636363636 0.10235294117647059 0.03681818181818182
1 0.41411764705882353 0.3784090909090909 0.22823529411764706 0.03590909090909091
1 0.45 0.4193181818181818 0.29058823529411765 0.03681818181818182
1 0.3835294117647059 0.4640909090909091 0.16117647058823528 0.04
1 0.6185294117647059 0.37727272727272726 0.17588235294117646 0.04
1 0.7420588235294118 0.38795454545454544 0.039411764705882354 0.029545454545454545
1 0.8294117647058824 0.38136363636363635 0.12117647058823529 0.031818181818181815
1 0.6944117647058824 0.4193181818181818 0.19823529411764707 0.03681818181818182
1 0.8079411764705883 0.4218181818181818 0.03823529411764706 0.031818181818181815
1 0.8885294117647059 0.42068181818181816 0.11941176470588236 0.03590909090909091
1 0.5635294117647058 0.4618181818181818 0.16117647058823528 0.04
1 0.6808823529411765 0.47454545454545455 0.04058823529411765 0.02909090909090909
1 0.7602941176470588 0.46886363636363637 0.10411764705882352 0.030454545454545453
1 0.12205882352941176 0.5306818181818181 0.11235294117647059 0.04045454545454545
1 0.1111764705882353 0.5747727272727273 0.09294117647058824 0.03681818181818182
1 0.1126470588235294 0.6156818181818182 0.09588235294117647 0.03772727272727273
1 0.39088235294117646 0.5336363636363637 0.17352941176470588 0.04181818181818182
1 0.3770588235294118 0.5775 0.14941176470588236 0.041363636363636366
1 0.35764705882352943 0.6181818181818182 0.12470588235294118 0.03636363636363636
1 0.5973529411764706 0.5381818181818182 0.20176470588235293 0.02909090909090909
1 0.5752941176470588 0.5786363636363636 0.21529411764705883 0.03909090909090909
1 0.5214705882352941 0.6231818181818182 0.15588235294117647 0.034545454545454546
1 0.6373529411764706 0.6279545454545454 0.04294117647058823 0.028636363636363637
1 0.6964705882352941 0.6227272727272727 0.0611764705882353 0.031818181818181815
1 0.7355882352941177 0.5472727272727272 0.03823529411764706 0.028181818181818183
1 0.7873529411764706 0.5386363636363637 0.07823529411764706 0.028181818181818183
1 0.7308823529411764 0.5797727272727272 0.039411764705882354 0.03227272727272727
1 0.8132352941176471 0.5786363636363636 0.10411764705882352 0.03727272727272727
1 0.1161764705882353 0.6936363636363636 0.08647058823529412 0.03727272727272727
1 0.1223529411764706 0.7277272727272728 0.07882352941176471 0.04
1 0.12176470588235294 0.7731818181818182 0.09411764705882353 0.04727272727272727
1 0.4176470588235294 0.6888636363636363 0.24352941176470588 0.04681818181818182
1 0.43176470588235294 0.7338636363636364 0.26235294117647057 0.04045454545454545
1 0.40088235294117647 0.7772727272727272 0.20529411764705882 0.04090909090909091
1 0.6373529411764706 0.6972727272727273 0.19117647058823528 0.031818181818181815
1 0.6738235294117647 0.735 0.21470588235294116 0.03727272727272727
1 0.5876470588235294 0.7804545454545454 0.15411764705882353 0.03363636363636364
1 0.7655882352941177 0.7038636363636364 0.04411764705882353 0.03318181818181818
1 0.841764705882353 0.6945454545454546 0.11647058823529412 0.031818181818181815
1 0.8067647058823529 0.7365909090909091 0.03823529411764706 0.03227272727272727
1 0.8855882352941177 0.7372727272727273 0.11352941176470588 0.03363636363636364
1 0.7079411764705882 0.7877272727272727 0.03823529411764706 0.03090909090909091
1 0.8002941176470588 0.7793181818181818 0.10647058823529412 0.04318181818181818
1 0.1538235294117647 0.8613636363636363 0.051176470588235295 0.03272727272727273
1 0.15441176470588236 0.9277272727272727 0.05352941176470588 0.03363636363636364
1 0.23852941176470588 0.8631818181818182 0.04411764705882353 0.03363636363636364
1 0.2488235294117647 0.9281818181818182 0.06235294117647059 0.035454545454545454
1 0.32794117647058824 0.8643181818181818 0.04764705882352941 0.031363636363636364
1 0.3338235294117647 0.9275 0.06294117647058824 0.02772727272727273
1 0.4173529411764706 0.8625 0.057058823529411766 0.028636363636363637
1 0.4188235294117647 0.9238636363636363 0.06352941176470588 0.03409090909090909
1 0.5064705882352941 0.8629545454545454 0.05764705882352941 0.029545454545454545
1 0.5076470588235295 0.9290909090909091 0.06 0.028181818181818183
1 0.5908823529411765 0.8663636363636363 0.054705882352941174 0.03363636363636364
1 0.5961764705882353 0.9256818181818182 0.06529411764705882 0.03227272727272727
1 0.6773529411764706 0.8615909090909091 0.06294117647058824 0.035
1 0.6726470588235294 0.925 0.06294117647058824 0.03727272727272727
1 0.7670588235294118 0.8688636363636364 0.07294117647058823 0.035
1 0.7661764705882353 0.9297727272727273 0.05352941176470588 0.03227272727272727
1 0.8479411764705882 0.8656818181818182 0.06529411764705882 0.028636363636363637
1 0.8473529411764706 0.9322727272727273 0.06411764705882353 0.03272727272727273