1 0.4252941176470588 0.6788636363636363 0.25176470588235295 0.03772727272727273
1 0.40941176470588236 0.405 0.2164705882352941 0.03727272727272727
1 0.7635294117647059 0.8604545454545455 0.06941176470588235 0.04
1 0.8482352941176471 0.9268181818181818 0.07529411764705882 0.04090909090909091
1 0.41823529411764704 0.9263636363636364 0.06352941176470588 0.03909090909090909
1 0.8170588235294117 0.7679545454545454 0.1423529411764706 0.03590909090909091
1 0.7138235294117647 0.7684090909090909 0.03470588235294118 0.035
1 0.4 0.4511363636363636 0.18470588235294116 0.03681818181818182
1 0.4376470588235294 0.575 0.27294117647058824 0.03909090909090909
1 0.7385294117647059 0.6861363636363637 0.03 0.03681818181818182
1 0.4061764705882353 0.3615909090909091 0.20176470588235293 0.03590909090909091
1 0.8232352941176471 0.5277272727272727 0.09117647058823529 0.035454545454545454
1 0.10735294117647058 0.678409090909091 0.07823529411764706 0.03590909090909091
1 0.445 0.7236363636363636 0.2888235294117647 0.038181818181818185
1 0.7541176470588236 0.5304545454545454 0.03529411764705882 0.03636363636363636
1 0.11029411764705882 0.3643181818181818 0.09235294117647058 0.03590909090909091
1 0.11235294117647059 0.4465909090909091 0.0976470588235294 0.03681818181818182
1 0.15558823529411764 0.9238636363636363 0.06647058823529411 0.041363636363636366
1 0.8197058823529412 0.6097727272727272 0.09117647058823529 0.03409090909090909
1 0.3311764705882353 0.9256818181818182 0.07294117647058823 0.03954545454545454
1 0.16470588235294117 0.8568181818181818 0.06588235294117648 0.04090909090909091
1 0.585 0.4527272727272727 0.15 0.03636363636363636
1 0.4323529411764706 0.5188636363636364 0.26 0.03681818181818182
1 0.10529411764705883 0.5225 0.08352941176470588 0.035
1 0.6535294117647059 0.6097727272727272 0.17176470588235293 0.035
1 0.24088235294117646 0.8577272727272728 0.06294117647058824 0.03909090909090909
1 0.65 0.525 0.17176470588235293 0.038181818181818185
1 0.2426470588235294 0.9245454545454546 0.06764705882352941 0.04090909090909091
1 0.41794117647058826 0.7654545454545455 0.2323529411764706 0.03636363636363636
1 0.7676470588235295 0.9252272727272727 0.07882352941176471 0.03954545454545454
1 0.2847058823529412 0.03431818181818182 0.041176470588235294 0.028636363636363637
1 0.6135294117647059 0.7659090909090909 0.15294117647058825 0.034545454545454546
1 0.6976470588235294 0.37113636363636365 0.03176470588235294 0.03590909090909091
1 0.6002941176470589 0.36727272727272725 0.1652941176470588 0.03727272727272727
1 0.41794117647058826 0.8584090909090909 0.06764705882352941 0.03954545454545454
1 0.5885294117647059 0.9261363636363636 0.0688235294117647 0.03772727272727273
1 0.10205882352941177 0.5659090909090909 0.08411764705882353 0.03636363636363636
1 0.42823529411764705 0.6079545454545454 0.24352941176470588 0.03590909090909091
1 0.5929411764705882 0.8606818181818182 0.08 0.03954545454545454
1 0.1126470588235294 0.4040909090909091 0.10176470588235294 0.03727272727272727
1 0.5676470588235294 0.04045454545454545 0.12 0.023636363636363636
1 0.7517647058823529 0.45545454545454545 0.1188235294117647 0.034545454545454546
1 0.5047058823529412 0.9259090909090909 0.06823529411764706 0.03909090909090909
1 0.8361764705882353 0.6825 0.1676470588235294 0.04045454545454545
1 0.6735294117647059 0.8588636363636364 0.06588235294117648 0.03954545454545454
1 0.601764705882353 0.40386363636363637 0.16470588235294117 0.038636363636363635
1 0.7926470588235294 0.3663636363636364 0.14058823529411765 0.03636363636363636
1 0.8735294117647059 0.7265909090909091 0.11294117647058824 0.038636363636363635
1 0.10705882352941176 0.7627272727272727 0.09058823529411765 0.03636363636363636
1 0.10676470588235294 0.7190909090909091 0.08764705882352941 0.03727272727272727
1 0.78 0.4090909090909091 0.12705882352941175 0.03272727272727273
1 0.6411764705882353 0.6793181818181818 0.1564705882352941 0.03772727272727273
1 0.5014705882352941 0.8590909090909091 0.07588235294117647 0.03909090909090909
1 0.8652941176470588 0.5695454545454546 0.07882352941176471 0.031818181818181815
1 0.675 0.5677272727272727 0.21823529411764706 0.035454545454545454
1 0.10352941176470588 0.6075 0.08588235294117647 0.03681818181818182
1 0.6767647058823529 0.9270454545454545 0.07470588235294118 0.04045454545454545
1 0.33147058823529413 0.8577272727272728 0.0688235294117647 0.04
1 0.8505882352941176 0.8575 0.07294117647058823 0.03954545454545454
1 0.6908823529411765 0.7234090909090909 0.18176470588235294 0.03681818181818182
1 0.7970588235294118 0.7238636363636364 0.04 0.03590909090909091
1 0.7573529411764706 0.6152272727272727 0.033529411764705884 0.03590909090909091
1 0.8094117647058824 0.5652272727272727 0.03529411764705882 0.03318181818181818
1 0.6694117647058824 0.4577272727272727 0.036470588235294116 0.03909090909090909
1 0.7008823529411765 0.4102272727272727 0.039411764705882354 0.038636363636363635