1 0.4711425206124853 0.7216400911161731 0.303886925795053 0.04191343963553531
1 0.44346289752650175 0.3990888382687927 0.2508833922261484 0.03917995444191344
1 0.7700235571260307 0.8501138952164009 0.06301531213191991 0.03917995444191344
1 0.8621908127208481 0.9189066059225512 0.07538280329799764 0.04009111617312073
1 0.41813898704358066 0.9209567198177676 0.0636042402826855 0.0387243735763098
1 0.8568904593639576 0.849886104783599 0.06595995288574794 0.04054669703872437
1 0.4107773851590106 0.45056947608200454 0.2055359246171967 0.03826879271070615
1 0.4720259128386337 0.6774487471526196 0.19257950530035337 0.04009111617312073
1 0.42697290930506476 0.7678815489749431 0.21319199057714958 0.03690205011389522
1 0.31802120141342755 0.022779043280182234 0.05418138987043581 0.02915717539863326
1 0.7971142520612485 0.516628701594533 0.10188457008244994 0.03644646924829157
1 0.12014134275618374 0.6760820045558087 0.09305064782096584 0.03826879271070615
1 0.11778563015312132 0.4432801822323462 0.09422850412249706 0.03735763097949886
1 0.10659599528857479 0.35444191343963555 0.09422850412249706 0.03644646924829157
1 0.598939929328622 0.60250569476082 0.11778563015312132 0.03416856492027335
1 0.15694935217903416 0.9150341685649203 0.061837455830388695 0.04510250569476082
1 0.7962308598351001 0.6029612756264237 0.11425206124852769 0.03507972665148064
1 0.3336277974087161 0.9193621867881548 0.0712603062426384 0.03917995444191344
1 0.15871613663133097 0.849886104783599 0.06301531213191991 0.04145785876993166
1 0.6065959952885748 0.44624145785876995 0.1519434628975265 0.03690205011389522
1 0.425206124852768 0.5152619589977221 0.20259128386336867 0.04100227790432802
1 0.1068904593639576 0.5161731207289294 0.10424028268551237 0.04009111617312073
1 0.6905182567726738 0.6066059225512529 0.04181389870435807 0.03325740318906606
1 0.24734982332155478 0.8489749430523919 0.061248527679623084 0.04054669703872437
1 0.2479387514723204 0.9173120728929385 0.05771495877502945 0.03963553530751709
1 0.7623674911660777 0.9207289293849659 0.05712603062426384 0.03917995444191344
1 0.7146643109540636 0.44783599088838266 0.037102473498233215 0.03280182232346242
1 0.694640753828033 0.35990888382687924 0.08539458186101295 0.0337129840546697
1 0.6277974087161367 0.3630979498861048 0.03769140164899882 0.03735763097949886
1 0.5532979976442874 0.35671981776765377 0.12073027090694935 0.03644646924829157
1 0.4213780918727915 0.8523917995444191 0.06654888103651355 0.04009111617312073
1 0.5915783274440518 0.9198177676537586 0.061837455830388695 0.04373576309794989
1 0.44876325088339225 0.5608200455580865 0.25206124852767964 0.03826879271070615
1 0.6133686690223793 0.514123006833713 0.1348645465253239 0.03781321184510251
1 0.41843345111896346 0.603872437357631 0.19964664310954064 0.03690205011389522
1 0.5924617196702002 0.8514806378132118 0.0636042402826855 0.04009111617312073
1 0.11749116607773852 0.4009111617312073 0.10188457008244994 0.04009111617312073
1 0.10777385159010601 0.560136674259681 0.0977620730270907 0.03781321184510251
1 0.5591872791519434 0.023234624145785875 0.0535924617196702 0.02642369020501139
1 0.6478209658421673 0.4009111617312073 0.16136631330977622 0.03826879271070615
1 0.8094817432273262 0.4482915717539863 0.13250883392226148 0.03735763097949886
1 0.5053003533568905 0.9207289293849659 0.05771495877502945 0.03917995444191344
1 0.8501177856301532 0.5576309794988611 0.1525323910482921 0.03826879271070615
1 0.682567726737338 0.8473804100227791 0.061248527679623084 0.0428246013667426
1 0.12308598351001178 0.7630979498861048 0.10954063604240283 0.03826879271070615
1 0.1157243816254417 0.7182232346241458 0.10188457008244994 0.03690205011389522
1 0.7449941107184923 0.4002277904328018 0.03297997644287397 0.03599088838268793
1 0.5067726737338045 0.85375854214123 0.05830388692579505 0.04100227790432802
1 0.7158421672555948 0.5234624145785877 0.04299175500588928 0.04100227790432802
1 0.8477620730270907 0.4004555808656036 0.13957597173144876 0.04009111617312073
1 0.6560659599528857 0.5587699316628701 0.1519434628975265 0.03599088838268793
1 0.40518256772673733 0.3571753986332574 0.16136631330977622 0.03826879271070615
1 0.11513545347467609 0.6041002277904328 0.10424028268551237 0.03917995444191344
1 0.6834511189634864 0.9220956719817768 0.06301531213191991 0.0428246013667426
1 0.33480565371024734 0.8517084282460137 0.05712603062426384 0.0387243735763098
1 0.7555948174322733 0.5592255125284739 0.03180212014134275 0.03507972665148064