1 0.40852941176470586 0.678409090909091 0.20058823529411765 0.038636363636363635
1 0.7611764705882353 0.8527272727272728 0.07411764705882352 0.04363636363636364
1 0.8432352941176471 0.9215909090909091 0.0688235294117647 0.041363636363636366
1 0.5338235294117647 0.7218181818181818 0.10294117647058823 0.03363636363636364
1 0.4176470588235294 0.9211363636363636 0.07176470588235294 0.04045454545454545
1 0.34352941176470586 0.6075 0.06941176470588235 0.03318181818181818
1 0.6494117647058824 0.6927272727272727 0.02823529411764706 0.031818181818181815
1 0.39088235294117646 0.7218181818181818 0.17941176470588235 0.03727272727272727
1 0.38058823529411767 0.40136363636363637 0.15176470588235294 0.034545454545454546
1 0.08970588235294118 0.7106818181818182 0.06411764705882353 0.03318181818181818
1 0.0888235294117647 0.44295454545454543 0.0611764705882353 0.03318181818181818
1 0.685 0.6809090909090909 0.0688235294117647 0.03272727272727273
1 0.09117647058823529 0.3593181818181818 0.06235294117647059 0.035
1 0.48205882352941176 0.7709090909090909 0.07470588235294118 0.035454545454545454
1 0.14735294117647058 0.9175 0.057058823529411766 0.042272727272727274
1 0.33029411764705885 0.9188636363636363 0.08058823529411764 0.04045454545454545
1 0.15058823529411763 0.8504545454545455 0.05764705882352941 0.03727272727272727
1 0.36058823529411765 0.5181818181818182 0.09294117647058824 0.035454545454545454
1 0.10323529411764706 0.5170454545454546 0.04176470588235294 0.03409090909090909
1 0.6326470588235295 0.7256818181818182 0.04294117647058823 0.038636363636363635
1 0.23794117647058824 0.8502272727272727 0.05235294117647059 0.03681818181818182
1 0.23941176470588235 0.9179545454545455 0.05764705882352941 0.041363636363636366
1 0.3652941176470588 0.7634090909090909 0.13294117647058823 0.04318181818181818
1 0.7579411764705882 0.9220454545454545 0.0711764705882353 0.041363636363636366
1 0.558235294117647 0.7731818181818182 0.03882352941176471 0.028181818181818183
1 0.5467647058823529 0.36568181818181816 0.09588235294117647 0.03409090909090909
1 0.40911764705882353 0.8522727272727273 0.057058823529411766 0.03909090909090909
1 0.5852941176470589 0.9222727272727272 0.05764705882352941 0.04181818181818182
1 0.3517647058823529 0.5627272727272727 0.08823529411764706 0.03363636363636364
1 0.4491176470588235 0.4465909090909091 0.07 0.03227272727272727
1 0.5902941176470589 0.8513636363636363 0.061764705882352944 0.038181818181818185
1 0.09058823529411765 0.4002272727272727 0.06352941176470588 0.03318181818181818
1 0.10852941176470589 0.5609090909090909 0.04294117647058823 0.03272727272727273
1 0.4988235294117647 0.9202272727272728 0.06705882352941177 0.041363636363636366
1 0.8444117647058823 0.8529545454545454 0.07 0.04318181818181818
1 0.6691176470588235 0.8534090909090909 0.05823529411764706 0.042272727272727274
1 0.36470588235294116 0.44636363636363635 0.11764705882352941 0.035454545454545454
1 0.08647058823529412 0.7570454545454546 0.06470588235294118 0.03318181818181818
1 0.4935294117647059 0.4036363636363636 0.0811764705882353 0.03272727272727273
1 0.08676470588235294 0.68 0.06764705882352941 0.03272727272727273
1 0.49323529411764705 0.8522727272727273 0.051176470588235295 0.038181818181818185
1 0.5855882352941176 0.6822727272727273 0.09235294117647058 0.03363636363636364
1 0.39676470588235296 0.36045454545454547 0.1676470588235294 0.03727272727272727
1 0.10588235294117647 0.6022727272727273 0.041176470588235294 0.03272727272727273
1 0.6717647058823529 0.9204545454545454 0.06470588235294118 0.04181818181818182
1 0.32441176470588234 0.8502272727272727 0.054705882352941174 0.03772727272727273
1 0.6044117647058823 0.7334090909090909 0.022941176470588236 0.04318181818181818
1 0.5302941176470588 0.7804545454545454 0.01588235294117647 0.022727272727272728
1 0.30176470588235293 0.03159090909090909 0.08941176470588236 0.019545454545454546
1 0.535 0.03340909090909091 0.07235294117647059 0.023181818181818182