1 0.7694117647058824 0.8586363636363636 0.08 0.04181818181818182
1 0.8535294117647059 0.9279545454545455 0.07647058823529412 0.041363636363636366
1 0.42323529411764704 0.9240909090909091 0.08529411764705883 0.04
1 0.5752941176470588 0.5272727272727272 0.13058823529411764 0.03636363636363636
1 0.8555882352941176 0.8618181818181818 0.07470588235294118 0.042727272727272725
1 0.3720588235294118 0.6209090909090909 0.15588235294117647 0.03636363636363636
1 0.38088235294117645 0.45431818181818184 0.1511764705882353 0.03590909090909091
1 0.7373529411764705 0.5322727272727272 0.07 0.034545454545454546
1 0.45235294117647057 0.4143181818181818 0.29764705882352943 0.04318181818181818
1 0.11 0.6772727272727272 0.08235294117647059 0.03636363636363636
1 0.3720588235294118 0.6825 0.13352941176470587 0.03590909090909091
1 0.10588235294117647 0.3640909090909091 0.08941176470588236 0.03727272727272727
1 0.47147058823529414 0.7722727272727272 0.10176470588235294 0.03272727272727273
1 0.5991176470588235 0.7288636363636364 0.1511764705882353 0.03772727272727273
1 0.15705882352941178 0.9227272727272727 0.06823529411764706 0.04
1 0.7894117647058824 0.5752272727272727 0.03411764705882353 0.03409090909090909
1 0.3373529411764706 0.9222727272727272 0.08411764705882353 0.04
1 0.15735294117647058 0.8543181818181819 0.06764705882352941 0.03954545454545454
1 0.10470588235294118 0.5231818181818182 0.09294117647058824 0.03636363636363636
1 0.6585294117647059 0.6238636363636364 0.06294117647058824 0.031363636363636364
1 0.24735294117647058 0.8570454545454546 0.0711764705882353 0.04045454545454545
1 0.6767647058823529 0.5747727272727273 0.18294117647058825 0.038636363636363635
1 0.24735294117647058 0.9238636363636363 0.0711764705882353 0.03954545454545454
1 0.3538235294117647 0.77 0.10411764705882352 0.034545454545454546
1 0.765 0.9270454545454545 0.07352941176470588 0.03954545454545454
1 0.29205882352941176 0.03 0.05 0.025454545454545455
1 0.6702941176470588 0.41659090909090907 0.12764705882352942 0.03681818181818182
1 0.6494117647058824 0.38136363636363635 0.04 0.03363636363636364
1 0.42205882352941176 0.8581818181818182 0.07588235294117647 0.04181818181818182
1 0.5894117647058823 0.9261363636363636 0.06941176470588235 0.04045454545454545
1 0.10705882352941176 0.5706818181818182 0.09058823529411765 0.03681818181818182
1 0.39794117647058824 0.5313636363636364 0.19588235294117648 0.03090909090909091
1 0.5629411764705883 0.4627272727272727 0.029411764705882353 0.03090909090909091
1 0.5247058823529411 0.6211363636363636 0.12352941176470589 0.03409090909090909
1 0.5870588235294117 0.8586363636363636 0.07176470588235294 0.04181818181818182
1 0.6317647058823529 0.46136363636363636 0.08941176470588236 0.031818181818181815
1 0.5597058823529412 0.04045454545454545 0.0711764705882353 0.023636363636363636
1 0.7608823529411765 0.4159090909090909 0.031176470588235295 0.03636363636363636
1 0.5029411764705882 0.9252272727272727 0.06823529411764706 0.04318181818181818
1 0.68 0.8581818181818182 0.08 0.04181818181818182
1 0.5097058823529412 0.6838636363636363 0.12529411764705883 0.035
1 0.8629411764705882 0.5759090909090909 0.08352941176470588 0.03727272727272727
1 0.11676470588235294 0.7634090909090909 0.09941176470588235 0.03681818181818182
1 0.11352941176470588 0.7206818181818182 0.09647058823529411 0.03772727272727273
1 0.7326470588235294 0.3795454545454545 0.11941176470588236 0.03272727272727273
1 0.505 0.4572727272727273 0.07352941176470588 0.03363636363636364
1 0.5067647058823529 0.8588636363636364 0.06529411764705882 0.04045454545454545
1 0.855 0.4134090909090909 0.1264705882352941 0.03954545454545454
1 0.6064705882352941 0.6259090909090909 0.02588235294117647 0.03090909090909091
1 0.4176470588235294 0.3715909090909091 0.2164705882352941 0.03772727272727273
1 0.10647058823529412 0.6120454545454546 0.0988235294117647 0.03590909090909091
1 0.6761764705882353 0.9263636363636364 0.07235294117647059 0.04
1 0.5861764705882353 0.3718181818181818 0.08764705882352941 0.034545454545454546
1 0.3291176470588235 0.8568181818181818 0.061764705882352944 0.04
1 0.43441176470588233 0.5702272727272727 0.28411764705882353 0.04045454545454545
1 0.40147058823529413 0.7281818181818182 0.20058823529411765 0.042727272727272725
1 0.673235294117647 0.5415909090909091 0.039411764705882354 0.038636363636363635