1 0.4026470588235294 0.6870454545454545 0.22647058823529412 0.045909090909090906
1 0.755 0.8634090909090909 0.054705882352941174 0.04045454545454545
1 0.8394117647058823 0.9388636363636363 0.0611764705882353 0.04772727272727273
1 0.4023529411764706 0.9295454545454546 0.05176470588235294 0.03909090909090909
1 0.45235294117647057 0.5306818181818181 0.2988235294117647 0.03409090909090909
1 0.3644117647058824 0.6197727272727273 0.13 0.03318181818181818
1 0.4023529411764706 0.37522727272727274 0.17529411764705882 0.03590909090909091
1 0.36470588235294116 0.4172727272727273 0.11294117647058824 0.03727272727272727
1 0.3885294117647059 0.7304545454545455 0.19823529411764707 0.04363636363636364
1 0.8061764705882353 0.5411363636363636 0.03588235294117647 0.03318181818181818
1 0.09852941176470588 0.6834090909090909 0.06764705882352941 0.03409090909090909
1 0.11147058823529411 0.3690909090909091 0.039411764705882354 0.035454545454545454
1 0.10323529411764706 0.45136363636363636 0.031176470588235295 0.03363636363636364
1 0.15058823529411763 0.9302272727272727 0.06941176470588235 0.041363636363636366
1 0.32176470588235295 0.9279545454545455 0.06 0.038636363636363635
1 0.14941176470588236 0.8604545454545455 0.05764705882352941 0.04181818181818182
1 0.105 0.5270454545454546 0.0688235294117647 0.03318181818181818
1 0.6858823529411765 0.5763636363636364 0.029411764705882353 0.03272727272727273
1 0.23823529411764705 0.8593181818181819 0.05529411764705883 0.038636363636363635
1 0.23470588235294118 0.9270454545454545 0.05411764705882353 0.038636363636363635
1 0.35558823529411765 0.7770454545454546 0.13 0.03590909090909091
1 0.7570588235294118 0.9286363636363636 0.06588235294117648 0.03909090909090909
1 0.30911764705882355 0.03727272727272727 0.03470588235294118 0.03
1 0.4088235294117647 0.8611363636363636 0.06235294117647059 0.038636363636363635
1 0.5794117647058824 0.9277272727272727 0.0611764705882353 0.03909090909090909
1 0.41058823529411764 0.5725 0.22470588235294117 0.035
1 0.5802941176470588 0.8625 0.057058823529411766 0.041363636363636366
1 0.10705882352941176 0.4115909090909091 0.03411764705882353 0.038636363636363635
1 0.10029411764705883 0.5654545454545454 0.06294117647058824 0.03363636363636364
1 0.5958823529411764 0.5722727272727273 0.12352941176470589 0.03272727272727273
1 0.5782352941176471 0.038181818181818185 0.09176470588235294 0.022727272727272728
1 0.6864705882352942 0.5336363636363637 0.16941176470588235 0.04
1 0.7423529411764705 0.5772727272727273 0.07411764705882352 0.031818181818181815
1 0.4894117647058824 0.9265909090909091 0.0611764705882353 0.04318181818181818
1 0.8370588235294117 0.8643181818181818 0.05176470588235294 0.041363636363636366
1 0.6708823529411765 0.8629545454545454 0.060588235294117644 0.03954545454545454
1 0.885 0.5372727272727272 0.0888235294117647 0.03363636363636364
1 0.34941176470588237 0.46090909090909093 0.08470588235294117 0.03363636363636364
1 0.09823529411764706 0.7670454545454546 0.06823529411764706 0.03318181818181818
1 0.10205882352941177 0.7234090909090909 0.0711764705882353 0.03227272727272727
1 0.49823529411764705 0.8681818181818182 0.058823529411764705 0.060909090909090906
1 0.5305882352941177 0.6231818181818182 0.02823529411764706 0.03363636363636364
1 0.4797058823529412 0.6234090909090909 0.07941176470588235 0.031363636363636364
1 0.095 0.6068181818181818 0.06529411764705882 0.035454545454545454
1 0.6667647058823529 0.9272727272727272 0.061764705882352944 0.04181818181818182
1 0.3247058823529412 0.8595454545454545 0.0611764705882353 0.03909090909090909
1 0.5726470588235294 0.6275 0.04058823529411765 0.021363636363636362