1 0.3835294117647059 0.6902272727272727 0.18235294117647058 0.028636363636363637
1 0.4555882352941176 0.37204545454545457 0.2958823529411765 0.03954545454545454
1 0.7623529411764706 0.8590909090909091 0.06 0.03909090909090909
1 0.8529411764705882 0.9252272727272727 0.07176470588235294 0.03954545454545454
1 0.5597058823529412 0.6165909090909091 0.13470588235294118 0.035
1 0.4188235294117647 0.9281818181818182 0.05529411764705883 0.03727272727272727
1 0.5329411764705883 0.5286363636363637 0.11647058823529412 0.035454545454545454
1 0.8576470588235294 0.8570454545454546 0.07411764705882352 0.04318181818181818
1 0.38941176470588235 0.6147727272727272 0.19058823529411764 0.03772727272727273
1 0.6055882352941176 0.775 0.23588235294117646 0.04
1 0.10647058823529412 0.6886363636363636 0.09176470588235294 0.031818181818181815
1 0.10470588235294118 0.4565909090909091 0.09294117647058824 0.038636363636363635
1 0.6823529411764706 0.5284090909090909 0.08 0.03409090909090909
1 0.1564705882352941 0.9304545454545454 0.05176470588235294 0.03727272727272727
1 0.7873529411764706 0.5709090909090909 0.10882352941176471 0.04727272727272727
1 0.3338235294117647 0.9277272727272727 0.054705882352941174 0.035454545454545454
1 0.16117647058823528 0.8593181818181819 0.0611764705882353 0.04045454545454545
1 0.6891176470588235 0.7268181818181818 0.28411764705882353 0.04454545454545455
1 0.6035294117647059 0.45590909090909093 0.13176470588235295 0.034545454545454546
1 0.10529411764705883 0.5290909090909091 0.0976470588235294 0.03636363636363636
1 0.6508823529411765 0.6202272727272727 0.033529411764705884 0.031363636363636364
1 0.8658823529411764 0.3734090909090909 0.10941176470588235 0.03409090909090909
1 0.2488235294117647 0.928409090909091 0.06 0.03681818181818182
1 0.39088235294117646 0.7743181818181818 0.18411764705882352 0.03227272727272727
1 0.7644117647058823 0.9263636363636364 0.060588235294117644 0.038181818181818185
1 0.2908823529411765 0.03727272727272727 0.04411764705882353 0.022727272727272728
1 0.6844117647058824 0.37522727272727274 0.15588235294117647 0.03590909090909091
1 0.43441176470588233 0.4131818181818182 0.28294117647058825 0.04090909090909091
1 0.42176470588235293 0.8597727272727272 0.06705882352941177 0.03954545454545454
1 0.5861764705882353 0.9261363636363636 0.05235294117647059 0.03772727272727273
1 0.38676470588235295 0.5311363636363636 0.17588235294117646 0.03772727272727273
1 0.40941176470588236 0.5709090909090909 0.23294117647058823 0.04
1 0.5932352941176471 0.8584090909090909 0.06529411764705882 0.04045454545454545
1 0.10529411764705883 0.3759090909090909 0.07529411764705882 0.035454545454545454
1 0.5567647058823529 0.04045454545454545 0.10411764705882352 0.022727272727272728
1 0.6170588235294118 0.5315909090909091 0.029411764705882353 0.03318181818181818
1 0.773235294117647 0.4631818181818182 0.11823529411764706 0.025454545454545455
1 0.5055882352941177 0.9293181818181818 0.054705882352941174 0.038636363636363635
1 0.6776470588235294 0.8575 0.05764705882352941 0.03954545454545454
1 0.5944117647058823 0.6847727272727273 0.22647058823529412 0.04045454545454545
1 0.41058823529411764 0.45454545454545453 0.23529411764705882 0.04181818181818182
1 0.10558823529411765 0.7702272727272728 0.09705882352941177 0.03681818181818182
1 0.783235294117647 0.37227272727272726 0.03705882352941176 0.03363636363636364
1 0.5079411764705882 0.8593181818181819 0.06647058823529411 0.038636363636363635
1 0.6905882352941176 0.4643181818181818 0.03058823529411765 0.03227272727272727
1 0.8405882352941176 0.4138636363636364 0.15058823529411763 0.04045454545454545
1 0.4211764705882353 0.7304545454545455 0.24941176470588236 0.04090909090909091
1 0.10676470588235294 0.6129545454545454 0.09941176470588235 0.03954545454545454
1 0.6797058823529412 0.925 0.06647058823529411 0.03909090909090909
1 0.33294117647058824 0.8595454545454545 0.06705882352941177 0.04
1 0.7252941176470589 0.6172727272727273 0.10588235294117647 0.03272727272727273
1 0.6544117647058824 0.4138636363636364 0.15235294117647058 0.03954545454545454
1 0.7494117647058823 0.41204545454545455 0.03411764705882353 0.042272727272727274
1 0.105 0.4147727272727273 0.09705882352941177 0.03681818181818182
1 0.10882352941176471 0.5706818181818182 0.10235294117647059 0.04045454545454545
1 0.6094117647058823 0.5704545454545454 0.1623529411764706 0.03909090909090909
1 0.7123529411764706 0.5681818181818182 0.03411764705882353 0.042727272727272725
1 0.10794117647058823 0.7293181818181819 0.10529411764705883 0.03409090909090909
1 0.24176470588235294 0.8647727272727272 0.05411764705882353 0.03772727272727273