1 0.4279411764705882 0.6827272727272727 0.24411764705882352 0.034545454545454546
1 0.7552941176470588 0.8625 0.047058823529411764 0.03772727272727273
1 0.8476470588235294 0.9275 0.06823529411764706 0.03772727272727273
1 0.5479411764705883 0.5675 0.07470588235294118 0.03227272727272727
1 0.4138235294117647 0.9252272727272727 0.05823529411764706 0.03590909090909091
1 0.4988235294117647 0.5259090909090909 0.027058823529411764 0.03272727272727273
1 0.8444117647058823 0.8602272727272727 0.05235294117647059 0.038636363636363635
1 0.3523529411764706 0.6122727272727273 0.09294117647058824 0.03636363636363636
1 0.6317647058823529 0.7747727272727273 0.047058823529411764 0.031363636363636364
1 0.4208823529411765 0.7256818181818182 0.23470588235294118 0.03318181818181818
1 0.4314705882352941 0.4109090909090909 0.24764705882352941 0.02909090909090909
1 0.10852941176470589 0.6797727272727273 0.07235294117647059 0.035
1 0.09794117647058824 0.5629545454545455 0.05352941176470588 0.03590909090909091
1 0.11029411764705882 0.45 0.05235294117647059 0.03363636363636364
1 0.51 0.7693181818181818 0.08470588235294117 0.02772727272727273
1 0.15970588235294117 0.9215909090909091 0.061764705882352944 0.03772727272727273
1 0.7879411764705883 0.6915909090909091 0.09470588235294118 0.03318181818181818
1 0.32794117647058824 0.9222727272727272 0.06411764705882353 0.03909090909090909
1 0.15470588235294117 0.8577272727272728 0.05411764705882353 0.03909090909090909
1 0.7111764705882353 0.7279545454545454 0.029411764705882353 0.035
1 0.3926470588235294 0.5231818181818182 0.15823529411764706 0.034545454545454546
1 0.09647058823529411 0.5225 0.05764705882352941 0.03681818181818182
1 0.6211764705882353 0.7261363636363637 0.13294117647058823 0.03409090909090909
1 0.7955882352941176 0.37136363636363634 0.07352941176470588 0.03363636363636364
1 0.24764705882352941 0.8565909090909091 0.0611764705882353 0.03772727272727273
1 0.2388235294117647 0.9218181818181819 0.05647058823529412 0.038181818181818185
1 0.375 0.7679545454545454 0.1511764705882353 0.029545454545454545
1 0.7611764705882353 0.9259090909090909 0.06 0.03727272727272727
1 0.10705882352941176 0.3625 0.06588235294117648 0.035
1 0.6664705882352941 0.4122727272727273 0.17529411764705882 0.03363636363636364
1 0.6376470588235295 0.3675 0.1564705882352941 0.031363636363636364
1 0.41558823529411765 0.8595454545454545 0.060588235294117644 0.04
1 0.5879411764705882 0.9277272727272727 0.060588235294117644 0.03363636363636364
1 0.38529411764705884 0.5654545454545454 0.15058823529411763 0.03727272727272727
1 0.4652941176470588 0.6125 0.05764705882352941 0.035
1 0.591764705882353 0.860909090909091 0.06941176470588235 0.03363636363636364
1 0.10705882352941176 0.4059090909090909 0.06588235294117648 0.04
1 0.6132352941176471 0.4556818181818182 0.02411764705882353 0.030454545454545453
1 0.58 0.038181818181818185 0.10705882352941176 0.02181818181818182
1 0.778235294117647 0.7268181818181818 0.08705882352941176 0.03363636363636364
1 0.4988235294117647 0.9265909090909091 0.058823529411764705 0.03772727272727273
1 0.6726470588235294 0.8618181818181818 0.05588235294117647 0.03090909090909091
1 0.38588235294117645 0.4531818181818182 0.15764705882352942 0.03272727272727273
1 0.11058823529411765 0.7634090909090909 0.08 0.035
1 0.7382352941176471 0.37772727272727274 0.029411764705882353 0.031818181818181815
1 0.5391176470588235 0.4540909090909091 0.10764705882352942 0.03363636363636364
1 0.6273529411764706 0.6834090909090909 0.12176470588235294 0.03409090909090909
1 0.5026470588235294 0.8615909090909091 0.057058823529411766 0.03772727272727273
1 0.8491176470588235 0.4113636363636364 0.0711764705882353 0.031818181818181815
1 0.5785294117647058 0.5247727272727273 0.09705882352941177 0.03227272727272727
1 0.42323529411764704 0.36727272727272725 0.22411764705882353 0.03363636363636364
1 0.09735294117647059 0.6056818181818182 0.05823529411764706 0.03590909090909091
1 0.6711764705882353 0.9265909090909091 0.05647058823529412 0.03681818181818182
1 0.33088235294117646 0.8565909090909091 0.057058823529411766 0.038636363636363635
1 0.665 0.45681818181818185 0.054705882352941174 0.03272727272727273
1 0.7182352941176471 0.6886363636363636 0.03411764705882353 0.03090909090909091
1 0.11058823529411765 0.7227272727272728 0.07764705882352942 0.035454545454545454
1 0.3088235294117647 0.034545454545454546 0.047058823529411764 0.01818181818181818
1 0.7911764705882353 0.4127272727272727 0.03176470588235294 0.03272727272727273
1 0.41852941176470587 0.6127272727272727 0.02176470588235294 0.03272727272727273
1 0.48205882352941176 0.5702272727272727 0.02411764705882353 0.03409090909090909
1 0.5805882352941176 0.7763636363636364 0.027058823529411764 0.031818181818181815