1 0.7697058823529411 0.7293181818181819 0.14411764705882352 0.03772727272727273
1 0.40294117647058825 0.4036363636363636 0.17411764705882352 0.038181818181818185
1 0.7038235294117647 0.7747727272727273 0.10882352941176471 0.035
1 0.4258823529411765 0.6134090909090909 0.24823529411764705 0.023181818181818182
1 0.31882352941176473 0.03431818181818182 0.047058823529411764 0.02590909090909091
1 0.10235294117647059 0.6759090909090909 0.06823529411764706 0.03636363636363636
1 0.10441176470588236 0.44295454545454543 0.08529411764705883 0.035
1 0.7235294117647059 0.5659090909090909 0.20352941176470588 0.04
1 0.10970588235294118 0.36068181818181816 0.07941176470588235 0.03409090909090909
1 0.5038235294117647 0.7713636363636364 0.1723529411764706 0.038181818181818185
1 0.6373529411764706 0.6140909090909091 0.1723529411764706 0.02909090909090909
1 0.8232352941176471 0.6145454545454545 0.0888235294117647 0.03272727272727273
1 0.09235294117647058 0.7238636363636364 0.08 0.035
1 0.7538235294117647 0.6125 0.03235294117647059 0.035
1 0.0988235294117647 0.5172727272727272 0.07764705882352942 0.034545454545454546
1 0.35764705882352943 0.7681818181818182 0.11647058823529412 0.035454545454545454
1 0.5720588235294117 0.030454545454545453 0.11470588235294117 0.02727272727272727
1 0.7323529411764705 0.4506818181818182 0.12117647058823529 0.03409090909090909
1 0.45941176470588235 0.5622727272727273 0.31411764705882356 0.03727272727272727
1 0.6270588235294118 0.774090909090909 0.03411764705882353 0.035454545454545454
1 0.10794117647058823 0.4006818181818182 0.08529411764705883 0.035
1 0.09441176470588235 0.5609090909090909 0.07588235294117647 0.03363636363636364
1 0.6644117647058824 0.45227272727272727 0.03 0.03363636363636364
1 0.9038235294117647 0.5690909090909091 0.08176470588235295 0.03636363636363636
1 0.36411764705882355 0.4475 0.11764705882352941 0.035
1 0.09411764705882353 0.7634090909090909 0.07882352941176471 0.035
1 0.7611764705882353 0.40795454545454546 0.03294117647058824 0.03681818181818182
1 0.5420588235294118 0.4527272727272727 0.19117647058823528 0.03909090909090909
1 0.6764705882352942 0.7245454545454545 0.03411764705882353 0.03636363636363636
1 0.8602941176470589 0.4090909090909091 0.15705882352941178 0.03909090909090909
1 0.5491176470588235 0.7209090909090909 0.21235294117647058 0.038181818181818185
1 0.09411764705882353 0.6034090909090909 0.08588235294117647 0.03409090909090909
1 0.6120588235294118 0.4047727272727273 0.2535294117647059 0.03954545454545454
1 0.3708823529411765 0.7206818181818182 0.14529411764705882 0.03681818181818182
1 0.8341176470588235 0.5702272727272727 0.03529411764705882 0.038636363636363635