1 0.38676470588235295 0.3679545454545455 0.17352941176470588 0.03772727272727273
1 0.7570588235294118 0.8627272727272727 0.06941176470588235 0.04090909090909091
1 0.8405882352941176 0.9288636363636363 0.04941176470588235 0.03772727272727273
1 0.663235294117647 0.6111363636363636 0.03470588235294118 0.03227272727272727
1 0.5326470588235294 0.5295454545454545 0.14529411764705882 0.03272727272727273
1 0.41147058823529414 0.9295454545454546 0.06294117647058824 0.03636363636363636
1 0.8476470588235294 0.8638636363636364 0.07882352941176471 0.03772727272727273
1 0.40794117647058825 0.6838636363636363 0.2311764705882353 0.03318181818181818
1 0.4414705882352941 0.7275 0.30411764705882355 0.03318181818181818
1 0.09235294117647058 0.6815909090909091 0.08823529411764706 0.03681818181818182
1 0.08970588235294118 0.36863636363636365 0.07705882352941176 0.034545454545454546
1 0.09558823529411764 0.45431818181818184 0.08764705882352941 0.035
1 0.14941176470588236 0.9256818181818182 0.06 0.038636363636363635
1 0.7891176470588235 0.5720454545454545 0.11588235294117646 0.03409090909090909
1 0.3264705882352941 0.9272727272727272 0.06470588235294118 0.03636363636363636
1 0.1497058823529412 0.8606818181818182 0.06294117647058824 0.041363636363636366
1 0.09352941176470589 0.5227272727272727 0.0811764705882353 0.03363636363636364
1 0.6797058823529412 0.7265909090909091 0.16176470588235295 0.03681818181818182
1 0.23588235294117646 0.8590909090909091 0.06823529411764706 0.04090909090909091
1 0.6235294117647059 0.5311363636363636 0.03294117647058824 0.030454545454545453
1 0.24029411764705882 0.9247727272727273 0.05588235294117647 0.03590909090909091
1 0.758235294117647 0.928409090909091 0.06235294117647059 0.03681818181818182
1 0.41294117647058826 0.8597727272727272 0.0611764705882353 0.03954545454545454
1 0.5932352941176471 0.9286363636363636 0.07588235294117647 0.038181818181818185
1 0.08911764705882352 0.5679545454545455 0.07705882352941176 0.03227272727272727
1 0.4117647058823529 0.5675 0.21764705882352942 0.03318181818181818
1 0.5797058823529412 0.8604545454545455 0.060588235294117644 0.04181818181818182
1 0.09088235294117647 0.4075 0.08294117647058824 0.035
1 0.61 0.5718181818181818 0.15294117647058825 0.034545454545454546
1 0.5544117647058824 0.04181818181818182 0.10294117647058823 0.02090909090909091
1 0.7291176470588235 0.6136363636363636 0.08176470588235295 0.03272727272727273
1 0.4976470588235294 0.9279545454545455 0.06470588235294118 0.03681818181818182
1 0.5897058823529412 0.37022727272727274 0.19470588235294117 0.03227272727272727
1 0.41058823529411764 0.4138636363636364 0.22470588235294117 0.03954545454545454
1 0.09029411764705883 0.7677272727272727 0.09352941176470589 0.03636363636363636
1 0.08852941176470588 0.7254545454545455 0.09235294117647058 0.034545454545454546
1 0.6764705882352942 0.4143181818181818 0.30470588235294116 0.038636363636363635
1 0.6691176470588235 0.8625 0.060588235294117644 0.038636363636363635
1 0.4964705882352941 0.8593181818181819 0.07176470588235294 0.042272727272727274
1 0.6826470588235294 0.5279545454545455 0.07823529411764706 0.030454545454545453
1 0.08705882352941176 0.6120454545454546 0.08 0.03590909090909091
1 0.6738235294117647 0.9279545454545455 0.06647058823529411 0.03681818181818182
1 0.325 0.8593181818181819 0.06647058823529411 0.03954545454545454
1 0.7870588235294118 0.7295454545454545 0.04 0.034545454545454546
1 0.3070588235294118 0.03613636363636363 0.04 0.02590909090909091
1 0.3973529411764706 0.45681818181818185 0.19823529411764707 0.031818181818181815
1 0.6076470588235294 0.4581818181818182 0.20823529411764705 0.03090909090909091
1 0.37176470588235294 0.5268181818181819 0.15411764705882353 0.035454545454545454
1 0.5694117647058824 0.6152272727272727 0.14823529411764705 0.03227272727272727
1 0.3914705882352941 0.6143181818181818 0.1888235294117647 0.03409090909090909
1 0.7179411764705882 0.5725 0.026470588235294117 0.028636363636363637
1 0.6002941176470589 0.6838636363636363 0.1264705882352941 0.031363636363636364
1 0.6902941176470588 0.6886363636363636 0.039411764705882354 0.031818181818181815
1 0.77 0.6827272727272727 0.10352941176470588 0.02909090909090909
1 0.8717647058823529 0.7311363636363636 0.12705882352941175 0.031363636363636364
1 0.4258823529411765 0.7763636363636364 0.2776470588235294 0.03272727272727273
1 0.66 0.7818181818181819 0.16470588235294117 0.03090909090909091
1 0.7626470588235295 0.7877272727272727 0.028823529411764706 0.02727272727272727
1 0.8455882352941176 0.7854545454545454 0.12294117647058823 0.025454545454545455