1 0.3982352941176471 0.6840909090909091 0.1811764705882353 0.034545454545454546
1 0.5411764705882353 0.6856818181818182 0.08 0.03590909090909091
1 0.7564705882352941 0.8634090909090909 0.05529411764705883 0.038636363636363635
1 0.8438235294117648 0.9281818181818182 0.06647058823529411 0.03909090909090909
1 0.40941176470588236 0.9263636363636364 0.0611764705882353 0.038181818181818185
1 0.5358823529411765 0.5265909090909091 0.10352941176470588 0.03590909090909091
1 0.36176470588235293 0.6140909090909091 0.11764705882352941 0.035454545454545454
1 0.3288235294117647 0.4556818181818182 0.06 0.031363636363636364
1 0.46852941176470586 0.7268181818181818 0.34058823529411764 0.035454545454545454
1 0.3452941176470588 0.36454545454545456 0.07647058823529412 0.03909090909090909
1 0.34911764705882353 0.4102272727272727 0.10058823529411764 0.03681818181818182
1 0.09647058823529411 0.45022727272727275 0.08352941176470588 0.03681818181818182
1 0.5164705882352941 0.7720454545454546 0.07647058823529412 0.03227272727272727
1 0.15058823529411763 0.9229545454545455 0.05529411764705883 0.041363636363636366
1 0.7705882352941177 0.5706818181818182 0.03764705882352941 0.035
1 0.32676470588235296 0.9256818181818182 0.057058823529411766 0.03954545454545454
1 0.1538235294117647 0.8538636363636364 0.060588235294117644 0.04045454545454545
1 0.6882352941176471 0.7295454545454545 0.10470588235294118 0.03363636363636364
1 0.39205882352941174 0.5272727272727272 0.1711764705882353 0.03363636363636364
1 0.10794117647058823 0.5238636363636363 0.09705882352941177 0.035
1 0.24058823529411766 0.8556818181818182 0.05058823529411765 0.038636363636363635
1 0.6014705882352941 0.5309090909090909 0.025294117647058825 0.031818181818181815
1 0.24088235294117646 0.9240909090909091 0.05941176470588235 0.038181818181818185
1 0.38676470588235295 0.7736363636363637 0.17823529411764705 0.03090909090909091
1 0.7594117647058823 0.9256818181818182 0.058823529411764705 0.03954545454545454
1 0.09647058823529411 0.3654545454545455 0.07647058823529412 0.034545454545454546
1 0.6070588235294118 0.36772727272727274 0.14 0.035454545454545454
1 0.4505882352941176 0.36727272727272725 0.16 0.03727272727272727
1 0.40911764705882353 0.8593181818181819 0.057058823529411766 0.04045454545454545
1 0.5852941176470589 0.9279545454545455 0.06235294117647059 0.038636363636363635
1 0.10352941176470588 0.5640909090909091 0.09411764705882353 0.035454545454545454
1 0.43529411764705883 0.571590909090909 0.2576470588235294 0.041363636363636366
1 0.4752941176470588 0.6143181818181818 0.09647058823529411 0.03227272727272727
1 0.5841176470588235 0.8595454545454545 0.0611764705882353 0.03909090909090909
1 0.1038235294117647 0.40795454545454546 0.08764705882352941 0.035
1 0.1011764705882353 0.6829545454545455 0.09411764705882353 0.031363636363636364
1 0.5755882352941176 0.04 0.07823529411764706 0.02090909090909091
1 0.7502941176470588 0.41454545454545455 0.19 0.03363636363636364
1 0.49823529411764705 0.9268181818181818 0.06823529411764706 0.03909090909090909
1 0.8394117647058823 0.8631818181818182 0.05176470588235294 0.03636363636363636
1 0.6679411764705883 0.860909090909091 0.05 0.03909090909090909
1 0.09852941176470588 0.765 0.08411764705882353 0.03727272727272727
1 0.10264705882352941 0.7220454545454545 0.08411764705882353 0.03681818181818182
1 0.5197058823529411 0.4581818181818182 0.10294117647058823 0.02909090909090909
1 0.4976470588235294 0.86 0.06 0.03909090909090909
1 0.6538235294117647 0.5293181818181818 0.0688235294117647 0.03318181818181818
1 0.5761764705882353 0.6145454545454545 0.051176470588235295 0.031818181818181815
1 0.10264705882352941 0.610909090909091 0.09 0.035454545454545454
1 0.675 0.9259090909090909 0.057058823529411766 0.04090909090909091
1 0.5291176470588236 0.4115909090909091 0.25 0.03954545454545454
1 0.32735294117647057 0.8570454545454546 0.05941176470588235 0.03954545454545454
1 0.6573529411764706 0.5722727272727273 0.1711764705882353 0.034545454545454546
1 0.3120588235294118 0.03568181818181818 0.039411764705882354 0.02409090909090909
1 0.8291176470588235 0.5743181818181818 0.09 0.03772727272727273
1 0.5370588235294118 0.6231818181818182 0.021176470588235293 0.02
1 0.41323529411764703 0.4572727272727273 0.11352941176470588 0.02727272727272727