1 0.44382352941176473 0.7247727272727272 0.2782352941176471 0.026818181818181817
1 0.4505882352941176 0.41113636363636363 0.3 0.03409090909090909
1 0.76 0.8618181818181818 0.052941176470588235 0.03363636363636364
1 0.8473529411764706 0.9263636363636364 0.0688235294117647 0.038181818181818185
1 0.5794117647058824 0.6122727272727273 0.023529411764705882 0.03363636363636364
1 0.40852941176470586 0.925 0.054705882352941174 0.034545454545454546
1 0.4902941176470588 0.5706818181818182 0.37823529411764706 0.031363636363636364
1 0.8432352941176471 0.8622727272727273 0.05235294117647059 0.03727272727272727
1 0.4229411764705882 0.6090909090909091 0.24588235294117647 0.03272727272727273
1 0.7202941176470589 0.7686363636363637 0.07823529411764706 0.03090909090909091
1 0.39323529411764707 0.44636363636363635 0.1652941176470588 0.03636363636363636
1 0.6982352941176471 0.7286363636363636 0.18705882352941178 0.03090909090909091
1 0.09323529411764706 0.6761363636363636 0.0688235294117647 0.03318181818181818
1 0.0976470588235294 0.4495454545454545 0.06823529411764706 0.034545454545454546
1 0.0976470588235294 0.36454545454545456 0.06941176470588235 0.034545454545454546
1 0.1526470588235294 0.9222727272727272 0.05352941176470588 0.03727272727272727
1 0.7797058823529411 0.57 0.09352941176470589 0.03363636363636364
1 0.32676470588235296 0.923409090909091 0.05235294117647059 0.03590909090909091
1 0.14823529411764705 0.8570454545454546 0.05529411764705883 0.03681818181818182
1 0.09352941176470589 0.5211363636363636 0.0611764705882353 0.03318181818181818
1 0.24029411764705882 0.855 0.04764705882352941 0.034545454545454546
1 0.24235294117647058 0.9240909090909091 0.04823529411764706 0.035454545454545454
1 0.40147058823529413 0.7695454545454545 0.19470588235294117 0.03363636363636364
1 0.7635294117647059 0.9261363636363636 0.06941176470588235 0.03590909090909091
1 0.571764705882353 0.7688636363636364 0.11647058823529412 0.035
1 0.7611764705882353 0.41545454545454547 0.27058823529411763 0.03363636363636364
1 0.41441176470588237 0.8568181818181818 0.04647058823529412 0.035454545454545454
1 0.5808823529411765 0.9265909090909091 0.0488235294117647 0.03772727272727273
1 0.5835294117647059 0.8588636363636364 0.047058823529411764 0.038636363636363635
1 0.09705882352941177 0.4052272727272727 0.07176470588235294 0.03318181818181818
1 0.09 0.5679545454545455 0.058823529411764705 0.03318181818181818
1 0.6338235294117647 0.61 0.0688235294117647 0.03090909090909091
1 0.5641176470588235 0.03954545454545454 0.10235294117647059 0.023636363636363636
1 0.5002941176470588 0.9254545454545454 0.057058823529411766 0.035454545454545454
1 0.6794117647058824 0.8586363636363636 0.06235294117647059 0.035454545454545454
1 0.8885294117647059 0.7327272727272728 0.10529411764705883 0.034545454545454546
1 0.095 0.7622727272727273 0.07705882352941176 0.034545454545454546
1 0.09558823529411764 0.7215909090909091 0.07588235294117647 0.03409090909090909
1 0.571764705882353 0.4495454545454545 0.14470588235294118 0.035454545454545454
1 0.6558823529411765 0.7686363636363637 0.02588235294117647 0.03272727272727273
1 0.49823529411764705 0.8561363636363636 0.04 0.03681818181818182
1 0.7055882352941176 0.5681818181818182 0.028823529411764706 0.031818181818181815
1 0.09147058823529412 0.6045454545454545 0.06294117647058824 0.035454545454545454
1 0.6744117647058824 0.925 0.0688235294117647 0.03727272727272727
1 0.3285294117647059 0.8540909090909091 0.05235294117647059 0.035454545454545454
1 0.30676470588235294 0.034772727272727275 0.03823529411764706 0.022272727272727274
1 0.8126470588235294 0.7272727272727273 0.028823529411764706 0.03363636363636364