1 0.5797997644287397 0.7425968109339408 0.10070671378091872 0.03280182232346242
1 0.7597173144876325 0.8801822323462415 0.06595995288574794 0.04920273348519362
1 0.8401060070671378 0.9400911161731207 0.06654888103651355 0.04783599088838269
1 0.5441696113074205 0.6348519362186789 0.02591283863368669 0.03143507972665148
1 0.41372202591283863 0.9419134396355353 0.05830388692579505 0.0387243735763098
1 0.5244405182567726 0.5892938496583143 0.11012956419316844 0.03325740318906606
1 0.8471731448763251 0.8753986332574032 0.07714958775029446 0.0387243735763098
1 0.37985865724381623 0.6323462414578588 0.1248527679623086 0.0337129840546697
1 0.6210247349823321 0.7904328018223234 0.054770318021201414 0.02460136674259681
1 0.4331566548881037 0.70250569476082 0.19022379269729092 0.04009111617312073
1 0.6466431095406361 0.7111617312072893 0.03297997644287397 0.0428246013667426
1 0.4113663133097762 0.7886104783599088 0.14428739693757361 0.03462414578587699
1 0.38663133097762076 0.434624145785877 0.1419316843345112 0.0337129840546697
1 0.1157243816254417 0.7084282460136674 0.06890459363957598 0.0337129840546697
1 0.1068904593639576 0.4772209567198178 0.05830388692579505 0.03143507972665148
1 0.4334511189634865 0.7460136674259681 0.19316843345111898 0.03416856492027335
1 0.11248527679623085 0.39362186788154896 0.06478209658421673 0.0337129840546697
1 0.5797997644287397 0.7902050113895216 0.028857479387514724 0.03416856492027335
1 0.15783274440518258 0.9430523917995444 0.05182567726737338 0.03826879271070615
1 0.7070082449941107 0.7041002277904328 0.08303886925795052 0.03325740318906606
1 0.3289163722025913 0.9414578587699317 0.06065959952885748 0.04145785876993166
1 0.1607773851590106 0.8765375854214122 0.05771495877502945 0.03735763097949886
1 0.6908127208480566 0.7439635535307517 0.07538280329799764 0.030068337129840545
1 0.4019434628975265 0.5478359908883826 0.1501766784452297 0.03781321184510251
1 0.1154299175500589 0.5498861047835991 0.061248527679623084 0.03280182232346242
1 0.24705535924617197 0.8779043280182233 0.05830388692579505 0.03826879271070615
1 0.5962897526501767 0.5908883826879271 0.026501766784452298 0.030979498861047835
1 0.23881036513545348 0.941002277904328 0.04888103651354535 0.0387243735763098
1 0.7600117785630153 0.9544419134396356 0.0712603062426384 0.05922551252847381
1 0.3030035335689046 0.06856492027334853 0.03828032979976443 0.02232346241457859
1 0.5273851590106007 0.789749430523918 0.07597173144876325 0.027790432801822324
1 0.5097173144876325 0.39476082004555807 0.0983510011778563 0.03599088838268793
1 0.41843345111896346 0.8779043280182233 0.06654888103651355 0.03735763097949886
1 0.583922261484099 0.9407744874715261 0.06301531213191991 0.04191343963553531
1 0.392226148409894 0.589749430523918 0.15076560659599528 0.03507972665148064
1 0.5303297997644287 0.54874715261959 0.09952885747938751 0.03052391799544419
1 0.4873380447585395 0.6323462414578588 0.09246171967020024 0.03280182232346242
1 0.4920494699646643 0.47904328018223236 0.06890459363957598 0.03234624145785877
1 0.5836277974087162 0.8779043280182233 0.0624263839811543 0.04100227790432802
1 0.11012956419316844 0.434624145785877 0.05889281507656066 0.03189066059225513
1 0.10895170789163722 0.589749430523918 0.05653710247349823 0.03325740318906606
1 0.5789163722025913 0.6325740318906606 0.045936395759717315 0.029612756264236904
1 0.5618374558303887 0.07015945330296128 0.12131919905771496 0.021867881548974944
1 0.5909893992932862 0.5507972665148064 0.030035335689045935 0.03553530751708428
1 0.6434040047114252 0.7485193621867882 0.022968197879858657 0.03280182232346242
1 0.5017667844522968 0.9419134396355353 0.06595995288574794 0.04236902050113895
1 0.6696113074204947 0.8790432801822323 0.06713780918727916 0.04874715261958998
1 0.38515901060070673 0.4763097949886105 0.13427561837455831 0.03416856492027335
1 0.10129564193168433 0.7872437357630979 0.0636042402826855 0.03280182232346242
1 0.6372202591283863 0.5478359908883826 0.06007067137809187 0.03143507972665148
1 0.5129564193168433 0.4366742596810934 0.09305064782096584 0.03143507972665148
1 0.5002944640753828 0.8767653758542141 0.05594817432273263 0.0387243735763098
1 0.3845700824499411 0.3952164009111617 0.14487632508833923 0.0387243735763098
1 0.10482921083627797 0.630751708428246 0.05182567726737338 0.03143507972665148
1 0.6719670200235571 0.9446469248291571 0.06831566548881036 0.04783599088838269
1 0.3321554770318021 0.8763097949886105 0.06595995288574794 0.03781321184510251
1 0.6366313309776207 0.5876993166287016 0.053003533568904596 0.030068337129840545
1 0.10571260306242639 0.7480637813211846 0.061837455830388695 0.03189066059225513
1 0.5845111896348646 0.7047835990888383 0.09363957597173145 0.04100227790432802