1 0.3941176470588235 0.6781818181818182 0.18941176470588236 0.034545454545454546
1 0.6029411764705882 0.6813636363636364 0.17294117647058824 0.031818181818181815
1 0.7608823529411765 0.8565909090909091 0.0711764705882353 0.042272727272727274
1 0.8438235294117648 0.9254545454545454 0.07 0.04181818181818182
1 0.4073529411764706 0.9222727272727272 0.06764705882352941 0.04090909090909091
1 0.85 0.8545454545454545 0.07764705882352942 0.042727272727272725
1 0.35970588235294115 0.6140909090909091 0.12764705882352942 0.031818181818181815
1 0.3982352941176471 0.45022727272727275 0.18352941176470589 0.03954545454545454
1 0.43323529411764705 0.7236363636363636 0.25823529411764706 0.035454545454545454
1 0.8129411764705883 0.5272727272727272 0.11411764705882353 0.03363636363636364
1 0.11205882352941177 0.6736363636363636 0.10529411764705883 0.03909090909090909
1 0.10941176470588235 0.4445454545454545 0.0988235294117647 0.03727272727272727
1 0.7258823529411764 0.5718181818181818 0.029411764705882353 0.034545454545454546
1 0.6988235294117647 0.7254545454545455 0.21058823529411766 0.03727272727272727
1 0.14705882352941177 0.9186363636363636 0.05647058823529412 0.04363636363636364
1 0.8152941176470588 0.5747727272727273 0.11647058823529412 0.03409090909090909
1 0.3264705882352941 0.918409090909091 0.07294117647058823 0.041363636363636366
1 0.15323529411764705 0.8520454545454546 0.06411764705882353 0.04045454545454545
1 0.4076470588235294 0.52 0.21058823529411766 0.03636363636363636
1 0.10411764705882352 0.515 0.0988235294117647 0.038181818181818185
1 0.6711764705882353 0.6113636363636363 0.09058823529411765 0.031818181818181815
1 0.8655882352941177 0.3690909090909091 0.10647058823529412 0.034545454545454546
1 0.24323529411764705 0.8527272727272728 0.06764705882352941 0.04090909090909091
1 0.23588235294117646 0.918409090909091 0.06470588235294118 0.04045454545454545
1 0.36970588235294116 0.764090909090909 0.14529411764705882 0.038181818181818185
1 0.7591176470588236 0.9238636363636363 0.07588235294117647 0.041363636363636366
1 0.12205882352941176 0.3588636363636364 0.08411764705882353 0.03590909090909091
1 0.5311764705882352 0.7711363636363636 0.12705882352941175 0.03954545454545454
1 0.6767647058823529 0.4586363636363636 0.06647058823529411 0.03272727272727273
1 0.6805882352941176 0.3663636363636364 0.16 0.03727272727272727
1 0.6188235294117647 0.4575 0.03529411764705882 0.03227272727272727
1 0.4138235294117647 0.8525 0.07 0.041363636363636366
1 0.581764705882353 0.9229545454545455 0.06470588235294118 0.04318181818181818
1 0.41352941176470587 0.5640909090909091 0.22 0.03909090909090909
1 0.6026470588235294 0.5234090909090909 0.16058823529411764 0.03227272727272727
1 0.4929411764705882 0.6179545454545454 0.13058823529411764 0.028636363636363637
1 0.5897058823529412 0.8531818181818182 0.07352941176470588 0.04181818181818182
1 0.12588235294117647 0.4011363636363636 0.09411764705882353 0.03681818181818182
1 0.10735294117647058 0.5584090909090909 0.10058823529411764 0.03590909090909091
1 0.6185294117647059 0.5718181818181818 0.16647058823529412 0.035454545454545454
1 0.5008823529411764 0.9218181818181819 0.07352941176470588 0.04090909090909091
1 0.6735294117647059 0.855909090909091 0.06588235294117648 0.04363636363636364
1 0.7144117647058823 0.4122727272727273 0.15941176470588236 0.03636363636363636
1 0.11441176470588235 0.7579545454545454 0.1111764705882353 0.03772727272727273
1 0.5491176470588235 0.4547727272727273 0.09588235294117647 0.03954545454545454
1 0.49676470588235294 0.8545454545454545 0.0688235294117647 0.04363636363636364
1 0.7120588235294117 0.5281818181818182 0.04058823529411765 0.03272727272727273
1 0.8997058823529411 0.4138636363636364 0.12529411764705883 0.035
1 0.5879411764705882 0.6215909090909091 0.028823529411764706 0.03318181818181818
1 0.4485294117647059 0.3640909090909091 0.2852941176470588 0.031818181818181815
1 0.11382352941176471 0.6027272727272728 0.11235294117647059 0.038181818181818185
1 0.6667647058823529 0.9225 0.06647058823529411 0.04045454545454545
1 0.3276470588235294 0.8506818181818182 0.06352941176470588 0.038636363636363635
1 0.10617647058823529 0.7165909090909091 0.10647058823529412 0.03681818181818182
1 0.3076470588235294 0.028636363636363637 0.047058823529411764 0.01818181818181818
1 0.5579411764705883 0.031818181818181815 0.09235294117647058 0.02090909090909091
1 0.7811764705882352 0.36704545454545456 0.02823529411764706 0.03590909090909091
1 0.8211764705882353 0.41295454545454546 0.03176470588235294 0.035
1 0.4661764705882353 0.4056818181818182 0.33 0.04045454545454545