1 0.4379411764705882 0.7356818181818182 0.27705882352941175 0.03772727272727273
1 0.765 0.8572727272727273 0.06647058823529411 0.03636363636363636
1 0.8511764705882353 0.9263636363636364 0.07294117647058823 0.03909090909090909
1 0.42205882352941176 0.9265909090909091 0.0688235294117647 0.03772727272727273
1 0.5594117647058824 0.5331818181818182 0.12588235294117647 0.03
1 0.4041176470588235 0.6152272727272727 0.20941176470588235 0.03590909090909091
1 0.4211764705882353 0.41545454545454547 0.24823529411764705 0.03636363636363636
1 0.6823529411764706 0.8547727272727272 0.06941176470588235 0.038636363636363635
1 0.4076470588235294 0.45204545454545453 0.20588235294117646 0.03772727272727273
1 0.10029411764705883 0.6843181818181818 0.0711764705882353 0.03590909090909091
1 0.0976470588235294 0.4552272727272727 0.08470588235294117 0.03772727272727273
1 0.5982352941176471 0.6156818181818182 0.1223529411764706 0.031363636363636364
1 0.15558823529411764 0.9270454545454545 0.06294117647058824 0.03772727272727273
1 0.8158823529411765 0.5738636363636364 0.13058823529411764 0.03409090909090909
1 0.33088235294117646 0.9261363636363636 0.0688235294117647 0.038636363636363635
1 0.1588235294117647 0.8572727272727273 0.06588235294117648 0.04
1 0.6079411764705882 0.46 0.14176470588235293 0.03090909090909091
1 0.3905882352941176 0.5302272727272728 0.18470588235294116 0.035
1 0.10352941176470588 0.5227272727272727 0.08470588235294117 0.034545454545454546
1 0.2464705882352941 0.855909090909091 0.06470588235294118 0.04
1 0.7011764705882353 0.5356818181818181 0.12705882352941175 0.02409090909090909
1 0.24823529411764705 0.9265909090909091 0.06588235294117648 0.03772727272727273
1 0.43411764705882355 0.7793181818181818 0.26823529411764707 0.03318181818181818
1 0.7673529411764706 0.9272727272727272 0.06764705882352941 0.03909090909090909
1 0.10294117647058823 0.36772727272727274 0.07176470588235294 0.03636363636363636
1 0.41852941176470587 0.8593181818181819 0.061764705882352944 0.038636363636363635
1 0.5923529411764706 0.9259090909090909 0.06470588235294118 0.03727272727272727
1 0.10588235294117647 0.5681818181818182 0.08705882352941176 0.03363636363636364
1 0.5911764705882353 0.8577272727272728 0.06470588235294118 0.038181818181818185
1 0.095 0.4097727272727273 0.08529411764705883 0.03681818181818182
1 0.5570588235294117 0.03931818181818182 0.0988235294117647 0.022272727272727274
1 0.505 0.9261363636363636 0.061764705882352944 0.03954545454545454
1 0.845 0.8584090909090909 0.05588235294117647 0.03772727272727273
1 0.10264705882352941 0.7681818181818182 0.07588235294117647 0.035454545454545454
1 0.10264705882352941 0.7256818181818182 0.07588235294117647 0.035
1 0.5052941176470588 0.8604545454545455 0.06470588235294118 0.03909090909090909
1 0.8135294117647058 0.4125 0.12352941176470589 0.03409090909090909
1 0.39647058823529413 0.37204545454545457 0.1952941176470588 0.035
1 0.11029411764705882 0.6104545454545455 0.09 0.03636363636363636
1 0.6788235294117647 0.9272727272727272 0.06705882352941177 0.03727272727272727
1 0.571764705882353 0.3743181818181818 0.12352941176470589 0.03318181818181818
1 0.3276470588235294 0.8568181818181818 0.058823529411764705 0.038181818181818185
1 0.3079411764705882 0.03840909090909091 0.031176470588235295 0.02409090909090909
1 0.7038235294117647 0.3770454545454546 0.11823529411764706 0.031363636363636364
1 0.6558823529411765 0.41113636363636363 0.17176470588235293 0.04045454545454545
1 0.76 0.465 0.12823529411764706 0.03363636363636364
1 0.415 0.5711363636363637 0.25 0.03954545454545454
1 0.7338235294117647 0.6213636363636363 0.12294117647058823 0.03090909090909091
1 0.4161764705882353 0.6879545454545455 0.24411764705882352 0.03409090909090909
1 0.6473529411764706 0.5718181818181818 0.19470588235294117 0.03272727272727273