1 0.7705014749262536 0.8541856232939036 0.06725663716814159 0.042311191992720654
1 0.8657817109144543 0.9190172884440401 0.07020648967551622 0.040036396724294813
1 0.5911504424778761 0.5586897179253867 0.13215339233038348 0.03548680618744313
1 0.42566371681415927 0.9181073703366697 0.0607669616519174 0.044585987261146494
1 0.5274336283185841 0.5156960873521383 0.0943952802359882 0.0359417652411283
1 0.3920353982300885 0.6071428571428571 0.11032448377581121 0.03503184713375796
1 0.42212389380530974 0.4010464058234759 0.18348082595870208 0.03867151956323931
1 0.46017699115044247 0.7206551410373067 0.3008849557522124 0.03821656050955414
1 0.11504424778761062 0.6762966333030027 0.09321533923303835 0.036851683348498636
1 0.11533923303834809 0.4426751592356688 0.10324483775811209 0.0373066424021838
1 0.7123893805309734 0.6760691537761602 0.03716814159292035 0.034576888080072796
1 0.11150442477876106 0.3560054595086442 0.09793510324483776 0.03776160145586897
1 0.6141592920353982 0.767515923566879 0.1415929203539823 0.03548680618744313
1 0.15427728613569322 0.921747042766151 0.05368731563421829 0.040036396724294813
1 0.3333333333333333 0.9206096451319381 0.06017699115044248 0.04049135577797998
1 0.1584070796460177 0.8546405823475887 0.057227138643067846 0.041401273885350316
1 0.7250737463126844 0.7679708826205641 0.04129793510324484 0.03184713375796178
1 0.41002949852507375 0.5161510464058234 0.13215339233038348 0.04049135577797998
1 0.11091445427728613 0.5154686078252957 0.09085545722713864 0.0373066424021838
1 0.7044247787610619 0.7190627843494085 0.16755162241887905 0.0359417652411283
1 0.24542772861356932 0.8535031847133758 0.05073746312684366 0.039126478616924476
1 0.6230088495575221 0.6772065514103731 0.12035398230088495 0.036851683348498636
1 0.2448377581120944 0.9212920837124658 0.05781710914454277 0.0373066424021838
1 0.42389380530973453 0.7677434030937216 0.2224188790560472 0.036851683348498636
1 0.7713864306784661 0.9176524112829846 0.06666666666666667 0.04185623293903549
1 0.3123893805309734 0.024340309372156504 0.057227138643067846 0.027752502274795268
1 0.6492625368731564 0.4499545040946315 0.04070796460176991 0.03275705186533212
1 0.6292035398230088 0.362147406733394 0.03716814159292035 0.03366696997270246
1 0.528023598820059 0.35828025477707004 0.1392330383480826 0.03503184713375796
1 0.4230088495575221 0.8541856232939036 0.06135693215339233 0.04049135577797998
1 0.5946902654867257 0.9192447679708826 0.05545722713864307 0.03958143767060965
1 0.4200589970501475 0.5607370336669699 0.18171091445427728 0.03776160145586897
1 0.4935103244837758 0.6071428571428571 0.0831858407079646 0.033212010919017286
1 0.5946902654867257 0.8539581437670609 0.058997050147492625 0.04549590536851683
1 0.11150442477876106 0.40013648771610555 0.10265486725663717 0.041401273885350316
1 0.11356932153392331 0.5618744313011829 0.09026548672566372 0.036396724294813464
1 0.56047197640118 0.02456778889899909 0.05781710914454277 0.026387625113739762
1 0.6303834808259587 0.4008189262966333 0.20235988200589972 0.03821656050955414
1 0.7289085545722714 0.4463148316651501 0.08908554572271386 0.03275705186533212
1 0.8035398230088495 0.7666060054595086 0.08849557522123894 0.03366696997270246
1 0.5109144542772861 0.9187898089171974 0.058997050147492625 0.042311191992720654
1 0.8194690265486726 0.7195177434030937 0.03775811209439528 0.034121929026387623
1 0.6784660766961652 0.8544131028207461 0.05191740412979351 0.039126478616924476
1 0.7209439528023599 0.36055505004549593 0.10619469026548672 0.0359417652411283
1 0.8914454277286136 0.718835304822566 0.09321533923303835 0.034576888080072796
1 0.3949852507374631 0.44699727024567787 0.12920353982300886 0.036851683348498636
1 0.11150442477876106 0.763648771610555 0.08967551622418879 0.03503184713375796
1 0.1112094395280236 0.7192902638762512 0.10442477876106195 0.0373066424021838
1 0.7619469026548673 0.4012738853503185 0.03480825958702065 0.034576888080072796
1 0.5383480825958702 0.44722474977252047 0.14454277286135694 0.03548680618744313
1 0.5076696165191741 0.8516833484986351 0.05486725663716814 0.04094631483166515
1 0.8551622418879056 0.40013648771610555 0.10206489675516224 0.0359417652411283
1 0.391740412979351 0.35737033666969975 0.1215339233038348 0.03958143767060965
1 0.11209439528023599 0.6025932666060054 0.08849557522123894 0.036851683348498636
1 0.6870206489675517 0.9203821656050956 0.07138643067846608 0.040036396724294813
1 0.3368731563421829 0.8539581437670609 0.06371681415929203 0.040036396724294813
1 0.7811209439528024 0.6772065514103731 0.08849557522123894 0.034121929026387623
1 0.859882005899705 0.8548680618744313 0.0607669616519174 0.04094631483166515
1 0.4351032448377581 0.6787989080982711 0.2424778761061947 0.030937215650591446