1 0.7620588235294118 0.8570454545454546 0.06411764705882353 0.03681818181818182
1 0.8488235294117648 0.9270454545454545 0.06823529411764706 0.038636363636363635
1 0.5444117647058824 0.6079545454545454 0.11705882352941177 0.03318181818181818
1 0.41323529411764703 0.9256818181818182 0.05941176470588235 0.03590909090909091
1 0.3905882352941176 0.605909090909091 0.1564705882352941 0.034545454545454546
1 0.42264705882352943 0.4068181818181818 0.2111764705882353 0.03636363636363636
1 0.4208823529411765 0.7268181818181818 0.22294117647058823 0.038181818181818185
1 0.3120588235294118 0.03363636363636364 0.0488235294117647 0.02181818181818182
1 0.10823529411764705 0.678409090909091 0.07058823529411765 0.03409090909090909
1 0.11294117647058824 0.44386363636363635 0.06823529411764706 0.03409090909090909
1 0.6223529411764706 0.7215909090909091 0.1376470588235294 0.03590909090909091
1 0.15676470588235294 0.9213636363636364 0.060588235294117644 0.03727272727272727
1 0.3335294117647059 0.9236363636363636 0.06705882352941177 0.03727272727272727
1 0.155 0.8547727272727272 0.054705882352941174 0.03590909090909091
1 0.11676470588235294 0.5206818181818181 0.07941176470588235 0.03318181818181818
1 0.24088235294117646 0.855909090909091 0.054705882352941174 0.035454545454545454
1 0.24058823529411766 0.9231818181818182 0.05529411764705883 0.03636363636363636
1 0.3826470588235294 0.7654545454545455 0.15588235294117647 0.035454545454545454
1 0.7579411764705882 0.9261363636363636 0.057058823529411766 0.03772727272727273
1 0.11088235294117647 0.36522727272727273 0.0711764705882353 0.03318181818181818
1 0.5211764705882352 0.7672727272727272 0.09647058823529411 0.03363636363636364
1 0.6538235294117647 0.45136363636363636 0.0688235294117647 0.03090909090909091
1 0.596764705882353 0.45386363636363636 0.027647058823529413 0.035
1 0.415 0.8579545454545454 0.061764705882352944 0.03590909090909091
1 0.5897058823529412 0.9231818181818182 0.06294117647058824 0.03909090909090909
1 0.11029411764705882 0.5643181818181818 0.08176470588235295 0.03409090909090909
1 0.43529411764705883 0.5672727272727273 0.2388235294117647 0.03272727272727273
1 0.11558823529411764 0.40204545454545454 0.0711764705882353 0.03409090909090909
1 0.5576470588235294 0.04045454545454545 0.07294117647058823 0.02181818181818182
1 0.6282352941176471 0.4077272727272727 0.16470588235294117 0.03727272727272727
1 0.5029411764705882 0.9227272727272727 0.06 0.038181818181818185
1 0.8488235294117648 0.8570454545454546 0.06235294117647059 0.03681818181818182
1 0.6808823529411765 0.8563636363636363 0.0688235294117647 0.038181818181818185
1 0.10941176470588235 0.7597727272727273 0.07411764705882352 0.03409090909090909
1 0.10676470588235294 0.7197727272727272 0.07470588235294118 0.035
1 0.7338235294117647 0.4090909090909091 0.031176470588235295 0.035454545454545454
1 0.5173529411764706 0.45045454545454544 0.10647058823529412 0.03363636363636364
1 0.5923529411764706 0.855909090909091 0.06941176470588235 0.03909090909090909
1 0.5 0.8584090909090909 0.05647058823529412 0.03772727272727273
1 0.8114705882352942 0.41045454545454546 0.08058823529411764 0.034545454545454546
1 0.11029411764705882 0.6047727272727272 0.07823529411764706 0.035
1 0.6767647058823529 0.923409090909091 0.06529411764705882 0.03954545454545454
1 0.335 0.8563636363636363 0.061764705882352944 0.035454545454545454
1 0.3770588235294118 0.4486363636363636 0.14 0.03636363636363636
1 0.658235294117647 0.5686363636363636 0.18705882352941178 0.03363636363636364