1 0.7726470588235295 0.8561363636363636 0.06529411764705882 0.041363636363636366
1 0.8576470588235294 0.9240909090909091 0.07176470588235294 0.03909090909090909
1 0.8108823529411765 0.5222727272727272 0.11823529411764706 0.034545454545454546
1 0.5829411764705882 0.6215909090909091 0.17176470588235293 0.03318181818181818
1 0.42558823529411766 0.9275 0.054705882352941174 0.03772727272727273
1 0.8614705882352941 0.8593181818181819 0.060588235294117644 0.04045454545454545
1 0.39323529411764707 0.6254545454545455 0.18176470588235294 0.034545454545454546
1 0.6826470588235294 0.7343181818181819 0.23352941176470587 0.03954545454545454
1 0.435 0.4188636363636364 0.2605882352941176 0.038636363636363635
1 0.6958823529411765 0.6168181818181818 0.02823529411764706 0.03090909090909091
1 0.4188235294117647 0.7352272727272727 0.23647058823529413 0.03681818181818182
1 0.10558823529411765 0.6925 0.08058823529411764 0.03772727272727273
1 0.11411764705882353 0.4636363636363636 0.09176470588235294 0.03636363636363636
1 0.40941176470588236 0.6922727272727273 0.20352941176470588 0.03636363636363636
1 0.7308823529411764 0.5754545454545454 0.031176470588235295 0.02909090909090909
1 0.16911764705882354 0.928409090909091 0.061764705882352944 0.03772727272727273
1 0.7911764705882353 0.5756818181818182 0.10470588235294118 0.03318181818181818
1 0.34294117647058825 0.9270454545454545 0.05411764705882353 0.03772727272727273
1 0.1011764705882353 0.5275 0.08823529411764706 0.03590909090909091
1 0.25470588235294117 0.8606818181818182 0.05411764705882353 0.03681818181818182
1 0.25735294117647056 0.9275 0.06529411764705882 0.03681818181818182
1 0.39441176470588235 0.7829545454545455 0.17941176470588235 0.03409090909090909
1 0.7667647058823529 0.9254545454545454 0.061764705882352944 0.03727272727272727
1 0.28205882352941175 0.041363636363636366 0.04294117647058823 0.024545454545454544
1 0.5723529411764706 0.7802272727272728 0.17058823529411765 0.03227272727272727
1 0.6885294117647058 0.4184090909090909 0.2288235294117647 0.03772727272727273
1 0.7114705882352941 0.36613636363636365 0.25588235294117645 0.03590909090909091
1 0.42205882352941176 0.8636363636363636 0.05941176470588235 0.03727272727272727
1 0.3952941176470588 0.53 0.18823529411764706 0.031818181818181815
1 0.5964705882352941 0.5256818181818181 0.1564705882352941 0.03772727272727273
1 0.6035294117647059 0.8606818181818182 0.07058823529411765 0.04045454545454545
1 0.10852941176470589 0.3759090909090909 0.09352941176470589 0.035454545454545454
1 0.5170588235294118 0.9275 0.06941176470588235 0.03772727272727273
1 0.6808823529411765 0.8588636363636364 0.061764705882352944 0.038636363636363635
1 0.39588235294117646 0.4677272727272727 0.19411764705882353 0.03363636363636364
1 0.10205882352941177 0.7731818181818182 0.07705882352941176 0.035454545454545454
1 0.09970588235294117 0.6209090909090909 0.09705882352941177 0.03363636363636364
1 0.5847058823529412 0.46545454545454545 0.17882352941176471 0.03090909090909091
1 0.6320588235294118 0.6861363636363637 0.17352941176470588 0.03590909090909091
1 0.5158823529411765 0.8615909090909091 0.06235294117647059 0.04045454545454545
1 0.7176470588235294 0.5272727272727272 0.04 0.03272727272727273
1 0.09941176470588235 0.5729545454545455 0.08705882352941176 0.03681818181818182
1 0.6802941176470588 0.9265909090909091 0.05823529411764706 0.03772727272727273
1 0.4370588235294118 0.36886363636363634 0.2576470588235294 0.03772727272727273
1 0.3411764705882353 0.8611363636363636 0.06235294117647059 0.03772727272727273
1 0.6226470588235294 0.5795454545454546 0.1723529411764706 0.026363636363636363
1 0.11970588235294118 0.4188636363636364 0.08411764705882353 0.038636363636363635
1 0.5608823529411765 0.03931818181818182 0.10529411764705883 0.02409090909090909
1 0.778235294117647 0.6225 0.11058823529411765 0.031363636363636364
1 0.4235294117647059 0.5740909090909091 0.24 0.034545454545454546
1 0.10794117647058823 0.7325 0.09 0.03590909090909091
1 0.5955882352941176 0.9297727272727273 0.061764705882352944 0.03681818181818182
1 0.16676470588235295 0.8684090909090909 0.06764705882352941 0.041363636363636366