1 0.42470588235294116 0.6870454545454545 0.2211764705882353 0.038636363636363635
1 0.7602941176470588 0.8627272727272727 0.06647058823529411 0.03909090909090909
1 0.8420588235294117 0.9418181818181818 0.05352941176470588 0.06181818181818182
1 0.5588235294117647 0.6202272727272727 0.08941176470588236 0.031363636363636364
1 0.41441176470588237 0.9277272727272727 0.061764705882352944 0.03727272727272727
1 0.5126470588235295 0.5779545454545455 0.03470588235294118 0.03772727272727273
1 0.8520588235294118 0.865 0.06764705882352941 0.04
1 0.39176470588235296 0.6197727272727273 0.15058823529411763 0.035
1 0.5941176470588235 0.6870454545454545 0.08588235294117647 0.03409090909090909
1 0.42411764705882354 0.7336363636363636 0.2188235294117647 0.035454545454545454
1 0.39676470588235296 0.36863636363636365 0.19 0.04363636363636364
1 0.41058823529411764 0.4134090909090909 0.19647058823529412 0.03772727272727273
1 0.12411764705882353 0.6872727272727273 0.08352941176470588 0.034545454545454546
1 0.10970588235294118 0.4531818181818182 0.05235294117647059 0.031818181818181815
1 0.105 0.3663636363636364 0.08411764705882353 0.035454545454545454
1 0.16176470588235295 0.9304545454545454 0.06470588235294118 0.04727272727272727
1 0.33029411764705885 0.9293181818181818 0.06294117647058824 0.03772727272727273
1 0.16176470588235295 0.8597727272727272 0.06823529411764706 0.04045454545454545
1 0.11558823529411764 0.5261363636363636 0.06529411764705882 0.03318181818181818
1 0.5955882352941176 0.7379545454545454 0.1111764705882353 0.03318181818181818
1 0.24235294117647058 0.8618181818181818 0.058823529411764705 0.038181818181818185
1 0.24176470588235294 0.9261363636363636 0.05764705882352941 0.03772727272727273
1 0.4023529411764706 0.774090909090909 0.18470588235294116 0.03272727272727273
1 0.7608823529411765 0.9413636363636364 0.05823529411764706 0.05818181818181818
1 0.3073529411764706 0.03613636363636363 0.03823529411764706 0.020454545454545454
1 0.5538235294117647 0.7786363636363637 0.09117647058823529 0.03090909090909091
1 0.5652941176470588 0.4134090909090909 0.08823529411764706 0.03409090909090909
1 0.42176470588235293 0.8602272727272727 0.05411764705882353 0.04045454545454545
1 0.59 0.9288636363636363 0.06235294117647059 0.04409090909090909
1 0.3976470588235294 0.5290909090909091 0.17058823529411765 0.03636363636363636
1 0.5491176470588235 0.5311363636363636 0.09941176470588235 0.03318181818181818
1 0.5855882352941176 0.8638636363636364 0.06529411764705882 0.038636363636363635
1 0.11970588235294118 0.4106818181818182 0.05823529411764706 0.038636363636363635
1 0.6032352941176471 0.5756818181818182 0.12176470588235294 0.03409090909090909
1 0.5694117647058824 0.04181818181818182 0.08352941176470588 0.026363636363636363
1 0.5052941176470588 0.9279545454545455 0.06235294117647059 0.03954545454545454
1 0.6814705882352942 0.8636363636363636 0.07823529411764706 0.03909090909090909
1 0.5397058823529411 0.3718181818181818 0.09588235294117647 0.03909090909090909
1 0.3814705882352941 0.4565909090909091 0.13941176470588235 0.038636363636363635
1 0.11911764705882352 0.7681818181818182 0.09117647058823529 0.034545454545454546
1 0.495 0.4606818181818182 0.07352941176470588 0.031363636363636364
1 0.11529411764705882 0.57 0.06352941176470588 0.03272727272727273
1 0.5005882352941177 0.8645454545454545 0.06588235294117648 0.03909090909090909
1 0.49323529411764705 0.6265909090909091 0.031176470588235295 0.03318181818181818
1 0.10941176470588235 0.7281818181818182 0.08470588235294117 0.035454545454545454
1 0.6702941176470588 0.9325 0.060588235294117644 0.041363636363636366
1 0.33558823529411763 0.8638636363636364 0.05941176470588235 0.038636363636363635
1 0.11470588235294117 0.6095454545454545 0.05411764705882353 0.03636363636363636
1 0.40088235294117647 0.5706818181818182 0.17588235294117646 0.03954545454545454