1 0.3905882352941176 0.6797727272727273 0.16705882352941176 0.03681818181818182
1 0.7652941176470588 0.8561363636363636 0.06352941176470588 0.03954545454545454
1 0.8482352941176471 0.925 0.058823529411764705 0.04
1 0.42058823529411765 0.9263636363636364 0.058823529411764705 0.03636363636363636
1 0.48676470588235293 0.5231818181818182 0.03588235294117647 0.03090909090909091
1 0.8461764705882353 0.8568181818181818 0.054705882352941174 0.04
1 0.3961764705882353 0.6065909090909091 0.1688235294117647 0.035
1 0.38441176470588234 0.4470454545454545 0.15705882352941178 0.03681818181818182
1 0.4641176470588235 0.7247727272727272 0.31058823529411766 0.035
1 0.11441176470588235 0.6831818181818182 0.10176470588235294 0.03636363636363636
1 0.10676470588235294 0.36818181818181817 0.07705882352941176 0.03363636363636364
1 0.10617647058823529 0.45386363636363636 0.07941176470588235 0.03590909090909091
1 0.5047058823529412 0.8572727272727273 0.058823529411764705 0.038181818181818185
1 0.15735294117647058 0.9252272727272727 0.057058823529411766 0.038636363636363635
1 0.33088235294117646 0.9272727272727272 0.060588235294117644 0.038181818181818185
1 0.15676470588235294 0.8575 0.05352941176470588 0.03681818181818182
1 0.7826470588235294 0.7254545454545455 0.3076470588235294 0.03090909090909091
1 0.38 0.5225 0.14588235294117646 0.03681818181818182
1 0.10970588235294118 0.5236363636363637 0.10058823529411764 0.035454545454545454
1 0.24294117647058824 0.8570454545454546 0.05411764705882353 0.038636363636363635
1 0.6335294117647059 0.565 0.041176470588235294 0.034545454545454546
1 0.24176470588235294 0.9272727272727272 0.052941176470588235 0.03727272727272727
1 0.3888235294117647 0.7672727272727272 0.16705882352941176 0.03636363636363636
1 0.765 0.9261363636363636 0.06647058823529411 0.03772727272727273
1 0.5697058823529412 0.7652272727272728 0.16411764705882353 0.03590909090909091
1 0.6026470588235294 0.4059090909090909 0.039411764705882354 0.03636363636363636
1 0.42 0.8590909090909091 0.0611764705882353 0.038181818181818185
1 0.5885294117647059 0.9268181818181818 0.05588235294117647 0.03909090909090909
1 0.4582352941176471 0.5672727272727273 0.2964705882352941 0.03272727272727273
1 0.5535294117647059 0.5227272727272727 0.08588235294117647 0.034545454545454546
1 0.4767647058823529 0.44931818181818184 0.028823529411764706 0.035
1 0.5897058823529412 0.8556818181818182 0.05823529411764706 0.038636363636363635
1 0.5761764705882353 0.6075 0.08294117647058824 0.03227272727272727
1 0.5435294117647059 0.3643181818181818 0.06823529411764706 0.03409090909090909
1 0.7082352941176471 0.4102272727272727 0.12352941176470589 0.03409090909090909
1 0.5029411764705882 0.9293181818181818 0.05529411764705883 0.03772727272727273
1 0.6717647058823529 0.8561363636363636 0.058823529411764705 0.03954545454545454
1 0.5611764705882353 0.6793181818181818 0.1423529411764706 0.03590909090909091
1 0.11470588235294117 0.7681818181818182 0.10235294117647059 0.035454545454545454
1 0.11647058823529412 0.7238636363636364 0.10588235294117647 0.03681818181818182
1 0.525 0.4484090909090909 0.0711764705882353 0.03227272727272727
1 0.3841176470588235 0.365 0.14823529411764705 0.03636363636363636
1 0.5158823529411765 0.6086363636363636 0.03058823529411765 0.038181818181818185
1 0.11352941176470588 0.6052272727272727 0.10352941176470588 0.03681818181818182
1 0.673235294117647 0.923409090909091 0.05823529411764706 0.038636363636363635
1 0.32823529411764707 0.8575 0.05058823529411765 0.03772727272727273
1 0.43941176470588234 0.4077272727272727 0.2752941176470588 0.038181818181818185
1 0.7226470588235294 0.5654545454545454 0.10058823529411764 0.03363636363636364
1 0.28147058823529414 0.03409090909090909 0.03705882352941176 0.02
1 0.5558823529411765 0.03704545454545455 0.11176470588235295 0.02590909090909091
1 0.48205882352941176 0.3654545454545455 0.03 0.03727272727272727
1 0.11352941176470588 0.5697727272727273 0.1 0.03318181818181818
1 0.10735294117647058 0.41045454545454546 0.07470588235294118 0.03272727272727273