1 0.7705882352941177 0.8579545454545454 0.06352941176470588 0.04045454545454545
1 0.8479411764705882 0.9268181818181818 0.054705882352941174 0.046363636363636364
1 0.538235294117647 0.6090909090909091 0.12470588235294118 0.035454545454545454
1 0.42205882352941176 0.9304545454545454 0.05588235294117647 0.03727272727272727
1 0.41970588235294115 0.41409090909090907 0.2252941176470588 0.03363636363636364
1 0.8570588235294118 0.8602272727272727 0.06352941176470588 0.041363636363636366
1 0.6638235294117647 0.6788636363636363 0.15470588235294117 0.038636363636363635
1 0.46 0.7268181818181818 0.30117647058823527 0.038181818181818185
1 0.7047058823529412 0.5243181818181818 0.04470588235294118 0.035
1 0.11235294117647059 0.6895454545454546 0.09529411764705882 0.03636363636363636
1 0.10735294117647058 0.4593181818181818 0.10294117647058823 0.03772727272727273
1 0.4364705882352941 0.6856818181818182 0.27176470588235296 0.03590909090909091
1 0.1652941176470588 0.9313636363636364 0.05411764705882353 0.04
1 0.33705882352941174 0.9311363636363637 0.05764705882352941 0.03772727272727273
1 0.15941176470588236 0.8597727272727272 0.05176470588235294 0.04045454545454545
1 0.7214705882352941 0.7240909090909091 0.18764705882352942 0.03727272727272727
1 0.4082352941176471 0.5295454545454545 0.2023529411764706 0.03636363636363636
1 0.10588235294117647 0.5327272727272727 0.09529411764705882 0.03727272727272727
1 0.6685294117647059 0.6072727272727273 0.08294117647058824 0.03272727272727273
1 0.2488235294117647 0.8629545454545454 0.04941176470588235 0.03681818181818182
1 0.2538235294117647 0.9302272727272727 0.061764705882352944 0.03772727272727273
1 0.4164705882352941 0.77 0.21411764705882352 0.03363636363636364
1 0.7752941176470588 0.9277272727272727 0.07176470588235294 0.04090909090909091
1 0.3123529411764706 0.038863636363636364 0.047058823529411764 0.02409090909090909
1 0.6423529411764706 0.41113636363636363 0.2011764705882353 0.03954545454545454
1 0.6329411764705882 0.36886363636363634 0.18823529411764706 0.03772727272727273
1 0.42470588235294116 0.8602272727272727 0.05764705882352941 0.038636363636363635
1 0.5964705882352941 0.9290909090909091 0.0611764705882353 0.03909090909090909
1 0.5973529411764706 0.5243181818181818 0.1511764705882353 0.03772727272727273
1 0.4361764705882353 0.5727272727272728 0.26529411764705885 0.038181818181818185
1 0.5961764705882353 0.8604545454545455 0.060588235294117644 0.04090909090909091
1 0.10764705882352942 0.37681818181818183 0.1 0.03727272727272727
1 0.6747058823529412 0.5672727272727273 0.18588235294117647 0.034545454545454546
1 0.5594117647058824 0.03931818181818182 0.11058823529411765 0.021363636363636362
1 0.5073529411764706 0.9315909090909091 0.05588235294117647 0.041363636363636366
1 0.683235294117647 0.86 0.061764705882352944 0.04
1 0.8632352941176471 0.5659090909090909 0.10294117647058823 0.03363636363636364
1 0.38823529411764707 0.4565909090909091 0.16588235294117648 0.03772727272727273
1 0.11088235294117647 0.7763636363636364 0.11823529411764706 0.034545454545454546
1 0.10647058823529412 0.7334090909090909 0.0976470588235294 0.03772727272727273
1 0.5452941176470588 0.4552272727272727 0.1423529411764706 0.03681818181818182
1 0.5835294117647059 0.7668181818181818 0.11764705882352941 0.02909090909090909
1 0.5155882352941177 0.8590909090909091 0.06294117647058824 0.03909090909090909
1 0.6179411764705882 0.6077272727272728 0.033529411764705884 0.038181818181818185
1 0.11088235294117647 0.6184090909090909 0.10882352941176471 0.038636363636363635
1 0.6794117647058824 0.9313636363636364 0.05176470588235294 0.04454545454545455
1 0.3376470588235294 0.8618181818181818 0.05647058823529412 0.03636363636363636
1 0.41411764705882353 0.37272727272727274 0.21294117647058824 0.03727272727272727
1 0.10735294117647058 0.4168181818181818 0.10529411764705883 0.035454545454545454
1 0.11294117647058824 0.5759090909090909 0.10705882352941176 0.038181818181818185
1 0.3864705882352941 0.6152272727272727 0.16941176470588235 0.03409090909090909
1 0.7929411764705883 0.5643181818181818 0.03294117647058824 0.030454545454545453
1 0.7785294117647059 0.5236363636363637 0.09705882352941177 0.03909090909090909