1 0.40794117647058825 0.6843181818181818 0.22294117647058823 0.045
1 0.7535294117647059 0.8604545454545455 0.06470588235294118 0.042727272727272725
1 0.8405882352941176 0.94 0.05058823529411765 0.06
1 0.5517647058823529 0.6165909090909091 0.12352941176470589 0.038636363636363635
1 0.40558823529411764 0.9263636363636364 0.054705882352941174 0.038181818181818185
1 0.38088235294117645 0.6186363636363637 0.17941176470588235 0.04
1 0.6829411764705883 0.7297727272727272 0.10470588235294118 0.03954545454545454
1 0.3652941176470588 0.36454545454545456 0.1188235294117647 0.03727272727272727
1 0.39 0.4084090909090909 0.18705882352941178 0.045
1 0.085 0.6786363636363636 0.07823529411764706 0.03727272727272727
1 0.6811764705882353 0.5288636363636363 0.17294117647058824 0.04318181818181818
1 0.11088235294117647 0.36022727272727273 0.10058823529411764 0.041363636363636366
1 0.1038235294117647 0.44545454545454544 0.09 0.03636363636363636
1 0.4908823529411765 0.7768181818181819 0.06647058823529411 0.03363636363636364
1 0.45323529411764707 0.7265909090909091 0.3170588235294118 0.045
1 0.145 0.9272727272727272 0.05235294117647059 0.04
1 0.1511764705882353 0.855909090909091 0.06941176470588235 0.042727272727272725
1 0.4411764705882353 0.5263636363636364 0.28705882352941176 0.045454545454545456
1 0.10588235294117647 0.5175 0.10352941176470588 0.03681818181818182
1 0.24441176470588236 0.8579545454545454 0.07470588235294118 0.042272727272727274
1 0.2361764705882353 0.928409090909091 0.05235294117647059 0.038636363636363635
1 0.36617647058823527 0.7770454545454546 0.1476470588235294 0.03681818181818182
1 0.7544117647058823 0.9304545454545454 0.05235294117647059 0.04090909090909091
1 0.6364705882352941 0.38431818181818184 0.04 0.035
1 0.5170588235294118 0.3690909090909091 0.1623529411764706 0.03909090909090909
1 0.41411764705882353 0.8577272727272728 0.06470588235294118 0.04090909090909091
1 0.5864705882352941 0.9306818181818182 0.06588235294117648 0.042272727272727274
1 0.44794117647058823 0.5695454545454546 0.30411764705882355 0.04363636363636364
1 0.5864705882352941 0.8613636363636363 0.06235294117647059 0.04181818181818182
1 0.10323529411764706 0.40295454545454545 0.0888235294117647 0.035
1 0.10588235294117647 0.5618181818181818 0.10588235294117647 0.03636363636363636
1 0.6091176470588235 0.4690909090909091 0.03235294117647059 0.03636363636363636
1 0.5561764705882353 0.03931818181818182 0.08529411764705883 0.02590909090909091
1 0.7255882352941176 0.4168181818181818 0.033529411764705884 0.035454545454545454
1 0.5008823529411764 0.9343181818181818 0.05823529411764706 0.03772727272727273
1 0.8435294117647059 0.8631818181818182 0.06705882352941177 0.042727272727272725
1 0.6729411764705883 0.8625 0.07647058823529412 0.041363636363636366
1 0.5988235294117648 0.4147727272727273 0.2011764705882353 0.03681818181818182
1 0.36205882352941177 0.4536363636363636 0.12411764705882353 0.03727272727272727
1 0.09470588235294118 0.7661363636363636 0.08705882352941176 0.03772727272727273
1 0.09411764705882353 0.7254545454545455 0.08352941176470588 0.038181818181818185
1 0.7223529411764706 0.3740909090909091 0.11647058823529412 0.038181818181818185
1 0.5114705882352941 0.45886363636363636 0.13941176470588235 0.03590909090909091
1 0.5623529411764706 0.6863636363636364 0.07176470588235294 0.03636363636363636
1 0.5023529411764706 0.8597727272727272 0.07411764705882352 0.041363636363636366
1 0.8044117647058824 0.4163636363636364 0.11352941176470588 0.04
1 0.10294117647058823 0.6031818181818182 0.0976470588235294 0.03727272727272727
1 0.6685294117647059 0.9290909090909091 0.05352941176470588 0.038181818181818185
1 0.3332352941176471 0.8563636363636363 0.07352941176470588 0.04181818181818182
1 0.7152941176470589 0.5729545454545455 0.2235294117647059 0.04045454545454545
1 0.29764705882352943 0.03227272727272727 0.04588235294117647 0.03090909090909091
1 0.675 0.4577272727272727 0.08411764705882353 0.04
1 0.31823529411764706 0.9261363636363636 0.06352941176470588 0.04045454545454545