1 0.7576470588235295 0.8677272727272727 0.06823529411764706 0.04090909090909091
1 0.8402941176470589 0.9311363636363637 0.061764705882352944 0.041363636363636366
1 0.4164705882352941 0.9295454545454546 0.07176470588235294 0.038181818181818185
1 0.8394117647058823 0.8670454545454546 0.07647058823529412 0.042272727272727274
1 0.36705882352941177 0.6168181818181818 0.14588235294117646 0.035454545454545454
1 0.6852941176470588 0.7813636363636364 0.06470588235294118 0.03
1 0.35558823529411765 0.41613636363636364 0.10529411764705883 0.03772727272727273
1 0.4188235294117647 0.685 0.24235294117647058 0.03909090909090909
1 0.43970588235294117 0.7331818181818182 0.2958823529411765 0.03909090909090909
1 0.09852941176470588 0.6847727272727273 0.07941176470588235 0.03681818181818182
1 0.11764705882352941 0.36704545454545456 0.05764705882352941 0.03772727272727273
1 0.11411764705882353 0.4511363636363636 0.05764705882352941 0.03590909090909091
1 0.15441176470588236 0.928409090909091 0.06764705882352941 0.03954545454545454
1 0.8817647058823529 0.5759090909090909 0.08352941176470588 0.03636363636363636
1 0.3288235294117647 0.9272727272727272 0.07411764705882352 0.03909090909090909
1 0.14941176470588236 0.8584090909090909 0.05764705882352941 0.04045454545454545
1 0.09117647058823529 0.5302272727272728 0.08235294117647059 0.035
1 0.6341176470588236 0.6940909090909091 0.15529411764705883 0.03090909090909091
1 0.24294117647058824 0.8586363636363636 0.07058823529411765 0.04090909090909091
1 0.23823529411764705 0.9306818181818182 0.06705882352941177 0.03954545454545454
1 0.38794117647058823 0.7788636363636363 0.1864705882352941 0.038636363636363635
1 0.7438235294117647 0.93 0.0488235294117647 0.04181818181818182
1 0.5570588235294117 0.78 0.11294117647058824 0.03
1 0.6788235294117647 0.5736363636363636 0.24705882352941178 0.04454545454545455
1 0.41294117647058826 0.8590909090909091 0.06352941176470588 0.04181818181818182
1 0.585 0.9334090909090909 0.06411764705882353 0.03954545454545454
1 0.3826470588235294 0.5297727272727273 0.17823529411764705 0.03590909090909091
1 0.5702941176470588 0.5336363636363637 0.18411764705882352 0.038181818181818185
1 0.525 0.6204545454545455 0.14411764705882352 0.03272727272727273
1 0.58 0.8690909090909091 0.06470588235294118 0.04818181818181818
1 0.11382352941176471 0.40613636363636363 0.051176470588235295 0.03954545454545454
1 0.5594117647058824 0.041363636363636366 0.0976470588235294 0.02090909090909091
1 0.7561764705882353 0.5377272727272727 0.10058823529411764 0.03272727272727273
1 0.7041176470588235 0.7363636363636363 0.21764705882352942 0.04181818181818182
1 0.49970588235294117 0.9277272727272727 0.07352941176470588 0.03909090909090909
1 0.6691176470588235 0.8625 0.060588235294117644 0.041363636363636366
1 0.34058823529411764 0.455 0.07529411764705882 0.034545454545454546
1 0.07823529411764706 0.7681818181818182 0.06705882352941177 0.035454545454545454
1 0.635 0.7813636363636364 0.033529411764705884 0.034545454545454546
1 0.085 0.7275 0.07235294117647059 0.03590909090909091
1 0.4979411764705882 0.8688636363636364 0.06411764705882353 0.041363636363636366
1 0.6820588235294117 0.5488636363636363 0.039411764705882354 0.03409090909090909
1 0.6208823529411764 0.6281818181818182 0.02411764705882353 0.031818181818181815
1 0.35823529411764704 0.3725 0.1 0.03772727272727273
1 0.1 0.6127272727272727 0.09529411764705882 0.035454545454545454
1 0.6664705882352941 0.9270454545454545 0.05647058823529412 0.042272727272727274
1 0.32794117647058824 0.8586363636363636 0.06411764705882353 0.04181818181818182
1 0.6914705882352942 0.6288636363636364 0.08647058823529412 0.031363636363636364
1 0.7894117647058824 0.6972727272727273 0.07058823529411765 0.03090909090909091
1 0.09647058823529411 0.571590909090909 0.09529411764705882 0.03772727272727273
1 0.41794117647058826 0.5718181818181818 0.2523529411764706 0.042727272727272725
1 0.8188235294117647 0.5777272727272728 0.03294117647058824 0.034545454545454546
1 0.735 0.7063636363636364 0.03705882352941176 0.03363636363636364
1 0.8247058823529412 0.735 0.036470588235294116 0.031818181818181815
1 0.8873529411764706 0.735909090909091 0.09 0.04090909090909091