1 0.3711764705882353 0.6840909090909091 0.15764705882352942 0.038181818181818185
1 0.7570588235294118 0.8552272727272727 0.06352941176470588 0.04045454545454545
1 0.8435294117647059 0.9304545454545454 0.07058823529411765 0.04
1 0.4138235294117647 0.9261363636363636 0.06764705882352941 0.03681818181818182
1 0.4964705882352941 0.5268181818181819 0.16588235294117648 0.03636363636363636
1 0.846764705882353 0.8606818181818182 0.06647058823529411 0.04318181818181818
1 0.33558823529411763 0.6175 0.09235294117647058 0.03409090909090909
1 0.4076470588235294 0.4131818181818182 0.2188235294117647 0.035454545454545454
1 0.45176470588235296 0.6209090909090909 0.11176470588235295 0.034545454545454546
1 0.3814705882352941 0.7293181818181819 0.17470588235294118 0.035
1 0.09823529411764706 0.6790909090909091 0.07882352941176471 0.034545454545454546
1 0.11323529411764706 0.3675 0.08647058823529412 0.03409090909090909
1 0.10617647058823529 0.4515909090909091 0.07823529411764706 0.035
1 0.48264705882352943 0.7747727272727273 0.10176470588235294 0.03409090909090909
1 0.5508823529411765 0.725909090909091 0.13117647058823528 0.03272727272727273
1 0.15676470588235294 0.9245454545454546 0.06529411764705882 0.038181818181818185
1 0.7052941176470588 0.6945454545454546 0.08235294117647059 0.023636363636363636
1 0.32323529411764707 0.9259090909090909 0.05941176470588235 0.03909090909090909
1 0.1561764705882353 0.8556818181818182 0.060588235294117644 0.04045454545454545
1 0.7141176470588235 0.7315909090909091 0.10588235294117647 0.03318181818181818
1 0.09147058823529412 0.5236363636363637 0.0688235294117647 0.034545454545454546
1 0.24029411764705882 0.8570454545454546 0.061764705882352944 0.038636363636363635
1 0.24235294117647058 0.9247727272727273 0.06235294117647059 0.03681818181818182
1 0.3514705882352941 0.7747727272727273 0.11941176470588236 0.035
1 0.7588235294117647 0.9252272727272727 0.06588235294117648 0.038636363636363635
1 0.5691176470588235 0.4177272727272727 0.08176470588235295 0.03272727272727273
1 0.41 0.8575 0.06352941176470588 0.03590909090909091
1 0.5832352941176471 0.9259090909090909 0.05352941176470588 0.03727272727272727
1 0.08852941176470588 0.5647727272727273 0.06294117647058824 0.03227272727272727
1 0.3447058823529412 0.5256818181818181 0.0988235294117647 0.035
1 0.5158823529411765 0.5768181818181818 0.1588235294117647 0.034545454545454546
1 0.5764705882352941 0.8611363636363636 0.05647058823529412 0.041363636363636366
1 0.10558823529411765 0.4052272727272727 0.08529411764705883 0.035
1 0.5032352941176471 0.9243181818181818 0.05941176470588235 0.038636363636363635
1 0.668235294117647 0.8568181818181818 0.0611764705882353 0.042727272727272725
1 0.5661764705882353 0.37272727272727274 0.08294117647058824 0.03363636363636364
1 0.5379411764705883 0.6856818181818182 0.12294117647058823 0.03590909090909091
1 0.36705882352941177 0.45795454545454545 0.1411764705882353 0.03590909090909091
1 0.09088235294117647 0.7729545454545454 0.0711764705882353 0.03409090909090909
1 0.09735294117647059 0.7231818181818181 0.08058823529411764 0.034545454545454546
1 0.48558823529411765 0.46 0.07 0.031818181818181815
1 0.48676470588235293 0.8606818181818182 0.045294117647058825 0.04045454545454545
1 0.40647058823529414 0.37068181818181817 0.20588235294117646 0.04318181818181818
1 0.08823529411764706 0.6077272727272728 0.06470588235294118 0.03636363636363636
1 0.6714705882352942 0.9270454545454545 0.061764705882352944 0.038636363636363635
1 0.3220588235294118 0.855909090909091 0.05235294117647059 0.04090909090909091
1 0.2655882352941176 0.034545454545454546 0.03588235294117647 0.02181818181818182
1 0.5594117647058824 0.035454545454545454 0.10588235294117647 0.02
1 0.3644117647058824 0.5727272727272728 0.1323529411764706 0.02909090909090909
1 0.6244117647058823 0.7790909090909091 0.07588235294117647 0.016363636363636365
1 0.6241176470588236 0.5331818181818182 0.06941176470588235 0.024545454545454544
1 0.6897058823529412 0.5740909090909091 0.08058823529411764 0.034545454545454546
1 0.625 0.5768181818181818 0.04176470588235294 0.03636363636363636
1 0.5811764705882353 0.6234090909090909 0.0611764705882353 0.019545454545454546
1 0.5379411764705883 0.6275 0.026470588235294117 0.02409090909090909
1 0.633235294117647 0.7025 0.03235294117647059 0.03227272727272727
1 0.6373529411764706 0.7331818181818182 0.03235294117647059 0.02909090909090909
1 0.5608823529411765 0.7827272727272727 0.03588235294117647 0.034545454545454546