1 0.38823529411764707 0.6793181818181818 0.16 0.03772727272727273
1 0.5885294117647059 0.6806818181818182 0.03 0.03409090909090909
1 0.7602941176470588 0.8579545454545454 0.06411764705882353 0.03681818181818182
1 0.8388235294117647 0.9261363636363636 0.05176470588235294 0.038636363636363635
1 0.6 0.5670454545454545 0.14823529411764705 0.03590909090909091
1 0.4126470588235294 0.9261363636363636 0.061764705882352944 0.03681818181818182
1 0.5464705882352942 0.5238636363636363 0.11764705882352941 0.035
1 0.38029411764705884 0.6070454545454546 0.14176470588235293 0.035
1 0.6497058823529411 0.7672727272727272 0.06294117647058824 0.031818181818181815
1 0.37823529411764706 0.4481818181818182 0.1423529411764706 0.03727272727272727
1 0.6647058823529411 0.7236363636363636 0.03529411764705882 0.03363636363636364
1 0.40911764705882353 0.4040909090909091 0.19941176470588234 0.03636363636363636
1 0.10147058823529412 0.6770454545454545 0.07823529411764706 0.035
1 0.10970588235294118 0.4475 0.07823529411764706 0.03590909090909091
1 0.3961764705882353 0.7213636363636363 0.17941176470588235 0.03636363636363636
1 0.7 0.5675 0.027058823529411764 0.035
1 0.11852941176470588 0.36204545454545456 0.09 0.03590909090909091
1 0.5123529411764706 0.7672727272727272 0.1011764705882353 0.034545454545454546
1 0.5697058823529412 0.7229545454545454 0.14294117647058824 0.03409090909090909
1 0.1538235294117647 0.9227272727272727 0.05588235294117647 0.038181818181818185
1 0.763235294117647 0.5675 0.09705882352941177 0.03318181818181818
1 0.32441176470588234 0.9240909090909091 0.060588235294117644 0.03727272727272727
1 0.15529411764705883 0.8572727272727273 0.06 0.038181818181818185
1 0.7302941176470589 0.7227272727272728 0.08176470588235295 0.03272727272727273
1 0.3870588235294118 0.5209090909090909 0.15411764705882353 0.03727272727272727
1 0.10411764705882352 0.519090909090909 0.0611764705882353 0.034545454545454546
1 0.2426470588235294 0.8577272727272728 0.057058823529411766 0.03636363636363636
1 0.2388235294117647 0.923409090909091 0.05058823529411765 0.03681818181818182
1 0.3785294117647059 0.7654545454545455 0.14882352941176472 0.035454545454545454
1 0.7602941176470588 0.9254545454545454 0.061764705882352944 0.038181818181818185
1 0.30911764705882355 0.03272727272727273 0.060588235294117644 0.013636363636363636
1 0.6829411764705883 0.4456818181818182 0.07882352941176471 0.03409090909090909
1 0.6179411764705882 0.3659090909090909 0.0888235294117647 0.03363636363636364
1 0.6217647058823529 0.44886363636363635 0.03058823529411765 0.03409090909090909
1 0.49411764705882355 0.36727272727272725 0.10823529411764705 0.031818181818181815
1 0.4223529411764706 0.8570454545454546 0.06235294117647059 0.03772727272727273
1 0.5911764705882353 0.9263636363636364 0.05529411764705883 0.03727272727272727
1 0.4076470588235294 0.5688636363636363 0.21058823529411766 0.03772727272727273
1 0.5176470588235295 0.6095454545454545 0.12352941176470589 0.03363636363636364
1 0.10529411764705883 0.4025 0.08705882352941176 0.035
1 0.1 0.5634090909090909 0.06941176470588235 0.03409090909090909
1 0.5791176470588235 0.03772727272727273 0.1111764705882353 0.022727272727272728
1 0.6226470588235294 0.524090909090909 0.022941176470588236 0.03363636363636364
1 0.785 0.4102272727272727 0.1111764705882353 0.03590909090909091
1 0.5023529411764706 0.9256818181818182 0.06235294117647059 0.038636363636363635
1 0.8461764705882353 0.8590909090909091 0.06294117647058824 0.03727272727272727
1 0.6720588235294118 0.8579545454545454 0.060588235294117644 0.03772727272727273
1 0.6073529411764705 0.4090909090909091 0.17470588235294118 0.038181818181818185
1 0.5226470588235295 0.6809090909090909 0.07705882352941176 0.02909090909090909
1 0.09705882352941177 0.7634090909090909 0.07764705882352942 0.035
1 0.09441176470588235 0.7193181818181819 0.08058823529411764 0.03590909090909091
1 0.7194117647058823 0.4075 0.03058823529411765 0.03681818181818182
1 0.5323529411764706 0.4495454545454545 0.12941176470588237 0.035454545454545454
1 0.5 0.8572727272727273 0.052941176470588235 0.03909090909090909
1 0.695 0.5204545454545455 0.09235294117647058 0.035454545454545454
1 0.6111764705882353 0.610909090909091 0.02823529411764706 0.03272727272727273
1 0.37323529411764705 0.365 0.13 0.03636363636363636
1 0.09647058823529411 0.6045454545454545 0.07058823529411765 0.035454545454545454
1 0.6726470588235294 0.9243181818181818 0.05823529411764706 0.03772727272727273
1 0.3276470588235294 0.8575 0.06 0.038636363636363635
1 0.6705882352941176 0.6088636363636364 0.07529411764705882 0.03227272727272727
1 0.5932352941176471 0.7720454545454546 0.026470588235294117 0.03409090909090909
1 0.6341176470588236 0.6843181818181818 0.05529411764705883 0.029545454545454545
1 0.5588235294117647 0.37113636363636365 0.015294117647058824 0.028636363636363637
1 0.5829411764705882 0.8586363636363636 0.058823529411764705 0.038181818181818185