1 0.42094395280235986 0.6792538671519563 0.20117994100294986 0.039126478616924476
1 0.42625368731563423 0.4021838034576888 0.17640117994100296 0.036396724294813464
1 0.7607669616519174 0.85828025477707 0.052507374631268436 0.041401273885350316
1 0.852212389380531 0.9237943585077343 0.06312684365781711 0.03776160145586897
1 0.6176991150442478 0.6141947224749773 0.15811209439528023 0.023657870791628753
1 0.4026548672566372 0.9224294813466788 0.047787610619469026 0.04049135577797998
1 0.8486725663716814 0.8589626933575978 0.0584070796460177 0.04185623293903549
1 0.41386430678466074 0.6132848043676069 0.2176991150442478 0.025477707006369428
1 0.7085545722713864 0.771383075523203 0.08613569321533923 0.03230209281164695
1 0.40707964601769914 0.4483621474067334 0.143952802359882 0.036851683348498636
1 0.6920353982300885 0.7267970882620565 0.030678466076696165 0.033212010919017286
1 0.4085545722713864 0.7231574158325751 0.21179941002949854 0.036851683348498636
1 0.31268436578171094 0.024112829845313922 0.04837758112094395 0.028207461328480437
1 0.7660766961651917 0.5675614194722475 0.0359882005899705 0.033212010919017286
1 0.1112094395280236 0.6778889899909009 0.08436578171091445 0.03548680618744313
1 0.11268436578171091 0.44767970882620567 0.06017699115044248 0.03548680618744313
1 0.7339233038348083 0.6110100090991811 0.03421828908554572 0.03275705186533212
1 0.10707964601769912 0.3607825295723385 0.06548672566371681 0.03548680618744313
1 0.5929203539823009 0.7288444040036397 0.1368731563421829 0.025477707006369428
1 0.1480825958702065 0.922884440400364 0.04837758112094395 0.03867151956323931
1 0.7970501474926254 0.6103275705186533 0.07669616519174041 0.03139217470427662
1 0.32654867256637166 0.9215195632393085 0.05368731563421829 0.03867151956323931
1 0.15693215339233038 0.8550955414012739 0.05191740412979351 0.03776160145586897
1 0.7112094395280236 0.6888080072793449 0.032448377581120944 0.03002729754322111
1 0.5705014749262537 0.44904458598726116 0.07905604719764012 0.03275705186533212
1 0.4253687315634218 0.517515923566879 0.22654867256637168 0.03867151956323931
1 0.10501474926253687 0.5181983621474068 0.071976401179941 0.03548680618744313
1 0.8259587020648967 0.52024567788899 0.071976401179941 0.03139217470427662
1 0.23864306784660766 0.8553230209281165 0.047787610619469026 0.0373066424021838
1 0.23805309734513275 0.9212920837124658 0.052507374631268436 0.03821656050955414
1 0.3902654867256637 0.7736578707916287 0.17994100294985252 0.029572338489535943
1 0.7631268436578171 0.9235668789808917 0.06666666666666667 0.03821656050955414
1 0.5572271386430678 0.7747952684258417 0.12684365781710916 0.02183803457688808
1 0.6123893805309735 0.402638762511374 0.08023598820058997 0.03275705186533212
1 0.6044247787610619 0.36055505004549593 0.07728613569321534 0.034121929026387623
1 0.5306784660766962 0.36442220200181985 0.03952802359882006 0.03366696997270246
1 0.4109144542772861 0.856687898089172 0.05014749262536873 0.039126478616924476
1 0.5867256637168141 0.9235668789808917 0.061946902654867256 0.0373066424021838
1 0.42743362831858406 0.5682438580527752 0.25545722713864305 0.029117379435850774
1 0.5026548672566372 0.45200181983621474 0.03185840707964602 0.033212010919017286
1 0.5864306784660767 0.8564604185623294 0.05545722713864307 0.03867151956323931
1 0.11179941002949853 0.4024112829845314 0.06430678466076696 0.0359417652411283
1 0.10619469026548672 0.5630118289353958 0.07905604719764012 0.0359417652411283
1 0.6486725663716815 0.5682438580527752 0.16932153392330385 0.023657870791628753
1 0.5696165191740413 0.02616014558689718 0.07374631268436578 0.024112829845313922
1 0.7610619469026548 0.7277070063694268 0.09793510324483776 0.033212010919017286
1 0.4952802359882006 0.9231119199272065 0.05486725663716814 0.039126478616924476
1 0.6755162241887905 0.8564604185623294 0.06135693215339233 0.03867151956323931
1 0.5460176991150443 0.402638762511374 0.03008849557522124 0.03366696997270246
1 0.10766961651917405 0.7663785259326661 0.08436578171091445 0.03503184713375796
1 0.10737463126843658 0.7224749772520473 0.08613569321533923 0.036396724294813464
1 0.7619469026548673 0.5234303912647862 0.0359882005899705 0.033212010919017286
1 0.6480825958702064 0.7743403093721565 0.02654867256637168 0.034576888080072796
1 0.5 0.8585077343039127 0.04660766961651917 0.04094631483166515
1 0.6451327433628319 0.5252502274795269 0.18702064896755163 0.03139217470427662
1 0.828023598820059 0.5675614194722475 0.07374631268436578 0.03230209281164695
1 0.6112094395280236 0.686533212010919 0.13805309734513274 0.023657870791628753
1 0.4247787610619469 0.36032757051865333 0.14513274336283186 0.03821656050955414
1 0.10176991150442478 0.6062329390354868 0.07964601769911504 0.0359417652411283
1 0.6784660766961652 0.922884440400364 0.06017699115044248 0.03867151956323931
1 0.3262536873156342 0.8562329390354868 0.05309734513274336 0.039126478616924476
1 0.776401179941003 0.684940855323021 0.0743362831858407 0.02684258416742493