1 0.3714705882352941 0.37113636363636365 0.13705882352941176 0.038636363636363635
1 0.7532352941176471 0.8711363636363636 0.060588235294117644 0.038636363636363635
1 0.8423529411764706 0.9327272727272727 0.06470588235294118 0.03909090909090909
1 0.4073529411764706 0.9290909090909091 0.051176470588235295 0.03636363636363636
1 0.49676470588235294 0.5340909090909091 0.10529411764705883 0.035454545454545454
1 0.36617647058823527 0.6165909090909091 0.13941176470588235 0.03681818181818182
1 0.601764705882353 0.7825 0.09176470588235294 0.030454545454545453
1 0.6729411764705883 0.6956818181818182 0.10470588235294118 0.026818181818181817
1 0.38676470588235295 0.7286363636363636 0.1935294117647059 0.03636363636363636
1 0.3002941176470588 0.03590909090909091 0.04176470588235294 0.022727272727272728
1 0.10294117647058823 0.6852272727272727 0.06235294117647059 0.03409090909090909
1 0.0988235294117647 0.4590909090909091 0.052941176470588235 0.035454545454545454
1 0.7229411764705882 0.5802272727272727 0.029411764705882353 0.03409090909090909
1 0.1 0.3709090909090909 0.05764705882352941 0.034545454545454546
1 0.4661764705882353 0.7779545454545455 0.10647058823529412 0.03318181818181818
1 0.1476470588235294 0.9288636363636363 0.052941176470588235 0.03772727272727273
1 0.7726470588235295 0.5790909090909091 0.0688235294117647 0.034545454545454546
1 0.33294117647058824 0.93 0.05764705882352941 0.03636363636363636
1 0.14823529411764705 0.8620454545454546 0.05647058823529412 0.04045454545454545
1 0.0961764705882353 0.53 0.05352941176470588 0.031818181818181815
1 0.6658823529411765 0.7365909090909091 0.02823529411764706 0.03409090909090909
1 0.6105882352941177 0.5375 0.06705882352941177 0.02590909090909091
1 0.24294117647058824 0.9334090909090909 0.06 0.03681818181818182
1 0.34823529411764703 0.7777272727272727 0.11411764705882353 0.04363636363636364
1 0.7538235294117647 0.9315909090909091 0.05588235294117647 0.038636363636363635
1 0.5647058823529412 0.7334090909090909 0.1623529411764706 0.03590909090909091
1 0.6794117647058824 0.41659090909090907 0.029411764705882353 0.03681818181818182
1 0.6267647058823529 0.3790909090909091 0.05588235294117647 0.028181818181818183
1 0.5764705882352941 0.41613636363636364 0.16705882352941176 0.038636363636363635
1 0.3997058823529412 0.8684090909090909 0.04294117647058823 0.038636363636363635
1 0.5847058823529412 0.928409090909091 0.06235294117647059 0.038636363636363635
1 0.36176470588235293 0.5306818181818181 0.1376470588235294 0.038636363636363635
1 0.5785294117647058 0.4659090909090909 0.06764705882352941 0.03090909090909091
1 0.495 0.6220454545454546 0.09588235294117647 0.03227272727272727
1 0.4547058823529412 0.4606818181818182 0.10470588235294118 0.03227272727272727
1 0.5411764705882353 0.7822727272727272 0.027058823529411764 0.03272727272727273
1 0.1011764705882353 0.4147727272727273 0.05764705882352941 0.03590909090909091
1 0.6305882352941177 0.5775 0.14588235294117646 0.03681818181818182
1 0.5523529411764706 0.037954545454545456 0.09411764705882353 0.023181818181818182
1 0.7385294117647059 0.4175 0.0711764705882353 0.03681818181818182
1 0.7297058823529412 0.7352272727272727 0.09705882352941177 0.03318181818181818
1 0.49411764705882355 0.9290909090909091 0.05647058823529412 0.03636363636363636
1 0.836764705882353 0.8675 0.05823529411764706 0.038636363636363635
1 0.6647058823529411 0.8675 0.05058823529411765 0.041363636363636366
1 0.513235294117647 0.37727272727272726 0.10882352941176471 0.035454545454545454
1 0.5402941176470588 0.6929545454545455 0.1111764705882353 0.03318181818181818
1 0.34647058823529414 0.4593181818181818 0.1 0.03681818181818182
1 0.10147058823529412 0.7720454545454546 0.060588235294117644 0.03409090909090909
1 0.10470588235294118 0.7290909090909091 0.06705882352941177 0.03363636363636364
1 0.523235294117647 0.47 0.03 0.031818181818181815
1 0.4958823529411765 0.8679545454545454 0.042352941176470586 0.03954545454545454
1 0.6058823529411764 0.6229545454545454 0.05529411764705883 0.021363636363636362
1 0.09735294117647059 0.6184090909090909 0.05352941176470588 0.035
1 0.6726470588235294 0.9320454545454545 0.05823529411764706 0.03772727272727273
1 0.3235294117647059 0.86 0.05411764705882353 0.038181818181818185
1 0.3938235294117647 0.4134090909090909 0.1935294117647059 0.03954545454545454
1 0.5826470588235294 0.38227272727272726 0.031176470588235295 0.028181818181818183
1 0.09852941176470588 0.5743181818181818 0.0488235294117647 0.02772727272727273
1 0.4164705882352941 0.571590909090909 0.24705882352941178 0.04318181818181818
1 0.5647058823529412 0.5406818181818182 0.027058823529411764 0.028636363636363637
1 0.5623529411764706 0.6240909090909091 0.03294117647058824 0.031818181818181815
1 0.38588235294117645 0.6840909090909091 0.18705882352941178 0.042727272727272725
1 0.6108823529411764 0.6977272727272728 0.026470588235294117 0.02909090909090909
1 0.23411764705882354 0.8595454545454545 0.06 0.04363636363636364
1 0.5885294117647059 0.8638636363636364 0.07470588235294118 0.042272727272727274