1 0.3826470588235294 0.6781818181818182 0.15941176470588236 0.038181818181818185
1 0.5261764705882352 0.6804545454545454 0.10411764705882352 0.03363636363636364
1 0.7605882352941177 0.8590909090909091 0.058823529411764705 0.035454545454545454
1 0.8441176470588235 0.9256818181818182 0.07176470588235294 0.041363636363636366
1 0.405 0.9209090909090909 0.054705882352941174 0.03909090909090909
1 0.375 0.6097727272727272 0.15588235294117647 0.03681818181818182
1 0.38823529411764707 0.44795454545454544 0.1635294117647059 0.03681818181818182
1 0.6079411764705882 0.6840909090909091 0.033529411764705884 0.034545454545454546
1 0.4264705882352941 0.40704545454545454 0.25176470588235295 0.028636363636363637
1 0.08441176470588235 0.6793181818181818 0.06529411764705882 0.03590909090909091
1 0.10352941176470588 0.44272727272727275 0.0976470588235294 0.03636363636363636
1 0.4111764705882353 0.7245454545454545 0.2188235294117647 0.03363636363636364
1 0.0976470588235294 0.3584090909090909 0.08352941176470588 0.035
1 0.49911764705882355 0.8543181818181819 0.06647058823529411 0.038636363636363635
1 0.15058823529411763 0.92 0.058823529411764705 0.04090909090909091
1 0.3255882352941176 0.92 0.06411764705882353 0.038181818181818185
1 0.15235294117647058 0.8513636363636363 0.05647058823529412 0.03909090909090909
1 0.5405882352941176 0.4511363636363636 0.09058823529411765 0.03409090909090909
1 0.38323529411764706 0.5213636363636364 0.16411764705882353 0.034545454545454546
1 0.09441176470588235 0.5147727272727273 0.08411764705882353 0.03590909090909091
1 0.6144117647058823 0.7245454545454545 0.15941176470588236 0.031818181818181815
1 0.24558823529411763 0.8538636363636364 0.057058823529411766 0.038636363636363635
1 0.23941176470588235 0.9195454545454546 0.05764705882352941 0.03909090909090909
1 0.37970588235294117 0.7668181818181818 0.16411764705882353 0.03090909090909091
1 0.755 0.9259090909090909 0.06647058823529411 0.04090909090909091
1 0.3044117647058823 0.028409090909090908 0.05352941176470588 0.018636363636363635
1 0.5358823529411765 0.7684090909090909 0.12352941176470589 0.03227272727272727
1 0.6226470588235294 0.40863636363636363 0.11705882352941177 0.035454545454545454
1 0.40941176470588236 0.8531818181818182 0.06352941176470588 0.03727272727272727
1 0.5808823529411765 0.9225 0.06647058823529411 0.04045454545454545
1 0.4088235294117647 0.5688636363636363 0.21411764705882352 0.028636363636363637
1 0.5329411764705883 0.5211363636363636 0.1188235294117647 0.03590909090909091
1 0.5985294117647059 0.5736363636363636 0.1535294117647059 0.026363636363636363
1 0.5894117647058823 0.8547727272727272 0.06470588235294118 0.03954545454545454
1 0.10294117647058823 0.4002272727272727 0.09647058823529411 0.035
1 0.09852941176470588 0.5581818181818182 0.08411764705882353 0.034545454545454546
1 0.5435294117647059 0.3663636363636364 0.0811764705882353 0.034545454545454546
1 0.76 0.5695454545454546 0.08705882352941176 0.03363636363636364
1 0.7741176470588236 0.7286363636363636 0.07529411764705882 0.031818181818181815
1 0.4988235294117647 0.9220454545454545 0.06705882352941177 0.04045454545454545
1 0.8394117647058823 0.8615909090909091 0.05411764705882353 0.03590909090909091
1 0.6755882352941176 0.8579545454545454 0.07235294117647059 0.03318181818181818
1 0.08147058823529411 0.7572727272727273 0.05941176470588235 0.034545454545454546
1 0.6808823529411765 0.5259090909090909 0.07470588235294118 0.03090909090909091
1 0.39 0.36113636363636364 0.17529411764705882 0.03954545454545454
1 0.10088235294117646 0.6022727272727273 0.08764705882352941 0.035454545454545454
1 0.6705882352941176 0.9238636363636363 0.07176470588235294 0.038636363636363635
1 0.32794117647058824 0.8531818181818182 0.06529411764705882 0.038181818181818185
1 0.6467647058823529 0.6122727272727273 0.0688235294117647 0.03363636363636364
1 0.0826470588235294 0.7165909090909091 0.05823529411764706 0.03409090909090909
1 0.5764705882352941 0.03340909090909091 0.12117647058823529 0.021363636363636362
1 0.6223529411764706 0.5425 0.03294117647058824 0.03590909090909091
1 0.6958823529411765 0.575 0.03176470588235294 0.02909090909090909
1 0.5141176470588236 0.6125 0.11411764705882353 0.03590909090909091
1 0.5908823529411765 0.6220454545454546 0.025294117647058825 0.02772727272727273
1 0.6576470588235294 0.6865909090909091 0.05647058823529412 0.02772727272727273
1 0.716764705882353 0.7297727272727272 0.027647058823529413 0.03590909090909091
1 0.6273529411764706 0.7765909090909091 0.03235294117647059 0.035
1 0.6808823529411765 0.7722727272727272 0.0711764705882353 0.028181818181818183