1 0.4620141342756184 0.7471526195899773 0.18433451118963487 0.03553530751708428
1 0.4720259128386337 0.43735763097949887 0.2479387514723204 0.03553530751708428
1 0.7591283863368669 0.8788154897494306 0.05771495877502945 0.03826879271070615
1 0.8418727915194346 0.9432801822323462 0.05830388692579505 0.0387243735763098
1 0.41548881036513546 0.9435079726651481 0.05594817432273263 0.03644646924829157
1 0.5285630153121319 0.54874715261959 0.14546525323910484 0.0387243735763098
1 0.8401060070671378 0.8776765375854214 0.054770318021201414 0.03781321184510251
1 0.6869846878680801 0.7961275626423691 0.034746760895170786 0.03781321184510251
1 0.43462897526501765 0.4808656036446469 0.17432273262661954 0.03507972665148064
1 0.47703180212014135 0.7061503416856492 0.15665488810365136 0.03826879271070615
1 0.7087750294464076 0.7159453302961276 0.037102473498233215 0.0387243735763098
1 0.45082449941107183 0.7917995444191344 0.1501766784452297 0.03553530751708428
1 0.7744405182567726 0.4382687927107061 0.027090694935217905 0.03280182232346242
1 0.12043580683156654 0.7056947608200456 0.07361601884570082 0.03280182232346242
1 0.125736160188457 0.3958997722095672 0.0712603062426384 0.03280182232346242
1 0.12220259128386336 0.4776765375854214 0.06890459363957598 0.03325740318906606
1 0.5995288574793876 0.7915717539863326 0.11425206124852769 0.03325740318906606
1 0.16136631330977622 0.9446469248291571 0.04946996466431095 0.03690205011389522
1 0.7741460541813898 0.7136674259681094 0.07479387514723204 0.03234624145785877
1 0.3333333333333333 0.9430523917995444 0.06007067137809187 0.03644646924829157
1 0.16342756183745583 0.878132118451025 0.05123674911660778 0.03599088838268793
1 0.7452885747938751 0.7917995444191344 0.07361601884570082 0.03189066059225513
1 0.5942285041224971 0.4799544419134396 0.10954063604240283 0.03416856492027335
1 0.1160188457008245 0.5496583143507973 0.05535924617196702 0.03234624145785877
1 0.25500588928150764 0.8772209567198178 0.06478209658421673 0.03599088838268793
1 0.6280918727915195 0.7068337129840546 0.12308598351001178 0.03690205011389522
1 0.24587750294464075 0.9437357630979499 0.05005889281507656 0.03690205011389522
1 0.7555948174322733 0.9482915717539864 0.05182567726737338 0.04328018223234624
1 0.3006478209658422 0.06879271070615034 0.044169611307420496 0.021867881548974944
1 0.6967020023557126 0.40136674259681093 0.02944640753828033 0.03826879271070615
1 0.6186690223792697 0.3965831435079727 0.12190812720848057 0.03599088838268793
1 0.4175500588928151 0.8797266514806378 0.053003533568904596 0.03644646924829157
1 0.5842167255594818 0.9494305239179954 0.048292108362779744 0.04464692482915718
1 0.519434628975265 0.6337129840546697 0.13898704358068315 0.03462414578587699
1 0.5856890459363958 0.8813211845102505 0.052414605418138985 0.04328018223234624
1 0.11837455830388692 0.4359908883826879 0.0706713780918728 0.03280182232346242
1 0.11160188457008245 0.5938496583143508 0.05594817432273263 0.03416856492027335
1 0.6678445229681979 0.48838268792710704 0.03180212014134275 0.03826879271070615
1 0.5547703180212014 0.06879271070615034 0.043580683156654886 0.020956719817767654
1 0.502944640753828 0.9478359908883827 0.05418138987043581 0.04236902050113895
1 0.6772673733804476 0.8788154897494306 0.0636042402826855 0.04191343963553531
1 0.7558892815076561 0.3952164009111617 0.08186101295641932 0.03325740318906606
1 0.8345111896348646 0.7548974943052392 0.10836277974087162 0.03189066059225513
1 0.12190812720848057 0.7931662870159454 0.07891637220259129 0.0337129840546697
1 0.11955241460541814 0.7542141230068337 0.07656065959952886 0.03234624145785877
1 0.6457597173144877 0.7496583143507972 0.1513545347467609 0.03416856492027335
1 0.5035335689045937 0.8813211845102505 0.05653710247349823 0.04236902050113895
1 0.6749116607773852 0.43758542141230067 0.14723203769140164 0.03325740318906606
1 0.842756183745583 0.437129840546697 0.08716136631330977 0.03143507972665148
1 0.4499411071849234 0.3954441913439636 0.18021201413427562 0.03917995444191344
1 0.5438751472320377 0.5915717539863325 0.1855123674911661 0.03507972665148064
1 0.11307420494699646 0.6337129840546697 0.05535924617196702 0.0337129840546697
1 0.6749116607773852 0.9453302961275627 0.05653710247349823 0.03826879271070615
1 0.33421672555948173 0.8790432801822323 0.05594817432273263 0.03599088838268793
1 0.7352767962308598 0.483371298405467 0.07479387514723204 0.03189066059225513
1 0.7582449941107184 0.7599088838268793 0.034746760895170786 0.03553530751708428