1 0.3888235294117647 0.6818181818181818 0.17176470588235293 0.028181818181818183
1 0.7602941176470588 0.8577272727272728 0.07 0.03
1 0.8479411764705882 0.9268181818181818 0.07705882352941176 0.04090909090909091
1 0.5138235294117647 0.5654545454545454 0.0688235294117647 0.02909090909090909
1 0.4211764705882353 0.9220454545454545 0.08 0.038636363636363635
1 0.8458823529411764 0.8593181818181819 0.07411764705882352 0.03227272727272727
1 0.3658823529411765 0.6013636363636363 0.12705882352941175 0.035454545454545454
1 0.45294117647058824 0.5213636363636364 0.28352941176470586 0.03272727272727273
1 0.6726470588235294 0.8563636363636363 0.07 0.04454545454545455
1 0.36617647058823527 0.4059090909090909 0.11235294117647059 0.03363636363636364
1 0.095 0.6715909090909091 0.060588235294117644 0.035
1 0.08647058823529412 0.44295454545454543 0.04352941176470588 0.03318181818181818
1 0.3508823529411765 0.7236363636363636 0.0888235294117647 0.034545454545454546
1 0.691764705882353 0.6877272727272727 0.03294117647058824 0.03636363636363636
1 0.08794117647058823 0.3593181818181818 0.04647058823529412 0.03409090909090909
1 0.581764705882353 0.7227272727272728 0.06235294117647059 0.031818181818181815
1 0.15441176470588236 0.9193181818181818 0.0688235294117647 0.04045454545454545
1 0.7691176470588236 0.6865909090909091 0.09705882352941177 0.031363636363636364
1 0.32441176470588234 0.9215909090909091 0.07235294117647059 0.038636363636363635
1 0.1585294117647059 0.8504545454545455 0.07352941176470588 0.04090909090909091
1 0.09794117647058824 0.5154545454545455 0.06647058823529411 0.03363636363636364
1 0.24352941176470588 0.8527272727272728 0.06352941176470588 0.04
1 0.2361764705882353 0.9193181818181818 0.06294117647058824 0.03954545454545454
1 0.3311764705882353 0.7625 0.07764705882352942 0.035
1 0.7541176470588236 0.9270454545454545 0.06941176470588235 0.03681818181818182
1 0.5244117647058824 0.7675 0.054705882352941174 0.030454545454545453
1 0.3870588235294118 0.3643181818181818 0.14352941176470588 0.038636363636363635
1 0.41441176470588237 0.8543181818181819 0.06764705882352941 0.038636363636363635
1 0.5876470588235294 0.9227272727272727 0.07411764705882352 0.03909090909090909
1 0.09647058823529411 0.5595454545454546 0.06823529411764706 0.03272727272727273
1 0.4576470588235294 0.6031818181818182 0.06705882352941177 0.031818181818181815
1 0.591764705882353 0.8538636363636364 0.07294117647058823 0.041363636363636366
1 0.08647058823529412 0.39795454545454545 0.04352941176470588 0.03590909090909091
1 0.5008823529411764 0.9215909090909091 0.07705882352941176 0.03954545454545454
1 0.3488235294117647 0.4465909090909091 0.09058823529411765 0.035
1 0.09588235294117647 0.7565909090909091 0.06 0.031363636363636364
1 0.4988235294117647 0.8556818181818182 0.06705882352941177 0.03954545454545454
1 0.5773529411764706 0.6856818181818182 0.17 0.028636363636363637
1 0.0961764705882353 0.6025 0.06411764705882353 0.03318181818181818
1 0.6685294117647059 0.9277272727272727 0.05588235294117647 0.045454545454545456
1 0.33294117647058824 0.8518181818181818 0.06823529411764706 0.04090909090909091
1 0.6735294117647059 0.5245454545454545 0.12941176470588237 0.03363636363636364
1 0.09411764705882353 0.7145454545454546 0.06352941176470588 0.03363636363636364
1 0.3891176470588235 0.5663636363636364 0.17588235294117646 0.03272727272727273
1 0.46294117647058824 0.7245454545454545 0.11176470588235295 0.03
1 0.5347058823529411 0.725909090909091 0.02235294117647059 0.025454545454545455
1 0.41852941176470587 0.7652272727272728 0.08176470588235295 0.035
1 0.4797058823529412 0.7752272727272728 0.026470588235294117 0.028636363636363637
1 0.2782352941176471 0.029772727272727274 0.03294117647058824 0.020454545454545454
1 0.5458823529411765 0.03386363636363637 0.07176470588235294 0.019545454545454546