1 0.3885294117647059 0.6793181818181818 0.1688235294117647 0.03681818181818182
1 0.7614705882352941 0.8579545454545454 0.06529411764705882 0.03772727272727273
1 0.8435294117647059 0.9256818181818182 0.06470588235294118 0.03954545454545454
1 0.5102941176470588 0.5690909090909091 0.20294117647058824 0.03
1 0.4161764705882353 0.9261363636363636 0.06764705882352941 0.03772727272727273
1 0.5167647058823529 0.5236363636363637 0.17941176470588235 0.028181818181818183
1 0.38823529411764707 0.4102272727272727 0.16705882352941176 0.03409090909090909
1 0.38529411764705884 0.44727272727272727 0.16117647058823528 0.03727272727272727
1 0.4011764705882353 0.7293181818181819 0.20352941176470588 0.03318181818181818
1 0.09911764705882353 0.6804545454545454 0.07705882352941176 0.03636363636363636
1 0.09235294117647058 0.3634090909090909 0.07411764705882352 0.035
1 0.08823529411764706 0.44681818181818184 0.07058823529411765 0.03636363636363636
1 0.5052941176470588 0.8563636363636363 0.06705882352941177 0.03727272727272727
1 0.15323529411764705 0.9227272727272727 0.061764705882352944 0.04
1 0.3241176470588235 0.9243181818181818 0.05764705882352941 0.03954545454545454
1 0.15205882352941177 0.8547727272727272 0.05941176470588235 0.04045454545454545
1 0.3623529411764706 0.5177272727272727 0.11529411764705882 0.035454545454545454
1 0.09264705882352942 0.5197727272727273 0.07235294117647059 0.035
1 0.24382352941176472 0.855909090909091 0.06529411764705882 0.038181818181818185
1 0.5908823529411765 0.6788636363636363 0.21941176470588236 0.03772727272727273
1 0.23852941176470588 0.9227272727272727 0.051176470588235295 0.03909090909090909
1 0.3835294117647059 0.765 0.16941176470588235 0.03636363636363636
1 0.7570588235294118 0.9256818181818182 0.05764705882352941 0.03954545454545454
1 0.2973529411764706 0.0325 0.039411764705882354 0.02409090909090909
1 0.5514705882352942 0.7634090909090909 0.14529411764705882 0.03590909090909091
1 0.5720588235294117 0.36886363636363634 0.09470588235294118 0.03409090909090909
1 0.4167647058823529 0.8575 0.061764705882352944 0.04045454545454545
1 0.5870588235294117 0.923409090909091 0.058823529411764705 0.03954545454545454
1 0.09441176470588235 0.5636363636363636 0.07705882352941176 0.03636363636363636
1 0.46205882352941174 0.6084090909090909 0.13705882352941176 0.03318181818181818
1 0.09117647058823529 0.4043181818181818 0.07882352941176471 0.03590909090909091
1 0.505 0.9247727272727273 0.060588235294117644 0.03954545454545454
1 0.8423529411764706 0.8572727272727273 0.052941176470588235 0.03909090909090909
1 0.6738235294117647 0.8606818181818182 0.06294117647058824 0.03954545454545454
1 0.09823529411764706 0.7636363636363637 0.08470588235294117 0.03636363636363636
1 0.09705882352941177 0.7231818181818181 0.0811764705882353 0.03636363636363636
1 0.5002941176470588 0.44636363636363635 0.06647058823529411 0.03363636363636364
1 0.5888235294117647 0.8577272727272728 0.06470588235294118 0.04
1 0.41 0.3640909090909091 0.20823529411764705 0.03727272727272727
1 0.0961764705882353 0.6047727272727272 0.07823529411764706 0.03590909090909091
1 0.6738235294117647 0.9247727272727273 0.06294117647058824 0.03772727272727273
1 0.3288235294117647 0.8563636363636363 0.06470588235294118 0.03909090909090909
1 0.6211764705882353 0.7272727272727273 0.2223529411764706 0.03
1 0.5455882352941176 0.038863636363636364 0.08294117647058824 0.02772727272727273
1 0.5064705882352941 0.4109090909090909 0.06705882352941177 0.02727272727272727
1 0.3552941176470588 0.5675 0.11058823529411765 0.028636363636363637
1 0.3476470588235294 0.6075 0.09529411764705882 0.03409090909090909