1 0.3746312684365782 0.7054669703872437 0.1368731563421829 0.03781321184510251
1 0.764306784660767 0.8747152619589977 0.061946902654867256 0.0428246013667426
1 0.8474926253687316 0.9428246013667426 0.06430678466076696 0.04145785876993166
1 0.5631268436578171 0.6375854214123007 0.027728613569321534 0.03325740318906606
1 0.41858407079646015 0.9428246013667426 0.052507374631268436 0.03963553530751709
1 0.5129793510324484 0.4378132118451025 0.14218289085545724 0.03462414578587699
1 0.6548672566371682 0.7444191343963553 0.2336283185840708 0.03826879271070615
1 0.6277286135693215 0.5895216400911162 0.13569321533923304 0.03462414578587699
1 0.3887905604719764 0.5492027334851937 0.14277286135693215 0.03963553530751709
1 0.1215339233038348 0.7029612756264237 0.0743362831858407 0.03553530751708428
1 0.41563421828908553 0.7464692482915718 0.21179941002949854 0.03416856492027335
1 0.716519174041298 0.5904328018223235 0.03008849557522124 0.03553530751708428
1 0.11592920353982301 0.39248291571753985 0.05958702064896755 0.03690205011389522
1 0.12182890855457228 0.4758542141230068 0.06902654867256637 0.03690205011389522
1 0.6017699115044248 0.6357630979498861 0.05191740412979351 0.03416856492027335
1 0.16460176991150444 0.9432801822323462 0.05309734513274336 0.03781321184510251
1 0.7755162241887905 0.5927107061503417 0.08436578171091445 0.0337129840546697
1 0.335693215339233 0.9430523917995444 0.06135693215339233 0.03826879271070615
1 0.1648967551622419 0.874259681093394 0.05604719764011799 0.0428246013667426
1 0.12212389380530973 0.5482915717539864 0.07669616519174041 0.03599088838268793
1 0.2557522123893805 0.8760820045558086 0.07138643067846608 0.03917995444191344
1 0.2471976401179941 0.9430523917995444 0.05781710914454277 0.04009111617312073
1 0.375811209439528 0.7906605922551253 0.1392330383480826 0.03416856492027335
1 0.7675516224188791 0.9419134396355353 0.06725663716814159 0.04145785876993166
1 0.2896755162241888 0.06924829157175398 0.04365781710914454 0.021867881548974944
1 0.504424778761062 0.7906605922551253 0.10973451327433628 0.03325740318906606
1 0.6474926253687315 0.3931662870159453 0.08672566371681416 0.03735763097949886
1 0.5825958702064897 0.4009111617312073 0.033628318584070796 0.04191343963553531
1 0.5129793510324484 0.3958997722095672 0.1056047197640118 0.03826879271070615
1 0.42979351032448376 0.8776765375854214 0.06666666666666667 0.03963553530751709
1 0.5929203539823009 0.9419134396355353 0.06725663716814159 0.04145785876993166
1 0.4300884955752212 0.5908883826879271 0.2359882005899705 0.03644646924829157
1 0.5876106194690266 0.5562642369020501 0.03185840707964602 0.03917995444191344
1 0.5061946902654867 0.6339407744874715 0.08613569321533923 0.03325740318906606
1 0.4935103244837758 0.479498861047836 0.11150442477876106 0.03507972665148064
1 0.5935103244837758 0.875626423690205 0.06607669616519174 0.04009111617312073
1 0.12094395280235988 0.5892938496583143 0.07551622418879056 0.03416856492027335
1 0.6191740412979351 0.47904328018223236 0.07846607669616519 0.03325740318906606
1 0.5578171091445427 0.06856492027334853 0.11032448377581121 0.02232346241457859
1 0.6097345132743363 0.4407744874715262 0.028908554572271386 0.03143507972665148
1 0.6808259587020649 0.4380410022779043 0.10147492625368731 0.03234624145785877
1 0.5056047197640118 0.9437357630979499 0.058997050147492625 0.04054669703872437
1 0.8489675516224189 0.876993166287016 0.07079646017699115 0.04191343963553531
1 0.671976401179941 0.8765375854214122 0.06253687315634218 0.04555808656036447
1 0.38200589970501475 0.6325740318906606 0.14690265486725665 0.03507972665148064
1 0.12595870206489676 0.7886104783599088 0.07610619469026549 0.03462414578587699
1 0.5640117994100295 0.4824601366742597 0.02831858407079646 0.03189066059225513
1 0.5061946902654867 0.8776765375854214 0.06017699115044248 0.03781321184510251
1 0.6421828908554572 0.54874715261959 0.07492625368731563 0.03781321184510251
1 0.5073746312684366 0.7045558086560364 0.10737463126843658 0.03507972665148064
1 0.128023598820059 0.6314350797266515 0.07669616519174041 0.03462414578587699
1 0.6761061946902654 0.9439635535307517 0.07079646017699115 0.04555808656036447
1 0.34365781710914456 0.8772209567198178 0.07256637168141593 0.0387243735763098
1 0.12477876106194691 0.7476082004555809 0.07492625368731563 0.03280182232346242
1 0.1215339233038348 0.4396355353075171 0.06253687315634218 0.030979498861047835
1 0.5147492625368731 0.5517084282460136 0.09144542772861357 0.03735763097949886