1 0.41147058823529414 0.6820454545454545 0.19117647058823528 0.031363636363636364
1 0.5764705882352941 0.6852272727272727 0.11176470588235295 0.028636363636363637
1 0.7638235294117647 0.8618181818181818 0.05588235294117647 0.03636363636363636
1 0.8520588235294118 0.9279545454545455 0.07235294117647059 0.03954545454545454
1 0.5994117647058823 0.6145454545454545 0.023529411764705882 0.03272727272727273
1 0.41323529411764703 0.9256818181818182 0.04647058823529412 0.03772727272727273
1 0.385 0.6134090909090909 0.15235294117647058 0.030454545454545453
1 0.6735294117647059 0.77 0.052941176470588235 0.03090909090909091
1 0.6608823529411765 0.6877272727272727 0.027647058823529413 0.03090909090909091
1 0.755 0.5281818181818182 0.08647058823529412 0.03272727272727273
1 0.3988235294117647 0.4093181818181818 0.17882352941176471 0.030454545454545453
1 0.10764705882352942 0.6765909090909091 0.08352941176470588 0.031363636363636364
1 0.11029411764705882 0.44727272727272727 0.07470588235294118 0.035454545454545454
1 0.4244117647058824 0.7225 0.2252941176470588 0.030454545454545453
1 0.6058823529411764 0.7268181818181818 0.12 0.03272727272727273
1 0.15470588235294117 0.9227272727272727 0.05176470588235294 0.03909090909090909
1 0.7923529411764706 0.5718181818181818 0.09411764705882353 0.031818181818181815
1 0.33029411764705885 0.9254545454545454 0.05588235294117647 0.04
1 0.1585294117647059 0.8552272727272727 0.05235294117647059 0.03681818181818182
1 0.4117647058823529 0.5247727272727273 0.18705882352941178 0.030454545454545453
1 0.10235294117647059 0.5215909090909091 0.07294117647058823 0.02772727272727273
1 0.6441176470588236 0.6147727272727272 0.06 0.02772727272727273
1 0.24705882352941178 0.8570454545454546 0.04470588235294118 0.03772727272727273
1 0.24676470588235294 0.9222727272727272 0.0488235294117647 0.03909090909090909
1 0.40352941176470586 0.7679545454545454 0.18235294117647058 0.031363636363636364
1 0.7626470588235295 0.9268181818181818 0.07235294117647059 0.03909090909090909
1 0.10441176470588236 0.36227272727272725 0.07352941176470588 0.034545454545454546
1 0.5523529411764706 0.7693181818181818 0.09058823529411765 0.031363636363636364
1 0.6544117647058824 0.45636363636363636 0.06529411764705882 0.028181818181818183
1 0.678235294117647 0.37 0.08352941176470588 0.03272727272727273
1 0.5458823529411765 0.3665909090909091 0.10941176470588235 0.03590909090909091
1 0.41970588235294115 0.8590909090909091 0.05 0.038181818181818185
1 0.5929411764705882 0.9275 0.05647058823529412 0.038636363636363635
1 0.42470588235294116 0.5677272727272727 0.22823529411764706 0.03363636363636364
1 0.5820588235294117 0.5265909090909091 0.1323529411764706 0.029545454545454545
1 0.5288235294117647 0.6111363636363636 0.0976470588235294 0.030454545454545453
1 0.5955882352941176 0.8602272727272727 0.04647058823529412 0.03772727272727273
1 0.10882352941176471 0.4036363636363636 0.07647058823529412 0.035454545454545454
1 0.10529411764705883 0.5645454545454546 0.0811764705882353 0.035454545454545454
1 0.6079411764705882 0.5670454545454545 0.12058823529411765 0.03409090909090909
1 0.5523529411764706 0.037954545454545456 0.07529411764705882 0.017727272727272727
1 0.7285294117647059 0.41113636363636363 0.0711764705882353 0.030454545454545453
1 0.7532352941176471 0.7275 0.09588235294117647 0.031363636363636364
1 0.5038235294117647 0.925 0.060588235294117644 0.04
1 0.855 0.8613636363636363 0.05823529411764706 0.03909090909090909
1 0.673235294117647 0.8611363636363636 0.051176470588235295 0.038636363636363635
1 0.5711764705882353 0.4113636363636364 0.15176470588235294 0.031818181818181815
1 0.3820588235294118 0.4536363636363636 0.14058823529411765 0.03363636363636364
1 0.10823529411764705 0.7638636363636364 0.07529411764705882 0.03318181818181818
1 0.10705882352941176 0.7218181818181818 0.07764705882352942 0.02909090909090909
1 0.6720588235294118 0.41113636363636363 0.026470588235294117 0.035
1 0.5217647058823529 0.455 0.11176470588235295 0.03090909090909091
1 0.6291176470588236 0.7725 0.02411764705882353 0.03227272727272727
1 0.5041176470588236 0.8597727272727272 0.04941176470588235 0.038636363636363635
1 0.6835294117647058 0.5286363636363637 0.027058823529411764 0.03090909090909091
1 0.3985294117647059 0.3643181818181818 0.1535294117647059 0.03681818181818182
1 0.10205882352941177 0.6047727272727272 0.07941176470588235 0.03590909090909091
1 0.68 0.9245454545454546 0.07529411764705882 0.03909090909090909
1 0.3335294117647059 0.8586363636363636 0.05411764705882353 0.038181818181818185
1 0.7285294117647059 0.685 0.08176470588235295 0.028181818181818183
1 0.3111764705882353 0.032045454545454544 0.05176470588235294 0.020454545454545454
1 0.6220588235294118 0.3709090909090909 0.022941176470588236 0.035454545454545454
1 0.6047058823529412 0.4561363636363636 0.02235294117647059 0.028636363636363637
1 0.7288235294117648 0.5706818181818182 0.024705882352941175 0.02772727272727273
1 0.6908823529411765 0.73 0.028823529411764706 0.035454545454545454