1 0.4123529411764706 0.6852272727272727 0.16705882352941176 0.04318181818181818
1 0.7608823529411765 0.8645454545454545 0.054705882352941174 0.03909090909090909
1 0.8444117647058823 0.9340909090909091 0.057058823529411766 0.038181818181818185
1 0.5373529411764706 0.610909090909091 0.10647058823529412 0.034545454545454546
1 0.41352941176470587 0.9293181818181818 0.04588235294117647 0.03409090909090909
1 0.533235294117647 0.5277272727272727 0.12529411764705883 0.035454545454545454
1 0.8541176470588235 0.8613636363636363 0.06941176470588235 0.038181818181818185
1 0.3973529411764706 0.6134090909090909 0.15941176470588236 0.03590909090909091
1 0.6464705882352941 0.7781818181818182 0.06352941176470588 0.03
1 0.41294117647058826 0.4486363636363636 0.16 0.03727272727272727
1 0.4288235294117647 0.7229545454545454 0.21529411764705883 0.03681818181818182
1 0.09676470588235295 0.6818181818181818 0.07 0.03363636363636364
1 0.1038235294117647 0.36477272727272725 0.05 0.03409090909090909
1 0.10676470588235294 0.4470454545454545 0.060588235294117644 0.03409090909090909
1 0.6144117647058823 0.7243181818181819 0.13823529411764707 0.035
1 0.15676470588235294 0.923409090909091 0.054705882352941174 0.038636363636363635
1 0.3285294117647059 0.9281818181818182 0.057058823529411766 0.035454545454545454
1 0.38823529411764707 0.5256818181818181 0.15058823529411763 0.03954545454545454
1 0.11411764705882353 0.5252272727272728 0.0811764705882353 0.03409090909090909
1 0.25029411764705883 0.8563636363636363 0.061764705882352944 0.04
1 0.2447058823529412 0.9247727272727273 0.05411764705882353 0.03681818181818182
1 0.4011764705882353 0.7745454545454545 0.14941176470588236 0.034545454545454546
1 0.7626470588235295 0.9311363636363637 0.06411764705882353 0.03772727272727273
1 0.305 0.031818181818181815 0.03470588235294118 0.026363636363636363
1 0.5314705882352941 0.7756818181818181 0.09588235294117647 0.03318181818181818
1 0.4320588235294118 0.4097727272727273 0.19823529411764707 0.04045454545454545
1 0.4244117647058824 0.8581818181818182 0.0711764705882353 0.04
1 0.5882352941176471 0.935 0.06823529411764706 0.03090909090909091
1 0.4194117647058824 0.5681818181818182 0.2188235294117647 0.035454545454545454
1 0.5938235294117648 0.8579545454545454 0.0711764705882353 0.03954545454545454
1 0.105 0.40636363636363637 0.054705882352941174 0.035454545454545454
1 0.596764705882353 0.57 0.1476470588235294 0.031818181818181815
1 0.59 0.03977272727272727 0.09294117647058824 0.023181818181818182
1 0.6305882352941177 0.5363636363636364 0.03882352941176471 0.031818181818181815
1 0.7802941176470588 0.5718181818181818 0.14529411764705882 0.03636363636363636
1 0.7705882352941177 0.7272727272727273 0.09529411764705882 0.034545454545454546
1 0.49676470588235294 0.935 0.03823529411764706 0.03636363636363636
1 0.555 0.6897727272727273 0.10529411764705883 0.031363636363636364
1 0.10441176470588236 0.7670454545454546 0.07705882352941176 0.035
1 0.7238235294117648 0.53 0.11235294117647059 0.034545454545454546
1 0.5097058823529412 0.8584090909090909 0.0688235294117647 0.03954545454545454
1 0.6885294117647058 0.5713636363636364 0.03705882352941176 0.03272727272727273
1 0.611764705882353 0.6163636363636363 0.03058823529411765 0.03909090909090909
1 0.4023529411764706 0.36954545454545457 0.1423529411764706 0.03636363636363636
1 0.1161764705882353 0.6147727272727272 0.0888235294117647 0.03590909090909091
1 0.673235294117647 0.9277272727272727 0.05941176470588235 0.03727272727272727
1 0.3323529411764706 0.8611363636363636 0.06352941176470588 0.04318181818181818
1 0.6820588235294117 0.6134090909090909 0.10176470588235294 0.03590909090909091
1 0.10058823529411764 0.7263636363636363 0.07411764705882352 0.031818181818181815
1 0.67 0.6927272727272727 0.06470588235294118 0.02727272727272727
1 0.6188235294117647 0.6959090909090909 0.02588235294117647 0.02181818181818182
1 0.7032352941176471 0.7277272727272728 0.03705882352941176 0.03272727272727273
1 0.595 0.7827272727272727 0.028823529411764706 0.024545454545454544
1 0.68 0.8622727272727273 0.07647058823529412 0.038181818181818185
1 0.115 0.5713636363636364 0.08764705882352941 0.034545454545454546
1 0.16058823529411764 0.8572727272727273 0.08235294117647059 0.035454545454545454