1 0.42176470588235293 0.6834090909090909 0.24352941176470588 0.03681818181818182
1 0.7644117647058823 0.8568181818181818 0.05823529411764706 0.04
1 0.8464705882352941 0.9288636363636363 0.07294117647058823 0.04045454545454545
1 0.4167647058823529 0.9268181818181818 0.06529411764705882 0.038181818181818185
1 0.3511764705882353 0.6115909090909091 0.09647058823529411 0.03954545454545454
1 0.47058823529411764 0.4113636363636364 0.03176470588235294 0.035454545454545454
1 0.6647058823529411 0.7711363636363636 0.0611764705882353 0.031363636363636364
1 0.42058823529411765 0.7275 0.2388235294117647 0.035
1 0.37529411764705883 0.4081818181818182 0.14470588235294118 0.03636363636363636
1 0.10764705882352942 0.6788636363636363 0.08 0.035
1 0.11 0.36454545454545456 0.06705882352941177 0.034545454545454546
1 0.10264705882352941 0.4470454545454545 0.061764705882352944 0.035
1 0.15588235294117647 0.9238636363636363 0.06352941176470588 0.04045454545454545
1 0.7694117647058824 0.7275 0.08 0.03318181818181818
1 0.32794117647058824 0.9245454545454546 0.060588235294117644 0.03909090909090909
1 0.16 0.8568181818181818 0.06352941176470588 0.04
1 0.39088235294117646 0.5254545454545455 0.17 0.03272727272727273
1 0.11029411764705882 0.5215909090909091 0.07352941176470588 0.03409090909090909
1 0.6135294117647059 0.725 0.13294117647058823 0.03272727272727273
1 0.24176470588235294 0.8575 0.058823529411764705 0.04045454545454545
1 0.6079411764705882 0.6829545454545455 0.1111764705882353 0.03409090909090909
1 0.24382352941176472 0.925 0.06529411764705882 0.03909090909090909
1 0.3888235294117647 0.7706818181818181 0.18352941176470589 0.03318181818181818
1 0.7623529411764706 0.9272727272727272 0.06823529411764706 0.04
1 0.5447058823529412 0.7709090909090909 0.11411764705882353 0.03363636363636364
1 0.5597058823529412 0.41204545454545455 0.13823529411764707 0.035
1 0.4211764705882353 0.8577272727272728 0.06470588235294118 0.04
1 0.59 0.9270454545454545 0.06 0.03772727272727273
1 0.10735294117647058 0.5684090909090909 0.08058823529411764 0.03590909090909091
1 0.3588235294117647 0.5711363636363637 0.12352941176470589 0.029545454545454545
1 0.43823529411764706 0.4531818181818182 0.03176470588235294 0.034545454545454546
1 0.5914705882352941 0.8584090909090909 0.0711764705882353 0.04045454545454545
1 0.10558823529411765 0.4056818181818182 0.06411764705882353 0.03590909090909091
1 0.5688235294117647 0.03681818181818182 0.11294117647058824 0.024545454545454544
1 0.5052941176470588 0.9275 0.06235294117647059 0.03772727272727273
1 0.8497058823529412 0.8572727272727273 0.06764705882352941 0.04090909090909091
1 0.6761764705882353 0.8588636363636364 0.06647058823529411 0.042272727272727274
1 0.36264705882352943 0.45045454545454544 0.11 0.03636363636363636
1 0.10147058823529412 0.7643181818181818 0.07941176470588235 0.035
1 0.10176470588235294 0.7227272727272728 0.08470588235294117 0.035454545454545454
1 0.5070588235294118 0.4547727272727273 0.08588235294117647 0.03227272727272727
1 0.5023529411764706 0.8584090909090909 0.0611764705882353 0.03954545454545454
1 0.3835294117647059 0.3668181818181818 0.15058823529411763 0.038181818181818185
1 0.1011764705882353 0.6054545454545455 0.07882352941176471 0.03636363636363636
1 0.6741176470588235 0.9263636363636364 0.06352941176470588 0.04090909090909091
1 0.5811764705882353 0.3718181818181818 0.13058823529411764 0.03727272727272727
1 0.3326470588235294 0.8579545454545454 0.057058823529411766 0.04045454545454545
1 0.7044117647058824 0.7272727272727273 0.027647058823529413 0.03272727272727273
1 0.7364705882352941 0.6838636363636363 0.0611764705882353 0.03227272727272727
1 0.29411764705882354 0.03409090909090909 0.04352941176470588 0.02
1 0.4908823529411765 0.3709090909090909 0.03 0.038181818181818185
1 0.6897058823529412 0.6904545454545454 0.026470588235294117 0.03272727272727273
1 0.6179411764705882 0.7784090909090909 0.019411764705882354 0.03318181818181818
1 0.5341176470588235 0.5281818181818182 0.11058823529411765 0.035454545454545454
1 0.47294117647058825 0.5709090909090909 0.09647058823529411 0.03272727272727273
1 0.4376470588235294 0.6131818181818182 0.07411764705882352 0.03363636363636364