1 0.3864705882352941 0.6856818181818182 0.14941176470588236 0.035
1 0.5114705882352941 0.6865909090909091 0.07235294117647059 0.031363636363636364
1 0.7605882352941177 0.8584090909090909 0.05058823529411765 0.035
1 0.8491176470588235 0.9302272727272727 0.04764705882352941 0.03772727272727273
1 0.5405882352941176 0.5754545454545454 0.08941176470588236 0.03272727272727273
1 0.41705882352941176 0.9277272727272727 0.04941176470588235 0.034545454545454546
1 0.40705882352941175 0.45795454545454545 0.19411764705882353 0.03681818181818182
1 0.38823529411764707 0.5720454545454545 0.14705882352941177 0.035
1 0.41705882352941176 0.41545454545454547 0.18941176470588236 0.03363636363636364
1 0.6220588235294118 0.6884090909090909 0.07470588235294118 0.03318181818181818
1 0.4147058823529412 0.7275 0.2164705882352941 0.03590909090909091
1 0.10176470588235294 0.6847727272727273 0.07176470588235294 0.035
1 0.10441176470588236 0.45204545454545453 0.08411764705882353 0.03772727272727273
1 0.10794117647058823 0.3675 0.08411764705882353 0.03590909090909091
1 0.4555882352941176 0.7752272727272728 0.08294117647058824 0.030454545454545453
1 0.16058823529411764 0.9286363636363636 0.05647058823529412 0.03727272727272727
1 0.32235294117647056 0.93 0.04352941176470588 0.038181818181818185
1 0.15764705882352942 0.8620454545454546 0.04470588235294118 0.038636363636363635
1 0.10558823529411765 0.5293181818181818 0.051176470588235295 0.035
1 0.6023529411764705 0.7279545454545454 0.14 0.03681818181818182
1 0.24176470588235294 0.8643181818181818 0.041176470588235294 0.03681818181818182
1 0.24558823529411763 0.9297727272727273 0.051176470588235295 0.03590909090909091
1 0.36205882352941177 0.7745454545454545 0.11470588235294117 0.031818181818181815
1 0.7629411764705882 0.9277272727272727 0.05058823529411765 0.038181818181818185
1 0.2852941176470588 0.035 0.04470588235294118 0.022727272727272728
1 0.6014705882352941 0.41409090909090907 0.15588235294117647 0.03636363636363636
1 0.41705882352941176 0.8615909090909091 0.041176470588235294 0.03772727272727273
1 0.585 0.9281818181818182 0.05 0.04
1 0.3517647058823529 0.5304545454545454 0.08705882352941176 0.03727272727272727
1 0.5614705882352942 0.45840909090909093 0.045294117647058825 0.03227272727272727
1 0.518235294117647 0.7781818181818182 0.02588235294117647 0.02909090909090909
1 0.11294117647058824 0.5693181818181818 0.05411764705882353 0.03409090909090909
1 0.5661764705882353 0.04022727272727273 0.11352941176470588 0.021363636363636362
1 0.555 0.375 0.0488235294117647 0.031818181818181815
1 0.7532352941176471 0.41409090909090907 0.08764705882352941 0.035454545454545454
1 0.49823529411764705 0.9279545454545455 0.04 0.03954545454545454
1 0.8505882352941176 0.8588636363636364 0.05529411764705883 0.03590909090909091
1 0.6726470588235294 0.8584090909090909 0.051176470588235295 0.03590909090909091
1 0.1038235294117647 0.7722727272727272 0.07235294117647059 0.03363636363636364
1 0.10617647058823529 0.7245454545454545 0.07352941176470588 0.034545454545454546
1 0.5835294117647059 0.8613636363636363 0.042352941176470586 0.038181818181818185
1 0.4958823529411765 0.8645454545454545 0.03411764705882353 0.03727272727272727
1 0.7044117647058824 0.4163636363636364 0.028823529411764706 0.03727272727272727
1 0.37029411764705883 0.3729545454545454 0.11235294117647059 0.035
1 0.11088235294117647 0.6088636363636364 0.06294117647058824 0.03772727272727273
1 0.6758823529411765 0.9263636363636364 0.05764705882352941 0.03727272727272727
1 0.4602941176470588 0.3715909090909091 0.08176470588235295 0.03409090909090909
1 0.32382352941176473 0.8638636363636364 0.039411764705882354 0.03681818181818182
1 0.10764705882352942 0.41704545454545455 0.0988235294117647 0.041363636363636366
1 0.5152941176470588 0.37477272727272726 0.021176470588235293 0.04045454545454545
1 0.5241176470588236 0.46204545454545454 0.02 0.03772727272727273
1 0.4573529411764706 0.5306818181818181 0.07352941176470588 0.02772727272727273
1 0.4111764705882353 0.535 0.024705882352941175 0.025454545454545455
1 0.4808823529411765 0.5747727272727273 0.03 0.03227272727272727
1 0.34352941176470586 0.6209090909090909 0.08235294117647059 0.04090909090909091
1 0.4441176470588235 0.6234090909090909 0.07294117647058823 0.03318181818181818
1 0.3988235294117647 0.6225 0.021176470588235293 0.02590909090909091
1 0.5726470588235294 0.7779545454545455 0.08294117647058824 0.029545454545454545
1 0.6894117647058824 0.7338636363636364 0.02588235294117647 0.02590909090909091
1 0.7573529411764706 0.7327272727272728 0.10411764705882352 0.03272727272727273
1 0.5735294117647058 0.6931818181818182 0.023529411764705882 0.025454545454545455