1 0.39441176470588235 0.685 0.14882352941176472 0.04
1 0.7714705882352941 0.8604545454545455 0.07352941176470588 0.04363636363636364
1 0.8611764705882353 0.9247727272727273 0.07764705882352942 0.04045454545454545
1 0.5541176470588235 0.6168181818181818 0.08705882352941176 0.03363636363636364
1 0.4288235294117647 0.9275 0.07647058823529412 0.042272727272727274
1 0.8588235294117647 0.8543181818181819 0.06823529411764706 0.04863636363636364
1 0.3938235294117647 0.6143181818181818 0.1676470588235294 0.03772727272727273
1 0.6388235294117647 0.7713636363636364 0.09176470588235294 0.03363636363636364
1 0.3785294117647059 0.4593181818181818 0.14058823529411765 0.04045454545454545
1 0.7044117647058824 0.6943181818181818 0.03470588235294118 0.03772727272727273
1 0.4108823529411765 0.7275 0.20176470588235293 0.038636363636363635
1 0.45441176470588235 0.41204545454545455 0.30176470588235293 0.038636363636363635
1 0.10352941176470588 0.6854545454545454 0.07411764705882352 0.04090909090909091
1 0.10470588235294118 0.4590909090909091 0.09058823529411765 0.03727272727272727
1 0.4802941176470588 0.7711363636363636 0.11470588235294117 0.035
1 0.1661764705882353 0.9281818181818182 0.0711764705882353 0.04363636363636364
1 0.8685294117647059 0.5668181818181818 0.11941176470588236 0.038181818181818185
1 0.34294117647058825 0.9286363636363636 0.07176470588235294 0.03909090909090909
1 0.4176470588235294 0.5293181818181818 0.19647058823529412 0.041363636363636366
1 0.10911764705882353 0.5320454545454546 0.08647058823529412 0.035
1 0.6958823529411765 0.7275 0.22705882352941176 0.03772727272727273
1 0.25470588235294117 0.8606818181818182 0.07529411764705882 0.04318181818181818
1 0.2576470588235294 0.9290909090909091 0.07294117647058823 0.04181818181818182
1 0.35823529411764704 0.7713636363636364 0.10470588235294118 0.034545454545454546
1 0.768235294117647 0.9356818181818182 0.06705882352941177 0.065
1 0.2958823529411765 0.03727272727272727 0.04941176470588235 0.025454545454545455
1 0.5641176470588235 0.7840909090909091 0.03294117647058824 0.03636363636363636
1 0.7297058823529412 0.4118181818181818 0.18058823529411766 0.04181818181818182
1 0.6005882352941176 0.36886363636363634 0.16 0.03954545454545454
1 0.4252941176470588 0.8618181818181818 0.07058823529411765 0.042727272727272725
1 0.5997058823529412 0.9293181818181818 0.07588235294117647 0.042272727272727274
1 0.5755882352941176 0.5272727272727272 0.09705882352941177 0.04
1 0.4582352941176471 0.5706818181818182 0.3035294117647059 0.03772727272727273
1 0.5944117647058823 0.8629545454545454 0.06647058823529411 0.04681818181818182
1 0.11441176470588235 0.37363636363636366 0.10058823529411764 0.03636363636363636
1 0.5552941176470588 0.038181818181818185 0.11058823529411765 0.024545454545454544
1 0.653235294117647 0.5388636363636363 0.03588235294117647 0.038636363636363635
1 0.7764705882352941 0.5688636363636363 0.042352941176470586 0.03681818181818182
1 0.5108823529411765 0.925 0.07 0.04727272727272727
1 0.6885294117647058 0.8597727272727272 0.07705882352941176 0.041363636363636366
1 0.5870588235294117 0.6836363636363636 0.19058823529411764 0.04090909090909091
1 0.9023529411764706 0.725 0.0976470588235294 0.03727272727272727
1 0.1011764705882353 0.7715909090909091 0.08941176470588236 0.042272727272727274
1 0.10794117647058823 0.7281818181818182 0.08176470588235295 0.04181818181818182
1 0.7482352941176471 0.5293181818181818 0.13411764705882354 0.03772727272727273
1 0.5385294117647059 0.45704545454545453 0.08176470588235295 0.035
1 0.5152941176470588 0.8597727272727272 0.08352941176470588 0.04681818181818182
1 0.6297058823529412 0.6268181818181818 0.03823529411764706 0.031818181818181815
1 0.3976470588235294 0.37 0.18 0.04
1 0.10441176470588236 0.6165909090909091 0.07941176470588235 0.03681818181818182
1 0.6841176470588235 0.9270454545454545 0.06470588235294118 0.04772727272727273
1 0.34058823529411764 0.8588636363636364 0.06823529411764706 0.03954545454545454
1 0.7108823529411765 0.6161363636363636 0.09470588235294118 0.031363636363636364
1 0.8173529411764706 0.6809090909090909 0.1511764705882353 0.04181818181818182
1 0.94 0.024772727272727273 0.047058823529411764 0.031363636363636364
1 0.10794117647058823 0.41295454545454546 0.09941176470588235 0.03954545454545454
1 0.10441176470588236 0.5740909090909091 0.07823529411764706 0.03727272727272727
1 0.6864705882352942 0.5688636363636363 0.12823529411764706 0.03954545454545454
1 0.8320588235294117 0.7238636363636364 0.03705882352941176 0.03772727272727273
1 0.16941176470588235 0.8613636363636363 0.08352941176470588 0.04181818181818182
1 0.5441176470588235 0.7270454545454546 0.05176470588235294 0.04681818181818182