1 0.35970588235294115 0.7331818181818182 0.11235294117647059 0.03636363636363636
1 0.49176470588235294 0.6868181818181818 0.08352941176470588 0.031818181818181815
1 0.7561764705882353 0.8613636363636363 0.045294117647058825 0.034545454545454546
1 0.8455882352941176 0.9277272727272727 0.05352941176470588 0.038181818181818185
1 0.41970588235294115 0.9290909090909091 0.04647058823529412 0.03636363636363636
1 0.48705882352941177 0.46886363636363637 0.027058823529411764 0.031363636363636364
1 0.763235294117647 0.9263636363636364 0.045294117647058825 0.03727272727272727
1 0.40647058823529414 0.6186363636363637 0.20470588235294118 0.04
1 0.43470588235294116 0.6945454545454546 0.021176470588235293 0.025454545454545455
1 0.2688235294117647 0.03840909090909091 0.03764705882352941 0.019545454545454546
1 0.09058823529411765 0.6865909090909091 0.07058823529411765 0.04045454545454545
1 0.10176470588235294 0.45204545454545453 0.07647058823529412 0.038636363636363635
1 0.3629411764705882 0.6909090909090909 0.12 0.034545454545454546
1 0.10088235294117646 0.37 0.08058823529411764 0.03636363636363636
1 0.45529411764705885 0.7745454545454545 0.08705882352941176 0.031818181818181815
1 0.1585294117647059 0.93 0.051176470588235295 0.03727272727272727
1 0.095 0.5736363636363636 0.09235294117647058 0.035454545454545454
1 0.33441176470588235 0.9288636363636363 0.05235294117647059 0.03681818181818182
1 0.1588235294117647 0.8604545454545455 0.04588235294117647 0.03727272727272727
1 0.6729411764705883 0.8602272727272727 0.04352941176470588 0.03590909090909091
1 0.5305882352941177 0.4597727272727273 0.06823529411764706 0.03227272727272727
1 0.5576470588235294 0.6256818181818182 0.07294117647058823 0.029545454545454545
1 0.2447058823529412 0.8597727272727272 0.04470588235294118 0.03772727272727273
1 0.24705882352941178 0.9290909090909091 0.05176470588235294 0.03727272727272727
1 0.34705882352941175 0.7772727272727272 0.08470588235294117 0.026363636363636363
1 0.6338235294117647 0.41454545454545455 0.1111764705882353 0.03727272727272727
1 0.5567647058823529 0.41659090909090907 0.027647058823529413 0.03590909090909091
1 0.4758823529411765 0.41545454545454547 0.11647058823529412 0.03636363636363636
1 0.4164705882352941 0.8625 0.04941176470588235 0.03772727272727273
1 0.5888235294117647 0.9272727272727272 0.05176470588235294 0.03727272727272727
1 0.3885294117647059 0.535 0.1711764705882353 0.03727272727272727
1 0.5155882352941177 0.5322727272727272 0.07705882352941176 0.03090909090909091
1 0.41058823529411764 0.575 0.2211764705882353 0.031818181818181815
1 0.5052941176470588 0.8618181818181818 0.047058823529411764 0.03727272727272727
1 0.0988235294117647 0.5306818181818181 0.08470588235294117 0.03772727272727273
1 0.5726470588235294 0.5806818181818182 0.09352941176470589 0.03227272727272727
1 0.5620588235294117 0.03954545454545454 0.11352941176470588 0.02181818181818182
1 0.5011764705882353 0.9288636363636363 0.04352941176470588 0.038636363636363635
1 0.8488235294117648 0.8597727272727272 0.04941176470588235 0.035
1 0.5114705882352941 0.37613636363636366 0.0688235294117647 0.03409090909090909
1 0.3402941176470588 0.4593181818181818 0.07588235294117647 0.03318181818181818
1 0.09411764705882353 0.7704545454545455 0.06941176470588235 0.03636363636363636
1 0.09941176470588235 0.6140909090909091 0.08235294117647059 0.03636363636363636
1 0.5905882352941176 0.8611363636363636 0.05764705882352941 0.03772727272727273
1 0.34 0.37204545454545457 0.08 0.03681818181818182
1 0.5061764705882353 0.7347727272727272 0.11 0.03318181818181818
1 0.6679411764705883 0.9270454545454545 0.04764705882352941 0.038636363636363635
1 0.32794117647058824 0.8606818181818182 0.045294117647058825 0.03681818181818182
1 0.35823529411764704 0.4113636363636364 0.11176470588235295 0.038181818181818185
1 0.46588235294117647 0.38113636363636366 0.02 0.02772727272727273
1 0.4176470588235294 0.375 0.07176470588235294 0.034545454545454546
1 0.4252941176470588 0.4602272727272727 0.08352941176470588 0.03409090909090909
1 0.095 0.7295454545454545 0.07352941176470588 0.04090909090909091
1 0.09352941176470589 0.41204545454545455 0.07411764705882352 0.03681818181818182
1 0.3185294117647059 0.04 0.05823529411764706 0.01818181818181818
1 0.4258823529411765 0.7418181818181818 0.02823529411764706 0.031818181818181815