1 0.42970588235294116 0.7281818181818182 0.2676470588235294 0.04454545454545455
1 0.76 0.8629545454545454 0.07411764705882352 0.041363636363636366
1 0.8423529411764706 0.9252272727272727 0.06941176470588235 0.04045454545454545
1 0.40941176470588236 0.9245454545454546 0.06235294117647059 0.03636363636363636
1 0.7976470588235294 0.7775 0.10235294117647059 0.035
1 0.3776470588235294 0.6102272727272727 0.15294117647058825 0.038636363636363635
1 0.4461764705882353 0.4134090909090909 0.2994117647058824 0.04772727272727273
1 0.4052941176470588 0.46045454545454545 0.2235294117647059 0.04090909090909091
1 0.8152941176470588 0.4143181818181818 0.047058823529411764 0.04045454545454545
1 0.09852941176470588 0.68 0.10176470588235294 0.038181818181818185
1 0.415 0.6877272727272727 0.23823529411764705 0.035454545454545454
1 0.8476470588235294 0.5334090909090909 0.14823529411764705 0.03772727272727273
1 0.11647058823529412 0.44795454545454544 0.0988235294117647 0.03772727272727273
1 0.15176470588235294 0.9236363636363636 0.06470588235294118 0.04181818181818182
1 0.8005882352941176 0.5768181818181818 0.03529411764705882 0.035454545454545454
1 0.3305882352941176 0.9247727272727273 0.06705882352941177 0.03772727272727273
1 0.15470588235294117 0.8561363636363636 0.06705882352941177 0.042272727272727274
1 0.6952941176470588 0.7311363636363636 0.24941176470588236 0.042272727272727274
1 0.5897058823529412 0.4577272727272727 0.14411764705882352 0.042727272727272725
1 0.10647058823529412 0.5225 0.10352941176470588 0.03681818181818182
1 0.6623529411764706 0.6281818181818182 0.029411764705882353 0.03909090909090909
1 0.24588235294117647 0.8547727272727272 0.07882352941176471 0.04409090909090909
1 0.23970588235294119 0.9227272727272727 0.060588235294117644 0.038181818181818185
1 0.40588235294117647 0.7722727272727272 0.2211764705882353 0.038181818181818185
1 0.7614705882352941 0.9243181818181818 0.06764705882352941 0.04045454545454545
1 0.10764705882352942 0.3638636363636364 0.10823529411764705 0.03681818181818182
1 0.6926470588235294 0.41545454545454547 0.18176470588235294 0.04
1 0.42470588235294116 0.855 0.07882352941176471 0.045454545454545456
1 0.5935294117647059 0.8615909090909091 0.08470588235294117 0.04681818181818182
1 0.10558823529411765 0.5668181818181818 0.10647058823529412 0.03909090909090909
1 0.6294117647058823 0.5284090909090909 0.21058823529411766 0.03954545454545454
1 0.6208823529411764 0.775 0.20411764705882354 0.04
1 0.115 0.4084090909090909 0.11 0.038636363636363635
1 0.6602941176470588 0.5718181818181818 0.21823529411764706 0.03909090909090909
1 0.5705882352941176 0.03772727272727273 0.1376470588235294 0.025454545454545455
1 0.5058823529411764 0.9254545454545454 0.06705882352941177 0.04090909090909091
1 0.8491176470588235 0.6904545454545454 0.11352941176470588 0.03636363636363636
1 0.6808823529411765 0.8613636363636363 0.08176470588235295 0.04363636363636364
1 0.6694117647058824 0.37227272727272726 0.14352941176470588 0.03727272727272727
1 0.6558823529411765 0.6897727272727273 0.23529411764705882 0.04045454545454545
1 0.8779411764705882 0.5743181818181818 0.12058823529411765 0.03772727272727273
1 0.11088235294117647 0.7636363636363637 0.10294117647058823 0.03727272727272727
1 0.10647058823529412 0.7225 0.1 0.038636363636363635
1 0.5073529411764706 0.8615909090909091 0.08294117647058824 0.04318181818181818
1 0.0 0.0 0.0 0.0
1 0.4455882352941177 0.37386363636363634 0.29705882352941176 0.04045454545454545
1 0.5464705882352942 0.6138636363636364 0.16470588235294117 0.03590909090909091
1 0.10441176470588236 0.605909090909091 0.09705882352941177 0.04
1 0.33647058823529413 0.8554545454545455 0.08 0.042727272727272725
1 0.7397058823529412 0.6202272727272727 0.11588235294117646 0.03409090909090909
1 0.3070588235294118 0.035454545454545454 0.042352941176470586 0.02727272727272727
1 0.8347058823529412 0.7397727272727272 0.03529411764705882 0.03681818181818182
1 0.8967647058823529 0.7322727272727273 0.10647058823529412 0.04363636363636364
1 0.8514705882352941 0.8654545454545455 0.08647058823529412 0.04909090909090909
1 0.0 0.0 0.0 0.0
1 0.6855882352941176 0.4697727272727273 0.04764705882352941 0.049545454545454545
1 0.4041176470588235 0.5279545454545455 0.21529411764705883 0.05136363636363636
1 0.7526470588235294 0.543409090909091 0.04647058823529412 0.03409090909090909
1 0.4158823529411765 0.5709090909090909 0.24235294117647058 0.04454545454545455
1 0.6779411764705883 0.9293181818181818 0.08176470588235295 0.041363636363636366
1 0.7361764705882353 0.7863636363636364 0.02411764705882353 0.03090909090909091
1 0.5914705882352941 0.9327272727272727 0.07941176470588235 0.04727272727272727
1 0.82 0.37522727272727274 0.11647058823529412 0.038636363636363635
1 0.8908823529411765 0.4159090909090909 0.10529411764705883 0.042727272727272725
1 0.7473529411764706 0.4611363636363636 0.0688235294117647 0.03772727272727273