1 0.3941176470588235 0.6809090909090909 0.17176470588235293 0.04090909090909091
1 0.7620588235294118 0.8570454545454546 0.0711764705882353 0.04045454545454545
1 0.8514705882352941 0.9275 0.07235294117647059 0.04045454545454545
1 0.6102941176470589 0.5677272727272727 0.16176470588235295 0.038181818181818185
1 0.4117647058823529 0.9261363636363636 0.05529411764705883 0.04045454545454545
1 0.5408823529411765 0.5231818181818182 0.11470588235294117 0.038181818181818185
1 0.3761764705882353 0.6093181818181819 0.14411764705882352 0.03772727272727273
1 0.6552941176470588 0.7270454545454546 0.1976470588235294 0.045
1 0.41058823529411764 0.40636363636363637 0.22 0.03909090909090909
1 0.0826470588235294 0.6804545454545454 0.08764705882352941 0.03909090909090909
1 0.0861764705882353 0.44977272727272727 0.07235294117647059 0.038636363636363635
1 0.6970588235294117 0.5261363636363636 0.07176470588235294 0.03409090909090909
1 0.08970588235294118 0.3640909090909091 0.08176470588235295 0.038181818181818185
1 0.5261764705882352 0.7709090909090909 0.1323529411764706 0.035454545454545454
1 0.15411764705882353 0.9270454545454545 0.05764705882352941 0.042272727272727274
1 0.7923529411764706 0.5672727272727273 0.10588235294117647 0.03727272727272727
1 0.3285294117647059 0.9263636363636364 0.060588235294117644 0.042727272727272725
1 0.1564705882352941 0.8577272727272728 0.0611764705882353 0.04
1 0.3870588235294118 0.5213636363636364 0.1635294117647059 0.042727272727272725
1 0.09205882352941176 0.5234090909090909 0.07588235294117647 0.03772727272727273
1 0.6538235294117647 0.6179545454545454 0.08294117647058824 0.03318181818181818
1 0.6394117647058823 0.5309090909090909 0.03294117647058824 0.03636363636363636
1 0.2447058823529412 0.9268181818181818 0.0611764705882353 0.03909090909090909
1 0.3788235294117647 0.7720454545454546 0.15294117647058825 0.03681818181818182
1 0.7605882352941177 0.9265909090909091 0.06 0.041363636363636366
1 0.6835294117647058 0.45295454545454544 0.11647058823529412 0.03590909090909091
1 0.6505882352941177 0.37204545454545457 0.03764705882352941 0.03227272727272727
1 0.5594117647058824 0.3675 0.12117647058823529 0.03681818181818182
1 0.4194117647058824 0.8597727272727272 0.0611764705882353 0.04045454545454545
1 0.5847058823529412 0.925 0.052941176470588235 0.042727272727272725
1 0.41147058823529414 0.5670454545454545 0.22764705882352942 0.041363636363636366
1 0.5141176470588236 0.6120454545454546 0.13529411764705881 0.04318181818181818
1 0.5832352941176471 0.8577272727272728 0.05352941176470588 0.04181818181818182
1 0.0861764705882353 0.4059090909090909 0.07823529411764706 0.04
1 0.5976470588235294 0.45636363636363636 0.029411764705882353 0.035454545454545454
1 0.5641176470588235 0.037954545454545456 0.11411764705882353 0.02409090909090909
1 0.5955882352941176 0.4088636363636364 0.1476470588235294 0.03772727272727273
1 0.5029411764705882 0.925 0.06352941176470588 0.042727272727272725
1 0.8505882352941176 0.8629545454545454 0.06823529411764706 0.03590909090909091
1 0.6738235294117647 0.855909090909091 0.05941176470588235 0.042727272727272725
1 0.7364705882352941 0.3684090909090909 0.14470588235294118 0.03954545454545454
1 0.571764705882353 0.6809090909090909 0.13647058823529412 0.03909090909090909
1 0.38176470588235295 0.45840909090909093 0.16705882352941176 0.04772727272727273
1 0.09294117647058824 0.7686363636363637 0.07764705882352942 0.03636363636363636
1 0.08941176470588236 0.7247727272727272 0.07529411764705882 0.038636363636363635
1 0.5335294117647059 0.45386363636363636 0.10588235294117647 0.03681818181818182
1 0.5041176470588236 0.8597727272727272 0.06 0.03954545454545454
1 0.7855882352941177 0.41 0.17352941176470588 0.042727272727272725
1 0.3982352941176471 0.36477272727272725 0.18 0.038636363636363635
1 0.4238235294117647 0.725909090909091 0.25823529411764706 0.038181818181818185
1 0.07235294117647059 0.6115909090909091 0.06588235294117648 0.041363636363636366
1 0.6797058823529412 0.9252272727272727 0.07352941176470588 0.042272727272727274
1 0.32735294117647057 0.8581818181818182 0.05 0.04090909090909091
1 0.7179411764705882 0.5729545454545455 0.028823529411764706 0.038636363636363635
1 0.2685294117647059 0.03295454545454545 0.03588235294117647 0.02772727272727273
1 0.3211764705882353 0.03704545454545455 0.06235294117647059 0.02590909090909091
1 0.6847058823529412 0.41045454545454546 0.029411764705882353 0.03909090909090909
1 0.5970588235294118 0.6236363636363637 0.023529411764705882 0.035454545454545454
1 0.2338235294117647 0.8588636363636364 0.045294117647058825 0.03954545454545454
1 0.0826470588235294 0.5638636363636363 0.07941176470588235 0.04045454545454545