1 0.41294117647058826 0.6806818181818182 0.2188235294117647 0.038636363636363635
1 0.44323529411764706 0.40545454545454546 0.2888235294117647 0.04090909090909091
1 0.7694117647058824 0.855909090909091 0.06823529411764706 0.03909090909090909
1 0.8514705882352941 0.9229545454545455 0.07352941176470588 0.04045454545454545
1 0.6914705882352942 0.5652272727272727 0.16176470588235295 0.038636363636363635
1 0.4161764705882353 0.9231818181818182 0.051176470588235295 0.03909090909090909
1 0.8547058823529412 0.8602272727272727 0.08 0.04681818181818182
1 0.10529411764705883 0.5686363636363636 0.07882352941176471 0.03636363636363636
1 0.6514705882352941 0.7670454545454546 0.19705882352941176 0.03409090909090909
1 0.43323529411764705 0.4486363636363636 0.25941176470588234 0.038181818181818185
1 0.725 0.6815909090909091 0.04764705882352941 0.03681818181818182
1 0.7805882352941177 0.5177272727272727 0.07294117647058823 0.03363636363636364
1 0.11558823529411764 0.6806818181818182 0.09117647058823529 0.03772727272727273
1 0.8473529411764706 0.5645454545454546 0.07235294117647059 0.034545454545454546
1 0.778235294117647 0.6088636363636364 0.04470588235294118 0.03409090909090909
1 0.09970588235294117 0.3625 0.08058823529411764 0.03590909090909091
1 0.10029411764705883 0.4470454545454545 0.07352941176470588 0.03590909090909091
1 0.15823529411764706 0.9261363636363636 0.06470588235294118 0.03772727272727273
1 0.8505882352941176 0.6077272727272728 0.08 0.035454545454545454
1 0.3323529411764706 0.9245454545454546 0.058823529411764705 0.038181818181818185
1 0.1588235294117647 0.8570454545454546 0.05764705882352941 0.038636363636363635
1 0.6620588235294118 0.4486363636363636 0.18411764705882352 0.03727272727272727
1 0.4061764705882353 0.519090909090909 0.20294117647058824 0.038181818181818185
1 0.10529411764705883 0.5215909090909091 0.07882352941176471 0.035
1 0.8844117647058823 0.4052272727272727 0.08647058823529412 0.041363636363636366
1 0.24588235294117647 0.8565909090909091 0.05529411764705883 0.03772727272727273
1 0.24941176470588236 0.9252272727272727 0.05529411764705883 0.038636363636363635
1 0.42705882352941177 0.7668181818181818 0.24705882352941178 0.03727272727272727
1 0.7644117647058823 0.92 0.05941176470588235 0.04181818181818182
1 0.71 0.3618181818181818 0.04470588235294118 0.034545454545454546
1 0.41823529411764704 0.8565909090909091 0.058823529411764705 0.038636363636363635
1 0.6011764705882353 0.5177272727272727 0.17294117647058824 0.04
1 0.4385294117647059 0.6068181818181818 0.2641176470588235 0.03727272727272727
1 0.5944117647058823 0.8561363636363636 0.060588235294117644 0.03954545454545454
1 0.10647058823529412 0.40613636363636363 0.07058823529411765 0.038636363636363635
1 0.6729411764705883 0.610909090909091 0.17647058823529413 0.038181818181818185
1 0.6 0.36204545454545456 0.15294117647058825 0.038636363636363635
1 0.7773529411764706 0.4540909090909091 0.04411764705882353 0.034545454545454546
1 0.5108823529411765 0.9231818181818182 0.0688235294117647 0.038181818181818185
1 0.8808823529411764 0.7218181818181818 0.07823529411764706 0.03
1 0.6752941176470588 0.8547727272727272 0.06 0.04409090909090909
1 0.7844117647058824 0.36 0.0888235294117647 0.034545454545454546
1 0.6223529411764706 0.6802272727272727 0.17176470588235293 0.03772727272727273
1 0.8573529411764705 0.7675 0.10647058823529412 0.03590909090909091
1 0.10764705882352942 0.7675 0.08705882352941176 0.035
1 0.10911764705882353 0.7229545454545454 0.08529411764705883 0.03590909090909091
1 0.5029411764705882 0.8561363636363636 0.05176470588235294 0.04045454545454545
1 0.7144117647058823 0.5206818181818181 0.04764705882352941 0.03590909090909091
1 0.86 0.45045454545454544 0.09058823529411765 0.035454545454545454
1 0.41205882352941176 0.3597727272727273 0.2088235294117647 0.03681818181818182
1 0.4470588235294118 0.7225 0.2988235294117647 0.03681818181818182
1 0.10529411764705883 0.6036363636363636 0.0811764705882353 0.03727272727272727
1 0.6826470588235294 0.923409090909091 0.07235294117647059 0.038636363636363635
1 0.6964705882352941 0.4072727272727273 0.20470588235294118 0.042727272727272725
1 0.3276470588235294 0.8568181818181818 0.05647058823529412 0.038181818181818185
1 0.8108823529411765 0.6754545454545454 0.12176470588235294 0.03909090909090909
1 0.2944117647058824 0.035454545454545454 0.04294117647058823 0.023636363636363636
1 0.5491176470588235 0.035 0.09941176470588235 0.022727272727272728
1 0.82 0.4077272727272727 0.03882352941176471 0.04727272727272727
1 0.4541176470588235 0.5672727272727273 0.30117647058823527 0.034545454545454546
1 0.79 0.5638636363636363 0.03764705882352941 0.03772727272727273
1 0.7002941176470588 0.7254545454545455 0.20294117647058824 0.03363636363636364
1 0.8235294117647058 0.7222727272727273 0.03764705882352941 0.03727272727272727
1 0.7773529411764706 0.7706818181818181 0.04176470588235294 0.04409090909090909
1 0.5929411764705882 0.9206818181818182 0.06823529411764706 0.041363636363636366