1 0.4429411764705882 0.7245454545454545 0.2823529411764706 0.03909090909090909
1 0.45441176470588235 0.4102272727272727 0.3088235294117647 0.03954545454545454
1 0.76 0.8618181818181818 0.052941176470588235 0.03363636363636364
1 0.8473529411764706 0.9263636363636364 0.0688235294117647 0.038181818181818185
1 0.5811764705882353 0.6188636363636364 0.029411764705882353 0.031363636363636364
1 0.40852941176470586 0.925 0.054705882352941174 0.034545454545454546
1 0.5832352941176471 0.5704545454545454 0.19941176470588234 0.034545454545454546
1 0.8432352941176471 0.8663636363636363 0.05235294117647059 0.03727272727272727
1 0.3538235294117647 0.6090909090909091 0.11352941176470588 0.034545454545454546
1 0.7197058823529412 0.7711363636363636 0.07823529411764706 0.030454545454545453
1 0.3911764705882353 0.4525 0.17058823529411765 0.031363636363636364
1 0.696764705882353 0.7265909090909091 0.19588235294117648 0.03409090909090909
1 0.30617647058823527 0.03431818181818182 0.03823529411764706 0.021363636363636362
1 0.09382352941176471 0.6811363636363637 0.0688235294117647 0.03318181818181818
1 0.0976470588235294 0.4495454545454545 0.06823529411764706 0.034545454545454546
1 0.0976470588235294 0.36454545454545456 0.06941176470588235 0.034545454545454546
1 0.1526470588235294 0.9222727272727272 0.05352941176470588 0.03727272727272727
1 0.7797058823529411 0.57 0.09352941176470589 0.03363636363636364
1 0.32676470588235296 0.923409090909091 0.05235294117647059 0.03590909090909091
1 0.1476470588235294 0.8563636363636363 0.05529411764705883 0.03727272727272727
1 0.09058823529411765 0.5261363636363636 0.0611764705882353 0.03318181818181818
1 0.24029411764705882 0.855 0.04764705882352941 0.034545454545454546
1 0.24058823529411766 0.9215909090909091 0.04823529411764706 0.03590909090909091
1 0.3997058823529412 0.7675 0.20176470588235293 0.03318181818181818
1 0.7635294117647059 0.9261363636363636 0.06941176470588235 0.03590909090909091
1 0.5714705882352941 0.7672727272727272 0.11588235294117646 0.034545454545454546
1 0.7664705882352941 0.41613636363636364 0.26941176470588235 0.035
1 0.41441176470588237 0.8568181818181818 0.04647058823529412 0.035454545454545454
1 0.5808823529411765 0.9265909090909091 0.0488235294117647 0.03772727272727273
1 0.37941176470588234 0.5681818181818182 0.1635294117647059 0.03727272727272727
1 0.48205882352941176 0.6115909090909091 0.12529411764705883 0.03318181818181818
1 0.5835294117647059 0.8588636363636364 0.047058823529411764 0.038636363636363635
1 0.09705882352941177 0.4052272727272727 0.07176470588235294 0.03318181818181818
1 0.09 0.5679545454545455 0.058823529411764705 0.03318181818181818
1 0.6344117647058823 0.6154545454545455 0.0688235294117647 0.03090909090909091
1 0.5641176470588235 0.03954545454545454 0.10235294117647059 0.023636363636363636
1 0.5002941176470588 0.9254545454545454 0.057058823529411766 0.035454545454545454
1 0.6794117647058824 0.8586363636363636 0.06235294117647059 0.035454545454545454
1 0.8873529411764706 0.7311363636363636 0.10529411764705883 0.035
1 0.09558823529411764 0.7643181818181818 0.07705882352941176 0.03409090909090909
1 0.09911764705882353 0.7240909090909091 0.07588235294117647 0.034545454545454546
1 0.5755882352941176 0.45181818181818184 0.1535294117647059 0.03090909090909091
1 0.6573529411764706 0.7745454545454545 0.025294117647058825 0.03272727272727273
1 0.5008823529411764 0.8577272727272728 0.04058823529411765 0.03636363636363636
1 0.7073529411764706 0.5711363636363637 0.028823529411764706 0.03227272727272727
1 0.09235294117647058 0.6084090909090909 0.06352941176470588 0.035
1 0.6744117647058824 0.925 0.0688235294117647 0.03727272727272727
1 0.3285294117647059 0.8540909090909091 0.05235294117647059 0.035454545454545454
1 0.8105882352941176 0.7270454545454546 0.03529411764705882 0.03318181818181818