1 0.3738235294117647 0.6772727272727272 0.13941176470588235 0.03636363636363636
1 0.5829411764705882 0.6834090909090909 0.02823529411764706 0.03318181818181818
1 0.7526470588235294 0.8586363636363636 0.051176470588235295 0.038181818181818185
1 0.841764705882353 0.9270454545454545 0.06470588235294118 0.03772727272727273
1 0.5938235294117648 0.5690909090909091 0.16647058823529412 0.038181818181818185
1 0.4067647058823529 0.9220454545454545 0.054705882352941174 0.038636363636363635
1 0.505 0.5290909090909091 0.11 0.015454545454545455
1 0.8432352941176471 0.8584090909090909 0.06529411764705882 0.038636363636363635
1 0.41352941176470587 0.605909090909091 0.2235294117647059 0.031818181818181815
1 0.6535294117647059 0.7665909090909091 0.03294117647058824 0.03590909090909091
1 0.3864705882352941 0.44681818181818184 0.1588235294117647 0.03727272727272727
1 0.645 0.68 0.0688235294117647 0.03272727272727273
1 0.39176470588235296 0.7595454545454545 0.18235294117647058 0.03727272727272727
1 0.3735294117647059 0.35795454545454547 0.1411764705882353 0.03772727272727273
1 0.40352941176470586 0.4027272727272727 0.19058823529411764 0.03636363636363636
1 0.09588235294117647 0.6738636363636363 0.07294117647058823 0.035
1 0.0976470588235294 0.445 0.07411764705882352 0.03363636363636364
1 0.40294117647058825 0.72 0.19647058823529412 0.03727272727272727
1 0.7085294117647059 0.5656818181818182 0.03470588235294118 0.03227272727272727
1 0.10205882352941177 0.3572727272727273 0.07588235294117647 0.03363636363636364
1 0.49558823529411766 0.8556818181818182 0.04294117647058823 0.03681818181818182
1 0.5873529411764706 0.7227272727272728 0.16176470588235295 0.035454545454545454
1 0.15441176470588236 0.92 0.045294117647058825 0.038181818181818185
1 0.7785294117647059 0.5675 0.10176470588235294 0.035
1 0.3170588235294118 0.923409090909091 0.047058823529411764 0.038636363636363635
1 0.15029411764705883 0.8506818181818182 0.045294117647058825 0.03590909090909091
1 0.7102941176470589 0.7654545454545455 0.06647058823529411 0.03272727272727273
1 0.37558823529411767 0.5229545454545454 0.14294117647058824 0.029545454545454545
1 0.10558823529411765 0.514090909090909 0.0711764705882353 0.03363636363636364
1 0.23705882352941177 0.8529545454545454 0.04823529411764706 0.03681818181818182
1 0.2361764705882353 0.92 0.045294117647058825 0.038181818181818185
1 0.7547058823529412 0.9245454545454546 0.05764705882352941 0.03909090909090909
1 0.5567647058823529 0.7622727272727273 0.13470588235294118 0.035454545454545454
1 0.6676470588235294 0.4440909090909091 0.07176470588235294 0.035454545454545454
1 0.6341176470588236 0.3654545454545455 0.07411764705882352 0.031818181818181815
1 0.6088235294117647 0.44977272727272727 0.03176470588235294 0.035
1 0.5147058823529411 0.3618181818181818 0.1188235294117647 0.035454545454545454
1 0.4076470588235294 0.8556818181818182 0.04588235294117647 0.03772727272727273
1 0.5770588235294117 0.9215909090909091 0.04352941176470588 0.038636363636363635
1 0.4023529411764706 0.5609090909090909 0.19176470588235295 0.03727272727272727
1 0.5873529411764706 0.5245454545454545 0.03 0.03272727272727273
1 0.5785294117647058 0.8590909090909091 0.05 0.04090909090909091
1 0.10235294117647059 0.40136363636363637 0.07058823529411765 0.03363636363636364
1 0.09852941176470588 0.5595454545454546 0.0688235294117647 0.03363636363636364
1 0.581764705882353 0.3663636363636364 0.03294117647058824 0.034545454545454546
1 0.7558823529411764 0.4084090909090909 0.1011764705882353 0.035
1 0.7670588235294118 0.7236363636363636 0.10941176470588235 0.034545454545454546
1 0.5014705882352941 0.9227272727272727 0.06294117647058824 0.03909090909090909
1 0.6623529411764706 0.8572727272727273 0.04941176470588235 0.04
1 0.5794117647058824 0.40613636363636363 0.16588235294117648 0.03772727272727273
1 0.09705882352941177 0.76 0.07411764705882352 0.03363636363636364
1 0.095 0.7134090909090909 0.07588235294117647 0.03590909090909091
1 0.6805882352941176 0.4075 0.02823529411764706 0.03409090909090909
1 0.5347058823529411 0.4475 0.10941176470588235 0.035
1 0.6426470588235295 0.524090909090909 0.07588235294117647 0.031818181818181815
1 0.5064705882352941 0.6809090909090909 0.08823529411764706 0.03272727272727273
1 0.095 0.6029545454545454 0.06647058823529411 0.03318181818181818
1 0.6658823529411765 0.9227272727272727 0.05529411764705883 0.03909090909090909
1 0.3220588235294118 0.8515909090909091 0.04411764705882353 0.03590909090909091
1 0.6997058823529412 0.605909090909091 0.03235294117647059 0.03727272727272727
1 0.3126470588235294 0.03318181818181818 0.03470588235294118 0.019090909090909092
1 0.5576470588235294 0.03727272727272727 0.08588235294117647 0.026363636363636363
1 0.6097058823529412 0.6056818181818182 0.13352941176470587 0.025
1 0.7691176470588236 0.6081818181818182 0.09235294117647058 0.023636363636363636
1 0.6938235294117647 0.7263636363636363 0.04176470588235294 0.031818181818181815