1 0.40558823529411764 0.6834090909090909 0.22294117647058823 0.03590909090909091
1 0.6085294117647059 0.6840909090909091 0.13588235294117648 0.034545454545454546
1 0.758235294117647 0.8586363636363636 0.0611764705882353 0.04
1 0.8438235294117648 0.9320454545454545 0.06294117647058824 0.04318181818181818
1 0.5747058823529412 0.6127272727272727 0.14588235294117646 0.035454545454545454
1 0.4088235294117647 0.9261363636363636 0.06235294117647059 0.03954545454545454
1 0.5679411764705883 0.5259090909090909 0.13823529411764707 0.03636363636363636
1 0.845 0.8627272727272727 0.07588235294117647 0.03909090909090909
1 0.3914705882352941 0.6095454545454545 0.19823529411764707 0.03727272727272727
1 0.701764705882353 0.7718181818181818 0.07176470588235294 0.03272727272727273
1 0.6438235294117647 0.7254545454545455 0.16176470588235295 0.03636363636363636
1 0.11 0.6765909090909091 0.09294117647058824 0.03772727272727273
1 0.1 0.44795454545454544 0.07882352941176471 0.03772727272727273
1 0.10235294117647059 0.3629545454545455 0.08470588235294117 0.03954545454545454
1 0.5647058823529412 0.7729545454545454 0.13176470588235295 0.030454545454545453
1 0.15205882352941177 0.9225 0.06647058823529411 0.04318181818181818
1 0.8488235294117648 0.571590909090909 0.1223529411764706 0.04045454545454545
1 0.3291176470588235 0.9247727272727273 0.07470588235294118 0.03954545454545454
1 0.15176470588235294 0.8563636363636363 0.05058823529411765 0.04090909090909091
1 0.3841176470588235 0.5293181818181818 0.17176470588235293 0.03954545454545454
1 0.10764705882352942 0.5184090909090909 0.09294117647058824 0.03681818181818182
1 0.23470588235294118 0.923409090909091 0.05764705882352941 0.04045454545454545
1 0.3938235294117647 0.7697727272727273 0.20529411764705882 0.030454545454545453
1 0.7573529411764706 0.9263636363636364 0.06764705882352941 0.04181818181818182
1 0.2944117647058824 0.03568181818181818 0.05 0.021363636363636362
1 0.6923529411764706 0.37318181818181817 0.22470588235294117 0.03909090909090909
1 0.41352941176470587 0.8584090909090909 0.058823529411764705 0.041363636363636366
1 0.5832352941176471 0.9279545454545455 0.060588235294117644 0.038636363636363635
1 0.4302941176470588 0.5688636363636363 0.2688235294117647 0.03954545454545454
1 0.576764705882353 0.8586363636363636 0.05352941176470588 0.04
1 0.1 0.4034090909090909 0.08823529411764706 0.03681818181818182
1 0.10941176470588235 0.5659090909090909 0.0976470588235294 0.038181818181818185
1 0.6558823529411765 0.5713636363636364 0.17411764705882352 0.03909090909090909
1 0.5638235294117647 0.04 0.09 0.02090909090909091
1 0.7885294117647059 0.4127272727272727 0.2994117647058824 0.03909090909090909
1 0.8129411764705883 0.7272727272727273 0.0988235294117647 0.034545454545454546
1 0.49558823529411766 0.9265909090909091 0.0488235294117647 0.04045454545454545
1 0.6676470588235294 0.8584090909090909 0.06235294117647059 0.04318181818181818
1 0.40558823529411764 0.4515909090909091 0.21352941176470588 0.041363636363636366
1 0.105 0.7638636363636364 0.09117647058823529 0.03772727272727273
1 0.11029411764705882 0.7245454545454545 0.09941176470588235 0.038181818181818185
1 0.6085294117647059 0.45454545454545453 0.19470588235294117 0.03636363636363636
1 0.5005882352941177 0.8568181818181818 0.07058823529411765 0.04
1 0.7282352941176471 0.5302272727272728 0.0811764705882353 0.035
1 0.4320588235294118 0.3675 0.2641176470588235 0.03409090909090909
1 0.4258823529411765 0.7261363636363637 0.27058823529411763 0.03409090909090909
1 0.10852941176470589 0.6045454545454545 0.10176470588235294 0.03909090909090909
1 0.6661764705882353 0.9263636363636364 0.05941176470588235 0.04181818181818182
1 0.3235294117647059 0.8577272727272728 0.0611764705882353 0.04181818181818182
1 0.4647058823529412 0.41113636363636363 0.3376470588235294 0.035
1 0.7255882352941176 0.6145454545454545 0.0888235294117647 0.031818181818181815
1 0.7747058823529411 0.6847727272727273 0.08705882352941176 0.038636363636363635
1 0.23941176470588235 0.8590909090909091 0.07529411764705882 0.035454545454545454
1 0.6585294117647059 0.5340909090909091 0.04176470588235294 0.04454545454545455
1 0.765 0.5727272727272728 0.04647058823529412 0.04727272727272727
1 0.663235294117647 0.6172727272727273 0.039411764705882354 0.042727272727272725
1 0.7032352941176471 0.6872727272727273 0.05352941176470588 0.04818181818181818
1 0.7464705882352941 0.7281818181818182 0.04352941176470588 0.042727272727272725
1 0.6488235294117647 0.7711363636363636 0.047058823529411764 0.04318181818181818