1 0.7847058823529411 0.7334090909090909 0.03176470588235294 0.035
1 0.5870588235294117 0.6204545454545455 0.11176470588235295 0.02909090909090909
1 0.8570588235294118 0.7334090909090909 0.11176470588235295 0.03590909090909091
1 0.46088235294117647 0.4115909090909091 0.3241176470588235 0.04045454545454545
1 0.4002941176470588 0.45840909090909093 0.19823529411764707 0.03772727272727273
1 0.4108823529411765 0.6190909090909091 0.19941176470588234 0.03272727272727273
1 0.11382352941176471 0.40545454545454546 0.08294117647058824 0.035454545454545454
1 0.11088235294117647 0.6825 0.08176470588235295 0.035
1 0.1161764705882353 0.3684090909090909 0.08764705882352941 0.03681818181818182
1 0.11294117647058824 0.4484090909090909 0.09058823529411765 0.03772727272727273
1 0.3997058823529412 0.7752272727272728 0.19941176470588234 0.03409090909090909
1 0.11588235294117646 0.7275 0.09176470588235294 0.03681818181818182
1 0.4661764705882353 0.5709090909090909 0.33 0.04363636363636364
1 0.11205882352941177 0.5279545454545455 0.09117647058823529 0.035
1 0.6644117647058824 0.6240909090909091 0.026470588235294117 0.031818181818181815
1 0.7132352941176471 0.7779545454545455 0.08058823529411764 0.029545454545454545
1 0.57 0.7772727272727272 0.11764705882352941 0.03636363636363636
1 0.11647058823529412 0.5690909090909091 0.10588235294117647 0.034545454545454546
1 0.5729411764705883 0.03931818181818182 0.11647058823529412 0.025
1 0.7735294117647059 0.4152272727272727 0.28352941176470586 0.04318181818181818
1 0.895 0.5736363636363636 0.07823529411764706 0.03
1 0.11911764705882352 0.769090909090909 0.09352941176470589 0.03727272727272727
1 0.5958823529411764 0.46136363636363636 0.1623529411764706 0.03272727272727273
1 0.6729411764705883 0.7336363636363636 0.18 0.034545454545454546
1 0.7308823529411764 0.5743181818181818 0.18764705882352942 0.03681818181818182
1 0.1161764705882353 0.6118181818181818 0.10176470588235294 0.03727272727272727
1 0.6541176470588236 0.7809090909090909 0.02823529411764706 0.03272727272727273
1 0.43529411764705883 0.7315909090909091 0.2741176470588235 0.04045454545454545
1 0.7173529411764706 0.62 0.0688235294117647 0.031818181818181815
1 0.27941176470588236 0.034772727272727275 0.03529411764705882 0.025
1 0.33029411764705885 0.035 0.06647058823529411 0.022727272727272728
1 0.8435294117647059 0.5772727272727273 0.03058823529411765 0.03363636363636364