1 0.3973529411764706 0.6822727272727273 0.17705882352941177 0.03363636363636364
1 0.5273529411764706 0.6809090909090909 0.06764705882352941 0.02909090909090909
1 0.7573529411764706 0.8643181818181818 0.051176470588235295 0.03409090909090909
1 0.8473529411764706 0.9293181818181818 0.07470588235294118 0.03590909090909091
1 0.5305882352941177 0.6154545454545455 0.06941176470588235 0.025454545454545455
1 0.41058823529411764 0.9256818181818182 0.06 0.03772727272727273
1 0.8441176470588235 0.8638636363636364 0.06705882352941177 0.035
1 0.40352941176470586 0.6136363636363636 0.1588235294117647 0.02909090909090909
1 0.3914705882352941 0.45227272727272727 0.15823529411764706 0.03727272727272727
1 0.09529411764705882 0.6770454545454545 0.07176470588235294 0.03681818181818182
1 0.09264705882352942 0.4459090909090909 0.07823529411764706 0.03636363636363636
1 0.4244117647058824 0.7263636363636363 0.2323529411764706 0.031818181818181815
1 0.10294117647058823 0.36363636363636365 0.08588235294117647 0.038181818181818185
1 0.4835294117647059 0.7702272727272728 0.06941176470588235 0.03409090909090909
1 0.5864705882352941 0.7272727272727273 0.07764705882352942 0.031818181818181815
1 0.15970588235294117 0.9231818181818182 0.07470588235294118 0.03909090909090909
1 0.3326470588235294 0.9259090909090909 0.07705882352941176 0.03636363636363636
1 0.15558823529411764 0.8563636363636363 0.05588235294117647 0.035454545454545454
1 0.4414705882352941 0.5259090909090909 0.22647058823529412 0.03363636363636364
1 0.09823529411764706 0.5197727272727273 0.07647058823529412 0.035
1 0.625 0.5688636363636363 0.08764705882352941 0.03409090909090909
1 0.23941176470588235 0.8575 0.05176470588235294 0.03590909090909091
1 0.6120588235294118 0.5259090909090909 0.08529411764705883 0.02909090909090909
1 0.24029411764705882 0.9240909090909091 0.05941176470588235 0.03636363636363636
1 0.3726470588235294 0.769090909090909 0.14058823529411765 0.035454545454545454
1 0.7591176470588236 0.9302272727272727 0.06764705882352941 0.03318181818181818
1 0.61 0.37636363636363634 0.029411764705882353 0.03
1 0.40941176470588236 0.8606818181818182 0.0611764705882353 0.03681818181818182
1 0.09029411764705883 0.5643181818181818 0.07352941176470588 0.03318181818181818
1 0.6041176470588235 0.4134090909090909 0.11647058823529412 0.035
1 0.44441176470588234 0.5690909090909091 0.24529411764705883 0.03090909090909091
1 0.59 0.8613636363636363 0.06941176470588235 0.034545454545454546
1 0.09676470588235295 0.4025 0.08294117647058824 0.03590909090909091
1 0.6008823529411764 0.45545454545454545 0.03 0.035454545454545454
1 0.5614705882352942 0.04181818181818182 0.08411764705882353 0.023636363636363636
1 0.7805882352941177 0.41454545454545455 0.1376470588235294 0.03636363636363636
1 0.5044117647058823 0.9265909090909091 0.07588235294117647 0.035
1 0.6773529411764706 0.8606818181818182 0.0711764705882353 0.035
1 0.5476470588235294 0.3693181818181818 0.07882352941176471 0.035
1 0.09294117647058824 0.7634090909090909 0.07647058823529412 0.03681818181818182
1 0.09117647058823529 0.7240909090909091 0.07411764705882352 0.03636363636363636
1 0.7097058823529412 0.3704545454545455 0.12294117647058823 0.02909090909090909
1 0.5297058823529411 0.4536363636363636 0.09352941176470589 0.035454545454545454
1 0.49970588235294117 0.86 0.0711764705882353 0.038181818181818185
1 0.6858823529411765 0.4134090909090909 0.03411764705882353 0.03409090909090909
1 0.4002941176470588 0.36727272727272725 0.1676470588235294 0.034545454545454546
1 0.09117647058823529 0.6052272727272727 0.07529411764705882 0.03681818181818182
1 0.6752941176470588 0.9286363636363636 0.06470588235294118 0.035454545454545454
1 0.3285294117647059 0.8593181818181819 0.06411764705882353 0.03954545454545454
1 0.6723529411764706 0.45840909090909093 0.10352941176470588 0.03318181818181818
1 0.29705882352941176 0.03568181818181818 0.029411764705882353 0.01681818181818182
1 0.42823529411764705 0.4102272727272727 0.22470588235294117 0.03318181818181818
1 0.586764705882353 0.9279545454545455 0.0711764705882353 0.038636363636363635