1 0.39235294117647057 0.6943181818181818 0.17529411764705882 0.03772727272727273
1 0.365 0.37363636363636366 0.1264705882352941 0.03636363636363636
1 0.7608823529411765 0.8606818181818182 0.060588235294117644 0.038636363636363635
1 0.8555882352941176 0.9279545454545455 0.07235294117647059 0.03954545454545454
1 0.7514705882352941 0.5711363636363637 0.23352941176470587 0.03590909090909091
1 0.4188235294117647 0.9304545454545454 0.05647058823529412 0.03727272727272727
1 0.4252941176470588 0.6156818181818182 0.2541176470588235 0.03954545454545454
1 0.4279411764705882 0.7279545454545454 0.25 0.04045454545454545
1 0.2926470588235294 0.03704545454545455 0.04058823529411765 0.023181818181818182
1 0.10411764705882352 0.6913636363636364 0.07294117647058823 0.04090909090909091
1 0.105 0.37068181818181817 0.07941176470588235 0.04045454545454545
1 0.11852941176470588 0.45386363636363636 0.08647058823529412 0.041363636363636366
1 0.16 0.9304545454545454 0.0611764705882353 0.03909090909090909
1 0.33088235294117646 0.9304545454545454 0.061764705882352944 0.03727272727272727
1 0.16058823529411764 0.8627272727272727 0.05764705882352941 0.038181818181818185
1 0.10088235294117646 0.5336363636363637 0.0888235294117647 0.03727272727272727
1 0.6588235294117647 0.6152272727272727 0.19058823529411764 0.03590909090909091
1 0.24382352941176472 0.8629545454545454 0.05235294117647059 0.038636363636363635
1 0.2461764705882353 0.9288636363636363 0.060588235294117644 0.03772727272727273
1 0.41352941176470587 0.7727272727272727 0.2235294117647059 0.035454545454545454
1 0.7661764705882353 0.9272727272727272 0.06529411764705882 0.038181818181818185
1 0.6270588235294118 0.4090909090909091 0.14941176470588236 0.03909090909090909
1 0.525 0.37113636363636365 0.10411764705882352 0.035
1 0.41970588235294115 0.8640909090909091 0.061764705882352944 0.03727272727272727
1 0.5844117647058824 0.9281818181818182 0.05235294117647059 0.03909090909090909
1 0.3976470588235294 0.5304545454545454 0.18470588235294116 0.03909090909090909
1 0.4476470588235294 0.4627272727272727 0.03176470588235294 0.03636363636363636
1 0.11029411764705882 0.41045454545454546 0.07470588235294118 0.04181818181818182
1 0.5411764705882353 0.03977272727272727 0.07176470588235294 0.020454545454545454
1 0.5058823529411764 0.93 0.05764705882352941 0.038181818181818185
1 0.8555882352941176 0.8615909090909091 0.07941176470588235 0.03954545454545454
1 0.673235294117647 0.8611363636363636 0.05 0.03772727272727273
1 0.5252941176470588 0.4090909090909091 0.04 0.04
1 0.36617647058823527 0.4586363636363636 0.13470588235294118 0.03272727272727273
1 0.10470588235294118 0.7704545454545455 0.07176470588235294 0.03727272727272727
1 0.10411764705882352 0.7256818181818182 0.07294117647058823 0.04045454545454545
1 0.5214705882352941 0.4627272727272727 0.11352941176470588 0.034545454545454546
1 0.586764705882353 0.8620454545454546 0.05235294117647059 0.03954545454545454
1 0.10558823529411765 0.5725 0.08411764705882353 0.03681818181818182
1 0.5088235294117647 0.8631818181818182 0.07058823529411765 0.038181818181818185
1 0.6023529411764705 0.5302272727272728 0.20823529411764705 0.03772727272727273
1 0.1011764705882353 0.6136363636363636 0.07647058823529412 0.03636363636363636
1 0.6767647058823529 0.928409090909091 0.06647058823529411 0.03772727272727273
1 0.3276470588235294 0.8631818181818182 0.052941176470588235 0.04
1 0.40088235294117647 0.4088636363636364 0.20411764705882354 0.041363636363636366
1 0.445 0.3781818181818182 0.04411764705882353 0.034545454545454546
1 0.4667647058823529 0.5718181818181818 0.32294117647058823 0.03727272727272727