1 0.7641176470588236 0.8634090909090909 0.058823529411764705 0.03954545454545454
1 0.8405882352941176 0.9293181818181818 0.05647058823529412 0.03772727272727273
1 0.4111764705882353 0.9309090909090909 0.052941176470588235 0.038181818181818185
1 0.84 0.8631818181818182 0.04941176470588235 0.038181818181818185
1 0.36676470588235294 0.6204545454545455 0.13352941176470587 0.03090909090909091
1 0.4188235294117647 0.4122727272727273 0.2447058823529412 0.04181818181818182
1 0.6247058823529412 0.7811363636363636 0.06941176470588235 0.025
1 0.4873529411764706 0.6193181818181818 0.10529411764705883 0.030454545454545453
1 0.4361764705882353 0.7247727272727272 0.28058823529411764 0.038636363636363635
1 0.0988235294117647 0.6843181818181818 0.08941176470588236 0.03590909090909091
1 0.10323529411764706 0.3684090909090909 0.09823529411764706 0.035
1 0.09794117647058824 0.45227272727272727 0.09588235294117647 0.03636363636363636
1 0.5058823529411764 0.7779545454545455 0.11411764705882353 0.03318181818181818
1 0.14647058823529413 0.9263636363636364 0.04941176470588235 0.04181818181818182
1 0.8185294117647058 0.5743181818181818 0.1476470588235294 0.041363636363636366
1 0.32382352941176473 0.9268181818181818 0.0488235294117647 0.03909090909090909
1 0.1535294117647059 0.8604545454545455 0.052941176470588235 0.03909090909090909
1 0.6852941176470588 0.7263636363636363 0.21176470588235294 0.03727272727272727
1 0.4117647058823529 0.5709090909090909 0.22823529411764706 0.04
1 0.09941176470588235 0.525 0.08705882352941176 0.034545454545454546
1 0.6244117647058823 0.6218181818181818 0.09588235294117647 0.031818181818181815
1 0.24029411764705882 0.8588636363636364 0.04764705882352941 0.03681818181818182
1 0.611764705882353 0.5702272727272727 0.16941176470588235 0.04045454545454545
1 0.23911764705882352 0.9259090909090909 0.05352941176470588 0.03909090909090909
1 0.37058823529411766 0.7752272727272728 0.14941176470588236 0.03318181818181818
1 0.7538235294117647 0.9329545454545455 0.05352941176470588 0.04681818181818182
1 0.2994117647058824 0.038181818181818185 0.04470588235294118 0.025454545454545455
1 0.6311764705882353 0.4606818181818182 0.06823529411764706 0.03227272727272727
1 0.4194117647058824 0.8611363636363636 0.06 0.038636363636363635
1 0.5864705882352941 0.9240909090909091 0.05764705882352941 0.03636363636363636
1 0.09823529411764706 0.5670454545454545 0.08705882352941176 0.035
1 0.5688235294117647 0.4672727272727273 0.03176470588235294 0.034545454545454546
1 0.4961764705882353 0.45954545454545453 0.10294117647058823 0.03909090909090909
1 0.5891176470588235 0.8629545454545454 0.07235294117647059 0.038636363636363635
1 0.10147058823529412 0.4081818181818182 0.10647058823529412 0.03727272727272727
1 0.5514705882352942 0.038863636363636364 0.09 0.021363636363636362
1 0.8247058823529412 0.4152272727272727 0.10352941176470588 0.03772727272727273
1 0.5017647058823529 0.9268181818181818 0.058823529411764705 0.03909090909090909
1 0.67 0.8627272727272727 0.05058823529411765 0.04
1 0.8738235294117647 0.7247727272727272 0.10764705882352942 0.035
1 0.36970588235294116 0.46636363636363637 0.13941176470588235 0.038181818181818185
1 0.09941176470588235 0.7684090909090909 0.08941176470588236 0.035
1 0.0961764705882353 0.7270454545454546 0.0888235294117647 0.03681818181818182
1 0.7511764705882353 0.4159090909090909 0.03882352941176471 0.03727272727272727
1 0.5035294117647059 0.8629545454545454 0.06235294117647059 0.03954545454545454
1 0.5588235294117647 0.6302272727272727 0.023529411764705882 0.026818181818181817
1 0.09058823529411765 0.6106818181818182 0.08705882352941176 0.03772727272727273
1 0.6729411764705883 0.9275 0.058823529411764705 0.038636363636363635
1 0.6397058823529411 0.4113636363636364 0.18058823529411766 0.03727272727272727
1 0.3214705882352941 0.8606818181818182 0.04647058823529412 0.038636363636363635
1 0.7202941176470589 0.5793181818181818 0.03470588235294118 0.04772727272727273
1 0.805 0.7311363636363636 0.033529411764705884 0.03318181818181818
1 0.5785294117647058 0.7895454545454546 0.026470588235294117 0.02909090909090909