1 0.40058823529411763 0.6820454545454545 0.2 0.042272727272727274
1 0.7614705882352941 0.8611363636363636 0.06529411764705882 0.031363636363636364
1 0.8338235294117647 0.9272727272727272 0.05235294117647059 0.03909090909090909
1 0.5873529411764706 0.61 0.1264705882352941 0.03727272727272727
1 0.40794117647058825 0.9227272727272727 0.05823529411764706 0.03727272727272727
1 0.84 0.8615909090909091 0.05058823529411765 0.03681818181818182
1 0.4258823529411765 0.5659090909090909 0.2388235294117647 0.04
1 0.7088235294117647 0.6802272727272727 0.03882352941176471 0.03772727272727273
1 0.4288235294117647 0.7247727272727272 0.26235294117647057 0.03681818181818182
1 0.788235294117647 0.5279545454545455 0.08470588235294117 0.03318181818181818
1 0.3914705882352941 0.40954545454545455 0.17 0.038181818181818185
1 0.08764705882352941 0.6815909090909091 0.07882352941176471 0.03954545454545454
1 0.09529411764705882 0.44931818181818184 0.07411764705882352 0.03409090909090909
1 0.7529411764705882 0.5745454545454546 0.03294117647058824 0.03272727272727273
1 0.09705882352941177 0.3629545454545455 0.08705882352941176 0.03681818181818182
1 0.15176470588235294 0.9238636363636363 0.052941176470588235 0.035
1 0.8273529411764706 0.5740909090909091 0.09470588235294118 0.034545454545454546
1 0.32323529411764707 0.9229545454545455 0.05588235294117647 0.03772727272727273
1 0.7835294117647059 0.7275 0.03882352941176471 0.03318181818181818
1 0.4202941176470588 0.5256818181818181 0.2111764705882353 0.04045454545454545
1 0.095 0.5209090909090909 0.07588235294117647 0.03636363636363636
1 0.6773529411764706 0.7256818181818182 0.16058823529411764 0.035
1 0.23470588235294118 0.8565909090909091 0.04823529411764706 0.03590909090909091
1 0.23647058823529413 0.9227272727272727 0.05411764705882353 0.034545454545454546
1 0.3870588235294118 0.7647727272727273 0.1811764705882353 0.03681818181818182
1 0.7535294117647059 0.9263636363636364 0.05529411764705883 0.038181818181818185
1 0.2832352941176471 0.03363636363636364 0.04411764705882353 0.024545454545454544
1 0.5664705882352942 0.7702272727272728 0.10705882352941176 0.03590909090909091
1 0.4970588235294118 0.3693181818181818 0.09529411764705882 0.03318181818181818
1 0.4082352941176471 0.8588636363636364 0.04941176470588235 0.03681818181818182
1 0.5835294117647059 0.8604545454545455 0.05176470588235294 0.03636363636363636
1 0.6129411764705882 0.5270454545454546 0.14705882352941177 0.03772727272727273
1 0.4602941176470588 0.45022727272727275 0.07588235294117647 0.03318181818181818
1 0.09852941176470588 0.4059090909090909 0.08529411764705883 0.034545454545454546
1 0.09558823529411764 0.5636363636363636 0.07941176470588235 0.035454545454545454
1 0.6494117647058824 0.5697727272727273 0.15764705882352942 0.03681818181818182
1 0.49823529411764705 0.9247727272727273 0.0611764705882353 0.03772727272727273
1 0.7123529411764706 0.7713636363636364 0.06705882352941177 0.035454545454545454
1 0.5735294117647058 0.03659090909090909 0.11529411764705882 0.021363636363636362
1 0.851764705882353 0.7265909090909091 0.08705882352941176 0.03227272727272727
1 0.3602941176470588 0.45204545454545453 0.10882352941176471 0.03590909090909091
1 0.09323529411764706 0.7629545454545454 0.07823529411764706 0.03772727272727273
1 0.08941176470588236 0.7202272727272727 0.08470588235294117 0.038636363636363635
1 0.5429411764705883 0.4125 0.10470588235294118 0.03681818181818182
1 0.5979411764705882 0.6811363636363637 0.15470588235294117 0.03954545454545454
1 0.7144117647058823 0.5247727272727273 0.04411764705882353 0.03318181818181818
1 0.37411764705882355 0.3690909090909091 0.13411764705882354 0.03727272727272727
1 0.09558823529411764 0.6070454545454546 0.09 0.038636363636363635
1 0.6691176470588235 0.9247727272727273 0.06294117647058824 0.038636363636363635
1 0.31941176470588234 0.8572727272727273 0.05176470588235294 0.03909090909090909
1 0.7844117647058824 0.6829545454545455 0.08176470588235295 0.03409090909090909
1 0.39029411764705885 0.61 0.19117647058823528 0.04
1 0.6926470588235294 0.6143181818181818 0.03470588235294118 0.03590909090909091
1 0.7555882352941177 0.6131818181818182 0.08176470588235295 0.03727272727272727
1 0.6464705882352941 0.7686363636363637 0.03411764705882353 0.031818181818181815
1 0.15441176470588236 0.8579545454545454 0.07705882352941176 0.03681818181818182
1 0.5814705882352941 0.9270454545454545 0.0688235294117647 0.042272727272727274
1 0.6694117647058824 0.8595454545454545 0.06823529411764706 0.038181818181818185