1 0.36058823529411765 0.6768181818181818 0.12470588235294118 0.038181818181818185
1 0.5276470588235294 0.6804545454545454 0.10705882352941176 0.034545454545454546
1 0.7579411764705882 0.8540909090909091 0.06764705882352941 0.04090909090909091
1 0.8347058823529412 0.9306818181818182 0.05529411764705883 0.04863636363636364
1 0.8473529411764706 0.8579545454545454 0.07352941176470588 0.041363636363636366
1 0.37470588235294117 0.605909090909091 0.14470588235294118 0.03636363636363636
1 0.6758823529411765 0.8520454545454546 0.06705882352941177 0.04045454545454545
1 0.3779411764705882 0.4475 0.14647058823529413 0.03590909090909091
1 0.4447058823529412 0.6913636363636364 0.03294117647058824 0.03
1 0.37323529411764705 0.7240909090909091 0.1535294117647059 0.038181818181818185
1 0.29823529411764704 0.02568181818181818 0.04470588235294118 0.02590909090909091
1 0.3997058823529412 0.4109090909090909 0.19 0.022727272727272728
1 0.4117647058823529 0.9195454545454546 0.07058823529411765 0.04
1 0.08735294117647059 0.6736363636363636 0.060588235294117644 0.03727272727272727
1 0.09558823529411764 0.4440909090909091 0.07470588235294118 0.034545454545454546
1 0.09294117647058824 0.35795454545454547 0.06705882352941177 0.03318181818181818
1 0.48294117647058826 0.7679545454545454 0.08352941176470588 0.03590909090909091
1 0.5644117647058824 0.7227272727272728 0.14058823529411765 0.035454545454545454
1 0.15088235294117647 0.9202272727272728 0.06411764705882353 0.041363636363636366
1 0.3247058823529412 0.9195454545454546 0.06470588235294118 0.03909090909090909
1 0.15323529411764705 0.8513636363636363 0.06529411764705882 0.042727272727272725
1 0.3991176470588235 0.5179545454545454 0.1888235294117647 0.03954545454545454
1 0.09029411764705883 0.5165909090909091 0.06294117647058824 0.035
1 0.24147058823529413 0.8529545454545454 0.07470588235294118 0.042272727272727274
1 0.24411764705882352 0.9190909090909091 0.07294117647058823 0.04
1 0.3538235294117647 0.7620454545454546 0.11470588235294117 0.03681818181818182
1 0.7591176470588236 0.9231818181818182 0.07 0.04090909090909091
1 0.6294117647058823 0.37136363636363634 0.04 0.03363636363636364
1 0.4161764705882353 0.8538636363636364 0.0711764705882353 0.042272727272727274
1 0.5885294117647059 0.9202272727272728 0.07705882352941176 0.03954545454545454
1 0.5805882352941176 0.4122727272727273 0.14705882352941177 0.02909090909090909
1 0.4108823529411765 0.5661363636363637 0.21705882352941178 0.031363636363636364
1 0.5885294117647059 0.8543181818181819 0.06411764705882353 0.042272727272727274
1 0.09558823529411764 0.4011363636363636 0.07588235294117647 0.035
1 0.08941176470588236 0.5604545454545454 0.058823529411764705 0.034545454545454546
1 0.6217647058823529 0.45681818181818185 0.07764705882352942 0.022727272727272728
1 0.5464705882352942 0.36704545454545456 0.10941176470588235 0.03590909090909091
1 0.755 0.41704545454545455 0.12176470588235294 0.025
1 0.49941176470588233 0.9197727272727273 0.06705882352941177 0.04045454545454545
1 0.08794117647058823 0.7593181818181818 0.061764705882352944 0.03590909090909091
1 0.7035294117647058 0.37022727272727274 0.1 0.035
1 0.5123529411764706 0.45386363636363636 0.1 0.023181818181818182
1 0.5008823529411764 0.8540909090909091 0.06294117647058824 0.04181818181818182
1 0.6752941176470588 0.4143181818181818 0.027058823529411764 0.035
1 0.39676470588235296 0.36454545454545456 0.1688235294117647 0.038181818181818185
1 0.4726470588235294 0.7220454545454545 0.03705882352941176 0.03318181818181818
1 0.0888235294117647 0.6040909090909091 0.06235294117647059 0.035454545454545454
1 0.6717647058823529 0.9215909090909091 0.06705882352941177 0.041363636363636366
1 0.33441176470588235 0.8525 0.07705882352941176 0.042272727272727274
1 0.08411764705882353 0.7227272727272728 0.05647058823529412 0.035454545454545454
1 0.5544117647058824 0.03363636363636364 0.07235294117647059 0.022727272727272728
1 0.5738235294117647 0.4672727272727273 0.019411764705882354 0.025454545454545455
1 0.4214705882352941 0.7818181818181819 0.02411764705882353 0.02727272727272727