1 0.41323529411764703 0.6884090909090909 0.20058823529411765 0.03954545454545454
1 0.38588235294117645 0.5313636363636364 0.16823529411764707 0.04363636363636364
1 0.7591176470588236 0.8625 0.05941176470588235 0.03772727272727273
1 0.8511764705882353 0.9277272727272727 0.07176470588235294 0.04
1 0.5764705882352941 0.6211363636363636 0.12352941176470589 0.029545454545454545
1 0.4117647058823529 0.9272727272727272 0.05529411764705883 0.03727272727272727
1 0.8470588235294118 0.8654545454545455 0.06 0.03909090909090909
1 0.40441176470588236 0.6181818181818182 0.20294117647058824 0.031818181818181815
1 0.6955882352941176 0.7822727272727272 0.061764705882352944 0.03090909090909091
1 0.6855882352941176 0.6997727272727273 0.03235294117647059 0.02590909090909091
1 0.7917647058823529 0.5395454545454546 0.08941176470588236 0.03636363636363636
1 0.10941176470588235 0.6861363636363637 0.1011764705882353 0.03590909090909091
1 0.1011764705882353 0.3684090909090909 0.09529411764705882 0.03681818181818182
1 0.09382352941176471 0.45454545454545453 0.08529411764705883 0.03909090909090909
1 0.16 0.9259090909090909 0.05764705882352941 0.03909090909090909
1 0.7358823529411764 0.6222727272727273 0.08352941176470588 0.03090909090909091
1 0.33176470588235296 0.9281818181818182 0.0611764705882353 0.038181818181818185
1 0.16264705882352942 0.8590909090909091 0.06294117647058824 0.03909090909090909
1 0.6102941176470589 0.46454545454545454 0.14294117647058824 0.03636363636363636
1 0.10852941176470589 0.5284090909090909 0.09941176470588235 0.041363636363636366
1 0.6744117647058824 0.7352272727272727 0.14176470588235293 0.03318181818181818
1 0.24382352941176472 0.8597727272727272 0.05235294117647059 0.03772727272727273
1 0.6676470588235294 0.6256818181818182 0.03411764705882353 0.03318181818181818
1 0.2426470588235294 0.9265909090909091 0.054705882352941174 0.038636363636363635
1 0.40058823529411763 0.7747727272727273 0.19294117647058823 0.03409090909090909
1 0.7644117647058823 0.9259090909090909 0.0711764705882353 0.03909090909090909
1 0.3058823529411765 0.03704545454545455 0.04470588235294118 0.02590909090909091
1 0.5573529411764706 0.7781818181818182 0.10176470588235294 0.03272727272727273
1 0.6882352941176471 0.4184090909090909 0.18470588235294116 0.03590909090909091
1 0.4161764705882353 0.8618181818181818 0.05 0.03909090909090909
1 0.5944117647058823 0.9268181818181818 0.06764705882352941 0.038181818181818185
1 0.5735294117647058 0.5320454545454546 0.14352941176470588 0.038636363636363635
1 0.4338235294117647 0.5713636363636364 0.2723529411764706 0.04181818181818182
1 0.5841176470588235 0.8625 0.04941176470588235 0.03772727272727273
1 0.09470588235294118 0.40954545454545455 0.09058823529411765 0.038181818181818185
1 0.10411764705882352 0.5688636363636363 0.09176470588235294 0.038636363636363635
1 0.678235294117647 0.5745454545454546 0.17294117647058824 0.03727272727272727
1 0.5682352941176471 0.038181818181818185 0.12470588235294118 0.02181818181818182
1 0.7979411764705883 0.5738636363636364 0.03588235294117647 0.04045454545454545
1 0.5047058823529412 0.9270454545454545 0.058823529411764705 0.038636363636363635
1 0.8144117647058824 0.7375 0.06647058823529411 0.028636363636363637
1 0.6744117647058824 0.8618181818181818 0.060588235294117644 0.03727272727272727
1 0.6105882352941177 0.37477272727272726 0.15529411764705883 0.038636363636363635
1 0.885 0.5756818181818182 0.12176470588235294 0.041363636363636366
1 0.4097058823529412 0.4615909090909091 0.21705882352941178 0.042272727272727274
1 0.10705882352941176 0.7729545454545454 0.09411764705882353 0.03409090909090909
1 0.10764705882352942 0.7306818181818182 0.10470588235294118 0.035
1 0.6338235294117647 0.785 0.031176470588235295 0.035454545454545454
1 0.5044117647058823 0.8620454545454546 0.057058823529411766 0.03954545454545454
1 0.695 0.5402272727272728 0.03823529411764706 0.03409090909090909
1 0.5791176470588235 0.6927272727272727 0.08411764705882353 0.035454545454545454
1 0.44 0.7302272727272727 0.2741176470588235 0.03772727272727273
1 0.1038235294117647 0.6077272727272728 0.0888235294117647 0.038181818181818185
1 0.6779411764705883 0.9272727272727272 0.06647058823529411 0.04
1 0.3326470588235294 0.8613636363636363 0.057058823529411766 0.038181818181818185
1 0.7561764705882353 0.6977272727272728 0.054705882352941174 0.03272727272727273
1 0.39941176470588236 0.37068181818181817 0.2 0.042272727272727274
1 0.44823529411764707 0.4134090909090909 0.2858823529411765 0.042272727272727274
1 0.7614705882352941 0.7431818181818182 0.028823529411764706 0.02909090909090909