1 0.7602941176470588 0.8620454545454546 0.061764705882352944 0.03681818181818182
1 0.8452941176470589 0.9290909090909091 0.06235294117647059 0.038181818181818185
1 0.40852941176470586 0.928409090909091 0.060588235294117644 0.03681818181818182
1 0.8432352941176471 0.8634090909090909 0.05588235294117647 0.038636363636363635
1 0.38382352941176473 0.6154545454545455 0.17705882352941177 0.04181818181818182
1 0.41705882352941176 0.36977272727272725 0.2211764705882353 0.03772727272727273
1 0.1188235294117647 0.6795454545454546 0.08941176470588236 0.035454545454545454
1 0.40941176470588236 0.6840909090909091 0.20588235294117646 0.03727272727272727
1 0.10529411764705883 0.4490909090909091 0.09411764705882353 0.03636363636363636
1 0.15764705882352942 0.9240909090909091 0.06470588235294118 0.04
1 0.3270588235294118 0.9295454545454546 0.05411764705882353 0.03727272727272727
1 0.15588235294117647 0.8565909090909091 0.05411764705882353 0.03954545454545454
1 0.7382352941176471 0.7302272727272727 0.19411764705882353 0.038636363636363635
1 0.4023529411764706 0.5270454545454546 0.20823529411764705 0.03772727272727273
1 0.10294117647058823 0.5229545454545454 0.09647058823529411 0.035
1 0.58 0.6152272727272727 0.17294117647058824 0.03954545454545454
1 0.8061764705882353 0.37318181818181817 0.15235294117647058 0.03727272727272727
1 0.2426470588235294 0.8581818181818182 0.05235294117647059 0.038181818181818185
1 0.23529411764705882 0.9268181818181818 0.05176470588235294 0.04
1 0.4673529411764706 0.7277272727272728 0.3288235294117647 0.04090909090909091
1 0.7614705882352941 0.9270454545454545 0.06647058823529411 0.038636363636363635
1 0.10441176470588236 0.36704545454545456 0.10294117647058823 0.035
1 0.41 0.8597727272727272 0.05529411764705883 0.03954545454545454
1 0.581764705882353 0.9275 0.05529411764705883 0.038636363636363635
1 0.41911764705882354 0.57 0.24529411764705883 0.03727272727272727
1 0.4188235294117647 0.4127272727272727 0.24235294117647058 0.03090909090909091
1 0.5873529411764706 0.8597727272727272 0.0711764705882353 0.04045454545454545
1 0.10147058823529412 0.4059090909090909 0.09823529411764706 0.03727272727272727
1 0.10647058823529412 0.5681818181818182 0.0988235294117647 0.03636363636363636
1 0.6779411764705883 0.5743181818181818 0.23705882352941177 0.031363636363636364
1 0.5661764705882353 0.042272727272727274 0.07705882352941176 0.02181818181818182
1 0.6035294117647059 0.3715909090909091 0.13294117647058823 0.035
1 0.7458823529411764 0.45636363636363636 0.13294117647058823 0.035454545454545454
1 0.4964705882352941 0.9281818181818182 0.06588235294117648 0.038181818181818185
1 0.6714705882352942 0.8595454545454545 0.05823529411764706 0.038181818181818185
1 0.3826470588235294 0.4536363636363636 0.1723529411764706 0.038181818181818185
1 0.1161764705882353 0.7675 0.09705882352941177 0.03681818181818182
1 0.11823529411764706 0.7268181818181818 0.09176470588235294 0.035454545454545454
1 0.7058823529411765 0.3759090909090909 0.03176470588235294 0.03272727272727273
1 0.5447058823529412 0.4561363636363636 0.1411764705882353 0.03681818181818182
1 0.5997058823529412 0.6868181818181818 0.12294117647058823 0.03636363636363636
1 0.49676470588235294 0.8602272727272727 0.045294117647058825 0.038636363636363635
1 0.6491176470588236 0.4586363636363636 0.03705882352941176 0.03363636363636364
1 0.8452941176470589 0.415 0.16 0.035454545454545454
1 0.6644117647058824 0.5295454545454545 0.23 0.04090909090909091
1 0.105 0.6068181818181818 0.09705882352941177 0.038181818181818185
1 0.6747058823529412 0.9275 0.06 0.038636363636363635
1 0.3297058823529412 0.8568181818181818 0.054705882352941174 0.03909090909090909
1 0.31411764705882356 0.03590909090909091 0.04823529411764706 0.01818181818181818
1 0.6335294117647059 0.41454545454545455 0.18470588235294116 0.04
1 0.7461764705882353 0.41454545454545455 0.03 0.035454545454545454