1 0.38941176470588235 0.6838636363636363 0.16705882352941176 0.026818181818181817
1 0.548235294117647 0.6870454545454545 0.11529411764705882 0.020454545454545454
1 0.7602941176470588 0.8611363636363636 0.05823529411764706 0.03954545454545454
1 0.8414705882352941 0.9272727272727272 0.054705882352941174 0.04181818181818182
1 0.558235294117647 0.6079545454545454 0.14588235294117646 0.035
1 0.4108823529411765 0.9238636363636363 0.05588235294117647 0.03954545454545454
1 0.38029411764705884 0.6070454545454546 0.14647058823529413 0.03590909090909091
1 0.6644117647058824 0.7697727272727273 0.09117647058823529 0.03409090909090909
1 0.3835294117647059 0.4495454545454545 0.15176470588235294 0.03727272727272727
1 0.4288235294117647 0.4097727272727273 0.2388235294117647 0.025
1 0.10441176470588236 0.6763636363636364 0.07823529411764706 0.035454545454545454
1 0.09911764705882353 0.44636363636363635 0.07941176470588235 0.03636363636363636
1 0.4235294117647059 0.7265909090909091 0.2388235294117647 0.03318181818181818
1 0.1514705882352941 0.9215909090909091 0.05352941176470588 0.03954545454545454
1 0.8352941176470589 0.7256818181818182 0.13647058823529412 0.031363636363636364
1 0.32441176470588234 0.9225 0.05588235294117647 0.03954545454545454
1 0.15 0.8515909090909091 0.05058823529411765 0.04045454545454545
1 0.375 0.5181818181818182 0.14176470588235293 0.03909090909090909
1 0.1011764705882353 0.5179545454545454 0.08 0.03409090909090909
1 0.6414705882352941 0.7215909090909091 0.17470588235294118 0.03590909090909091
1 0.23911764705882352 0.8543181818181819 0.051176470588235295 0.03954545454545454
1 0.24029411764705882 0.9222727272727272 0.05588235294117647 0.03909090909090909
1 0.36970588235294116 0.7677272727272727 0.14058823529411765 0.03636363636363636
1 0.763235294117647 0.9229545454545455 0.060588235294117644 0.04045454545454545
1 0.1038235294117647 0.36318181818181816 0.07588235294117647 0.034545454545454546
1 0.5079411764705882 0.7663636363636364 0.12411764705882353 0.035454545454545454
1 0.6352941176470588 0.4081818181818182 0.1635294117647059 0.03727272727272727
1 0.53 0.36568181818181816 0.1 0.03590909090909091
1 0.40941176470588236 0.8570454545454546 0.05176470588235294 0.04045454545454545
1 0.5897058823529412 0.9215909090909091 0.061764705882352944 0.04045454545454545
1 0.4223529411764706 0.5697727272727273 0.22705882352941176 0.02772727272727273
1 0.5167647058823529 0.5179545454545454 0.13705882352941176 0.03681818181818182
1 0.5805882352941176 0.8568181818181818 0.05529411764705883 0.04181818181818182
1 0.10147058823529412 0.4027272727272727 0.08176470588235295 0.035454545454545454
1 0.0961764705882353 0.5606818181818182 0.07352941176470588 0.03409090909090909
1 0.5508823529411765 0.03431818181818182 0.07823529411764706 0.022272727272727274
1 0.4985294117647059 0.9222727272727272 0.061764705882352944 0.04181818181818182
1 0.8382352941176471 0.8615909090909091 0.05176470588235294 0.041363636363636366
1 0.6679411764705883 0.8575 0.05352941176470588 0.045
1 0.09 0.7588636363636364 0.06823529411764706 0.03681818181818182
1 0.09470588235294118 0.7181818181818181 0.07647058823529412 0.035454545454545454
1 0.528235294117647 0.44931818181818184 0.09294117647058824 0.03409090909090909
1 0.49823529411764705 0.8611363636363636 0.05058823529411765 0.045
1 0.39 0.3625 0.1623529411764706 0.03681818181818182
1 0.095 0.6034090909090909 0.07588235294117647 0.035
1 0.6744117647058824 0.9259090909090909 0.060588235294117644 0.04090909090909091
1 0.32382352941176473 0.8545454545454545 0.05 0.04
1 0.6594117647058824 0.5638636363636363 0.22588235294117648 0.04045454545454545
1 0.6908823529411765 0.6879545454545455 0.0888235294117647 0.030454545454545453
1 0.2788235294117647 0.032045454545454544 0.02588235294117647 0.019545454545454546
1 0.31529411764705884 0.032045454545454544 0.047058823529411764 0.018636363636363635
1 0.6270588235294118 0.6931818181818182 0.02588235294117647 0.025454545454545455
1 0.7505882352941177 0.7256818181818182 0.029411764705882353 0.031363636363636364
1 0.5882352941176471 0.7786363636363637 0.03529411764705882 0.02727272727272727