1 0.3679411764705882 0.7215909090909091 0.13470588235294118 0.03772727272727273
1 0.5235294117647059 0.6863636363636364 0.03411764705882353 0.035454545454545454
1 0.7667647058823529 0.8606818181818182 0.0688235294117647 0.03954545454545454
1 0.8420588235294117 0.9311363636363637 0.0488235294117647 0.03318181818181818
1 0.4138235294117647 0.9277272727272727 0.06764705882352941 0.03909090909090909
1 0.5152941176470588 0.5254545454545455 0.09058823529411765 0.03636363636363636
1 0.8555882352941176 0.860909090909091 0.0711764705882353 0.04090909090909091
1 0.3711764705882353 0.6086363636363636 0.13176470588235295 0.035454545454545454
1 0.5947058823529412 0.7743181818181818 0.07647058823529412 0.030454545454545453
1 0.3976470588235294 0.4515909090909091 0.18 0.03681818181818182
1 0.4541176470588235 0.68 0.08823529411764706 0.038181818181818185
1 0.6491176470588236 0.7245454545454545 0.03588235294117647 0.03727272727272727
1 0.42705882352941177 0.4106818181818182 0.24 0.03590909090909091
1 0.1011764705882353 0.6845454545454546 0.08705882352941176 0.03636363636363636
1 0.10058823529411764 0.44636363636363635 0.08235294117647059 0.03636363636363636
1 0.7382352941176471 0.5731818181818182 0.03058823529411765 0.038181818181818185
1 0.4602941176470588 0.7725 0.10411764705882352 0.03409090909090909
1 0.6044117647058823 0.62 0.05588235294117647 0.023636363636363636
1 0.15529411764705883 0.9227272727272727 0.06588235294117648 0.04090909090909091
1 0.8091176470588235 0.5704545454545454 0.09117647058823529 0.03636363636363636
1 0.3288235294117647 0.925 0.06705882352941177 0.04
1 0.16088235294117648 0.8552272727272727 0.05823529411764706 0.042272727272727274
1 0.38 0.5234090909090909 0.14705882352941177 0.038636363636363635
1 0.09676470588235295 0.5213636363636364 0.07352941176470588 0.03636363636363636
1 0.6329411764705882 0.5281818181818182 0.06352941176470588 0.038181818181818185
1 0.24058823529411766 0.9243181818181818 0.06352941176470588 0.03954545454545454
1 0.34823529411764703 0.7725 0.09058823529411765 0.03409090909090909
1 0.7608823529411765 0.9268181818181818 0.054705882352941174 0.04
1 0.10764705882352942 0.36272727272727273 0.08352941176470588 0.03727272727272727
1 0.5355882352941177 0.7215909090909091 0.17588235294117646 0.03772727272727273
1 0.635 0.4115909090909091 0.1688235294117647 0.03772727272727273
1 0.6447058823529411 0.37886363636363635 0.03294117647058824 0.025
1 0.41823529411764704 0.8581818181818182 0.05411764705882353 0.04090909090909091
1 0.5929411764705882 0.9261363636363636 0.058823529411764705 0.038636363636363635
1 0.09441176470588235 0.5638636363636363 0.07352941176470588 0.03590909090909091
1 0.5802941176470588 0.5345454545454545 0.027647058823529413 0.035454545454545454
1 0.4961764705882353 0.6120454545454546 0.09117647058823529 0.03409090909090909
1 0.41911764705882354 0.5679545454545455 0.23705882352941177 0.03954545454545454
1 0.5858823529411765 0.8593181818181819 0.05529411764705883 0.04045454545454545
1 0.10352941176470588 0.4031818181818182 0.08705882352941176 0.03636363636363636
1 0.633235294117647 0.5695454545454546 0.15588235294117647 0.03727272727272727
1 0.5458823529411765 0.03636363636363636 0.06941176470588235 0.022727272727272728
1 0.7988235294117647 0.4118181818181818 0.11411764705882353 0.03727272727272727
1 0.7594117647058823 0.7243181818181819 0.14941176470588236 0.03772727272727273
1 0.5041176470588236 0.9304545454545454 0.07294117647058823 0.042727272727272725
1 0.6779411764705883 0.8702272727272727 0.06294117647058824 0.042272727272727274
1 0.5505882352941176 0.37136363636363634 0.12588235294117647 0.03636363636363636
1 0.105 0.7634090909090909 0.08176470588235295 0.03772727272727273
1 0.10794117647058823 0.7229545454545454 0.07941176470588235 0.03772727272727273
1 0.7238235294117648 0.41545454545454547 0.031176470588235295 0.02909090909090909
1 0.5638235294117647 0.455 0.11352941176470588 0.03363636363636364
1 0.4964705882352941 0.8595454545454545 0.04941176470588235 0.04181818181818182
1 0.6394117647058823 0.4725 0.03411764705882353 0.022272727272727274
1 0.38794117647058823 0.36477272727272725 0.15470588235294117 0.038636363636363635
1 0.09323529411764706 0.6054545454545455 0.07470588235294118 0.03727272727272727
1 0.6741176470588235 0.9277272727272727 0.06 0.04
1 0.32823529411764707 0.8579545454545454 0.0611764705882353 0.04045454545454545
1 0.27441176470588236 0.03340909090909091 0.02176470588235294 0.018636363636363635
1 0.31441176470588234 0.03636363636363636 0.04411764705882353 0.019090909090909092
1 0.7147058823529412 0.3790909090909091 0.07882352941176471 0.02
1 0.7008823529411765 0.4718181818181818 0.07470588235294118 0.025454545454545455
1 0.5494117647058824 0.6261363636363636 0.021176470588235293 0.022272727272727274
1 0.6035294117647059 0.6943181818181818 0.07176470588235294 0.018636363636363635
1 0.5388235294117647 0.785 0.027058823529411764 0.03363636363636364
1 0.3497058823529412 0.6861363636363637 0.09705882352941177 0.030454545454545453
1 0.24676470588235294 0.8584090909090909 0.057058823529411766 0.038636363636363635