1 0.7570588235294118 0.8577272727272728 0.06823529411764706 0.04090909090909091
1 0.8461764705882353 0.9213636363636364 0.08294117647058824 0.045454545454545456
1 0.8332352941176471 0.5745454545454546 0.14058823529411765 0.038181818181818185
1 0.4126470588235294 0.9254545454545454 0.06764705882352941 0.04
1 0.5588235294117647 0.5261363636363636 0.20705882352941177 0.041363636363636366
1 0.36764705882352944 0.610909090909091 0.12941176470588237 0.03636363636363636
1 0.7444117647058823 0.7718181818181818 0.1111764705882353 0.03363636363636364
1 0.7005882352941176 0.7286363636363636 0.2023529411764706 0.03363636363636364
1 0.4388235294117647 0.7268181818181818 0.2647058823529412 0.04181818181818182
1 0.8102941176470588 0.5313636363636364 0.13588235294117648 0.038181818181818185
1 0.435 0.4118181818181818 0.2664705882352941 0.03636363636363636
1 0.10705882352941176 0.6763636363636364 0.0976470588235294 0.038181818181818185
1 0.09588235294117647 0.4459090909090909 0.07882352941176471 0.03636363636363636
1 0.40794117647058825 0.6811363636363637 0.2088235294117647 0.03954545454545454
1 0.7191176470588235 0.5711363636363637 0.04294117647058823 0.03590909090909091
1 0.10323529411764706 0.36204545454545456 0.0888235294117647 0.03954545454545454
1 0.6220588235294118 0.6804545454545454 0.15470588235294117 0.03636363636363636
1 0.14588235294117646 0.9218181818181819 0.05411764705882353 0.04181818181818182
1 0.3335294117647059 0.9236363636363636 0.06705882352941177 0.03909090909090909
1 0.15529411764705883 0.855 0.06352941176470588 0.042727272727272725
1 0.7544117647058823 0.6163636363636363 0.12764705882352942 0.034545454545454546
1 0.3761764705882353 0.5243181818181818 0.13 0.038636363636363635
1 0.10411764705882352 0.519090909090909 0.09294117647058824 0.04
1 0.8741176470588236 0.37272727272727274 0.08470588235294117 0.035454545454545454
1 0.23441176470588235 0.9220454545454545 0.057058823529411766 0.03954545454545454
1 0.38294117647058823 0.7695454545454545 0.16705882352941176 0.03727272727272727
1 0.7585294117647059 0.9245454545454546 0.07235294117647059 0.04
1 0.3076470588235294 0.031818181818181815 0.047058823529411764 0.01818181818181818
1 0.5538235294117647 0.7695454545454545 0.14058823529411765 0.035454545454545454
1 0.6867647058823529 0.4593181818181818 0.08764705882352941 0.030454545454545453
1 0.6988235294117647 0.3729545454545454 0.14705882352941177 0.03681818181818182
1 0.6176470588235294 0.46204545454545454 0.03176470588235294 0.03227272727272727
1 0.41 0.8568181818181818 0.06235294117647059 0.04
1 0.5882352941176471 0.9227272727272727 0.0611764705882353 0.03727272727272727
1 0.3814705882352941 0.5647727272727273 0.1476470588235294 0.04045454545454545
1 0.5355882352941177 0.6163636363636363 0.14411764705882352 0.03636363636363636
1 0.585 0.8618181818181818 0.05588235294117647 0.03909090909090909
1 0.09735294117647059 0.4031818181818182 0.08529411764705883 0.03727272727272727
1 0.10441176470588236 0.5647727272727273 0.08647058823529412 0.03772727272727273
1 0.5688235294117647 0.5695454545454546 0.19176470588235295 0.03636363636363636
1 0.5770588235294117 0.04022727272727273 0.12 0.023181818181818182
1 0.76 0.4093181818181818 0.047058823529411764 0.03772727272727273
1 0.741764705882353 0.6825 0.05058823529411765 0.03590909090909091
1 0.5008823529411764 0.9254545454545454 0.06647058823529411 0.04181818181818182
1 0.8102941176470588 0.6861363636363637 0.07588235294117647 0.03681818181818182
1 0.6564705882352941 0.41204545454545455 0.14470588235294118 0.04318181818181818
1 0.8938235294117647 0.7284090909090909 0.0888235294117647 0.04409090909090909
1 0.39088235294117646 0.4495454545454545 0.1688235294117647 0.03909090909090909
1 0.10411764705882352 0.7636363636363637 0.0976470588235294 0.03727272727272727
1 0.10794117647058823 0.7204545454545455 0.10529411764705883 0.03909090909090909
1 0.5385294117647059 0.45454545454545453 0.10882352941176471 0.03272727272727273
1 0.6573529411764706 0.7738636363636363 0.03588235294117647 0.03318181818181818
1 0.5008823529411764 0.8563636363636363 0.060588235294117644 0.04
1 0.7008823529411765 0.525 0.05352941176470588 0.035454545454545454
1 0.83 0.41409090909090907 0.0976470588235294 0.038181818181818185
1 0.6520588235294118 0.6179545454545454 0.039411764705882354 0.03409090909090909
1 0.10294117647058823 0.6054545454545455 0.08705882352941176 0.038181818181818185
1 0.6694117647058824 0.9247727272727273 0.06235294117647059 0.04045454545454545
1 0.45235294117647057 0.3690909090909091 0.28705882352941176 0.045454545454545456
1 0.3264705882352941 0.8540909090909091 0.07058823529411765 0.04090909090909091
1 0.8288235294117647 0.7288636363636364 0.03411764705882353 0.03409090909090909
1 0.24323529411764705 0.8575 0.06764705882352941 0.03590909090909091
1 0.6655882352941176 0.8568181818181818 0.0488235294117647 0.04181818181818182
1 0.8447058823529412 0.8606818181818182 0.05529411764705883 0.03772727272727273
1 0.7988235294117647 0.3690909090909091 0.036470588235294116 0.031818181818181815