1 0.3761764705882353 0.37363636363636366 0.1476470588235294 0.038181818181818185
1 0.758235294117647 0.860909090909091 0.05411764705882353 0.04
1 0.8382352941176471 0.9320454545454545 0.05176470588235294 0.049545454545454545
1 0.6264705882352941 0.6127272727272727 0.23529411764705882 0.03727272727272727
1 0.41794117647058826 0.9295454545454546 0.06764705882352941 0.04
1 0.85 0.8627272727272727 0.06235294117647059 0.045454545454545456
1 0.4 0.6115909090909091 0.18470588235294116 0.03681818181818182
1 0.5879411764705882 0.41613636363636364 0.2641176470588235 0.03590909090909091
1 0.42617647058823527 0.6811363636363637 0.23823529411764705 0.03954545454545454
1 0.4302941176470588 0.7240909090909091 0.2570588235294118 0.04090909090909091
1 0.3735294117647059 0.4197727272727273 0.14352941176470588 0.03954545454545454
1 0.10205882352941177 0.6845454545454546 0.09 0.03727272727272727
1 0.10411764705882352 0.45181818181818184 0.08588235294117647 0.038181818181818185
1 0.10911764705882353 0.3693181818181818 0.0888235294117647 0.03681818181818182
1 0.7241176470588235 0.7277272727272728 0.30470588235294116 0.035454545454545454
1 0.16470588235294117 0.9295454545454546 0.06823529411764706 0.03909090909090909
1 0.3326470588235294 0.9270454545454545 0.06764705882352941 0.038636363636363635
1 0.15588235294117647 0.8586363636363636 0.058823529411764705 0.03909090909090909
1 0.4214705882352941 0.5243181818181818 0.2323529411764706 0.03954545454545454
1 0.10735294117647058 0.5256818181818181 0.10294117647058823 0.03681818181818182
1 0.2488235294117647 0.8606818181818182 0.06352941176470588 0.03954545454545454
1 0.25176470588235295 0.9288636363636363 0.07176470588235294 0.03590909090909091
1 0.4026470588235294 0.7713636363636364 0.20058823529411765 0.03636363636363636
1 0.7576470588235295 0.9254545454545454 0.05529411764705883 0.04454545454545455
1 0.2926470588235294 0.03227272727272727 0.04058823529411765 0.022727272727272728
1 0.6464705882352941 0.7720454545454546 0.23058823529411765 0.03318181818181818
1 0.41323529411764703 0.86 0.060588235294117644 0.04
1 0.5888235294117647 0.9336363636363636 0.04941176470588235 0.045454545454545456
1 0.42470588235294116 0.5702272727272727 0.22588235294117648 0.038636363636363635
1 0.5302941176470588 0.45704545454545453 0.20647058823529413 0.03409090909090909
1 0.5902941176470589 0.8606818181818182 0.06647058823529411 0.04045454545454545
1 0.7002941176470588 0.5713636363636364 0.2876470588235294 0.03636363636363636
1 0.5644117647058824 0.037954545454545456 0.11941176470588236 0.023181818181818182
1 0.7044117647058824 0.5290909090909091 0.2958823529411765 0.034545454545454546
1 0.5102941176470588 0.9347727272727273 0.06529411764705882 0.045
1 0.6755882352941176 0.86 0.060588235294117644 0.038181818181818185
1 0.5929411764705882 0.37363636363636366 0.2635294117647059 0.03636363636363636
1 0.3573529411764706 0.45545454545454545 0.11470588235294117 0.038181818181818185
1 0.11 0.77 0.08588235294117647 0.03636363636363636
1 0.10735294117647058 0.7252272727272727 0.08764705882352941 0.03772727272727273
1 0.7179411764705882 0.6884090909090909 0.30058823529411766 0.03954545454545454
1 0.5029411764705882 0.860909090909091 0.058823529411764705 0.04090909090909091
1 0.11529411764705882 0.6118181818181818 0.0988235294117647 0.03727272727272727
1 0.6791176470588235 0.9297727272727273 0.05823529411764706 0.045909090909090906
1 0.33676470588235297 0.8597727272727272 0.06764705882352941 0.03954545454545454
1 0.11235294117647059 0.5706818181818182 0.10941176470588235 0.03954545454545454
1 0.10470588235294118 0.4138636363636364 0.0811764705882353 0.03681818181818182