1 0.4082352941176471 0.6786363636363636 0.18235294117647058 0.038181818181818185
1 0.5973529411764706 0.6793181818181818 0.14176470588235293 0.03681818181818182
1 0.7658823529411765 0.8552272727272727 0.06470588235294118 0.038636363636363635
1 0.8523529411764705 0.925 0.06705882352941177 0.04
1 0.5905882352941176 0.6070454545454546 0.13411764705882354 0.03590909090909091
1 0.41558823529411765 0.9211363636363636 0.05588235294117647 0.03772727272727273
1 0.8485294117647059 0.8563636363636363 0.05588235294117647 0.04181818181818182
1 0.40794117647058825 0.605909090909091 0.18764705882352942 0.034545454545454546
1 0.38 0.4486363636363636 0.14352941176470588 0.035454545454545454
1 0.7079411764705882 0.68 0.03470588235294118 0.034545454545454546
1 0.3935294117647059 0.7679545454545454 0.16 0.038636363636363635
1 0.4041176470588235 0.4031818181818182 0.1952941176470588 0.035454545454545454
1 0.11058823529411765 0.6752272727272727 0.08941176470588236 0.03590909090909091
1 0.11088235294117647 0.4475 0.0888235294117647 0.035
1 0.42823529411764705 0.7215909090909091 0.22 0.038636363636363635
1 0.5044117647058823 0.8543181818181819 0.05352941176470588 0.03772727272727273
1 0.6344117647058823 0.7204545454545455 0.15470588235294117 0.03636363636363636
1 0.16264705882352942 0.9204545454545454 0.06529411764705882 0.035454545454545454
1 0.755 0.7222727272727273 0.03705882352941176 0.035454545454545454
1 0.33676470588235297 0.9206818181818182 0.0688235294117647 0.03772727272727273
1 0.16029411764705884 0.8525 0.06411764705882353 0.03681818181818182
1 0.7347058823529412 0.7675 0.07294117647058823 0.03318181818181818
1 0.42764705882352944 0.5206818181818181 0.2223529411764706 0.03409090909090909
1 0.11294117647058824 0.5188636363636364 0.08588235294117647 0.03590909090909091
1 0.655 0.5665909090909091 0.1676470588235294 0.03681818181818182
1 0.24352941176470588 0.8531818181818182 0.047058823529411764 0.03636363636363636
1 0.2520588235294118 0.9193181818181818 0.06764705882352941 0.038636363636363635
1 0.7673529411764706 0.9220454545454545 0.06647058823529411 0.03954545454545454
1 0.11235294117647059 0.3629545454545455 0.09176470588235294 0.035
1 0.5685294117647058 0.7618181818181818 0.13588235294117648 0.038181818181818185
1 0.7138235294117647 0.455 0.08647058823529412 0.03272727272727273
1 0.6970588235294117 0.37204545454545457 0.047058823529411764 0.035
1 0.5935294117647059 0.4052272727272727 0.16823529411764707 0.03681818181818182
1 0.4235294117647059 0.8543181818181819 0.05764705882352941 0.03681818181818182
1 0.5976470588235294 0.9218181818181819 0.06941176470588235 0.03909090909090909
1 0.4326470588235294 0.565 0.24058823529411766 0.034545454545454546
1 0.6344117647058823 0.5256818181818181 0.16176470588235295 0.03772727272727273
1 0.5935294117647059 0.8534090909090909 0.06352941176470588 0.03772727272727273
1 0.11411764705882353 0.4031818181818182 0.08705882352941176 0.034545454545454546
1 0.1126470588235294 0.5627272727272727 0.08529411764705883 0.034545454545454546
1 0.6473529411764706 0.4640909090909091 0.03470588235294118 0.03272727272727273
1 0.5567647058823529 0.03227272727272727 0.08764705882352941 0.026363636363636363
1 0.5011764705882353 0.9215909090909091 0.05647058823529412 0.041363636363636366
1 0.6717647058823529 0.8538636363636364 0.05058823529411765 0.038636363636363635
1 0.7626470588235295 0.3665909090909091 0.08176470588235295 0.03227272727272727
1 0.8364705882352941 0.7225 0.09411764705882353 0.035
1 0.10529411764705883 0.7613636363636364 0.08352941176470588 0.034545454545454546
1 0.10764705882352942 0.7220454545454545 0.0811764705882353 0.03590909090909091
1 0.7170588235294117 0.40636363636363637 0.03294117647058824 0.034545454545454546
1 0.5414705882352941 0.4486363636363636 0.13117647058823528 0.034545454545454546
1 0.6752941176470588 0.7754545454545455 0.04 0.042727272727272725
1 0.7761764705882352 0.4072727272727273 0.08058823529411764 0.03272727272727273
1 0.39029411764705885 0.36272727272727273 0.15941176470588236 0.03727272727272727
1 0.11411764705882353 0.6043181818181819 0.08823529411764706 0.03590909090909091
1 0.6794117647058824 0.9197727272727273 0.06823529411764706 0.03954545454545454
1 0.5691176470588235 0.3618181818181818 0.14058823529411765 0.03636363636363636
1 0.3423529411764706 0.8525 0.06352941176470588 0.03681818181818182
1 0.783235294117647 0.6793181818181818 0.08294117647058824 0.03590909090909091
1 0.31323529411764706 0.031363636363636364 0.10058823529411764 0.022727272727272728