1 0.3973529411764706 0.6813636363636364 0.17941176470588235 0.03272727272727273
1 0.5688235294117647 0.6827272727272727 0.14 0.03272727272727273
1 0.7623529411764706 0.8590909090909091 0.06470588235294118 0.035454545454545454
1 0.8470588235294118 0.9286363636363636 0.06705882352941177 0.038181818181818185
1 0.5479411764705883 0.6102272727272727 0.11705882352941177 0.03409090909090909
1 0.41147058823529414 0.9265909090909091 0.061764705882352944 0.03681818181818182
1 0.5423529411764706 0.5261363636363636 0.11058823529411765 0.031363636363636364
1 0.3897058823529412 0.6093181818181819 0.16647058823529412 0.03772727272727273
1 0.5220588235294118 0.4090909090909091 0.15235294117647058 0.03727272727272727
1 0.6470588235294118 0.7765909090909091 0.027058823529411764 0.03227272727272727
1 0.7079411764705882 0.6843181818181818 0.0688235294117647 0.03318181818181818
1 0.41794117647058826 0.7256818181818182 0.22764705882352942 0.03681818181818182
1 0.36264705882352943 0.36227272727272725 0.10058823529411764 0.03636363636363636
1 0.3764705882352941 0.4065909090909091 0.13647058823529412 0.03590909090909091
1 0.11147058823529411 0.6797727272727273 0.07235294117647059 0.035
1 0.10970588235294118 0.36272727272727273 0.06764705882352941 0.034545454545454546
1 0.10735294117647058 0.44727272727272727 0.0688235294117647 0.034545454545454546
1 0.49970588235294117 0.8572727272727273 0.05823529411764706 0.03909090909090909
1 0.6120588235294118 0.7245454545454545 0.13823529411764707 0.03363636363636364
1 0.1561764705882353 0.9231818181818182 0.06411764705882353 0.03909090909090909
1 0.7685294117647059 0.5727272727272728 0.13117647058823528 0.031818181818181815
1 0.3285294117647059 0.925 0.061764705882352944 0.038181818181818185
1 0.1561764705882353 0.8547727272727272 0.05352941176470588 0.03681818181818182
1 0.596764705882353 0.4527272727272727 0.0888235294117647 0.03272727272727273
1 0.3941176470588235 0.524090909090909 0.16588235294117648 0.02909090909090909
1 0.1038235294117647 0.5222727272727272 0.07352941176470588 0.03272727272727273
1 0.6329411764705882 0.6122727272727273 0.024705882352941175 0.03272727272727273
1 0.24705882352941178 0.8561363636363636 0.058823529411764705 0.03772727272727273
1 0.24911764705882353 0.9229545454545455 0.07 0.03772727272727273
1 0.3961764705882353 0.7675 0.18529411764705883 0.03318181818181818
1 0.7579411764705882 0.928409090909091 0.06411764705882353 0.03681818181818182
1 0.56 0.7697727272727273 0.13058823529411764 0.03318181818181818
1 0.6223529411764706 0.36954545454545457 0.10588235294117647 0.034545454545454546
1 0.47 0.36454545454545456 0.11529411764705882 0.03636363636363636
1 0.415 0.8579545454545454 0.05823529411764706 0.03772727272727273
1 0.59 0.9270454545454545 0.06 0.03681818181818182
1 0.4194117647058824 0.5675 0.2188235294117647 0.030454545454545453
1 0.4641176470588235 0.4509090909090909 0.10470588235294118 0.034545454545454546
1 0.5861764705882353 0.8579545454545454 0.05352941176470588 0.038636363636363635
1 0.10852941176470589 0.40386363636363637 0.0688235294117647 0.03409090909090909
1 0.10264705882352941 0.5643181818181818 0.07235294117647059 0.03409090909090909
1 0.5976470588235294 0.5688636363636363 0.13058823529411764 0.03409090909090909
1 0.5797058823529412 0.038863636363636364 0.13588235294117648 0.022272727272727274
1 0.7079411764705882 0.4122727272727273 0.12529411764705883 0.03363636363636364
1 0.7661764705882353 0.7284090909090909 0.07823529411764706 0.02772727272727273
1 0.5038235294117647 0.928409090909091 0.06294117647058824 0.03772727272727273
1 0.8485294117647059 0.86 0.0688235294117647 0.038181818181818185
1 0.6738235294117647 0.8590909090909091 0.05823529411764706 0.03727272727272727
1 0.36176470588235293 0.44931818181818184 0.10470588235294118 0.03590909090909091
1 0.10911764705882353 0.7663636363636364 0.07705882352941176 0.03727272727272727
1 0.11176470588235295 0.7213636363636363 0.07411764705882352 0.03090909090909091
1 0.5379411764705883 0.4527272727272727 0.028823529411764706 0.03636363636363636
1 0.705 0.5275 0.10647058823529412 0.031363636363636364
1 0.1038235294117647 0.6081818181818182 0.07823529411764706 0.035454545454545454
1 0.6744117647058824 0.9281818181818182 0.06411764705882353 0.03727272727272727
1 0.32676470588235296 0.8570454545454546 0.05941176470588235 0.03681818181818182
1 0.7073529411764706 0.6134090909090909 0.09941176470588235 0.028636363636363637
1 0.3255882352941176 0.035 0.054705882352941174 0.01818181818181818
1 0.696764705882353 0.7718181818181818 0.060588235294117644 0.03090909090909091
1 0.7094117647058824 0.7272727272727273 0.029411764705882353 0.03363636363636364
1 0.6235294117647059 0.53 0.03411764705882353 0.03090909090909091
1 0.6891176470588235 0.5722727272727273 0.025294117647058825 0.03636363636363636
1 0.6552941176470588 0.6904545454545454 0.027058823529411764 0.03272727272727273
1 0.6232352941176471 0.4118181818181818 0.03 0.035454545454545454
1 0.548235294117647 0.36818181818181817 0.02823529411764706 0.03636363636363636