1 0.3764705882352941 0.6770454545454545 0.1588235294117647 0.03227272727272727
1 0.5229411764705882 0.6777272727272727 0.1223529411764706 0.03727272727272727
1 0.35205882352941176 0.5172727272727272 0.10529411764705883 0.03727272727272727
1 0.7579411764705882 0.8527272727272728 0.05823529411764706 0.03636363636363636
1 0.8458823529411764 0.9215909090909091 0.06235294117647059 0.038636363636363635
1 0.5288235294117647 0.5695454545454546 0.1776470588235294 0.03272727272727273
1 0.4067647058823529 0.9204545454545454 0.05352941176470588 0.038181818181818185
1 0.48911764705882355 0.5184090909090909 0.13470588235294118 0.03772727272727273
1 0.8364705882352941 0.855909090909091 0.05176470588235294 0.03090909090909091
1 0.3538235294117647 0.6077272727272728 0.1111764705882353 0.035454545454545454
1 0.6652941176470588 0.7179545454545454 0.13058823529411764 0.03590909090909091
1 0.4429411764705882 0.4093181818181818 0.28941176470588237 0.03772727272727273
1 0.39176470588235296 0.7631818181818182 0.19058823529411764 0.03636363636363636
1 0.39088235294117646 0.35659090909090907 0.17705882352941177 0.03772727272727273
1 0.09294117647058824 0.6740909090909091 0.07529411764705882 0.038181818181818185
1 0.10411764705882352 0.4431818181818182 0.0988235294117647 0.03636363636363636
1 0.4455882352941177 0.7172727272727273 0.29470588235294115 0.038181818181818185
1 0.09323529411764706 0.3575 0.08411764705882353 0.035
1 0.6273529411764706 0.6197727272727273 0.08764705882352941 0.023181818181818182
1 0.14941176470588236 0.9188636363636363 0.05411764705882353 0.038636363636363635
1 0.3241176470588235 0.9202272727272728 0.05647058823529412 0.03772727272727273
1 0.15558823529411764 0.8504545454545455 0.05588235294117647 0.03636363636363636
1 0.6029411764705882 0.4597727272727273 0.14470588235294118 0.03318181818181818
1 0.09411764705882353 0.5125 0.07647058823529412 0.03590909090909091
1 0.2388235294117647 0.8511363636363637 0.05176470588235294 0.03590909090909091
1 0.2388235294117647 0.9181818181818182 0.05411764705882353 0.03727272727272727
1 0.7538235294117647 0.9227272727272727 0.051176470588235295 0.035454545454545454
1 0.2752941176470588 0.02772727272727273 0.03882352941176471 0.026363636363636363
1 0.5408823529411765 0.7670454545454546 0.09117647058823529 0.03318181818181818
1 0.6947058823529412 0.4113636363636364 0.19176470588235295 0.038181818181818185
1 0.6497058823529411 0.3638636363636364 0.04176470588235294 0.035
1 0.40794117647058825 0.8525 0.05352941176470588 0.03681818181818182
1 0.5855882352941176 0.9204545454545454 0.05941176470588235 0.038181818181818185
1 0.36705882352941177 0.5661363636363637 0.14588235294117646 0.035
1 0.5911764705882353 0.5218181818181818 0.03176470588235294 0.03636363636363636
1 0.47058823529411764 0.6054545454545455 0.13058823529411764 0.034545454545454546
1 0.581764705882353 0.8520454545454546 0.05411764705882353 0.03681818181818182
1 0.09705882352941177 0.40045454545454545 0.09058823529411765 0.035454545454545454
1 0.09 0.5606818181818182 0.08588235294117647 0.03409090909090909
1 0.5605882352941176 0.36227272727272725 0.12117647058823529 0.03636363636363636
1 0.7711764705882352 0.4597727272727273 0.07647058823529412 0.03227272727272727
1 0.5005882352941177 0.9204545454545454 0.0611764705882353 0.038181818181818185
1 0.6714705882352942 0.8529545454545454 0.05823529411764706 0.038636363636363635
1 0.7202941176470589 0.36477272727272725 0.09705882352941177 0.03318181818181818
1 0.4023529411764706 0.4581818181818182 0.2211764705882353 0.024545454545454544
1 0.09235294117647058 0.7634090909090909 0.08 0.03590909090909091
1 0.4938235294117647 0.8515909090909091 0.04764705882352941 0.03590909090909091
1 0.6879411764705883 0.5206818181818181 0.1288235294117647 0.038636363636363635
1 0.8835294117647059 0.41204545454545455 0.10235294117647059 0.031363636363636364
1 0.09794117647058824 0.6015909090909091 0.08294117647058824 0.03590909090909091
1 0.6758823529411765 0.9220454545454545 0.05411764705882353 0.02590909090909091
1 0.3291176470588235 0.8511363636363637 0.06529411764705882 0.03772727272727273
1 0.7270588235294118 0.5665909090909091 0.13411764705882354 0.03681818181818182
1 0.09382352941176471 0.7197727272727272 0.07352941176470588 0.035
1 0.5691176470588235 0.03 0.1323529411764706 0.02090909090909091
1 0.8132352941176471 0.4177272727272727 0.03 0.04090909090909091
1 0.7144117647058823 0.46386363636363637 0.03705882352941176 0.02772727272727273
1 0.6329411764705882 0.5713636363636364 0.029411764705882353 0.038181818181818185
1 0.566764705882353 0.6209090909090909 0.033529411764705884 0.03363636363636364
1 0.8161764705882353 0.415 0.03235294117647059 0.03909090909090909