1 0.4082352941176471 0.6827272727272727 0.2011764705882353 0.034545454545454546
1 0.5785294117647058 0.6854545454545454 0.1264705882352941 0.03272727272727273
1 0.7585294117647059 0.8645454545454545 0.06411764705882353 0.03727272727272727
1 0.8408823529411765 0.9286363636363636 0.060588235294117644 0.03909090909090909
1 0.5979411764705882 0.6209090909090909 0.028823529411764706 0.02909090909090909
1 0.41205882352941176 0.9270454545454545 0.05823529411764706 0.038636363636363635
1 0.3870588235294118 0.6131818181818182 0.16823529411764707 0.028181818181818183
1 0.6397058823529411 0.7706818181818181 0.05941176470588235 0.031363636363636364
1 0.6717647058823529 0.6888636363636363 0.03411764705882353 0.03409090909090909
1 0.4082352941176471 0.7263636363636363 0.22 0.034545454545454546
1 0.7455882352941177 0.5325 0.03 0.03318181818181818
1 0.38588235294117645 0.40863636363636363 0.17294117647058824 0.034545454545454546
1 0.10882352941176471 0.68 0.06588235294117648 0.035454545454545454
1 0.7529411764705882 0.5709090909090909 0.029411764705882353 0.03363636363636364
1 0.10617647058823529 0.3640909090909091 0.07941176470588235 0.034545454545454546
1 0.1161764705882353 0.4506818181818182 0.07352941176470588 0.035
1 0.5041176470588236 0.769090909090909 0.10235294117647059 0.034545454545454546
1 0.5929411764705882 0.7272727272727273 0.12823529411764706 0.03
1 0.15176470588235294 0.925 0.05058823529411765 0.03727272727272727
1 0.3332352941176471 0.9243181818181818 0.06647058823529411 0.03772727272727273
1 0.15588235294117647 0.8554545454545455 0.06235294117647059 0.03727272727272727
1 0.6882352941176471 0.7279545454545454 0.029411764705882353 0.03227272727272727
1 0.43676470588235294 0.5261363636363636 0.2605882352941176 0.038636363636363635
1 0.10970588235294118 0.5222727272727272 0.07352941176470588 0.03363636363636364
1 0.6644117647058824 0.6156818181818182 0.07588235294117647 0.02590909090909091
1 0.6523529411764706 0.5295454545454545 0.14352941176470588 0.031818181818181815
1 0.24058823529411766 0.9231818181818182 0.05411764705882353 0.03636363636363636
1 0.3688235294117647 0.7697727272727273 0.13647058823529412 0.028636363636363637
1 0.7555882352941177 0.928409090909091 0.05941176470588235 0.038636363636363635
1 0.6414705882352941 0.4572727272727273 0.08176470588235295 0.03272727272727273
1 0.6602941176470588 0.3743181818181818 0.03470588235294118 0.03681818181818182
1 0.5517647058823529 0.4102272727272727 0.14 0.03227272727272727
1 0.4082352941176471 0.8588636363636364 0.05529411764705883 0.038636363636363635
1 0.576764705882353 0.46090909090909093 0.031176470588235295 0.034545454545454546
1 0.5273529411764706 0.6143181818181818 0.09705882352941177 0.02772727272727273
1 0.4935294117647059 0.45545454545454545 0.10470588235294118 0.02727272727272727
1 0.585 0.7759090909090909 0.03235294117647059 0.034545454545454546
1 0.10823529411764705 0.40613636363636363 0.07647058823529412 0.03409090909090909
1 0.11235294117647059 0.5645454545454546 0.07529411764705882 0.034545454545454546
1 0.6408823529411765 0.5704545454545454 0.1688235294117647 0.035454545454545454
1 0.6479411764705882 0.4102272727272727 0.031176470588235295 0.035
1 0.7291176470588235 0.4090909090909091 0.11 0.035454545454545454
1 0.758235294117647 0.7277272727272728 0.08588235294117647 0.03090909090909091
1 0.5864705882352941 0.9279545454545455 0.05647058823529412 0.03409090909090909
1 0.8476470588235294 0.8625 0.06 0.03772727272727273
1 0.6702941176470588 0.8613636363636363 0.05588235294117647 0.04
1 0.5647058823529412 0.37068181818181817 0.14588235294117646 0.03681818181818182
1 0.7338235294117647 0.3704545454545455 0.10529411764705883 0.03363636363636364
1 0.8302941176470588 0.5695454545454546 0.10647058823529412 0.03090909090909091
1 0.10970588235294118 0.7647727272727273 0.07588235294117647 0.035
1 0.10882352941176471 0.7231818181818181 0.06823529411764706 0.03363636363636364
1 0.495 0.8604545454545455 0.05588235294117647 0.03727272727272727
1 0.8144117647058824 0.5309090909090909 0.10294117647058823 0.03363636363636364
1 0.38941176470588235 0.36704545454545456 0.17058823529411765 0.03681818181818182
1 0.11852941176470588 0.61 0.07470588235294118 0.034545454545454546
1 0.673235294117647 0.9309090909090909 0.06294117647058824 0.04
1 0.3264705882352941 0.8563636363636363 0.06 0.03727272727272727
1 0.36970588235294116 0.45181818181818184 0.1264705882352941 0.034545454545454546
1 0.7323529411764705 0.6831818181818182 0.06941176470588235 0.03363636363636364
1 0.31823529411764706 0.035 0.03411764705882353 0.02181818181818182
1 0.5770588235294117 0.03909090909090909 0.10823529411764705 0.022727272727272728
1 0.4238235294117647 0.5688636363636363 0.2488235294117647 0.03772727272727273
1 0.24176470588235294 0.8586363636363636 0.06 0.03636363636363636
1 0.48970588235294116 0.9293181818181818 0.051176470588235295 0.041363636363636366
1 0.5829411764705882 0.8629545454545454 0.06 0.03772727272727273