1 0.36941176470588233 0.5963636363636363 0.14470588235294118 0.03090909090909091
1 0.3029411764705882 0.023636363636363636 0.041176470588235294 0.025454545454545455
1 0.10058823529411764 0.4027272727272727 0.09294117647058824 0.03636363636363636
1 0.09441176470588235 0.44045454545454543 0.08529411764705883 0.03727272727272727
1 0.3714705882352941 0.7120454545454545 0.13705882352941176 0.02409090909090909
1 0.09852941176470588 0.7181818181818181 0.07705882352941176 0.034545454545454546
1 0.10323529411764706 0.7625 0.08058823529411764 0.03409090909090909
1 0.3423529411764706 0.7554545454545455 0.1011764705882353 0.026363636363636363
1 0.571764705882353 0.03636363636363636 0.10470588235294118 0.022727272727272728
1 0.3961764705882353 0.3968181818181818 0.20411764705882354 0.034545454545454546
1 0.105 0.56 0.07588235294117647 0.03272727272727273
1 0.5832352941176471 0.40545454545454546 0.13588235294117648 0.03727272727272727
1 0.6844117647058824 0.4006818181818182 0.0711764705882353 0.03590909090909091
1 0.49441176470588233 0.7586363636363637 0.07941176470588235 0.03
1 0.4661764705882353 0.7113636363636363 0.0488235294117647 0.03363636363636364
1 0.10088235294117646 0.6090909090909091 0.08058823529411764 0.03363636363636364
1 0.7770588235294118 0.39545454545454545 0.11294117647058824 0.035454545454545454
1 0.36705882352941177 0.4381818181818182 0.14705882352941177 0.02727272727272727
1 0.5470588235294118 0.4445454545454545 0.13058823529411764 0.03
1 0.6347058823529412 0.4509090909090909 0.03764705882352941 0.034545454545454546
1 0.7008823529411765 0.4440909090909091 0.07705882352941176 0.02727272727272727
1 0.39294117647058824 0.5518181818181818 0.18588235294117647 0.02909090909090909
1 0.5747058823529412 0.5575 0.11764705882352941 0.03318181818181818
1 0.663235294117647 0.5595454545454546 0.03588235294117647 0.03272727272727273
1 0.7311764705882353 0.5543181818181818 0.07411764705882352 0.020454545454545454
1 0.5038235294117647 0.5956818181818182 0.08764705882352941 0.023181818181818182
1 0.5785294117647058 0.6040909090909091 0.03 0.03
1 0.6314705882352941 0.600909090909091 0.06647058823529411 0.026363636363636363
1 0.5438235294117647 0.711590909090909 0.09 0.022272727272727274
1 0.4264705882352941 0.7631818181818182 0.03411764705882353 0.03090909090909091