1 0.4002941176470588 0.6825 0.17705882352941177 0.03681818181818182
1 0.5741176470588235 0.6843181818181818 0.11058823529411765 0.03590909090909091
1 0.7594117647058823 0.8606818181818182 0.05529411764705883 0.03409090909090909
1 0.8447058823529412 0.9281818181818182 0.0611764705882353 0.03909090909090909
1 0.5605882352941176 0.615909090909091 0.11647058823529412 0.03363636363636364
1 0.40794117647058825 0.9275 0.05941176470588235 0.038636363636363635
1 0.5811764705882353 0.5256818181818181 0.13529411764705881 0.035
1 0.8411764705882353 0.8604545454545455 0.047058823529411764 0.04363636363636364
1 0.3982352941176471 0.6143181818181818 0.15764705882352942 0.03227272727272727
1 0.40852941176470586 0.4143181818181818 0.1711764705882353 0.03318181818181818
1 0.7373529411764705 0.6865909090909091 0.08176470588235295 0.03227272727272727
1 0.4335294117647059 0.7277272727272728 0.22470588235294117 0.03272727272727273
1 0.7594117647058823 0.5290909090909091 0.09529411764705882 0.03090909090909091
1 0.09735294117647059 0.6795454545454546 0.06529411764705882 0.034545454545454546
1 0.7382352941176471 0.5743181818181818 0.02823529411764706 0.031363636363636364
1 0.10029411764705883 0.45431818181818184 0.07705882352941176 0.031363636363636364
1 0.5411764705882353 0.7711363636363636 0.0988235294117647 0.03409090909090909
1 0.6426470588235295 0.7288636363636364 0.1288235294117647 0.03318181818181818
1 0.1538235294117647 0.9252272727272727 0.054705882352941174 0.041363636363636366
1 0.8091176470588235 0.5745454545454546 0.09352941176470589 0.03363636363636364
1 0.33088235294117646 0.9272727272727272 0.06294117647058824 0.03909090909090909
1 0.15588235294117647 0.8595454545454545 0.04470588235294118 0.035454545454545454
1 0.7344117647058823 0.7293181818181819 0.03 0.031363636363636364
1 0.40441176470588236 0.5259090909090909 0.1723529411764706 0.031818181818181815
1 0.09382352941176471 0.5225 0.0711764705882353 0.03409090909090909
1 0.6852941176470588 0.5409090909090909 0.02823529411764706 0.03272727272727273
1 0.24558823529411763 0.9247727272727273 0.06411764705882353 0.038636363636363635
1 0.3864705882352941 0.77 0.15176470588235294 0.034545454545454546
1 0.7605882352941177 0.9277272727272727 0.05058823529411765 0.03636363636363636
1 0.10970588235294118 0.36704545454545456 0.07705882352941176 0.03409090909090909
1 0.6570588235294118 0.45636363636363636 0.06588235294117648 0.03272727272727273
1 0.6558823529411765 0.37363636363636366 0.02823529411764706 0.03363636363636364
1 0.5894117647058823 0.4134090909090909 0.14941176470588236 0.029545454545454545
1 0.4161764705882353 0.8590909090909091 0.06647058823529411 0.04
1 0.585 0.9268181818181818 0.051176470588235295 0.035454545454545454
1 0.4302941176470588 0.5722727272727273 0.21941176470588236 0.03
1 0.5894117647058823 0.8661363636363636 0.04588235294117647 0.05045454545454545
1 0.10323529411764706 0.4093181818181818 0.07823529411764706 0.030454545454545453
1 0.09823529411764706 0.5668181818181818 0.07294117647058823 0.034545454545454546
1 0.6320588235294118 0.5718181818181818 0.15 0.034545454545454546
1 0.5517647058823529 0.038863636363636364 0.06823529411764706 0.023181818181818182
1 0.6064705882352941 0.4656818181818182 0.027058823529411764 0.030454545454545453
1 0.7570588235294118 0.4147727272727273 0.07764705882352942 0.03409090909090909
1 0.5014705882352941 0.9277272727272727 0.0688235294117647 0.034545454545454546
1 0.6767647058823529 0.8620454545454546 0.06529411764705882 0.03590909090909091
1 0.5638235294117647 0.3663636363636364 0.13823529411764707 0.03272727272727273
1 0.7041176470588235 0.36818181818181817 0.06352941176470588 0.03090909090909091
1 0.8088235294117647 0.7295454545454545 0.09529411764705882 0.031818181818181815
1 0.38058823529411767 0.4547727272727273 0.12588235294117647 0.03227272727272727
1 0.10264705882352941 0.7656818181818181 0.0688235294117647 0.035
1 0.09823529411764706 0.7277272727272728 0.06705882352941177 0.03636363636363636
1 0.5147058823529411 0.45681818181818185 0.11411764705882353 0.03272727272727273
1 0.6567647058823529 0.7745454545454545 0.06294117647058824 0.03
1 0.5052941176470588 0.8602272727272727 0.05647058823529412 0.03954545454545454
1 0.6941176470588235 0.4152272727272727 0.02588235294117647 0.03227272727272727
1 0.3988235294117647 0.36704545454545456 0.15058823529411763 0.030454545454545453
1 0.09588235294117647 0.6070454545454546 0.07058823529411765 0.03590909090909091
1 0.6726470588235294 0.9254545454545454 0.060588235294117644 0.04
1 0.3341176470588235 0.8593181818181819 0.06941176470588235 0.03590909090909091
1 0.3076470588235294 0.03636363636363636 0.047058823529411764 0.019090909090909092
1 0.6470588235294118 0.6281818181818182 0.02 0.02909090909090909
1 0.696764705882353 0.615909090909091 0.07 0.03272727272727273
1 0.6758823529411765 0.6968181818181818 0.023529411764705882 0.02909090909090909
1 0.6085294117647059 0.7845454545454545 0.02176470588235294 0.03
1 0.24441176470588236 0.860909090909091 0.06529411764705882 0.03363636363636364