1 0.38176470588235295 0.7197727272727272 0.15764705882352942 0.03590909090909091
1 0.5435294117647059 0.7229545454545454 0.12470588235294118 0.035
1 0.39205882352941174 0.4047727272727273 0.14176470588235293 0.035
1 0.7594117647058823 0.8545454545454545 0.05529411764705883 0.038181818181818185
1 0.85 0.9275 0.058823529411764705 0.03681818181818182
1 0.4158823529411765 0.9238636363636363 0.04941176470588235 0.03409090909090909
1 0.8411764705882353 0.8575 0.04352941176470588 0.03772727272727273
1 0.36970588235294116 0.6068181818181818 0.1264705882352941 0.034545454545454546
1 0.10764705882352942 0.6763636363636364 0.06235294117647059 0.03272727272727273
1 0.10058823529411764 0.4465909090909091 0.04 0.03227272727272727
1 0.15088235294117647 0.923409090909091 0.0488235294117647 0.03681818181818182
1 0.32735294117647057 0.9229545454545455 0.05 0.03590909090909091
1 0.1538235294117647 0.8515909090909091 0.04647058823529412 0.03590909090909091
1 0.6952941176470588 0.7218181818181818 0.0988235294117647 0.03363636363636364
1 0.09058823529411765 0.5206818181818181 0.06705882352941177 0.03227272727272727
1 0.6276470588235294 0.6102272727272727 0.04823529411764706 0.031363636363636364
1 0.23794117647058824 0.8543181818181819 0.04411764705882353 0.03590909090909091
1 0.2411764705882353 0.9225 0.047058823529411764 0.03590909090909091
1 0.37 0.7659090909090909 0.14 0.034545454545454546
1 0.7647058823529411 0.9259090909090909 0.04941176470588235 0.03636363636363636
1 0.10411764705882352 0.3634090909090909 0.047058823529411764 0.03409090909090909
1 0.49911764705882355 0.7688636363636364 0.10176470588235294 0.02409090909090909
1 0.5429411764705883 0.4068181818181818 0.0611764705882353 0.03272727272727273
1 0.4147058823529412 0.8586363636363636 0.04941176470588235 0.035454545454545454
1 0.5841176470588235 0.9254545454545454 0.05176470588235294 0.035454545454545454
1 0.09382352941176471 0.5638636363636363 0.061764705882352944 0.030454545454545453
1 0.395 0.5693181818181818 0.19117647058823528 0.030454545454545453
1 0.5788235294117647 0.5681818181818182 0.15764705882352942 0.03636363636363636
1 0.5032352941176471 0.6093181818181819 0.11823529411764706 0.03318181818181818
1 0.5829411764705882 0.8568181818181818 0.047058823529411764 0.03636363636363636
1 0.09676470588235295 0.4059090909090909 0.045294117647058825 0.031818181818181815
1 0.5673529411764706 0.0325 0.09470588235294118 0.025
1 0.7291176470588235 0.5702272727272727 0.06764705882352941 0.030454545454545453
1 0.4976470588235294 0.9261363636363636 0.05411764705882353 0.03590909090909091
1 0.6723529411764706 0.8581818181818182 0.04470588235294118 0.038181818181818185
1 0.48558823529411765 0.40613636363636363 0.025294117647058825 0.03590909090909091
1 0.10647058823529412 0.7654545454545455 0.06470588235294118 0.03272727272727273
1 0.10705882352941176 0.7209090909090909 0.06705882352941177 0.03363636363636364
1 0.4776470588235294 0.4490909090909091 0.05764705882352941 0.031818181818181815
1 0.6341176470588236 0.7227272727272728 0.029411764705882353 0.03363636363636364
1 0.49941176470588233 0.8572727272727273 0.05176470588235294 0.03636363636363636
1 0.6767647058823529 0.5738636363636364 0.026470588235294117 0.03227272727272727
1 0.585 0.61 0.026470588235294117 0.03363636363636364
1 0.0988235294117647 0.6040909090909091 0.06235294117647059 0.03363636363636364
1 0.6726470588235294 0.9245454545454546 0.057058823529411766 0.03636363636363636
1 0.3311764705882353 0.8565909090909091 0.047058823529411764 0.035
1 0.3644117647058824 0.44681818181818184 0.10647058823529412 0.034545454545454546
1 0.3076470588235294 0.0325 0.03529411764705882 0.035
1 0.44058823529411767 0.4572727272727273 0.023529411764705882 0.017272727272727273
1 0.5641176470588235 0.7722727272727272 0.023529411764705882 0.02
1 0.6176470588235294 0.7675 0.07882352941176471 0.022272727272727274