1 0.3729411764705882 0.6890909090909091 0.15176470588235294 0.038181818181818185
1 0.7497058823529412 0.8588636363636364 0.054705882352941174 0.03954545454545454
1 0.8414705882352941 0.9261363636363636 0.057058823529411766 0.03772727272727273
1 0.40588235294117647 0.9261363636363636 0.05647058823529412 0.03681818181818182
1 0.5414705882352941 0.5270454545454546 0.11470588235294117 0.03681818181818182
1 0.836764705882353 0.8656818181818182 0.05 0.03954545454545454
1 0.38176470588235295 0.6190909090909091 0.16941176470588235 0.03090909090909091
1 0.6261764705882353 0.7720454545454546 0.05352941176470588 0.03409090909090909
1 0.6873529411764706 0.6834090909090909 0.0711764705882353 0.035
1 0.4 0.7293181818181819 0.21058823529411766 0.03409090909090909
1 0.3788235294117647 0.37522727272727274 0.14941176470588236 0.038636363636363635
1 0.6944117647058824 0.5293181818181818 0.07941176470588235 0.03590909090909091
1 0.4370588235294118 0.40704545454545454 0.27294117647058824 0.038636363636363635
1 0.08558823529411765 0.6829545454545455 0.0711764705882353 0.03590909090909091
1 0.08176470588235295 0.4509090909090909 0.07294117647058823 0.034545454545454546
1 0.09176470588235294 0.36363636363636365 0.08 0.035454545454545454
1 0.5926470588235294 0.7318181818181818 0.15588235294117647 0.03727272727272727
1 0.14529411764705882 0.9265909090909091 0.04823529411764706 0.038636363636363635
1 0.7735294117647059 0.5736363636363636 0.1011764705882353 0.035454545454545454
1 0.14941176470588236 0.8561363636363636 0.04941176470588235 0.03681818181818182
1 0.6885294117647058 0.7295454545454545 0.03 0.03636363636363636
1 0.0826470588235294 0.5252272727272728 0.07470588235294118 0.035
1 0.23852941176470588 0.8572727272727273 0.060588235294117644 0.038181818181818185
1 0.6335294117647059 0.5336363636363637 0.04470588235294118 0.031818181818181815
1 0.23176470588235293 0.9256818181818182 0.047058823529411764 0.03681818181818182
1 0.35676470588235293 0.7729545454545454 0.14529411764705882 0.03318181818181818
1 0.7538235294117647 0.9261363636363636 0.05 0.03772727272727273
1 0.6976470588235294 0.4131818181818182 0.2211764705882353 0.04363636363636364
1 0.6341176470588236 0.37272727272727274 0.04 0.03363636363636364
1 0.6041176470588235 0.46295454545454545 0.02823529411764706 0.03227272727272727
1 0.41058823529411764 0.8606818181818182 0.05058823529411765 0.03772727272727273
1 0.5832352941176471 0.8636363636363636 0.04764705882352941 0.03727272727272727
1 0.38029411764705884 0.5268181818181819 0.15235294117647058 0.03727272727272727
1 0.5258823529411765 0.6172727272727273 0.09647058823529411 0.03363636363636364
1 0.5779411764705882 0.7859090909090909 0.03588235294117647 0.03909090909090909
1 0.08558823529411765 0.4081818181818182 0.07941176470588235 0.034545454545454546
1 0.0826470588235294 0.5697727272727273 0.07705882352941176 0.03590909090909091
1 0.6008823529411764 0.5745454545454546 0.14647058823529413 0.03727272727272727
1 0.5655882352941176 0.03772727272727273 0.11588235294117646 0.024545454545454544
1 0.7405882352941177 0.7286363636363636 0.08470588235294117 0.035454545454545454
1 0.49411764705882355 0.9261363636363636 0.05411764705882353 0.03772727272727273
1 0.663235294117647 0.8590909090909091 0.04764705882352941 0.03909090909090909
1 0.545 0.3775 0.1288235294117647 0.03772727272727273
1 0.5355882352941177 0.6825 0.11823529411764706 0.03681818181818182
1 0.08823529411764706 0.7661363636363636 0.07411764705882352 0.035
1 0.08794117647058823 0.7256818181818182 0.07470588235294118 0.03681818181818182
1 0.7023529411764706 0.37386363636363634 0.09176470588235294 0.03227272727272727
1 0.5191176470588236 0.4627272727272727 0.1264705882352941 0.034545454545454546
1 0.6208823529411764 0.6865909090909091 0.03470588235294118 0.03409090909090909
1 0.49823529411764705 0.86 0.04941176470588235 0.03909090909090909
1 0.6588235294117647 0.46090909090909093 0.09176470588235294 0.031818181818181815
1 0.8811764705882353 0.41409090909090907 0.10470588235294118 0.034545454545454546
1 0.6020588235294118 0.6222727272727273 0.031176470588235295 0.03090909090909091
1 0.08470588235294117 0.6102272727272727 0.07647058823529412 0.03590909090909091
1 0.6661764705882353 0.9259090909090909 0.05588235294117647 0.038181818181818185
1 0.3255882352941176 0.8581818181818182 0.05823529411764706 0.03727272727272727
1 0.37941176470588234 0.4634090909090909 0.1564705882352941 0.029545454545454545
1 0.7008823529411765 0.5725 0.028823529411764706 0.03409090909090909
1 0.2791176470588235 0.035 0.031176470588235295 0.02181818181818182
1 0.8182352941176471 0.41113636363636363 0.03764705882352941 0.04863636363636364
1 0.40441176470588236 0.5743181818181818 0.22058823529411764 0.04045454545454545
1 0.6476470588235295 0.6213636363636363 0.07176470588235294 0.035454545454545454
1 0.4938235294117647 0.7743181818181818 0.14294117647058824 0.04045454545454545
1 0.31823529411764706 0.9263636363636364 0.05058823529411765 0.03727272727272727
1 0.5802941176470588 0.93 0.05823529411764706 0.03909090909090909