1 0.4249116607773852 0.7038724373576309 0.17137809187279152 0.03917995444191344
1 0.5606595995288575 0.7038724373576309 0.08833922261484099 0.03462414578587699
1 0.7570671378091873 0.8774487471526196 0.05594817432273263 0.03735763097949886
1 0.8445229681978799 0.9453302961275627 0.0636042402826855 0.04100227790432802
1 0.5591872791519434 0.634624145785877 0.11130742049469965 0.03280182232346242
1 0.4160777385159011 0.9428246013667426 0.054770318021201414 0.03690205011389522
1 0.841283863368669 0.8840546697038725 0.05712603062426384 0.05148063781321185
1 0.411660777385159 0.6334851936218678 0.15783274440518258 0.03507972665148064
1 0.6207302709069493 0.7471526195899773 0.10247349823321555 0.03280182232346242
1 0.40724381625441697 0.4788154897494305 0.15842167255594816 0.03553530751708428
1 0.43256772673733807 0.7899772209567198 0.16195524146054183 0.03553530751708428
1 0.7323321554770318 0.5496583143507973 0.08657243816254417 0.03507972665148064
1 0.4160777385159011 0.4343963553530752 0.19257950530035337 0.03416856492027335
1 0.12809187279151943 0.7107061503416856 0.07832744405182568 0.03553530751708428
1 0.44375736160188456 0.7482915717539863 0.1972909305064782 0.03507972665148064
1 0.7340989399293286 0.5943052391799545 0.030035335689045935 0.03416856492027335
1 0.12426383981154299 0.39362186788154896 0.0800942285041225 0.03644646924829157
1 0.12691401648998824 0.475626423690205 0.07832744405182568 0.03462414578587699
1 0.16813898704358068 0.9455580865603644 0.061837455830388695 0.03690205011389522
1 0.803886925795053 0.593621867881549 0.09069493521790342 0.03189066059225513
1 0.3306831566548881 0.9428246013667426 0.061837455830388695 0.03690205011389522
1 0.16460541813898705 0.8817767653758543 0.05123674911660778 0.03599088838268793
1 0.4163722025912839 0.5485193621867882 0.16489988221436985 0.03826879271070615
1 0.12308598351001178 0.5519362186788155 0.07656065959952886 0.03963553530751709
1 0.6434040047114252 0.642369020501139 0.03356890459363958 0.04191343963553531
1 0.25353356890459366 0.8835990888382688 0.06301531213191991 0.03599088838268793
1 0.6669611307420494 0.5571753986332574 0.032391048292108364 0.03826879271070615
1 0.24469964664310953 0.9437357630979499 0.05005889281507656 0.03781321184510251
1 0.7582449941107184 0.9425968109339408 0.06654888103651355 0.03917995444191344
1 0.30948174322732624 0.07084282460136675 0.054770318021201414 0.029612756264236904
1 0.5680212014134276 0.789749430523918 0.07832744405182568 0.03325740318906606
1 0.675206124852768 0.3940774487471526 0.03356890459363958 0.03553530751708428
1 0.5803886925795053 0.3940774487471526 0.14899882214369847 0.03917995444191344
1 0.4207891637220259 0.8779043280182233 0.05594817432273263 0.03644646924829157
1 0.5909893992932862 0.9419134396355353 0.06772673733804475 0.03781321184510251
1 0.4302120141342756 0.5927107061503417 0.19846878680800942 0.03644646924829157
1 0.5792108362779741 0.54874715261959 0.12661955241460543 0.03690205011389522
1 0.5871613663133097 0.8872437357630979 0.05889281507656066 0.04510250569476082
1 0.1239693757361602 0.4343963553530752 0.08068315665488811 0.03325740318906606
1 0.12249705535924617 0.5956719817767654 0.07538280329799764 0.03325740318906606
1 0.6607773851590106 0.48701594533029613 0.03297997644287397 0.03735763097949886
1 0.5618374558303887 0.06924829157175398 0.0447585394581861 0.020956719817767654
1 0.6124852767962309 0.4355353075170843 0.17314487632508835 0.03462414578587699
1 0.7223203769140165 0.4808656036446469 0.0712603062426384 0.03143507972665148
1 0.5 0.9455580865603644 0.050647820965842166 0.03963553530751709
1 0.6722614840989399 0.8772209567198178 0.06301531213191991 0.03781321184510251
1 0.7299764428739693 0.39225512528473805 0.07479387514723204 0.03280182232346242
1 0.13044758539458187 0.7954441913439636 0.07243816254416961 0.03462414578587699
1 0.12043580683156654 0.7507972665148064 0.07479387514723204 0.0337129840546697
1 0.7373380447585395 0.43507972665148065 0.0353356890459364 0.0337129840546697
1 0.5665488810365136 0.47790432801822325 0.1413427561837456 0.03462414578587699
1 0.502944640753828 0.8774487471526196 0.05535924617196702 0.03735763097949886
1 0.8077149587750294 0.43644646924829156 0.07361601884570082 0.03189066059225513
1 0.622791519434629 0.5917995444191344 0.1501766784452297 0.03553530751708428
1 0.41519434628975266 0.39225512528473805 0.15429917550058891 0.03917995444191344
1 0.12426383981154299 0.6373576309794988 0.07302709069493522 0.03462414578587699
1 0.6760895170789164 0.9419134396355353 0.06478209658421673 0.03781321184510251
1 0.3380447585394582 0.8772209567198178 0.0624263839811543 0.03599088838268793
1 0.7052414605418139 0.6341685649202734 0.07361601884570082 0.03280182232346242