1 0.40911764705882353 0.6861363636363637 0.22176470588235295 0.035
1 0.5961764705882353 0.6859090909090909 0.14529411764705882 0.03636363636363636
1 0.7635294117647059 0.8622727272727273 0.07058823529411765 0.04
1 0.8452941176470589 0.9279545454545455 0.07411764705882352 0.042272727272727274
1 0.5761764705882353 0.6211363636363636 0.15823529411764706 0.02772727272727273
1 0.41205882352941176 0.9261363636363636 0.06647058823529411 0.041363636363636366
1 0.855 0.7745454545454545 0.11470588235294117 0.034545454545454546
1 0.3914705882352941 0.6179545454545454 0.19470588235294117 0.02772727272727273
1 0.4894117647058824 0.4113636363636364 0.38823529411764707 0.03727272727272727
1 0.6608823529411765 0.7752272727272728 0.1652941176470588 0.030454545454545453
1 0.41352941176470587 0.45681818181818185 0.23529411764705882 0.035454545454545454
1 0.4797058823529412 0.5711363636363637 0.37941176470588234 0.03681818181818182
1 0.683235294117647 0.6911363636363637 0.03705882352941176 0.03227272727272727
1 0.46852941176470586 0.7275 0.3452941176470588 0.03772727272727273
1 0.8126470588235294 0.5297727272727273 0.09117647058823529 0.03681818181818182
1 0.09676470588235295 0.6827272727272727 0.11352941176470588 0.03909090909090909
1 0.10147058823529412 0.3640909090909091 0.11 0.03272727272727273
1 0.095 0.45227272727272727 0.10529411764705883 0.034545454545454546
1 0.15058823529411763 0.9252272727272727 0.058823529411764705 0.04409090909090909
1 0.7673529411764706 0.6247727272727273 0.11 0.03227272727272727
1 0.3270588235294118 0.9268181818181818 0.07058823529411765 0.04
1 0.1561764705882353 0.8575 0.06294117647058824 0.03954545454545454
1 0.7576470588235295 0.7284090909090909 0.22470588235294117 0.03681818181818182
1 0.6126470588235294 0.4625 0.12294117647058823 0.03409090909090909
1 0.4123529411764706 0.5275 0.2388235294117647 0.038636363636363635
1 0.10470588235294118 0.5254545454545455 0.1223529411764706 0.03636363636363636
1 0.685 0.6240909090909091 0.03470588235294118 0.02909090909090909
1 0.24558823529411763 0.9252272727272727 0.07352941176470588 0.041363636363636366
1 0.4294117647058823 0.7734090909090909 0.27058823529411763 0.02772727272727273
1 0.7514705882352941 0.9311363636363637 0.06411764705882353 0.04045454545454545
1 0.4147058823529412 0.8643181818181818 0.07058823529411765 0.041363636363636366
1 0.585 0.9270454545454545 0.06294117647058824 0.04045454545454545
1 0.10558823529411765 0.5690909090909091 0.12411764705882353 0.038181818181818185
1 0.6138235294117647 0.53 0.14176470588235293 0.038181818181818185
1 0.5847058823529412 0.860909090909091 0.06823529411764706 0.04
1 0.10058823529411764 0.4081818181818182 0.11647058823529412 0.03727272727272727
1 0.5644117647058824 0.038863636363636364 0.10882352941176471 0.021363636363636362
1 0.49470588235294116 0.928409090909091 0.06470588235294118 0.041363636363636366
1 0.6779411764705883 0.8613636363636363 0.07941176470588235 0.04090909090909091
1 0.5758823529411765 0.3756818181818182 0.1 0.035
1 0.09352941176470589 0.765 0.10588235294117647 0.03727272727272727
1 0.09735294117647059 0.7247727272727272 0.11 0.042272727272727274
1 0.7979411764705883 0.41363636363636364 0.1935294117647059 0.04090909090909091
1 0.5008823529411764 0.8597727272727272 0.0711764705882353 0.04045454545454545
1 0.7270588235294118 0.5290909090909091 0.04588235294117647 0.035454545454545454
1 0.40176470588235297 0.36886363636363634 0.21411764705882352 0.03318181818181818
1 0.105 0.6129545454545454 0.1288235294117647 0.03772727272727273
1 0.6741176470588235 0.9275 0.07176470588235294 0.03954545454545454
1 0.32235294117647056 0.8615909090909091 0.05647058823529412 0.03954545454545454
1 0.7835294117647059 0.6915909090909091 0.1564705882352941 0.03772727272727273
1 0.29970588235294116 0.03840909090909091 0.054705882352941174 0.030454545454545453
1 0.9179411764705883 0.7306818181818182 0.039411764705882354 0.03772727272727273
1 0.7720588235294118 0.775 0.0488235294117647 0.02909090909090909
1 0.5135294117647059 0.7479545454545454 0.1376470588235294 0.025
1 0.81 0.5740909090909091 0.2752941176470588 0.046363636363636364
1 0.23411764705882354 0.8622727272727273 0.058823529411764705 0.038181818181818185
1 0.8405882352941176 0.8638636363636364 0.06470588235294118 0.038636363636363635