1 0.415929203539823 0.6826660600545951 0.1935103244837758 0.03776160145586897
1 0.5896755162241888 0.6797088262056415 0.09616519174041298 0.034576888080072796
1 0.42684365781710915 0.4051410373066424 0.25545722713864305 0.0359417652411283
1 0.7687315634218289 0.857825295723385 0.06489675516224189 0.042311191992720654
1 0.8548672566371681 0.9219745222929936 0.06371681415929203 0.03958143767060965
1 0.5973451327433629 0.6089626933575978 0.13156342182890857 0.03503184713375796
1 0.4109144542772861 0.9237943585077343 0.05368731563421829 0.03776160145586897
1 0.8477876106194691 0.8562329390354868 0.058997050147492625 0.04094631483166515
1 0.40825958702064896 0.6089626933575978 0.215929203539823 0.03776160145586897
1 0.403834808259587 0.4510919017288444 0.20943952802359883 0.036851683348498636
1 0.6911504424778762 0.6128298453139217 0.03126843657817109 0.03366696997270246
1 0.42979351032448376 0.7229299363057324 0.2424778761061947 0.0373066424021838
1 0.30737463126843656 0.025250227479526842 0.04601769911504425 0.027752502274795268
1 0.7766961651917405 0.5207006369426752 0.10206489675516224 0.034121929026387623
1 0.11091445427728613 0.6772065514103731 0.08731563421828908 0.0359417652411283
1 0.11622418879056047 0.44699727024567787 0.09557522123893805 0.03776160145586897
1 0.11769911504424779 0.35828025477707004 0.09852507374631268 0.03776160145586897
1 0.6253687315634219 0.7245222929936306 0.12035398230088495 0.03503184713375796
1 0.15103244837758112 0.9206096451319381 0.049557522123893805 0.041401273885350316
1 0.32271386430678467 0.9219745222929936 0.049557522123893805 0.03867151956323931
1 0.15575221238938053 0.8555505004549591 0.05309734513274336 0.03776160145586897
1 0.41799410029498524 0.5222929936305732 0.22359882005899706 0.040036396724294813
1 0.11209439528023599 0.5184258416742493 0.09321533923303835 0.036851683348498636
1 0.24513274336283186 0.8564604185623294 0.05368731563421829 0.03867151956323931
1 0.23657817109144544 0.9219745222929936 0.05073746312684366 0.03867151956323931
1 0.3920353982300885 0.7688808007279345 0.1752212389380531 0.036396724294813464
1 0.7557522123893805 0.9215195632393085 0.054277286135693215 0.041401273885350316
1 0.5386430678466076 0.7681983621474068 0.08613569321533923 0.033212010919017286
1 0.7132743362831858 0.3664695177434031 0.040117994100294985 0.034121929026387623
1 0.6194690265486725 0.36260236578707916 0.12979351032448377 0.0373066424021838
1 0.42123893805309737 0.8564604185623294 0.05663716814159292 0.03958143767060965
1 0.5825958702064897 0.922884440400364 0.05486725663716814 0.04049135577797998
1 0.42920353982300885 0.5641492265696088 0.25073746312684364 0.036396724294813464
1 0.6088495575221239 0.5188808007279345 0.13805309734513274 0.03776160145586897
1 0.584070796460177 0.85828025477707 0.054277286135693215 0.04322111010009099
1 0.11769911504424779 0.4021838034576888 0.09734513274336283 0.0373066424021838
1 0.1112094395280236 0.5627843494085533 0.09262536873156342 0.036396724294813464
1 0.6648967551622419 0.4533666969972702 0.030678466076696165 0.03503184713375796
1 0.5566371681415929 0.02616014558689718 0.0808259587020649 0.025932666060054597
1 0.6324483775811209 0.4035486806187443 0.14513274336283186 0.03548680618744313
1 0.7772861356932154 0.6105550500454959 0.12330383480825959 0.034576888080072796
1 0.49970501474926254 0.9278889899909009 0.05663716814159292 0.045040946314831666
1 0.6781710914454278 0.8550955414012739 0.0584070796460177 0.04049135577797998
1 0.784070796460177 0.364877161055505 0.09085545722713864 0.03366696997270246
1 0.8097345132743363 0.5666515013648772 0.12330383480825959 0.03503184713375796
1 0.1056047197640118 0.7663785259326661 0.08613569321533923 0.03503184713375796
1 0.10412979351032449 0.7224749772520473 0.08672566371681416 0.036396724294813464
1 0.7277286135693215 0.4049135577797998 0.03126843657817109 0.03275705186533212
1 0.5808259587020649 0.4499545040946315 0.11740412979351032 0.036396724294813464
1 0.5 0.8564604185623294 0.05132743362831858 0.041401273885350316
1 0.7047197640117994 0.5245677888989991 0.0359882005899705 0.034576888080072796
1 0.7991150442477876 0.4049135577797998 0.10678466076696165 0.034576888080072796
1 0.6389380530973451 0.565059144676979 0.14277286135693215 0.03548680618744313
1 0.4253687315634218 0.35987261146496813 0.22536873156342183 0.03821656050955414
1 0.10914454277286136 0.6060054595086443 0.08849557522123894 0.03821656050955414
1 0.6716814159292035 0.9219745222929936 0.052507374631268436 0.04049135577797998
1 0.3315634218289086 0.8555505004549591 0.06017699115044248 0.03958143767060965
1 0.7292035398230089 0.44904458598726116 0.08849557522123894 0.03275705186533212
1 0.7359882005899705 0.568926296633303 0.033628318584070796 0.03503184713375796