1 0.3814705882352941 0.7218181818181818 0.15705882352941178 0.03636363636363636
1 0.76 0.8579545454545454 0.05764705882352941 0.03954545454545454
1 0.8420588235294117 0.9275 0.06529411764705882 0.03772727272727273
1 0.5226470588235295 0.6145454545454545 0.10294117647058823 0.03363636363636364
1 0.41352941176470587 0.9279545454545455 0.06352941176470588 0.03772727272727273
1 0.41558823529411765 0.41204545454545455 0.2464705882352941 0.038636363636363635
1 0.385 0.45545454545454545 0.1476470588235294 0.035454545454545454
1 0.09529411764705882 0.6804545454545454 0.07529411764705882 0.03636363636363636
1 0.095 0.44545454545454544 0.07588235294117647 0.03636363636363636
1 0.45441176470588235 0.7722727272727272 0.09117647058823529 0.035454545454545454
1 0.5517647058823529 0.7227272727272728 0.1635294117647059 0.03727272727272727
1 0.15205882352941177 0.9243181818181818 0.05352941176470588 0.03772727272727273
1 0.7755882352941177 0.5706818181818182 0.08058823529411764 0.03590909090909091
1 0.3261764705882353 0.9275 0.05823529411764706 0.03772727272727273
1 0.15735294117647058 0.8563636363636363 0.060588235294117644 0.04090909090909091
1 0.10294117647058823 0.5236363636363637 0.07647058823529412 0.03363636363636364
1 0.2388235294117647 0.8570454545454546 0.05058823529411765 0.03954545454545454
1 0.24323529411764705 0.9243181818181818 0.054705882352941174 0.03681818181818182
1 0.3511764705882353 0.7715909090909091 0.09411764705882353 0.03318181818181818
1 0.7544117647058823 0.9265909090909091 0.05 0.038636363636363635
1 0.09705882352941177 0.36727272727272725 0.07529411764705882 0.034545454545454546
1 0.6379411764705882 0.4109090909090909 0.1711764705882353 0.03727272727272727
1 0.4108823529411765 0.8593181818181819 0.054705882352941174 0.03681818181818182
1 0.5841176470588235 0.9268181818181818 0.05764705882352941 0.038181818181818185
1 0.415 0.5713636363636364 0.2288235294117647 0.04
1 0.5823529411764706 0.86 0.04823529411764706 0.04090909090909091
1 0.09147058823529412 0.4047727272727273 0.07588235294117647 0.035
1 0.09588235294117647 0.5686363636363636 0.07294117647058823 0.035454545454545454
1 0.611764705882353 0.5686363636363636 0.14470588235294118 0.035454545454545454
1 0.553235294117647 0.04022727272727273 0.09705882352941177 0.022272727272727274
1 0.5017647058823529 0.9272727272727272 0.05058823529411765 0.038181818181818185
1 0.8411764705882353 0.8570454545454546 0.047058823529411764 0.04045454545454545
1 0.6691176470588235 0.8577272727272728 0.05941176470588235 0.038181818181818185
1 0.09294117647058824 0.7643181818181818 0.07647058823529412 0.03681818181818182
1 0.09205882352941176 0.7243181818181819 0.07705882352941176 0.03772727272727273
1 0.5376470588235294 0.4561363636363636 0.1 0.03409090909090909
1 0.49970588235294117 0.8593181818181819 0.04647058823529412 0.041363636363636366
1 0.6052941176470589 0.6179545454545454 0.02588235294117647 0.03409090909090909
1 0.0961764705882353 0.6068181818181818 0.07823529411764706 0.03727272727272727
1 0.6738235294117647 0.925 0.057058823529411766 0.03727272727272727
1 0.32382352941176473 0.8572727272727273 0.051176470588235295 0.038181818181818185
1 0.2735294117647059 0.031136363636363636 0.029411764705882353 0.02590909090909091
1 0.7108823529411765 0.5706818181818182 0.03588235294117647 0.03590909090909091
1 0.65 0.6161363636363636 0.05529411764705883 0.03590909090909091
1 0.38294117647058823 0.6156818181818182 0.17058823529411765 0.038636363636363635