1 0.3982352941176471 0.6815909090909091 0.18588235294117647 0.038636363636363635
1 0.6076470588235294 0.6818181818181818 0.17882352941176471 0.03909090909090909
1 0.7652941176470588 0.8575 0.07176470588235294 0.042272727272727274
1 0.8552941176470589 0.9261363636363636 0.07411764705882352 0.04045454545454545
1 0.6105882352941177 0.5697727272727273 0.16470588235294117 0.03772727272727273
1 0.41205882352941176 0.9265909090909091 0.061764705882352944 0.038636363636363635
1 0.8526470588235294 0.8595454545454545 0.07235294117647059 0.04181818181818182
1 0.46705882352941175 0.4084090909090909 0.3423529411764706 0.041363636363636366
1 0.435 0.4509090909090909 0.27 0.03909090909090909
1 0.44176470588235295 0.7254545454545455 0.2752941176470588 0.04
1 0.8294117647058824 0.5247727272727273 0.12352941176470589 0.03681818181818182
1 0.11205882352941177 0.6829545454545455 0.09235294117647058 0.03681818181818182
1 0.7585294117647059 0.5727272727272728 0.03588235294117647 0.03363636363636364
1 0.1111764705882353 0.3640909090909091 0.10705882352941176 0.038181818181818185
1 0.11705882352941177 0.4459090909090909 0.10823529411764705 0.04
1 0.5052941176470588 0.8577272727272728 0.0611764705882353 0.04181818181818182
1 0.763235294117647 0.7284090909090909 0.3311764705882353 0.03954545454545454
1 0.1526470588235294 0.9286363636363636 0.04647058823529412 0.03909090909090909
1 0.33205882352941174 0.9286363636363636 0.06411764705882353 0.03909090909090909
1 0.15205882352941177 0.8552272727272727 0.0488235294117647 0.03954545454545454
1 0.40558823529411764 0.5195454545454545 0.21705882352941178 0.04
1 0.11294117647058824 0.5225 0.1 0.03681818181818182
1 0.6838235294117647 0.6095454545454545 0.18176470588235294 0.038181818181818185
1 0.24970588235294117 0.8602272727272727 0.06647058823529411 0.03954545454545454
1 0.2461764705882353 0.925 0.05941176470588235 0.04090909090909091
1 0.39176470588235296 0.7693181818181818 0.18 0.03681818181818182
1 0.765 0.9261363636363636 0.0711764705882353 0.038636363636363635
1 0.6011764705882353 0.7677272727272727 0.1952941176470588 0.03727272727272727
1 0.6973529411764706 0.3693181818181818 0.21705882352941178 0.038636363636363635
1 0.7011764705882353 0.4531818181818182 0.20941176470588235 0.04
1 0.41058823529411764 0.8595454545454545 0.06470588235294118 0.04
1 0.40705882352941175 0.5704545454545454 0.21176470588235294 0.03909090909090909
1 0.6155882352941177 0.5218181818181818 0.17588235294117646 0.04
1 0.6002941176470589 0.8588636363636364 0.07705882352941176 0.04318181818181818
1 0.1111764705882353 0.40613636363636363 0.10941176470588235 0.041363636363636366
1 0.5591176470588235 0.04090909090909091 0.09823529411764706 0.025454545454545455
1 0.5026470588235294 0.9268181818181818 0.06764705882352941 0.04090909090909091
1 0.6797058823529412 0.8597727272727272 0.06764705882352941 0.04409090909090909
1 0.875 0.605 0.12411764705882353 0.03909090909090909
1 0.1126470588235294 0.7663636363636364 0.09352941176470589 0.03727272727272727
1 0.7314705882352941 0.5261363636363636 0.04647058823529412 0.03318181818181818
1 0.7991176470588235 0.4084090909090909 0.2876470588235294 0.04409090909090909
1 0.445 0.3654545454545455 0.2747058823529412 0.03909090909090909
1 0.11911764705882352 0.6145454545454545 0.10058823529411764 0.03909090909090909
1 0.6747058823529412 0.9261363636363636 0.06823529411764706 0.04045454545454545
1 0.33676470588235297 0.8588636363636364 0.05823529411764706 0.04045454545454545
1 0.10205882352941177 0.7295454545454545 0.0711764705882353 0.038181818181818185
1 0.2735294117647059 0.03568181818181818 0.041176470588235294 0.028636363636363637
1 0.7973529411764706 0.6111363636363636 0.033529411764705884 0.03590909090909091
1 0.8761764705882353 0.5690909090909091 0.12411764705882353 0.03727272727272727
1 0.4514705882352941 0.6102272727272727 0.2888235294117647 0.028636363636363637
1 0.11794117647058823 0.5695454545454546 0.09470588235294118 0.03272727272727273
1 0.5873529411764706 0.9236363636363636 0.05588235294117647 0.04090909090909091