1 0.752944640753828 0.8749430523917996 0.05005889281507656 0.0387243735763098
1 0.8507067137809188 0.9412300683371299 0.054770318021201414 0.03917995444191344
1 0.4216725559481743 0.9421412300683372 0.0447585394581861 0.03735763097949886
1 0.5159010600706714 0.43758542141230067 0.0895170789163722 0.03325740318906606
1 0.38957597173144876 0.6387243735763098 0.14075382803297998 0.03553530751708428
1 0.6760895170789164 0.8765375854214122 0.048292108362779744 0.03917995444191344
1 0.4361012956419317 0.7036446469248292 0.14899882214369847 0.03963553530751709
1 0.4095995288574794 0.794760820045558 0.12426383981154299 0.03599088838268793
1 0.7108362779740872 0.5514806378132119 0.09658421672555949 0.03599088838268793
1 0.39075382803298 0.4366742596810934 0.14075382803297998 0.03507972665148064
1 0.10571260306242639 0.7038724373576309 0.061837455830388695 0.03644646924829157
1 0.106301531213192 0.479498861047836 0.06301531213191991 0.03325740318906606
1 0.4213780918727915 0.7478359908883827 0.15724381625441697 0.03507972665148064
1 0.10394581861012957 0.39476082004555807 0.06065959952885748 0.03507972665148064
1 0.5771495877502945 0.6414578587699317 0.02591283863368669 0.03735763097949886
1 0.16489988221436985 0.9423690205011389 0.0447585394581861 0.03781321184510251
1 0.6964075382803298 0.593621867881549 0.07597173144876325 0.03189066059225513
1 0.3389281507656066 0.9428246013667426 0.044169611307420496 0.03690205011389522
1 0.16519434628975266 0.8767653758542141 0.04888103651354535 0.03781321184510251
1 0.4040047114252061 0.5478359908883826 0.17432273262661954 0.04145785876993166
1 0.10247349823321555 0.5501138952164009 0.05889281507656066 0.03690205011389522
1 0.6248527679623086 0.6394077448747153 0.0636042402826855 0.03143507972665148
1 0.25235571260306244 0.8772209567198178 0.05123674911660778 0.03781321184510251
1 0.6348645465253239 0.5924829157175399 0.028268551236749116 0.03416856492027335
1 0.25618374558303886 0.9421412300683372 0.0447585394581861 0.03735763097949886
1 0.7567726737338045 0.9416856492027335 0.0447585394581861 0.03735763097949886
1 0.3032979976442874 0.06902050113895217 0.038869257950530034 0.024145785876993165
1 0.5294464075382803 0.7961275626423691 0.07538280329799764 0.03325740318906606
1 0.6451707891637221 0.4380410022779043 0.07479387514723204 0.03143507972665148
1 0.5945229681978799 0.3993166287015945 0.04063604240282685 0.04145785876993166
1 0.5170789163722026 0.3940774487471526 0.1071849234393404 0.03826879271070615
1 0.41578327444051827 0.8779043280182233 0.043580683156654886 0.03917995444191344
1 0.5942285041224971 0.941002277904328 0.053003533568904596 0.0387243735763098
1 0.4098939929328622 0.591116173120729 0.18138987043580684 0.03690205011389522
1 0.5627208480565371 0.5478359908883826 0.12073027090694935 0.03963553530751709
1 0.5120730270906949 0.639635535307517 0.09246171967020024 0.03280182232346242
1 0.48939929328621906 0.4788154897494305 0.08244994110718493 0.03553530751708428
1 0.5951118963486455 0.8767653758542141 0.052414605418138985 0.0387243735763098
1 0.10365135453474676 0.437129840546697 0.0624263839811543 0.03325740318906606
1 0.10159010600706714 0.5920273348519363 0.054770318021201414 0.03416856492027335
1 0.6051236749116607 0.48018223234624147 0.07243816254416961 0.03189066059225513
1 0.5527090694935218 0.06674259681093395 0.04063604240282685 0.025968109339407745
1 0.5812720848056537 0.4369020501138952 0.02944640753828033 0.03462414578587699
1 0.501472320376914 0.9425968109339408 0.044169611307420496 0.03826879271070615
1 0.8483510011778563 0.8765375854214122 0.059481743227326266 0.03826879271070615
1 0.6637220259128387 0.3977220956719818 0.08716136631330977 0.0337129840546697
1 0.5591872791519434 0.7061503416856492 0.08539458186101295 0.03553530751708428
1 0.3792697290930506 0.4838268792710706 0.11307420494699646 0.03553530751708428
1 0.10306242638398115 0.7913439635535308 0.05889281507656066 0.03462414578587699
1 0.5485865724381626 0.48291571753986334 0.028857479387514724 0.0337129840546697
1 0.5541813898704359 0.7530751708428246 0.0800942285041225 0.03189066059225513
1 0.5035335689045937 0.8797266514806378 0.04711425206124853 0.04373576309794989
1 0.6428150765606596 0.5544419134396356 0.039458186101295645 0.03917995444191344
1 0.5612485276796231 0.5938496583143508 0.1071849234393404 0.03325740318906606
1 0.38928150765606595 0.39476082004555807 0.13898704358068315 0.04054669703872437
1 0.10188457008244994 0.6337129840546697 0.053003533568904596 0.0337129840546697
1 0.6707891637220259 0.9425968109339408 0.048292108362779744 0.03826879271070615
1 0.3321554770318021 0.8779043280182233 0.045936395759717315 0.03644646924829157
1 0.10247349823321555 0.74874715261959 0.05771495877502945 0.03416856492027335