1 0.3820588235294118 0.6752272727272727 0.16176470588235295 0.04045454545454545
1 0.7461764705882353 0.86 0.04176470588235294 0.04454545454545455
1 0.8335294117647059 0.9295454545454546 0.05411764705882353 0.04909090909090909
1 0.538235294117647 0.6136363636363636 0.03294117647058824 0.03636363636363636
1 0.3991176470588235 0.9220454545454545 0.05352941176470588 0.03954545454545454
1 0.8347058823529412 0.8593181818181819 0.047058823529411764 0.042272727272727274
1 0.35794117647058826 0.605 0.11235294117647059 0.03636363636363636
1 0.6617647058823529 0.7236363636363636 0.2023529411764706 0.03363636363636364
1 0.3611764705882353 0.5186363636363637 0.11647058823529412 0.034545454545454546
1 0.0888235294117647 0.6725 0.07529411764705882 0.03681818181818182
1 0.09264705882352942 0.44363636363636366 0.07705882352941176 0.035454545454545454
1 0.42705882352941177 0.7222727272727273 0.25529411764705884 0.034545454545454546
1 0.09441176470588235 0.36045454545454547 0.07352941176470588 0.03636363636363636
1 0.13794117647058823 0.9215909090909091 0.04647058823529412 0.04318181818181818
1 0.7779411764705882 0.5675 0.1676470588235294 0.041363636363636366
1 0.32529411764705884 0.9204545454545454 0.058823529411764705 0.04
1 0.1476470588235294 0.8534090909090909 0.052941176470588235 0.04318181818181818
1 0.09264705882352942 0.5145454545454545 0.07470588235294118 0.034545454545454546
1 0.23794117647058824 0.8554545454545455 0.0488235294117647 0.04090909090909091
1 0.23147058823529412 0.92 0.051176470588235295 0.04
1 0.36676470588235294 0.765 0.13823529411764707 0.03727272727272727
1 0.74 0.9225 0.041176470588235294 0.04318181818181818
1 0.29411764705882354 0.027954545454545454 0.05529411764705883 0.01681818181818182
1 0.5088235294117647 0.7654545454545455 0.13294117647058823 0.03636363636363636
1 0.6311764705882353 0.40704545454545454 0.15764705882352942 0.03681818181818182
1 0.6352941176470588 0.3613636363636364 0.07647058823529412 0.03363636363636364
1 0.5858823529411765 0.36227272727272725 0.03294117647058824 0.03636363636363636
1 0.5105882352941177 0.3613636363636364 0.11647058823529412 0.038181818181818185
1 0.4047058823529412 0.8552272727272727 0.05176470588235294 0.041363636363636366
1 0.5802941176470588 0.9222727272727272 0.05941176470588235 0.042727272727272725
1 0.39294117647058824 0.5613636363636364 0.1776470588235294 0.038181818181818185
1 0.4591176470588235 0.605909090909091 0.10294117647058823 0.035454545454545454
1 0.48294117647058826 0.4475 0.07647058823529412 0.03409090909090909
1 0.5764705882352941 0.8556818181818182 0.04823529411764706 0.041363636363636366
1 0.09176470588235294 0.39840909090909093 0.06470588235294118 0.03590909090909091
1 0.09117647058823529 0.5597727272727273 0.07176470588235294 0.035
1 0.6120588235294118 0.6093181818181819 0.09823529411764706 0.03681818181818182
1 0.6194117647058823 0.5211363636363636 0.07882352941176471 0.03590909090909091
1 0.5002941176470588 0.9220454545454545 0.06294117647058824 0.042272727272727274
1 0.6635294117647059 0.8563636363636363 0.04823529411764706 0.04454545454545455
1 0.545 0.6788636363636363 0.12764705882352942 0.03772727272727273
1 0.37 0.44636363636363635 0.12588235294117647 0.035454545454545454
1 0.08970588235294118 0.7570454545454546 0.08294117647058824 0.035
1 0.7370588235294118 0.4065909090909091 0.03294117647058824 0.038636363636363635
1 0.5361764705882353 0.4486363636363636 0.026470588235294117 0.03272727272727273
1 0.48705882352941177 0.855909090909091 0.042352941176470586 0.04454545454545455
1 0.8273529411764706 0.4093181818181818 0.1111764705882353 0.03772727272727273
1 0.5711764705882353 0.5627272727272727 0.16 0.038181818181818185
1 0.38323529411764706 0.3609090909090909 0.1264705882352941 0.03727272727272727
1 0.09088235294117647 0.6013636363636363 0.07705882352941176 0.035454545454545454
1 0.6614705882352941 0.9231818181818182 0.04294117647058823 0.04181818181818182
1 0.3220588235294118 0.8534090909090909 0.0488235294117647 0.03954545454545454
1 0.08705882352941176 0.7161363636363637 0.07764705882352942 0.035
1 0.5567647058823529 0.03340909090909091 0.07470588235294118 0.02409090909090909
1 0.675 0.5684090909090909 0.027647058823529413 0.035
1 0.4864705882352941 0.5206818181818181 0.11176470588235295 0.035
1 0.5585294117647058 0.5231818181818182 0.03 0.026363636363636363
1 0.58 0.45636363636363636 0.05529411764705883 0.028181818181818183
1 0.42911764705882355 0.4052272727272727 0.24058823529411766 0.038636363636363635