1 0.37669616519174043 0.7038724373576309 0.14218289085545724 0.03826879271070615
1 0.3554572271386431 0.5501138952164009 0.09852507374631268 0.03599088838268793
1 0.7628318584070797 0.8779043280182233 0.06725663716814159 0.04100227790432802
1 0.8533923303834808 0.9403189066059225 0.06902654867256637 0.04100227790432802
1 0.41563421828908553 0.9430523917995444 0.04896755162241888 0.03644646924829157
1 0.8498525073746312 0.876993166287016 0.06312684365781711 0.04009111617312073
1 0.3625368731563422 0.6337129840546697 0.11386430678466077 0.0337129840546697
1 0.41858407079646015 0.4359908883826879 0.2247787610619469 0.03553530751708428
1 0.3746312684365782 0.7908883826879272 0.1392330383480826 0.0337129840546697
1 0.715929203539823 0.428246013667426 0.03480825958702065 0.03644646924829157
1 0.11769911504424779 0.705239179954442 0.07964601769911504 0.03553530751708428
1 0.1079646017699115 0.4774487471526196 0.07669616519174041 0.0337129840546697
1 0.4224188790560472 0.744874715261959 0.22182890855457227 0.0337129840546697
1 0.6613569321533923 0.7056947608200456 0.06135693215339233 0.03462414578587699
1 0.1064896755162242 0.39339407744874716 0.07728613569321534 0.03690205011389522
1 0.5023598820058998 0.7906605922551253 0.09026548672566372 0.03325740318906606
1 0.6023598820058997 0.7920273348519362 0.04837758112094395 0.03143507972665148
1 0.1631268436578171 0.9416856492027335 0.05604719764011799 0.03826879271070615
1 0.8233038348082596 0.741002277904328 0.1079646017699115 0.03234624145785877
1 0.3339233038348083 0.9428246013667426 0.05191740412979351 0.03690205011389522
1 0.16460176991150444 0.8767653758542141 0.054277286135693215 0.03690205011389522
1 0.11651917404129794 0.547380410022779 0.06312684365781711 0.03507972665148064
1 0.6312684365781711 0.7439635535307517 0.1592920353982301 0.03280182232346242
1 0.24778761061946902 0.8785876993166287 0.05073746312684366 0.0387243735763098
1 0.5997050147492625 0.7082004555808656 0.032448377581120944 0.03599088838268793
1 0.24513274336283186 0.9425968109339408 0.04542772861356932 0.03644646924829157
1 0.759882005899705 0.9416856492027335 0.05309734513274336 0.03917995444191344
1 0.2994100294985251 0.06719817767653759 0.04188790560471976 0.0214123006833713
1 0.5601769911504425 0.7917995444191344 0.03008849557522124 0.03189066059225513
1 0.6448377581120944 0.3949886104783599 0.07905604719764012 0.0337129840546697
1 0.5899705014749262 0.39726651480637815 0.030678466076696165 0.03644646924829157
1 0.5150442477876106 0.39612756264236904 0.10265486725663717 0.03781321184510251
1 0.4218289085545723 0.8763097949886105 0.04601769911504425 0.03690205011389522
1 0.5908554572271386 0.9430523917995444 0.05486725663716814 0.03917995444191344
1 0.37728613569321534 0.5895216400911162 0.14218289085545724 0.03462414578587699
1 0.49144542772861355 0.47904328018223236 0.09085545722713864 0.03416856492027335
1 0.5952802359882006 0.8753986332574032 0.06489675516224189 0.0387243735763098
1 0.1056047197640118 0.43416856492027334 0.08259587020648967 0.0337129840546697
1 0.11710914454277287 0.5876993166287016 0.06312684365781711 0.03462414578587699
1 0.6070796460176991 0.47813211845102505 0.07787610619469026 0.03234624145785877
1 0.5587020648967551 0.06970387243735764 0.10737463126843658 0.021867881548974944
1 0.8218289085545722 0.43416856492027334 0.14985250737463127 0.03644646924829157
1 0.7418879056047197 0.7414578587699316 0.033628318584070796 0.03143507972665148
1 0.5020648967551622 0.9425968109339408 0.049557522123893805 0.03826879271070615
1 0.6734513274336283 0.8758542141230068 0.0607669616519174 0.04145785876993166
1 0.3728613569321534 0.4788154897494305 0.13215339233038348 0.03462414578587699
1 0.12064896755162242 0.7851936218678816 0.06784660766961652 0.03416856492027335
1 0.5501474926253688 0.4806378132118451 0.03126843657817109 0.030068337129840545
1 0.5070796460176992 0.8765375854214122 0.0584070796460177 0.03917995444191344
1 0.6141592920353982 0.4348519362186788 0.1592920353982301 0.03325740318906606
1 0.37905604719764013 0.39476082004555807 0.1504424778761062 0.04054669703872437
1 0.5191740412979351 0.7038724373576309 0.11091445427728613 0.03644646924829157
1 0.1200589970501475 0.6298405466970387 0.0584070796460177 0.03416856492027335
1 0.6775811209439528 0.9425968109339408 0.05486725663716814 0.04009111617312073
1 0.3327433628318584 0.8772209567198178 0.05191740412979351 0.03781321184510251
1 0.1191740412979351 0.7453302961275626 0.07551622418879056 0.0337129840546697