1 0.40588235294117647 0.6847727272727273 0.20470588235294118 0.03681818181818182
1 0.7597058823529412 0.8634090909090909 0.051176470588235295 0.03772727272727273
1 0.8414705882352941 0.9265909090909091 0.0488235294117647 0.03954545454545454
1 0.5191176470588236 0.6115909090909091 0.11 0.03681818181818182
1 0.4188235294117647 0.9281818181818182 0.05411764705882353 0.03727272727272727
1 0.3814705882352941 0.6154545454545455 0.1511764705882353 0.035454545454545454
1 0.43558823529411766 0.41363636363636364 0.2511764705882353 0.03727272727272727
1 0.5485294117647059 0.7754545454545455 0.10764705882352942 0.04090909090909091
1 0.3988235294117647 0.45636363636363636 0.18470588235294116 0.03636363636363636
1 0.44176470588235295 0.7272727272727273 0.27294117647058824 0.038181818181818185
1 0.08970588235294118 0.685 0.07941176470588235 0.034545454545454546
1 0.085 0.37 0.0688235294117647 0.034545454545454546
1 0.08911764705882352 0.45454545454545453 0.0711764705882353 0.03636363636363636
1 0.16058823529411764 0.9279545454545455 0.05529411764705883 0.03772727272727273
1 0.33205882352941174 0.9281818181818182 0.05235294117647059 0.03727272727272727
1 0.15588235294117647 0.865 0.04470588235294118 0.03636363636363636
1 0.665 0.7238636363636364 0.1652941176470588 0.03681818181818182
1 0.37970588235294117 0.5286363636363637 0.14411764705882352 0.03636363636363636
1 0.11 0.525 0.11176470588235295 0.035454545454545454
1 0.24323529411764705 0.8625 0.045294117647058825 0.035
1 0.24176470588235294 0.9288636363636363 0.05058823529411765 0.03772727272727273
1 0.3941176470588235 0.774090909090909 0.18352941176470589 0.04090909090909091
1 0.7661764705882353 0.9268181818181818 0.05941176470588235 0.038181818181818185
1 0.30323529411764705 0.03772727272727273 0.04058823529411765 0.02181818181818182
1 0.6614705882352941 0.41 0.1723529411764706 0.038181818181818185
1 0.5458823529411765 0.3715909090909091 0.10235294117647059 0.03409090909090909
1 0.4161764705882353 0.8615909090909091 0.04647058823529412 0.03590909090909091
1 0.586764705882353 0.9275 0.04764705882352941 0.038636363636363635
1 0.10294117647058823 0.5706818181818182 0.08823529411764706 0.03590909090909091
1 0.4076470588235294 0.5713636363636364 0.20705882352941177 0.03363636363636364
1 0.5120588235294118 0.5270454545454546 0.09823529411764706 0.03590909090909091
1 0.5844117647058824 0.8618181818181818 0.04764705882352941 0.04
1 0.08441176470588235 0.41204545454545455 0.07352941176470588 0.03590909090909091
1 0.5470588235294118 0.042272727272727274 0.08470588235294117 0.025454545454545455
1 0.5026470588235294 0.928409090909091 0.05588235294117647 0.038636363636363635
1 0.8426470588235294 0.8645454545454545 0.04764705882352941 0.038181818181818185
1 0.6714705882352942 0.8631818181818182 0.04647058823529412 0.03909090909090909
1 0.08941176470588236 0.7677272727272727 0.07764705882352942 0.034545454545454546
1 0.5544117647058824 0.45681818181818185 0.11235294117647059 0.034545454545454546
1 0.5017647058823529 0.8652272727272727 0.04823529411764706 0.041363636363636366
1 0.5661764705882353 0.6834090909090909 0.09823529411764706 0.04045454545454545
1 0.395 0.37136363636363634 0.18764705882352942 0.03909090909090909
1 0.09705882352941177 0.6088636363636364 0.08470588235294117 0.03318181818181818
1 0.33147058823529413 0.860909090909091 0.05 0.035454545454545454
1 0.5970588235294118 0.5688636363636363 0.16470588235294117 0.03954545454545454
1 0.08764705882352941 0.7281818181818182 0.0811764705882353 0.03636363636363636
1 0.6073529411764705 0.5256818181818181 0.08647058823529412 0.03318181818181818
1 0.76 0.5677272727272727 0.14470588235294118 0.03727272727272727
1 0.615 0.6125 0.07941176470588235 0.03772727272727273
1 0.6602941176470588 0.6838636363636363 0.07941176470588235 0.03772727272727273
1 0.8373529411764706 0.7263636363636363 0.16058823529411764 0.042727272727272725
1 0.6611764705882353 0.7756818181818181 0.11176470588235295 0.045