1 0.3573529411764706 0.6906818181818182 0.12058823529411765 0.031363636363636364
1 0.5744117647058824 0.6272727272727273 0.07588235294117647 0.02
1 0.7532352941176471 0.8661363636363636 0.057058823529411766 0.03772727272727273
1 0.8382352941176471 0.9313636363636364 0.07058823529411765 0.04
1 0.5373529411764706 0.581590909090909 0.11352941176470588 0.025
1 0.40205882352941175 0.9295454545454546 0.04764705882352941 0.03909090909090909
1 0.836764705882353 0.8672727272727273 0.05941176470588235 0.04
1 0.385 0.5752272727272727 0.17941176470588235 0.03681818181818182
1 0.40352941176470586 0.37113636363636365 0.20470588235294118 0.042272727272727274
1 0.4032352941176471 0.41545454545454547 0.2088235294117647 0.038181818181818185
1 0.4802941176470588 0.6238636363636364 0.07823529411764706 0.023181818181818182
1 0.38088235294117645 0.7302272727272727 0.17941176470588235 0.041363636363636366
1 0.10294117647058823 0.6893181818181818 0.06705882352941177 0.03318181818181818
1 0.1161764705882353 0.45681818181818185 0.08058823529411764 0.034545454545454546
1 0.10676470588235294 0.5352272727272728 0.05235294117647059 0.023181818181818182
1 0.1126470588235294 0.36977272727272725 0.07470588235294118 0.03318181818181818
1 0.5147058823529411 0.7838636363636363 0.12705882352941175 0.025
1 0.585 0.7354545454545455 0.20294117647058824 0.03272727272727273
1 0.1376470588235294 0.9290909090909091 0.047058823529411764 0.04181818181818182
1 0.31676470588235295 0.9297727272727273 0.05 0.038636363636363635
1 0.1426470588235294 0.8602272727272727 0.04764705882352941 0.041363636363636366
1 0.11558823529411764 0.4102272727272727 0.08411764705882353 0.035
1 0.4961764705882353 0.5365909090909091 0.07941176470588235 0.02772727272727273
1 0.22941176470588234 0.928409090909091 0.047058823529411764 0.03681818181818182
1 0.3588235294117647 0.7797727272727273 0.13058823529411764 0.025
1 0.7488235294117647 0.9334090909090909 0.05058823529411765 0.04045454545454545
1 0.5541176470588235 0.03954545454545454 0.08352941176470588 0.022727272727272728
1 0.6011764705882353 0.42068181818181816 0.16705882352941176 0.03227272727272727
1 0.4073529411764706 0.8613636363636363 0.05235294117647059 0.04090909090909091
1 0.576764705882353 0.9327272727272727 0.04647058823529412 0.03727272727272727
1 0.3711764705882353 0.5327272727272727 0.13294117647058823 0.03272727272727273
1 0.5838235294117647 0.8631818181818182 0.060588235294117644 0.04
1 0.5932352941176471 0.4675 0.05588235294117647 0.022272727272727274
1 0.5808823529411765 0.38 0.11 0.02909090909090909
1 0.7547058823529412 0.4254545454545455 0.07764705882352942 0.025454545454545455
1 0.4908823529411765 0.9304545454545454 0.05352941176470588 0.038181818181818185
1 0.6667647058823529 0.8661363636363636 0.05588235294117647 0.03954545454545454
1 0.3764705882352941 0.4631818181818182 0.1564705882352941 0.02909090909090909
1 0.09088235294117647 0.7718181818181818 0.07 0.03363636363636364
1 0.10205882352941177 0.7313636363636363 0.0711764705882353 0.03363636363636364
1 0.6994117647058824 0.42522727272727273 0.024705882352941175 0.02590909090909091
1 0.4973529411764706 0.8629545454545454 0.061764705882352944 0.041363636363636366
1 0.5055882352941177 0.6929545454545455 0.12764705882352942 0.030454545454545453
1 0.11382352941176471 0.5722727272727273 0.07 0.031818181818181815
1 0.6664705882352941 0.9329545454545455 0.05176470588235294 0.03954545454545454
1 0.3191176470588235 0.8611363636363636 0.05588235294117647 0.04045454545454545
1 0.6561764705882352 0.5845454545454546 0.08529411764705883 0.022727272727272728
1 0.29 0.03409090909090909 0.03058823529411765 0.023636363636363636
1 0.6867647058823529 0.38272727272727275 0.07235294117647059 0.023636363636363636
1 0.5085294117647059 0.4665909090909091 0.08411764705882353 0.022272727272727274
1 0.10764705882352942 0.6170454545454546 0.06470588235294118 0.028636363636363637
1 0.5826470588235294 0.5411363636363636 0.06294117647058824 0.021363636363636362
1 0.3585294117647059 0.6213636363636363 0.11705882352941177 0.028181818181818183
1 0.23294117647058823 0.8611363636363636 0.05764705882352941 0.042272727272727274