1 0.405 0.6852272727272727 0.1888235294117647 0.041363636363636366
1 0.5635294117647058 0.6881818181818182 0.07411764705882352 0.03363636363636364
1 0.7635294117647059 0.8631818181818182 0.06470588235294118 0.03909090909090909
1 0.8432352941176471 0.928409090909091 0.06411764705882353 0.03954545454545454
1 0.5655882352941176 0.6206818181818182 0.13588235294117648 0.031363636363636364
1 0.4173529411764706 0.9265909090909091 0.06529411764705882 0.038636363636363635
1 0.38941176470588235 0.6172727272727273 0.1811764705882353 0.03727272727272727
1 0.6761764705882353 0.7320454545454546 0.1288235294117647 0.03772727272727273
1 0.3876470588235294 0.4540909090909091 0.1635294117647059 0.04181818181818182
1 0.4447058823529412 0.7286363636363636 0.2823529411764706 0.04181818181818182
1 0.39088235294117646 0.36772727272727274 0.16176470588235295 0.04
1 0.7864705882352941 0.4172727272727273 0.03294117647058824 0.03909090909090909
1 0.4273529411764706 0.40954545454545455 0.24411764705882352 0.04
1 0.08205882352941177 0.6838636363636363 0.07470588235294118 0.03954545454545454
1 0.0988235294117647 0.4531818181818182 0.10941176470588235 0.04181818181818182
1 0.515 0.775 0.07 0.03363636363636364
1 0.15323529411764705 0.9256818181818182 0.06529411764705882 0.03954545454545454
1 0.33676470588235297 0.9252272727272727 0.07588235294117647 0.04045454545454545
1 0.1564705882352941 0.8629545454545454 0.06588235294117648 0.041363636363636366
1 0.42558823529411766 0.5304545454545454 0.23823529411764705 0.03727272727272727
1 0.09029411764705883 0.5229545454545454 0.08411764705882353 0.04045454545454545
1 0.24088235294117646 0.8595454545454545 0.061764705882352944 0.03909090909090909
1 0.663235294117647 0.5329545454545455 0.18294117647058825 0.03590909090909091
1 0.24352941176470588 0.9227272727272727 0.06470588235294118 0.04
1 0.3814705882352941 0.7706818181818181 0.15588235294117647 0.03681818181818182
1 0.7555882352941177 0.9288636363636363 0.05823529411764706 0.038636363636363635
1 0.10352941176470588 0.36613636363636365 0.08941176470588236 0.03590909090909091
1 0.6623529411764706 0.38022727272727275 0.047058823529411764 0.03681818181818182
1 0.6585294117647059 0.41613636363636364 0.1923529411764706 0.03954545454545454
1 0.4202941176470588 0.8581818181818182 0.07470588235294118 0.04181818181818182
1 0.5832352941176471 0.9275 0.05823529411764706 0.038636363636363635
1 0.45529411764705885 0.5706818181818182 0.31058823529411766 0.03954545454545454
1 0.5811764705882353 0.8622727272727273 0.06235294117647059 0.04181818181818182
1 0.10147058823529412 0.40704545454545454 0.10411764705882352 0.04045454545454545
1 0.08941176470588236 0.5675 0.09058823529411765 0.042272727272727274
1 0.633235294117647 0.46545454545454545 0.03 0.035454545454545454
1 0.7126470588235294 0.4611363636363636 0.09705882352941177 0.03318181818181818
1 0.4988235294117647 0.9265909090909091 0.06 0.038636363636363635
1 0.8452941176470589 0.8625 0.0611764705882353 0.04045454545454545
1 0.6779411764705883 0.8606818181818182 0.07470588235294118 0.03954545454545454
1 0.5544117647058824 0.37022727272727274 0.13470588235294118 0.03590909090909091
1 0.08205882352941177 0.7636363636363637 0.07588235294117647 0.03727272727272727
1 0.08352941176470588 0.7252272727272727 0.07294117647058823 0.03772727272727273
1 0.75 0.37727272727272726 0.09411764705882353 0.031818181818181815
1 0.5470588235294118 0.4593181818181818 0.11411764705882353 0.03590909090909091
1 0.5011764705882353 0.86 0.06352941176470588 0.04090909090909091
1 0.8776470588235294 0.4131818181818182 0.12941176470588237 0.03909090909090909
1 0.0888235294117647 0.6102272727272727 0.08588235294117647 0.04409090909090909
1 0.6708823529411765 0.9261363636363636 0.060588235294117644 0.03954545454545454
1 0.3323529411764706 0.8577272727272728 0.06823529411764706 0.03909090909090909
1 0.76 0.5745454545454546 0.26705882352941174 0.04090909090909091
1 0.27 0.035 0.03764705882352941 0.025454545454545455
1 0.5420588235294118 0.03681818181818182 0.08764705882352941 0.02909090909090909