1 0.37823529411764706 0.68 0.1388235294117647 0.03727272727272727
1 0.5097058823529412 0.6822727272727273 0.1111764705882353 0.03363636363636364
1 0.3820588235294118 0.5188636363636364 0.13 0.03681818181818182
1 0.7623529411764706 0.8611363636363636 0.0611764705882353 0.04045454545454545
1 0.8473529411764706 0.9270454545454545 0.0488235294117647 0.03681818181818182
1 0.5670588235294117 0.6090909090909091 0.1564705882352941 0.035454545454545454
1 0.4214705882352941 0.9261363636363636 0.06529411764705882 0.041363636363636366
1 0.5076470588235295 0.5213636363636364 0.13058823529411764 0.03727272727272727
1 0.3947058823529412 0.6086363636363636 0.16470588235294117 0.034545454545454546
1 0.6414705882352941 0.7745454545454545 0.054705882352941174 0.031818181818181815
1 0.6338235294117647 0.6877272727272727 0.04647058823529412 0.03363636363636364
1 0.4176470588235294 0.7225 0.21294117647058824 0.03681818181818182
1 0.4097058823529412 0.4043181818181818 0.19941176470588234 0.03681818181818182
1 0.10970588235294118 0.6786363636363636 0.07 0.034545454545454546
1 0.11 0.4495454545454545 0.07882352941176471 0.03636363636363636
1 0.10911764705882353 0.3643181818181818 0.08647058823529412 0.03681818181818182
1 0.5988235294117648 0.7245454545454545 0.1423529411764706 0.034545454545454546
1 0.16029411764705884 0.9263636363636364 0.0488235294117647 0.03727272727272727
1 0.7544117647058823 0.7263636363636363 0.08058823529411764 0.03272727272727273
1 0.32941176470588235 0.9263636363636364 0.06235294117647059 0.042727272727272725
1 0.6982352941176471 0.7256818181818182 0.03294117647058824 0.03227272727272727
1 0.10941176470588235 0.5211363636363636 0.08 0.035
1 0.6264705882352941 0.565 0.2188235294117647 0.035454545454545454
1 0.24205882352941177 0.923409090909091 0.04764705882352941 0.03772727272727273
1 0.3855882352941176 0.7713636363636364 0.14882352941176472 0.035454545454545454
1 0.7608823529411765 0.9254545454545454 0.061764705882352944 0.042727272727272725
1 0.3176470588235294 0.0325 0.03764705882352941 0.02590909090909091
1 0.5226470588235295 0.7713636363636364 0.10882352941176471 0.034545454545454546
1 0.6376470588235295 0.4556818181818182 0.06 0.03318181818181818
1 0.4164705882352941 0.8586363636363636 0.05411764705882353 0.04
1 0.5920588235294117 0.9238636363636363 0.051176470588235295 0.03772727272727273
1 0.40647058823529414 0.5654545454545454 0.18470588235294116 0.03727272727272727
1 0.585 0.8584090909090909 0.05352941176470588 0.04318181818181818
1 0.10735294117647058 0.4056818181818182 0.08176470588235295 0.03681818181818182
1 0.10558823529411765 0.5670454545454545 0.07470588235294118 0.035
1 0.5441176470588235 0.3679545454545455 0.11529411764705882 0.03590909090909091
1 0.5838235294117647 0.4088636363636364 0.14176470588235293 0.03681818181818182
1 0.7282352941176471 0.40863636363636363 0.07294117647058823 0.03272727272727273
1 0.5055882352941177 0.9265909090909091 0.045294117647058825 0.04045454545454545
1 0.8479411764705882 0.8579545454545454 0.05235294117647059 0.03681818181818182
1 0.6735294117647059 0.8584090909090909 0.06 0.041363636363636366
1 0.38382352941176473 0.4470454545454545 0.14411764705882352 0.03772727272727273
1 0.10970588235294118 0.7659090909090909 0.0711764705882353 0.034545454545454546
1 0.1111764705882353 0.7175 0.07294117647058823 0.035
1 0.6767647058823529 0.36977272727272725 0.05941176470588235 0.03318181818181818
1 0.5170588235294118 0.45 0.10705882352941176 0.034545454545454546
1 0.5070588235294118 0.8602272727272727 0.07529411764705882 0.041363636363636366
1 0.6741176470588235 0.4093181818181818 0.03176470588235294 0.03590909090909091
1 0.395 0.36568181818181816 0.16294117647058823 0.03681818181818182
1 0.10794117647058823 0.6072727272727273 0.08058823529411764 0.035454545454545454
1 0.6779411764705883 0.9222727272727272 0.051176470588235295 0.038181818181818185
1 0.33205882352941174 0.8568181818181818 0.054705882352941174 0.038181818181818185
1 0.5685294117647058 0.03704545454545455 0.12176470588235294 0.018636363636363635
1 0.6314705882352941 0.36818181818181817 0.03470588235294118 0.02909090909090909
1 0.5938235294117648 0.4575 0.022941176470588236 0.022272727272727274
1 0.5985294117647059 0.6922727272727273 0.026470588235294117 0.03272727272727273
1 0.5988235294117648 0.7784090909090909 0.02 0.028636363636363637
1 0.16647058823529412 0.8545454545454545 0.04823529411764706 0.03727272727272727
1 0.245 0.8563636363636363 0.04176470588235294 0.03363636363636364