1 0.7488235294117647 0.8618181818181818 0.05176470588235294 0.038181818181818185
1 0.8405882352941176 0.9309090909090909 0.058823529411764705 0.03909090909090909
1 0.6055882352941176 0.5672727272727273 0.1711764705882353 0.04
1 0.5591176470588235 0.6097727272727272 0.031176470588235295 0.03681818181818182
1 0.3997058823529412 0.9270454545454545 0.045294117647058825 0.03772727272727273
1 0.5747058823529412 0.5252272727272728 0.1188235294117647 0.03681818181818182
1 0.3708823529411765 0.6070454545454546 0.13941176470588235 0.03681818181818182
1 0.6864705882352942 0.7247727272727272 0.13058823529411764 0.03590909090909091
1 0.43117647058823527 0.6829545454545455 0.25529411764705884 0.03681818181818182
1 0.45529411764705885 0.7234090909090909 0.3129411764705882 0.03681818181818182
1 0.42264705882352943 0.3693181818181818 0.2311764705882353 0.03772727272727273
1 0.7426470588235294 0.5288636363636363 0.07235294117647059 0.03409090909090909
1 0.09147058823529412 0.6790909090909091 0.07588235294117647 0.03636363636363636
1 0.0988235294117647 0.44931818181818184 0.10588235294117647 0.038636363636363635
1 0.1476470588235294 0.9256818181818182 0.04588235294117647 0.038636363636363635
1 0.7723529411764706 0.5702272727272727 0.08588235294117647 0.03409090909090909
1 0.31882352941176473 0.9275 0.05411764705882353 0.03772727272727273
1 0.1511764705882353 0.8586363636363636 0.05411764705882353 0.038181818181818185
1 0.6135294117647059 0.44886363636363635 0.07764705882352942 0.03409090909090909
1 0.09735294117647059 0.5222727272727272 0.08764705882352941 0.034545454545454546
1 0.7829411764705883 0.3734090909090909 0.07058823529411765 0.03318181818181818
1 0.23294117647058823 0.8581818181818182 0.052941176470588235 0.03727272727272727
1 0.6679411764705883 0.5361363636363636 0.05235294117647059 0.038636363636363635
1 0.2323529411764706 0.9268181818181818 0.05058823529411765 0.038181818181818185
1 0.4 0.769090909090909 0.21411764705882352 0.035454545454545454
1 0.7505882352941177 0.9270454545454545 0.05176470588235294 0.03954545454545454
1 0.10323529411764706 0.36727272727272725 0.1111764705882353 0.03636363636363636
1 0.555 0.7706818181818181 0.08764705882352941 0.03318181818181818
1 0.5997058823529412 0.41113636363636363 0.15823529411764706 0.038636363636363635
1 0.40852941176470586 0.8593181818181819 0.05235294117647059 0.03590909090909091
1 0.581764705882353 0.9268181818181818 0.0611764705882353 0.03727272727272727
1 0.4041176470588235 0.5311363636363636 0.1952941176470588 0.038636363636363635
1 0.4908823529411765 0.6093181818181819 0.10647058823529412 0.035
1 0.49441176470588233 0.45136363636363636 0.10294117647058823 0.035454545454545454
1 0.1 0.40704545454545454 0.11529411764705882 0.038636363636363635
1 0.09058823529411765 0.5665909090909091 0.09647058823529411 0.03772727272727273
1 0.5688235294117647 0.03840909090909091 0.11058823529411765 0.023181818181818182
1 0.7729411764705882 0.4115909090909091 0.09647058823529411 0.03590909090909091
1 0.4938235294117647 0.9272727272727272 0.057058823529411766 0.038181818181818185
1 0.8358823529411765 0.8602272727272727 0.05058823529411765 0.03772727272727273
1 0.6617647058823529 0.8631818181818182 0.04470588235294118 0.03909090909090909
1 0.3714705882352941 0.45340909090909093 0.1323529411764706 0.038636363636363635
1 0.08705882352941176 0.7661363636363636 0.07882352941176471 0.035
1 0.09323529411764706 0.7240909090909091 0.08294117647058824 0.035454545454545454
1 0.7029411764705882 0.3784090909090909 0.041176470588235294 0.03409090909090909
1 0.5617647058823529 0.45181818181818184 0.02588235294117647 0.03636363636363636
1 0.62 0.6836363636363636 0.09176470588235294 0.034545454545454546
1 0.4985294117647059 0.860909090909091 0.06294117647058824 0.03636363636363636
1 0.7011764705882353 0.41113636363636363 0.03176470588235294 0.03772727272727273
1 0.6008823529411764 0.6090909090909091 0.0688235294117647 0.03272727272727273
1 0.08647058823529412 0.6086363636363636 0.08705882352941176 0.03727272727272727
1 0.6614705882352941 0.9261363636363636 0.04647058823529412 0.03954545454545454
1 0.6094117647058823 0.3679545454545455 0.11529411764705882 0.035
1 0.32323529411764707 0.86 0.05235294117647059 0.03727272727272727
1 0.40941176470588236 0.4122727272727273 0.21411764705882352 0.04
1 0.30823529411764705 0.03636363636363636 0.04 0.02181818181818182
1 0.40558823529411764 0.5713636363636364 0.21823529411764706 0.031818181818181815
1 0.7120588235294117 0.5706818181818182 0.03 0.02409090909090909
1 0.5741176470588235 0.8663636363636363 0.04470588235294118 0.026363636363636363