1 0.41411764705882353 0.6861363636363637 0.2223529411764706 0.041363636363636366
1 0.7526470588235294 0.8713636363636363 0.057058823529411766 0.04181818181818182
1 0.8429411764705882 0.9311363636363637 0.06235294117647059 0.03954545454545454
1 0.5505882352941176 0.6215909090909091 0.12588235294117647 0.029545454545454545
1 0.4076470588235294 0.9275 0.05529411764705883 0.03772727272727273
1 0.38294117647058823 0.6202272727272727 0.16941176470588235 0.030454545454545453
1 0.39705882352941174 0.42068181818181816 0.19176470588235295 0.03318181818181818
1 0.40088235294117647 0.7320454545454546 0.2088235294117647 0.03681818181818182
1 0.10764705882352942 0.6829545454545455 0.07058823529411765 0.035
1 0.11 0.3618181818181818 0.06588235294117648 0.03636363636363636
1 0.09205882352941176 0.4565909090909091 0.057058823529411766 0.03409090909090909
1 0.575 0.7368181818181818 0.11352941176470588 0.03363636363636364
1 0.15058823529411763 0.9243181818181818 0.05411764705882353 0.038636363636363635
1 0.3214705882352941 0.9263636363636364 0.054705882352941174 0.03727272727272727
1 0.14323529411764707 0.8606818181818182 0.04647058823529412 0.03954545454545454
1 0.40147058823529413 0.5325 0.19941176470588234 0.03590909090909091
1 0.10235294117647059 0.5327272727272727 0.06705882352941177 0.031818181818181815
1 0.6288235294117647 0.6279545454545454 0.027058823529411764 0.031363636363636364
1 0.23352941176470587 0.9265909090909091 0.05058823529411765 0.03772727272727273
1 0.38441176470588234 0.7747727272727273 0.18058823529411766 0.028636363636363637
1 0.7555882352941177 0.9370454545454545 0.05941176470588235 0.03772727272727273
1 0.5179411764705882 0.7765909090909091 0.08058823529411764 0.030454545454545453
1 0.6797058823529412 0.5790909090909091 0.028823529411764706 0.03090909090909091
1 0.4073529411764706 0.8638636363636364 0.05941176470588235 0.03772727272727273
1 0.5794117647058824 0.9334090909090909 0.0611764705882353 0.03954545454545454
1 0.1011764705882353 0.5725 0.06823529411764706 0.03409090909090909
1 0.5908823529411765 0.5368181818181819 0.1535294117647059 0.035454545454545454
1 0.4002941176470588 0.575 0.19941176470588234 0.034545454545454546
1 0.5832352941176471 0.8597727272727272 0.05352941176470588 0.03954545454545454
1 0.10558823529411765 0.41 0.060588235294117644 0.034545454545454546
1 0.5791176470588235 0.5759090909090909 0.14294117647058824 0.03363636363636364
1 0.7370588235294118 0.581590909090909 0.07294117647058823 0.031363636363636364
1 0.49441176470588233 0.9320454545454545 0.06294117647058824 0.041363636363636366
1 0.8420588235294117 0.8713636363636363 0.04764705882352941 0.038181818181818185
1 0.673235294117647 0.8634090909090909 0.05352941176470588 0.038636363636363635
1 0.10411764705882352 0.7713636363636364 0.06941176470588235 0.035454545454545454
1 0.11441176470588235 0.7293181818181819 0.07 0.03409090909090909
1 0.7052941176470588 0.5418181818181819 0.04352941176470588 0.04090909090909091
1 0.4973529411764706 0.8627272727272727 0.061764705882352944 0.04090909090909091
1 0.7835294117647059 0.5390909090909091 0.08941176470588236 0.03272727272727273
1 0.5935294117647059 0.6872727272727273 0.10705882352941176 0.035454545454545454
1 0.4026470588235294 0.37113636363636365 0.19117647058823528 0.03681818181818182
1 0.09705882352941177 0.6140909090909091 0.07411764705882352 0.034545454545454546
1 0.6702941176470588 0.9313636363636364 0.05823529411764706 0.04181818181818182
1 0.32382352941176473 0.8602272727272727 0.05352941176470588 0.03772727272727273
1 0.6814705882352942 0.6263636363636363 0.06647058823529411 0.02909090909090909
1 0.3173529411764706 0.034545454545454546 0.05 0.019090909090909092
1 0.5547058823529412 0.04045454545454545 0.07294117647058823 0.02181818181818182
1 0.3679411764705882 0.46204545454545454 0.13705882352941176 0.035
1 0.23558823529411765 0.8588636363636364 0.057058823529411766 0.04045454545454545