1 0.37558823529411767 0.6827272727272727 0.16411764705882353 0.03636363636363636
1 0.5076470588235295 0.6838636363636363 0.1011764705882353 0.035
1 0.38294117647058823 0.40863636363636363 0.16117647058823528 0.035454545454545454
1 0.76 0.8625 0.07058823529411765 0.03590909090909091
1 0.8426470588235294 0.93 0.05823529411764706 0.03363636363636364
1 0.49558823529411766 0.6129545454545454 0.12411764705882353 0.03409090909090909
1 0.4108823529411765 0.9281818181818182 0.05941176470588235 0.04
1 0.8408823529411765 0.8638636363636364 0.057058823529411766 0.03590909090909091
1 0.36323529411764705 0.6129545454545454 0.13588235294117648 0.035
1 0.533235294117647 0.4131818181818182 0.13352941176470587 0.045454545454545456
1 0.4811764705882353 0.4547727272727273 0.10941176470588235 0.03590909090909091
1 0.37529411764705883 0.5695454545454546 0.1564705882352941 0.038181818181818185
1 0.37441176470588233 0.7261363636363637 0.15823529411764706 0.03318181818181818
1 0.08911764705882352 0.6834090909090909 0.08764705882352941 0.03590909090909091
1 0.10705882352941176 0.4511363636363636 0.08470588235294117 0.03409090909090909
1 0.4667647058823529 0.7693181818181818 0.06764705882352941 0.03318181818181818
1 0.15470588235294117 0.9268181818181818 0.06588235294117648 0.03272727272727273
1 0.3211764705882353 0.9275 0.05647058823529412 0.03227272727272727
1 0.15029411764705883 0.8552272727272727 0.05 0.038636363636363635
1 0.38323529411764706 0.5272727272727272 0.17588235294117646 0.031818181818181815
1 0.10294117647058823 0.5238636363636363 0.07764705882352942 0.035
1 0.24147058823529413 0.9252272727272727 0.05588235294117647 0.035
1 0.3638235294117647 0.7711363636363636 0.13705882352941176 0.03772727272727273
1 0.7608823529411765 0.928409090909091 0.0711764705882353 0.03409090909090909
1 0.09794117647058824 0.36522727272727273 0.07823529411764706 0.03590909090909091
1 0.37588235294117645 0.36863636363636365 0.15294117647058825 0.03636363636363636
1 0.4176470588235294 0.8622727272727273 0.05647058823529412 0.03727272727272727
1 0.5826470588235294 0.9288636363636363 0.054705882352941174 0.03409090909090909
1 0.11 0.5668181818181818 0.07764705882352942 0.03636363636363636
1 0.5517647058823529 0.5286363636363637 0.1623529411764706 0.038181818181818185
1 0.5894117647058823 0.8613636363636363 0.06588235294117648 0.034545454545454546
1 0.10852941176470589 0.40795454545454546 0.08647058823529412 0.03227272727272727
1 0.5320588235294118 0.5713636363636364 0.14882352941176472 0.03727272727272727
1 0.5488235294117647 0.038181818181818185 0.07764705882352942 0.02
1 0.5158823529411765 0.36977272727272725 0.11529411764705882 0.03590909090909091
1 0.5005882352941177 0.9281818181818182 0.06 0.03727272727272727
1 0.6735294117647059 0.8631818181818182 0.05529411764705883 0.034545454545454546
1 0.36176470588235293 0.4540909090909091 0.12705882352941175 0.03909090909090909
1 0.09352941176470589 0.7679545454545454 0.08705882352941176 0.03681818181818182
1 0.07882352941176471 0.7261363636363637 0.06705882352941177 0.035
1 0.49911764705882355 0.8584090909090909 0.05588235294117647 0.04045454545454545
1 0.4873529411764706 0.7279545454545454 0.06529411764705882 0.03409090909090909
1 0.10470588235294118 0.6102272727272727 0.0811764705882353 0.03590909090909091
1 0.6726470588235294 0.9281818181818182 0.06647058823529411 0.034545454545454546
1 0.32794117647058824 0.8597727272727272 0.05823529411764706 0.03409090909090909
1 0.2323529411764706 0.8597727272727272 0.05647058823529412 0.03681818181818182
1 0.29470588235294115 0.034772727272727275 0.03294117647058824 0.018636363636363635
1 0.645 0.3709090909090909 0.08764705882352941 0.04181818181818182
1 0.66 0.4102272727272727 0.06 0.035
1 0.595 0.45704545454545453 0.06764705882352941 0.03772727272727273
1 0.5879411764705882 0.37 0.031176470588235295 0.04
1 0.615 0.4134090909090909 0.03 0.03772727272727273
1 0.5485294117647059 0.4581818181818182 0.03 0.04363636363636364
1 0.65 0.5320454545454546 0.04 0.05136363636363636
1 0.6229411764705882 0.5706818181818182 0.03411764705882353 0.03772727272727273
1 0.5702941176470588 0.6140909090909091 0.026470588235294117 0.04363636363636364
1 0.731764705882353 0.5265909090909091 0.13294117647058823 0.038636363636363635
1 0.6864705882352942 0.571590909090909 0.1 0.03590909090909091
1 0.635 0.6161363636363636 0.10529411764705883 0.03954545454545454