1 0.4331566548881037 0.4343065693430657 0.1431095406360424 0.035583941605839414
1 0.7603062426383981 0.8797901459854015 0.06949352179034157 0.03968978102189781
1 0.8442285041224971 0.9416058394160584 0.0712603062426384 0.04927007299270073
1 0.6949352179034158 0.5912408759124088 0.04946996466431095 0.03102189781021898
1 0.5809776207302709 0.6300182481751825 0.10306242638398115 0.032846715328467155
1 0.41578327444051827 0.9409215328467153 0.06478209658421673 0.04242700729927007
1 0.6666666666666666 0.7894616788321168 0.05182567726737338 0.03239051094890511
1 0.4449352179034158 0.4749087591240876 0.13250883392226148 0.035583941605839414
1 0.45170789163722025 0.7066605839416058 0.16607773851590105 0.04105839416058394
1 0.6522379269729093 0.7155565693430657 0.021790341578327443 0.027828467153284672
1 0.44405182567726736 0.7876368613138686 0.14016489988221437 0.03512773722627737
1 0.11925795053003534 0.7050638686131386 0.06419316843345112 0.03604014598540146
1 0.10806831566548881 0.47650547445255476 0.059481743227326266 0.031478102189781025
1 0.44876325088339225 0.7456660583941606 0.15312131919905772 0.034215328467153285
1 0.6607773851590106 0.5901003649635036 0.027090694935217905 0.03239051094890511
1 0.11160188457008245 0.39233576642335766 0.06065959952885748 0.03467153284671533
1 0.6301531213191991 0.8022354014598541 0.023557126030624265 0.03786496350364964
1 0.15577149587750294 0.9436587591240876 0.054770318021201414 0.0406021897810219
1 0.6805064782096584 0.6279653284671532 0.044169611307420496 0.031478102189781025
1 0.32597173144876324 0.9434306569343066 0.05005889281507656 0.035583941605839414
1 0.15871613663133097 0.8788777372262774 0.05712603062426384 0.038777372262773724
1 0.6878680800942285 0.7529653284671532 0.053003533568904596 0.022354014598540146
1 0.5703769140164899 0.4739963503649635 0.12190812720848057 0.03375912408759124
1 0.46083627797408716 0.5460766423357665 0.17373380447585396 0.041970802919708027
1 0.11012956419316844 0.5501824817518248 0.07538280329799764 0.03467153284671533
1 0.6463486454652533 0.634808394160584 0.025323910482921083 0.03604014598540146
1 0.24411071849234395 0.8777372262773723 0.054770318021201414 0.03467153284671533
1 0.24263839811542992 0.9441149635036497 0.05535924617196702 0.03239051094890511
1 0.7603062426383981 0.9418339416058394 0.07302709069493522 0.04425182481751825
1 0.29917550058892817 0.06911496350364964 0.04004711425206125 0.022354014598540146
1 0.5709658421672555 0.7942518248175182 0.10306242638398115 0.03375912408759124
1 0.5662544169611308 0.39347627737226276 0.14075382803297998 0.0406021897810219
1 0.4084216725559482 0.8816149635036497 0.0535924617196702 0.04242700729927007
1 0.5827444051825678 0.9416058394160584 0.06065959952885748 0.043795620437956206
1 0.45288574793875147 0.5894160583941606 0.15665488810365136 0.0364963503649635
1 0.4552414605418139 0.6307025547445255 0.14487632508833923 0.03512773722627737
1 0.5812720848056537 0.8898266423357665 0.05889281507656066 0.05793795620437956
1 0.11042402826855123 0.43499087591240876 0.059481743227326266 0.0333029197080292
1 0.10541813898704358 0.5901003649635036 0.06831566548881036 0.034215328467153285
1 0.559776207302709 0.06911496350364964 0.11484098939929328 0.02144160583941606
1 0.7355712603062426 0.5474452554744526 0.04946996466431095 0.043795620437956206
1 0.6457597173144877 0.7531934306569343 0.02061248527679623 0.025547445255474453
1 0.5011778563015312 0.9459397810218978 0.06831566548881036 0.03968978102189781
1 0.8380447585394581 0.8813868613138686 0.06949352179034157 0.04744525547445255
1 0.6704946996466431 0.8777372262773723 0.06301531213191991 0.04288321167883212
1 0.571849234393404 0.4333941605839416 0.13191990577149587 0.03375912408759124
1 0.5933451118963486 0.7018704379562044 0.10424028268551237 0.04151459854014598
1 0.1154299175500589 0.7876368613138686 0.06007067137809187 0.034215328467153285
1 0.6943462897526502 0.563184306569343 0.028268551236749116 0.03604014598540146
1 0.5803886925795053 0.7461222627737226 0.10306242638398115 0.03239051094890511
1 0.5 0.8905109489051095 0.06595995288574794 0.04744525547445255
1 0.6145465253239105 0.5479014598540146 0.12308598351001178 0.040145985401459854
1 0.5892226148409894 0.5891879562043796 0.12190812720848057 0.034215328467153285
1 0.41401648998822144 0.39302007299270075 0.15901060070671377 0.04425182481751825
1 0.10453474676089516 0.6325273722627737 0.06772673733804475 0.034215328467153285
1 0.6710836277974087 0.9507299270072993 0.06890459363957598 0.06295620437956205
1 0.3292108362779741 0.8791058394160584 0.06478209658421673 0.032846715328467155
1 0.6981743227326266 0.7103102189781022 0.05712603062426384 0.02281021897810219
1 0.11160188457008245 0.7468065693430657 0.054770318021201414 0.03375912408759124