1 0.7691176470588236 0.8584090909090909 0.06294117647058824 0.03954545454545454
1 0.8541176470588235 0.9327272727272727 0.04941176470588235 0.04363636363636364
1 0.5911764705882353 0.6093181818181819 0.14941176470588236 0.035
1 0.42323529411764704 0.9275 0.05352941176470588 0.038636363636363635
1 0.8570588235294118 0.8590909090909091 0.0611764705882353 0.04
1 0.41411764705882353 0.61 0.17294117647058824 0.035454545454545454
1 0.6979411764705883 0.7668181818181818 0.026470588235294117 0.034545454545454546
1 0.4052941176470588 0.45340909090909093 0.14705882352941177 0.03772727272727273
1 0.45529411764705885 0.6790909090909091 0.20352941176470588 0.038181818181818185
1 0.6470588235294118 0.6777272727272727 0.1564705882352941 0.03727272727272727
1 0.10588235294117647 0.6815909090909091 0.0811764705882353 0.035
1 0.4373529411764706 0.7231818181818181 0.23 0.03727272727272727
1 0.7261764705882353 0.5656818181818182 0.03235294117647059 0.03318181818181818
1 0.11411764705882353 0.36704545454545456 0.06352941176470588 0.035
1 0.1111764705882353 0.45386363636363636 0.058823529411764705 0.03681818181818182
1 0.6094117647058823 0.7645454545454545 0.15058823529411763 0.02727272727272727
1 0.15970588235294117 0.9315909090909091 0.05 0.03954545454545454
1 0.8044117647058824 0.5695454545454546 0.14411764705882352 0.03636363636363636
1 0.34058823529411764 0.9270454545454545 0.06470588235294118 0.038636363636363635
1 0.16794117647058823 0.8593181818181819 0.06529411764705882 0.03954545454545454
1 0.4376470588235294 0.5247727272727273 0.22941176470588234 0.038636363636363635
1 0.09941176470588235 0.5252272727272728 0.07294117647058823 0.03590909090909091
1 0.255 0.8595454545454545 0.05823529411764706 0.03909090909090909
1 0.2541176470588235 0.9277272727272727 0.0611764705882353 0.03909090909090909
1 0.41411764705882353 0.7661363636363636 0.19176470588235295 0.03227272727272727
1 0.7708823529411765 0.9252272727272727 0.0688235294117647 0.03954545454545454
1 0.5944117647058823 0.3675 0.07470588235294118 0.03318181818181818
1 0.6161764705882353 0.4068181818181818 0.09823529411764706 0.034545454545454546
1 0.5055882352941177 0.455 0.031176470588235295 0.03636363636363636
1 0.42764705882352944 0.8593181818181819 0.058823529411764705 0.041363636363636366
1 0.5932352941176471 0.925 0.05235294117647059 0.04181818181818182
1 0.10147058823529412 0.5686363636363636 0.07588235294117647 0.03636363636363636
1 0.5955882352941176 0.8590909090909091 0.06529411764705882 0.04090909090909091
1 0.11382352941176471 0.41045454545454546 0.06294117647058824 0.03636363636363636
1 0.6294117647058823 0.5654545454545454 0.1376470588235294 0.035454545454545454
1 0.6311764705882353 0.5227272727272727 0.14470588235294118 0.03727272727272727
1 0.7623529411764706 0.7686363636363637 0.1 0.03272727272727273
1 0.5102941176470588 0.9259090909090909 0.060588235294117644 0.03909090909090909
1 0.8429411764705882 0.6772727272727272 0.13176470588235295 0.03636363636363636
1 0.6826470588235294 0.8588636363636364 0.060588235294117644 0.03954545454545454
1 0.5417647058823529 0.40704545454545454 0.02823529411764706 0.03772727272727273
1 0.8270588235294117 0.7225 0.12 0.030454545454545453
1 0.11235294117647059 0.7713636363636364 0.08 0.03363636363636364
1 0.11088235294117647 0.7252272727272727 0.08411764705882353 0.03409090909090909
1 0.7355882352941177 0.5270454545454546 0.031176470588235295 0.03409090909090909
1 0.5597058823529412 0.45295454545454544 0.0688235294117647 0.03318181818181818
1 0.6414705882352941 0.7184090909090909 0.1652941176470588 0.03772727272727273
1 0.5120588235294118 0.8597727272727272 0.05235294117647059 0.041363636363636366
1 0.8229411764705883 0.5215909090909091 0.15294117647058825 0.03681818181818182
1 0.43323529411764705 0.3675 0.14176470588235293 0.03409090909090909
1 0.10647058823529412 0.6115909090909091 0.08235294117647059 0.03590909090909091
1 0.6835294117647058 0.9270454545454545 0.05764705882352941 0.03954545454545454
1 0.3376470588235294 0.8579545454545454 0.06352941176470588 0.041363636363636366
1 0.4238235294117647 0.4081818181818182 0.19470588235294117 0.03909090909090909
1 0.7370588235294118 0.6079545454545454 0.12352941176470589 0.03409090909090909
1 0.7573529411764706 0.6811363636363637 0.03588235294117647 0.03590909090909091
1 0.3120588235294118 0.038863636363636364 0.05352941176470588 0.01681818181818182
1 0.5676470588235294 0.03409090909090909 0.1223529411764706 0.02181818181818182
1 0.53 0.36818181818181817 0.036470588235294116 0.03363636363636364
1 0.7476470588235294 0.7222727272727273 0.027058823529411764 0.03272727272727273