1 0.39088235294117646 0.6786363636363636 0.15588235294117647 0.038181818181818185
1 0.5517647058823529 0.7215909090909091 0.11176470588235295 0.03409090909090909
1 0.8373529411764706 0.9236363636363636 0.05235294117647059 0.038181818181818185
1 0.5517647058823529 0.5647727272727273 0.10235294117647059 0.03409090909090909
1 0.4041176470588235 0.9177272727272727 0.047058823529411764 0.038181818181818185
1 0.7561764705882353 0.8575 0.0488235294117647 0.03681818181818182
1 0.3638235294117647 0.6072727272727273 0.10529411764705883 0.03272727272727273
1 0.4638235294117647 0.524090909090909 0.03 0.03363636363636364
1 0.6352941176470588 0.7625 0.07411764705882352 0.03318181818181818
1 0.47323529411764703 0.5638636363636363 0.03 0.03227272727272727
1 0.43823529411764706 0.6084090909090909 0.03176470588235294 0.03409090909090909
1 0.3885294117647059 0.40636363636363637 0.15705882352941178 0.03
1 0.10411764705882352 0.6720454545454545 0.07176470588235294 0.03590909090909091
1 0.09470588235294118 0.4415909090909091 0.07764705882352942 0.03409090909090909
1 0.3982352941176471 0.7231818181818181 0.1776470588235294 0.03
1 0.658235294117647 0.6813636363636364 0.08588235294117647 0.03363636363636364
1 0.10029411764705883 0.36227272727272725 0.08411764705882353 0.03636363636363636
1 0.1538235294117647 0.915 0.05352941176470588 0.04
1 0.31941176470588234 0.9170454545454545 0.04588235294117647 0.03772727272727273
1 0.15088235294117647 0.8515909090909091 0.054705882352941174 0.03681818181818182
1 0.7038235294117647 0.7231818181818181 0.09235294117647058 0.03272727272727273
1 0.5682352941176471 0.45386363636363636 0.027058823529411764 0.03318181818181818
1 0.3720588235294118 0.5193181818181818 0.1288235294117647 0.03318181818181818
1 0.08970588235294118 0.515 0.06294117647058824 0.034545454545454546
1 0.23852941176470588 0.8522727272727273 0.04764705882352941 0.034545454545454546
1 0.5970588235294118 0.6831818181818182 0.02 0.031818181818181815
1 0.2361764705882353 0.9193181818181818 0.04411764705882353 0.03681818181818182
1 0.3814705882352941 0.7611363636363636 0.15705882352941178 0.03590909090909091
1 0.7538235294117647 0.9236363636363636 0.05235294117647059 0.03727272727272727
1 0.3035294117647059 0.031363636363636364 0.05176470588235294 0.019090909090909092
1 0.5188235294117647 0.7634090909090909 0.09058823529411765 0.029545454545454545
1 0.6217647058823529 0.44886363636363635 0.0611764705882353 0.03227272727272727
1 0.6329411764705882 0.365 0.07294117647058823 0.031818181818181815
1 0.5761764705882353 0.36954545454545457 0.028823529411764706 0.03636363636363636
1 0.5073529411764706 0.3625 0.09941176470588235 0.035
1 0.40911764705882353 0.8540909090909091 0.054705882352941174 0.03636363636363636
1 0.5779411764705882 0.9186363636363636 0.045294117647058825 0.04
1 0.08794117647058823 0.5577272727272727 0.05823529411764706 0.03272727272727273
1 0.37941176470588234 0.5631818181818182 0.13647058823529412 0.03272727272727273
1 0.5408823529411765 0.5243181818181818 0.08647058823529412 0.03227272727272727
1 0.5029411764705882 0.6077272727272728 0.08470588235294117 0.031818181818181815
1 0.5808823529411765 0.8572727272727273 0.04176470588235294 0.03727272727272727
1 0.09823529411764706 0.3986363636363636 0.08235294117647059 0.034545454545454546
1 0.625 0.40795454545454546 0.028823529411764706 0.029545454545454545
1 0.6858823529411765 0.4081818181818182 0.07882352941176471 0.03
1 0.4914705882352941 0.9209090909090909 0.04411764705882353 0.03909090909090909
1 0.8423529411764706 0.8556818181818182 0.04941176470588235 0.03681818181818182
1 0.6723529411764706 0.8565909090909091 0.04470588235294118 0.03681818181818182
1 0.5352941176470588 0.4075 0.12470588235294118 0.029545454545454545
1 0.38058823529411767 0.4456818181818182 0.13647058823529412 0.03681818181818182
1 0.09558823529411764 0.7586363636363637 0.07705882352941176 0.03363636363636364
1 0.09794117647058824 0.7177272727272728 0.07705882352941176 0.034545454545454546
1 0.4961764705882353 0.4484090909090909 0.09588235294117647 0.03409090909090909
1 0.49911764705882355 0.8543181818181819 0.051176470588235295 0.03590909090909091
1 0.38235294117647056 0.36204545454545456 0.13176470588235295 0.03681818181818182
1 0.08764705882352941 0.5981818181818181 0.06 0.034545454545454546
1 0.6705882352941176 0.9209090909090909 0.05529411764705883 0.04
1 0.32323529411764707 0.8536363636363636 0.05352941176470588 0.03636363636363636
1 0.5802941176470588 0.03409090909090909 0.12529411764705883 0.02
1 0.6355882352941177 0.7245454545454545 0.026470588235294117 0.03272727272727273
1 0.5305882352941177 0.6806818181818182 0.09294117647058824 0.028636363636363637
1 0.5835294117647059 0.7761363636363636 0.02 0.03318181818181818