1 0.38382352941176473 0.6852272727272727 0.15 0.03590909090909091
1 0.7670588235294118 0.8627272727272727 0.07882352941176471 0.04
1 0.8529411764705882 0.9315909090909091 0.07647058823529412 0.042272727272727274
1 0.8505882352941176 0.8636363636363636 0.0811764705882353 0.046363636363636364
1 0.37029411764705883 0.6211363636363636 0.1288235294117647 0.031363636363636364
1 0.6797058823529412 0.8622727272727273 0.08411764705882353 0.04181818181818182
1 0.39441176470588235 0.7268181818181818 0.17470588235294118 0.03636363636363636
1 0.30558823529411766 0.03704545454545455 0.039411764705882354 0.025
1 0.4073529411764706 0.4640909090909091 0.18411764705882352 0.028181818181818183
1 0.09911764705882353 0.6809090909090909 0.07235294117647059 0.038181818181818185
1 0.105 0.36477272727272725 0.07705882352941176 0.03681818181818182
1 0.11235294117647059 0.4527272727272727 0.08941176470588236 0.038181818181818185
1 0.4202941176470588 0.86 0.07352941176470588 0.03909090909090909
1 0.6305882352941177 0.6247727272727273 0.07764705882352942 0.026818181818181817
1 0.1623529411764706 0.9261363636363636 0.0811764705882353 0.04045454545454545
1 0.7729411764705882 0.5784090909090909 0.10352941176470588 0.03227272727272727
1 0.33676470588235297 0.9272727272727272 0.07823529411764706 0.04090909090909091
1 0.15411764705882353 0.8588636363636364 0.05647058823529412 0.03954545454545454
1 0.4208823529411765 0.5318181818181819 0.23352941176470587 0.038181818181818185
1 0.10941176470588235 0.5225 0.09294117647058824 0.03590909090909091
1 0.24764705882352941 0.8588636363636364 0.06823529411764706 0.04045454545454545
1 0.6235294117647059 0.5329545454545455 0.14823529411764705 0.03409090909090909
1 0.3594117647058824 0.7738636363636363 0.11058823529411765 0.03318181818181818
1 0.7620588235294118 0.9304545454545454 0.06647058823529411 0.04
1 0.6744117647058824 0.4147727272727273 0.09 0.03409090909090909
1 0.4626470588235294 0.41818181818181815 0.3029411764705882 0.034545454545454546
1 0.11058823529411765 0.5661363636363637 0.10352941176470588 0.03681818181818182
1 0.5573529411764706 0.46795454545454546 0.06411764705882353 0.030454545454545453
1 0.42058823529411765 0.5725 0.1976470588235294 0.035
1 0.5097058823529412 0.8615909090909091 0.07823529411764706 0.038636363636363635
1 0.10676470588235294 0.4090909090909091 0.08529411764705883 0.03636363636363636
1 0.6008823529411764 0.5775 0.13941176470588235 0.03227272727272727
1 0.5538235294117647 0.04090909090909091 0.09941176470588235 0.03
1 0.6338235294117647 0.37795454545454543 0.08529411764705883 0.03318181818181818
1 0.5108823529411765 0.9288636363636363 0.07470588235294118 0.045
1 0.10852941176470589 0.7672727272727272 0.08176470588235295 0.03727272727272727
1 0.10264705882352941 0.7263636363636363 0.08058823529411764 0.03909090909090909
1 0.8005882352941176 0.5361363636363636 0.0988235294117647 0.03227272727272727
1 0.43529411764705883 0.37068181818181817 0.26235294117647057 0.041363636363636366
1 0.5005882352941177 0.6229545454545454 0.11647058823529412 0.02590909090909091
1 0.11029411764705882 0.6052272727272727 0.10176470588235294 0.03681818181818182
1 0.6797058823529412 0.9304545454545454 0.08294117647058824 0.04181818181818182
1 0.33794117647058824 0.8590909090909091 0.07235294117647059 0.04
1 0.695 0.5804545454545454 0.026470588235294117 0.03272727272727273
1 0.7188235294117648 0.5425 0.03294117647058824 0.030454545454545453
1 0.5782352941176471 0.6290909090909091 0.027058823529411764 0.03
1 0.24235294117647058 0.9261363636363636 0.06941176470588235 0.04409090909090909
1 0.4188235294117647 0.9268181818181818 0.07294117647058823 0.04454545454545455
1 0.591764705882353 0.9277272727272727 0.08 0.042727272727272725
1 0.586764705882353 0.8631818181818182 0.0711764705882353 0.042727272727272725