1 0.3585294117647059 0.69 0.11705882352941177 0.038181818181818185
1 0.7585294117647059 0.8597727272727272 0.05823529411764706 0.041363636363636366
1 0.8476470588235294 0.9297727272727273 0.06470588235294118 0.04681818181818182
1 0.888235294117647 0.5697727272727273 0.09294117647058824 0.03954545454545454
1 0.5791176470588235 0.6138636363636364 0.1688235294117647 0.035
1 0.4123529411764706 0.9275 0.058823529411764705 0.038636363636363635
1 0.44176470588235295 0.5697727272727273 0.27058823529411763 0.03409090909090909
1 0.8508823529411764 0.8613636363636363 0.07 0.04090909090909091
1 0.40205882352941175 0.6113636363636363 0.18176470588235294 0.031818181818181815
1 0.4 0.45431818181818184 0.18 0.03772727272727273
1 0.5114705882352941 0.6872727272727273 0.1711764705882353 0.038181818181818185
1 0.7129411764705882 0.6875 0.13529411764705881 0.035
1 0.8182352941176471 0.5784090909090909 0.042352941176470586 0.03954545454545454
1 0.44382352941176473 0.4122727272727273 0.2688235294117647 0.038181818181818185
1 0.10588235294117647 0.6793181818181818 0.08705882352941176 0.03681818181818182
1 0.4 0.7275 0.2023529411764706 0.041363636363636366
1 0.7744117647058824 0.6163636363636363 0.11823529411764706 0.03
1 0.11058823529411765 0.4484090909090909 0.09647058823529411 0.03681818181818182
1 0.15058823529411763 0.9254545454545454 0.05647058823529412 0.04181818181818182
1 0.33441176470588235 0.9279545454545455 0.06647058823529411 0.03954545454545454
1 0.14852941176470588 0.8584090909090909 0.05352941176470588 0.042272727272727274
1 0.7194117647058823 0.7702272727272728 0.12470588235294118 0.03409090909090909
1 0.6105882352941177 0.4561363636363636 0.1952941176470588 0.03681818181818182
1 0.4088235294117647 0.525 0.20352941176470588 0.03727272727272727
1 0.10588235294117647 0.5222727272727272 0.0988235294117647 0.03727272727272727
1 0.6329411764705882 0.7270454545454546 0.2647058823529412 0.03681818181818182
1 0.24323529411764705 0.8586363636363636 0.061764705882352944 0.04
1 0.69 0.6188636363636364 0.036470588235294116 0.03409090909090909
1 0.2447058823529412 0.9254545454545454 0.06705882352941177 0.038181818181818185
1 0.36058823529411765 0.7688636363636364 0.11647058823529412 0.03590909090909091
1 0.7558823529411764 0.9275 0.06470588235294118 0.041363636363636366
1 0.10882352941176471 0.36454545454545456 0.0988235294117647 0.038181818181818185
1 0.5235294117647059 0.7727272727272727 0.20823529411764705 0.03272727272727273
1 0.7305882352941176 0.41295454545454546 0.2858823529411765 0.042272727272727274
1 0.41323529411764703 0.8584090909090909 0.057058823529411766 0.041363636363636366
1 0.5882352941176471 0.9261363636363636 0.06588235294117648 0.038636363636363635
1 0.11235294117647059 0.5659090909090909 0.10352941176470588 0.03727272727272727
1 0.6041176470588235 0.5256818181818181 0.16705882352941176 0.035
1 0.5811764705882353 0.8597727272727272 0.058823529411764705 0.042272727272727274
1 0.10882352941176471 0.40454545454545454 0.1011764705882353 0.038181818181818185
1 0.6861764705882353 0.5706818181818182 0.21588235294117647 0.03590909090909091
1 0.5714705882352941 0.03340909090909091 0.04411764705882353 0.022272727272727274
1 0.5055882352941177 0.9265909090909091 0.07235294117647059 0.03954545454545454
1 0.6723529411764706 0.8597727272727272 0.06470588235294118 0.03954545454545454
1 0.8741176470588236 0.7247727272727272 0.14588235294117646 0.04409090909090909
1 0.11176470588235295 0.7652272727272728 0.09294117647058824 0.03681818181818182
1 0.11088235294117647 0.7225 0.08411764705882353 0.03772727272727273
1 0.6435294117647059 0.7779545454545455 0.03411764705882353 0.041363636363636366
1 0.49970588235294117 0.8590909090909091 0.06294117647058824 0.04181818181818182
1 0.7511764705882353 0.5286363636363637 0.09411764705882353 0.04090909090909091
1 0.6244117647058823 0.6865909090909091 0.026470588235294117 0.03681818181818182
1 0.3926470588235294 0.36704545454545456 0.17705882352941177 0.038636363636363635
1 0.11 0.6072727272727273 0.0988235294117647 0.038181818181818185
1 0.6688235294117647 0.9261363636363636 0.0611764705882353 0.045909090909090906
1 0.5914705882352941 0.3718181818181818 0.18411764705882352 0.03909090909090909
1 0.33147058823529413 0.8581818181818182 0.06294117647058824 0.04181818181818182
1 0.3323529411764706 0.03704545454545455 0.052941176470588235 0.028636363636363637
1 0.7838235294117647 0.7331818181818182 0.026470588235294117 0.03272727272727273