1 0.41823529411764704 0.4106818181818182 0.2211764705882353 0.03681818181818182
1 0.5702941176470588 0.5697727272727273 0.08529411764705883 0.03227272727272727
1 0.3926470588235294 0.6122727272727273 0.16647058823529412 0.028181818181818183
1 0.6267647058823529 0.7263636363636363 0.16176470588235295 0.035454545454545454
1 0.8005882352941176 0.3709090909090909 0.04 0.034545454545454546
1 0.10558823529411765 0.6825 0.08058823529411764 0.035
1 0.10205882352941177 0.40545454545454546 0.07823529411764706 0.03727272727272727
1 0.11382352941176471 0.7684090909090909 0.08176470588235295 0.026818181818181817
1 0.8261764705882353 0.41363636363636364 0.10882352941176471 0.03636363636363636
1 0.37823529411764706 0.7745454545454545 0.15176470588235294 0.03636363636363636
1 0.10823529411764705 0.7327272727272728 0.08 0.035454545454545454
1 0.7432352941176471 0.6852272727272727 0.21823529411764706 0.03772727272727273
1 0.45235294117647057 0.5238636363636363 0.2964705882352941 0.03681818181818182
1 0.10058823529411764 0.5236363636363637 0.0811764705882353 0.03363636363636364
1 0.6791176470588235 0.5254545454545455 0.12294117647058823 0.03363636363636364
1 0.4194117647058824 0.7279545454545454 0.23176470588235293 0.03681818181818182
1 0.6773529411764706 0.45204545454545453 0.08411764705882353 0.03318181818181818
1 0.6755882352941176 0.37068181818181817 0.21 0.03772727272727273
1 0.43441176470588233 0.3675 0.2605882352941176 0.03227272727272727
1 0.45647058823529413 0.6863636363636364 0.3035294117647059 0.038181818181818185
1 0.5276470588235294 0.7738636363636363 0.11647058823529412 0.035
1 0.10676470588235294 0.3654545454545455 0.07235294117647059 0.034545454545454546
1 0.09558823529411764 0.5613636363636364 0.07352941176470588 0.03363636363636364
1 0.6147058823529412 0.4552272727272727 0.024705882352941175 0.035
1 0.5570588235294117 0.035227272727272725 0.10823529411764705 0.02409090909090909
1 0.6402941176470588 0.4152272727272727 0.17 0.03409090909090909
1 0.38529411764705884 0.44977272727272727 0.1588235294117647 0.03772727272727273
1 0.5311764705882352 0.4527272727272727 0.10823529411764705 0.034545454545454546
1 0.8808823529411764 0.3715909090909091 0.1111764705882353 0.03590909090909091
1 0.5179411764705882 0.6113636363636363 0.0711764705882353 0.03272727272727273
1 0.10029411764705883 0.6075 0.08294117647058824 0.035
1 0.7494117647058823 0.415 0.03176470588235294 0.03090909090909091
1 0.2702941176470588 0.0375 0.026470588235294117 0.022272727272727274
1 0.4097058823529412 0.5706818181818182 0.21941176470588236 0.03409090909090909