1 0.41323529411764703 0.6884090909090909 0.21705882352941178 0.03590909090909091
1 0.3811764705882353 0.3725 0.13647058823529412 0.03590909090909091
1 0.7670588235294118 0.8575 0.06470588235294118 0.03681818181818182
1 0.8538235294117648 0.9256818181818182 0.0688235294117647 0.038636363636363635
1 0.4208823529411765 0.9279545454545455 0.061764705882352944 0.03681818181818182
1 0.09470588235294118 0.5284090909090909 0.0611764705882353 0.03590909090909091
1 0.3452941176470588 0.6168181818181818 0.09294117647058824 0.03727272727272727
1 0.6285294117647059 0.6863636363636364 0.14411764705882352 0.035454545454545454
1 0.09823529411764706 0.69 0.06 0.034545454545454546
1 0.08588235294117647 0.45795454545454545 0.06235294117647059 0.03590909090909091
1 0.48294117647058826 0.7761363636363636 0.08588235294117647 0.03318181818181818
1 0.16147058823529412 0.9288636363636363 0.060588235294117644 0.03590909090909091
1 0.3423529411764706 0.9286363636363636 0.06941176470588235 0.03636363636363636
1 0.16411764705882353 0.8602272727272727 0.06352941176470588 0.03681818181818182
1 0.5414705882352941 0.4168181818181818 0.12058823529411765 0.03636363636363636
1 0.6579411764705883 0.7302272727272727 0.07352941176470588 0.031363636363636364
1 0.24705882352941178 0.8606818181818182 0.05058823529411765 0.035
1 0.25058823529411767 0.9288636363636363 0.05764705882352941 0.03681818181818182
1 0.3664705882352941 0.774090909090909 0.12823529411764706 0.02909090909090909
1 0.7594117647058823 0.9272727272727272 0.06 0.03636363636363636
1 0.30823529411764705 0.03931818181818182 0.04352941176470588 0.02409090909090909
1 0.5764705882352941 0.3715909090909091 0.14470588235294118 0.03409090909090909
1 0.42558823529411766 0.860909090909091 0.05588235294117647 0.03909090909090909
1 0.5976470588235294 0.8620454545454546 0.05764705882352941 0.03681818181818182
1 0.4067647058823529 0.5295454545454545 0.19470588235294117 0.035454545454545454
1 0.5726470588235294 0.5309090909090909 0.03 0.03272727272727273
1 0.5061764705882353 0.5740909090909091 0.09352941176470589 0.031818181818181815
1 0.44176470588235295 0.5752272727272727 0.03058823529411765 0.03227272727272727
1 0.5420588235294118 0.7797727272727273 0.03 0.03227272727272727
1 0.08911764705882352 0.3690909090909091 0.06647058823529411 0.034545454545454546
1 0.5352941176470588 0.038863636363636364 0.06705882352941177 0.021363636363636362
1 0.7973529411764706 0.36977272727272725 0.10764705882352942 0.03318181818181818
1 0.51 0.9270454545454545 0.06705882352941177 0.03772727272727273
1 0.6820588235294117 0.8581818181818182 0.06294117647058824 0.03636363636363636
1 0.8294117647058824 0.6827272727272727 0.09529411764705882 0.03272727272727273
1 0.35794117647058826 0.45681818181818185 0.10294117647058823 0.035454545454545454
1 0.09794117647058824 0.7747727272727273 0.061764705882352944 0.03318181818181818
1 0.09794117647058824 0.7277272727272728 0.060588235294117644 0.03363636363636364
1 0.71 0.375 0.03764705882352941 0.03272727272727273
1 0.5367647058823529 0.45840909090909093 0.0488235294117647 0.03227272727272727
1 0.5914705882352941 0.7797727272727273 0.060588235294117644 0.031363636363636364
1 0.5105882352941177 0.8611363636363636 0.05411764705882353 0.03772727272727273
1 0.5297058823529411 0.73 0.12294117647058823 0.03272727272727273
1 0.09411764705882353 0.5722727272727273 0.06470588235294118 0.038181818181818185
1 0.5997058823529412 0.9293181818181818 0.061764705882352944 0.03681818181818182
1 0.3432352941176471 0.8597727272727272 0.06764705882352941 0.03772727272727273
1 0.6744117647058824 0.5245454545454545 0.10176470588235294 0.03272727272727273
1 0.7505882352941177 0.6859090909090909 0.03764705882352941 0.03272727272727273
1 0.08970588235294118 0.4138636363636364 0.06529411764705882 0.03318181818181818
1 0.6720588235294118 0.415 0.08176470588235295 0.03727272727272727
1 0.6141176470588235 0.4177272727272727 0.03411764705882353 0.034545454545454546
1 0.3891176470588235 0.4134090909090909 0.17352941176470588 0.038636363636363635
1 0.44882352941176473 0.4593181818181818 0.07647058823529412 0.02772727272727273
1 0.5035294117647059 0.4634090909090909 0.018823529411764704 0.02409090909090909
1 0.3638235294117647 0.5704545454545454 0.12176470588235294 0.03636363636363636
1 0.4011764705882353 0.6252272727272727 0.029411764705882353 0.029545454545454545
1 0.4461764705882353 0.6168181818181818 0.05941176470588235 0.03272727272727273
1 0.6070588235294118 0.7290909090909091 0.027058823529411764 0.03272727272727273
1 0.3864705882352941 0.73 0.16470588235294117 0.03090909090909091
1 0.851764705882353 0.8645454545454545 0.06352941176470588 0.03636363636363636
1 0.6861764705882353 0.9290909090909091 0.0711764705882353 0.03636363636363636
1 0.09588235294117647 0.615909090909091 0.06352941176470588 0.035454545454545454