1 0.41411764705882353 0.6861363636363637 0.22470588235294117 0.038636363636363635
1 0.42470588235294116 0.4088636363636364 0.23058823529411765 0.03772727272727273
1 0.77 0.8597727272727272 0.07411764705882352 0.03954545454545454
1 0.856764705882353 0.8618181818181818 0.07470588235294118 0.04090909090909091
1 0.5708823529411765 0.6125 0.14058823529411765 0.03409090909090909
1 0.7844117647058824 0.7765909090909091 0.07352941176470588 0.03409090909090909
1 0.3982352941176471 0.6120454545454546 0.1976470588235294 0.038636363636363635
1 0.716764705882353 0.7777272727272727 0.03235294117647059 0.03727272727272727
1 0.39205882352941174 0.44977272727272727 0.1688235294117647 0.03681818181818182
1 0.7329411764705882 0.6934090909090909 0.04823529411764706 0.03590909090909091
1 0.4435294117647059 0.7263636363636363 0.26705882352941174 0.038181818181818185
1 0.7708823529411765 0.5265909090909091 0.08058823529411764 0.03318181818181818
1 0.10764705882352942 0.6809090909090909 0.08941176470588236 0.035454545454545454
1 0.10911764705882353 0.3679545454545455 0.09352941176470589 0.03590909090909091
1 0.10088235294117646 0.4445454545454545 0.08529411764705883 0.03636363636363636
1 0.6694117647058824 0.7290909090909091 0.18705882352941178 0.034545454545454546
1 0.15529411764705883 0.9231818181818182 0.0611764705882353 0.04090909090909091
1 0.8117647058823529 0.5727272727272728 0.08705882352941176 0.034545454545454546
1 0.33676470588235297 0.860909090909091 0.07588235294117647 0.04090909090909091
1 0.16794117647058823 0.8563636363636363 0.08176470588235295 0.04
1 0.4158823529411765 0.5204545454545455 0.2235294117647059 0.038181818181818185
1 0.10911764705882353 0.5209090909090909 0.09117647058823529 0.034545454545454546
1 0.6664705882352941 0.6106818181818182 0.041176470588235294 0.03409090909090909
1 0.24235294117647058 0.855909090909091 0.05764705882352941 0.04
1 0.25029411764705883 0.9247727272727273 0.07470588235294118 0.03954545454545454
1 0.41411764705882353 0.7695454545454545 0.2188235294117647 0.035454545454545454
1 0.7614705882352941 0.925 0.06411764705882353 0.04181818181818182
1 0.6285294117647059 0.40954545454545455 0.1511764705882353 0.03636363636363636
1 0.4258823529411765 0.8595454545454545 0.0811764705882353 0.03909090909090909
1 0.5955882352941176 0.8602272727272727 0.07 0.04045454545454545
1 0.10764705882352942 0.5670454545454545 0.08823529411764706 0.03318181818181818
1 0.605 0.5254545454545455 0.1511764705882353 0.035454545454545454
1 0.4308823529411765 0.5643181818181818 0.2488235294117647 0.03590909090909091
1 0.6073529411764705 0.7731818181818182 0.1511764705882353 0.034545454545454546
1 0.1011764705882353 0.4118181818181818 0.08352941176470588 0.034545454545454546
1 0.6455882352941177 0.5709090909090909 0.16058823529411764 0.03363636363636364
1 0.5697058823529412 0.038863636363636364 0.11 0.022272727272727274
1 0.7479411764705882 0.5681818181818182 0.033529411764705884 0.03363636363636364
1 0.5141176470588236 0.8597727272727272 0.0811764705882353 0.042272727272727274
1 0.8052941176470588 0.6886363636363636 0.09176470588235294 0.034545454545454546
1 0.5805882352941176 0.37113636363636365 0.1376470588235294 0.038636363636363635
1 0.616764705882353 0.6881818181818182 0.1688235294117647 0.038181818181818185
1 0.8579411764705882 0.7315909090909091 0.09 0.03409090909090909
1 0.10470588235294118 0.7643181818181818 0.09294117647058824 0.03681818181818182
1 0.10411764705882352 0.7256818181818182 0.09294117647058824 0.03772727272727273
1 0.538235294117647 0.4527272727272727 0.10705882352941176 0.035454545454545454
1 0.706764705882353 0.5309090909090909 0.045294117647058825 0.034545454545454546
1 0.40294117647058825 0.3679545454545455 0.1976470588235294 0.038636363636363635
1 0.10735294117647058 0.6045454545454545 0.09352941176470589 0.03636363636363636
1 0.6797058823529412 0.8625 0.06529411764705882 0.04045454545454545
1 0.7276470588235294 0.6125 0.08352941176470588 0.03318181818181818
1 0.3176470588235294 0.031818181818181815 0.05058823529411765 0.03363636363636364
1 0.41970588235294115 0.925 0.05352941176470588 0.04454545454545455
1 0.79 0.7311363636363636 0.036470588235294116 0.04045454545454545