1 0.42205882352941176 0.74 0.24529411764705883 0.02909090909090909
1 0.5591176470588235 0.6270454545454546 0.1288235294117647 0.03227272727272727
1 0.765 0.8595454545454545 0.06647058823529411 0.03636363636363636
1 0.8458823529411764 0.9272727272727272 0.06352941176470588 0.038181818181818185
1 0.6111764705882353 0.5804545454545454 0.1635294117647059 0.028181818181818183
1 0.4108823529411765 0.9268181818181818 0.05352941176470588 0.03727272727272727
1 0.5752941176470588 0.5238636363636363 0.11529411764705882 0.035
1 0.8479411764705882 0.8643181818181818 0.061764705882352944 0.03681818181818182
1 0.39235294117647057 0.6243181818181818 0.19411764705882353 0.035
1 0.6814705882352942 0.7370454545454546 0.24058823529411766 0.04045454545454545
1 0.39441176470588235 0.36818181818181817 0.1923529411764706 0.03636363636363636
1 0.7558823529411764 0.5236363636363637 0.08352941176470588 0.035454545454545454
1 0.3876470588235294 0.4656818181818182 0.18588235294117647 0.02772727272727273
1 0.08764705882352941 0.6818181818181818 0.08705882352941176 0.03727272727272727
1 0.39323529411764707 0.6895454545454546 0.1923529411764706 0.035454545454545454
1 0.7108823529411765 0.5822727272727273 0.03470588235294118 0.03363636363636364
1 0.11029411764705882 0.36613636363636365 0.09235294117647058 0.03590909090909091
1 0.11529411764705882 0.45181818181818184 0.09529411764705882 0.03909090909090909
1 0.155 0.9247727272727273 0.057058823529411766 0.03954545454545454
1 0.7929411764705883 0.5754545454545454 0.11647058823529412 0.034545454545454546
1 0.32794117647058824 0.9256818181818182 0.05941176470588235 0.038636363636363635
1 0.15794117647058822 0.8568181818181818 0.061764705882352944 0.03727272727272727
1 0.105 0.5281818181818182 0.10058823529411764 0.035454545454545454
1 0.23941176470588235 0.8572727272727273 0.05058823529411765 0.03727272727272727
1 0.6817647058823529 0.5263636363636364 0.03764705882352941 0.034545454545454546
1 0.24588235294117647 0.9245454545454546 0.06588235294117648 0.03636363636363636
1 0.3835294117647059 0.7793181818181818 0.18705882352941178 0.03590909090909091
1 0.7620588235294118 0.9261363636363636 0.061764705882352944 0.03772727272727273
1 0.566764705882353 0.7770454545454546 0.17941176470588235 0.03590909090909091
1 0.7229411764705882 0.36954545454545457 0.041176470588235294 0.03636363636363636
1 0.6423529411764706 0.4234090909090909 0.18588235294117647 0.030454545454545453
1 0.41323529411764703 0.860909090909091 0.057058823529411766 0.03727272727272727
1 0.38794117647058823 0.5293181818181818 0.17823529411764705 0.03681818181818182
1 0.4067647058823529 0.5786363636363636 0.22294117647058823 0.03636363636363636
1 0.5905882352941176 0.8581818181818182 0.05647058823529412 0.038181818181818185
1 0.11470588235294117 0.4075 0.09176470588235294 0.03772727272727273
1 0.10058823529411764 0.5706818181818182 0.09058823529411765 0.03590909090909091
1 0.5864705882352941 0.0375 0.08470588235294117 0.022272727272727274
1 0.7329411764705882 0.46454545454545454 0.11176470588235295 0.031818181818181815
1 0.5005882352941177 0.9268181818181818 0.0611764705882353 0.038181818181818185
1 0.6758823529411765 0.8556818181818182 0.05647058823529412 0.03954545454545454
1 0.5988235294117648 0.3618181818181818 0.14705882352941177 0.03272727272727273
1 0.09117647058823529 0.7681818181818182 0.08470588235294117 0.03636363636363636
1 0.7482352941176471 0.41909090909090907 0.04 0.03090909090909091
1 0.5670588235294117 0.46090909090909093 0.13647058823529412 0.031818181818181815
1 0.6423529411764706 0.6947727272727273 0.17882352941176471 0.04318181818181818
1 0.5017647058823529 0.8588636363636364 0.05764705882352941 0.03954545454545454
1 0.6652941176470588 0.47704545454545455 0.03058823529411765 0.03227272727272727
1 0.8420588235294117 0.4177272727272727 0.14529411764705882 0.03727272727272727
1 0.10235294117647059 0.610909090909091 0.10235294117647059 0.03727272727272727
1 0.6717647058823529 0.9254545454545454 0.0611764705882353 0.03909090909090909
1 0.3255882352941176 0.8575 0.051176470588235295 0.03772727272727273
1 0.42264705882352943 0.42295454545454547 0.2511764705882353 0.03318181818181818
1 0.0961764705882353 0.7261363636363637 0.08647058823529412 0.03590909090909091
1 0.3035294117647059 0.03727272727272727 0.05529411764705883 0.026363636363636363
1 0.6320588235294118 0.6309090909090909 0.026470588235294117 0.028181818181818183
1 0.6858823529411765 0.6220454545454546 0.07411764705882352 0.03590909090909091
1 0.5941176470588235 0.9309090909090909 0.0811764705882353 0.03909090909090909
1 0.8255882352941176 0.36068181818181816 0.12294117647058823 0.031363636363636364