1 0.4514705882352941 0.6895454545454546 0.29823529411764704 0.035454545454545454
1 0.7641176470588236 0.8679545454545454 0.06352941176470588 0.042272727272727274
1 0.8491176470588235 0.9297727272727273 0.061764705882352944 0.04045454545454545
1 0.5894117647058823 0.6129545454545454 0.14470588235294118 0.03590909090909091
1 0.4147058823529412 0.9302272727272727 0.05647058823529412 0.03590909090909091
1 0.40147058823529413 0.6125 0.19470588235294117 0.035
1 0.3952941176470588 0.45431818181818184 0.18 0.03772727272727273
1 0.6988235294117647 0.6893181818181818 0.16823529411764707 0.03318181818181818
1 0.8241176470588235 0.5331818181818182 0.10352941176470588 0.034545454545454546
1 0.43470588235294116 0.4115909090909091 0.26705882352941174 0.035
1 0.10588235294117647 0.6809090909090909 0.08352941176470588 0.03636363636363636
1 0.10676470588235294 0.44886363636363635 0.09352941176470589 0.03772727272727273
1 0.15764705882352942 0.9293181818181818 0.06235294117647059 0.03681818181818182
1 0.33088235294117646 0.93 0.061764705882352944 0.03636363636363636
1 0.1588235294117647 0.860909090909091 0.06588235294117648 0.038181818181818185
1 0.10558823529411765 0.5234090909090909 0.09352941176470589 0.03590909090909091
1 0.6817647058823529 0.7306818181818182 0.1988235294117647 0.02772727272727273
1 0.24764705882352941 0.860909090909091 0.07294117647058823 0.04
1 0.6964705882352941 0.6256818181818182 0.02823529411764706 0.03318181818181818
1 0.2426470588235294 0.9302272727272727 0.060588235294117644 0.03681818181818182
1 0.41441176470588237 0.7722727272727272 0.22294117647058823 0.034545454545454546
1 0.7602941176470588 0.9313636363636364 0.05 0.03909090909090909
1 0.105 0.3663636363636364 0.08647058823529412 0.03636363636363636
1 0.6105882352941177 0.7711363636363636 0.14941176470588236 0.03318181818181818
1 0.6667647058823529 0.4127272727272727 0.17470588235294118 0.03727272727272727
1 0.6120588235294118 0.36954545454545457 0.14529411764705882 0.03636363636363636
1 0.41823529411764704 0.8618181818181818 0.05764705882352941 0.03909090909090909
1 0.5929411764705882 0.9295454545454546 0.058823529411764705 0.03636363636363636
1 0.10970588235294118 0.5672727272727273 0.09941176470588235 0.03727272727272727
1 0.4364705882352941 0.5288636363636363 0.2529411764705882 0.035
1 0.4326470588235294 0.571590909090909 0.25470588235294117 0.030454545454545453
1 0.5891176470588235 0.8606818181818182 0.07235294117647059 0.041363636363636366
1 0.1038235294117647 0.4068181818181818 0.09117647058823529 0.03727272727272727
1 0.6626470588235294 0.5734090909090909 0.19117647058823528 0.029545454545454545
1 0.5629411764705883 0.04045454545454545 0.10588235294117647 0.022727272727272728
1 0.6526470588235294 0.5286363636363637 0.15705882352941178 0.034545454545454546
1 0.7826470588235294 0.5731818181818182 0.028823529411764706 0.031818181818181815
1 0.7879411764705883 0.7727272727272727 0.08764705882352941 0.03272727272727273
1 0.5088235294117647 0.93 0.06 0.038181818181818185
1 0.8852941176470588 0.6872727272727273 0.1 0.035454545454545454
1 0.6752941176470588 0.8620454545454546 0.05764705882352941 0.04045454545454545
1 0.8682352941176471 0.7345454545454545 0.09647058823529411 0.03090909090909091
1 0.11411764705882353 0.7665909090909091 0.09058823529411765 0.03590909090909091
1 0.10617647058823529 0.7243181818181819 0.08647058823529412 0.03681818181818182
1 0.758235294117647 0.5363636363636364 0.024705882352941175 0.03
1 0.5567647058823529 0.4556818181818182 0.11352941176470588 0.03590909090909091
1 0.5047058823529412 0.8622727272727273 0.05764705882352941 0.03909090909090909
1 0.8508823529411764 0.5756818181818182 0.10411764705882352 0.035
1 0.4164705882352941 0.36818181818181817 0.23176470588235293 0.03909090909090909
1 0.43470588235294116 0.7288636363636364 0.25882352941176473 0.028636363636363637
1 0.11411764705882353 0.6068181818181818 0.10352941176470588 0.03727272727272727
1 0.6761764705882353 0.9293181818181818 0.06529411764705882 0.03772727272727273
1 0.33205882352941174 0.8622727272727273 0.06647058823529411 0.038181818181818185
1 0.7670588235294118 0.6175 0.08588235294117647 0.02772727272727273
1 0.305 0.038636363636363635 0.057058823529411766 0.022727272727272728
1 0.8126470588235294 0.6988636363636364 0.022941176470588236 0.029545454545454545
1 0.8035294117647059 0.7372727272727273 0.018823529411764704 0.031818181818181815
1 0.7232352941176471 0.7845454545454545 0.028823529411764706 0.02727272727272727
1 0.8488235294117648 0.8661363636363636 0.0611764705882353 0.03681818181818182