1 0.41852941176470587 0.6875 0.23 0.041363636363636366
1 0.7691176470588236 0.8625 0.08176470588235295 0.042272727272727274
1 0.5773529411764706 0.610909090909091 0.1323529411764706 0.035454545454545454
1 0.41852941176470587 0.9279545454545455 0.057058823529411766 0.038636363636363635
1 0.10058823529411764 0.4081818181818182 0.08235294117647059 0.03636363636363636
1 0.8508823529411764 0.8679545454545454 0.08176470588235295 0.05409090909090909
1 0.40176470588235297 0.6131818181818182 0.17647058823529413 0.03636363636363636
1 0.6505882352941177 0.7297727272727272 0.15764705882352942 0.035
1 0.6544117647058824 0.6888636363636363 0.18764705882352942 0.038636363636363635
1 0.44 0.7263636363636363 0.26235294117647057 0.04
1 0.31588235294117645 0.034545454545454546 0.036470588235294116 0.02727272727272727
1 0.7626470588235295 0.37386363636363634 0.14411764705882352 0.03590909090909091
1 0.3876470588235294 0.40863636363636363 0.1564705882352941 0.03636363636363636
1 0.0976470588235294 0.6793181818181818 0.08470588235294117 0.03590909090909091
1 0.09794117647058824 0.3643181818181818 0.07823529411764706 0.035
1 0.1011764705882353 0.4511363636363636 0.08823529411764706 0.03954545454545454
1 0.3323529411764706 0.9275 0.06941176470588235 0.03954545454545454
1 0.4123529411764706 0.5261363636363636 0.27294117647058824 0.05045454545454545
1 0.10088235294117646 0.5229545454545454 0.09117647058823529 0.035
1 0.24588235294117647 0.8563636363636363 0.06352941176470588 0.04181818181818182
1 0.6497058823529411 0.5288636363636363 0.1864705882352941 0.04409090909090909
1 0.24588235294117647 0.9256818181818182 0.07882352941176471 0.045
1 0.3776470588235294 0.7629545454545454 0.14823529411764705 0.03772727272727273
1 0.7638235294117647 0.9277272727272727 0.08294117647058824 0.053636363636363635
1 0.6658823529411765 0.3784090909090909 0.03529411764705882 0.03318181818181818
1 0.553235294117647 0.37 0.17588235294117646 0.03727272727272727
1 0.41058823529411764 0.8595454545454545 0.05764705882352941 0.04090909090909091
1 0.5932352941176471 0.9254545454545454 0.08294117647058824 0.04181818181818182
1 0.09588235294117647 0.5652272727272727 0.08823529411764706 0.03681818181818182
1 0.42323529411764704 0.5665909090909091 0.23352941176470587 0.03681818181818182
1 0.565 0.4115909090909091 0.17588235294117646 0.038636363636363635
1 0.46647058823529414 0.45636363636363636 0.12117647058823529 0.035454545454545454
1 0.5976470588235294 0.8661363636363636 0.07764705882352942 0.05863636363636364
1 0.6079411764705882 0.45795454545454545 0.08764705882352941 0.030454545454545453
1 0.5673529411764706 0.03704545454545455 0.1264705882352941 0.02409090909090909
1 0.7658823529411765 0.41204545454545455 0.13647058823529412 0.03772727272727273
1 0.7855882352941177 0.7311363636363636 0.08529411764705883 0.026818181818181817
1 0.5020588235294118 0.9286363636363636 0.051176470588235295 0.04
1 0.6835294117647058 0.865 0.08941176470588236 0.04909090909090909
1 0.8347058823529412 0.6915909090909091 0.09647058823529411 0.03409090909090909
1 0.35058823529411764 0.45295454545454544 0.1 0.03590909090909091
1 0.10411764705882352 0.7665909090909091 0.09411764705882353 0.03590909090909091
1 0.09852941176470588 0.7234090909090909 0.09588235294117647 0.03681818181818182
1 0.545 0.4627272727272727 0.03235294117647059 0.03363636363636364
1 0.5014705882352941 0.8611363636363636 0.07235294117647059 0.045
1 0.6752941176470588 0.4113636363636364 0.03294117647058824 0.038181818181818185
1 0.3785294117647059 0.36886363636363634 0.14411764705882352 0.038636363636363635
1 0.09176470588235294 0.6086363636363636 0.08235294117647059 0.03636363636363636
1 0.6791176470588235 0.9365909090909091 0.09117647058823529 0.06681818181818182
1 0.33088235294117646 0.8586363636363636 0.06294117647058824 0.04181818181818182
1 0.6488235294117647 0.5695454545454546 0.18941176470588236 0.038181818181818185
1 0.7670588235294118 0.7009090909090909 0.03764705882352941 0.04090909090909091
1 0.7329411764705882 0.7279545454545454 0.03294117647058824 0.03227272727272727
1 0.5329411764705883 0.7631818181818182 0.1376470588235294 0.02727272727272727
1 0.6191176470588236 0.7672727272727272 0.03705882352941176 0.034545454545454546
1 0.6708823529411765 0.7636363636363637 0.0688235294117647 0.02727272727272727
1 0.8476470588235294 0.9359090909090909 0.07882352941176471 0.06818181818181818