1 0.4047058823529412 0.38 0.18705882352941178 0.03272727272727273
1 0.7620588235294118 0.8663636363636363 0.06529411764705882 0.038181818181818185
1 0.8470588235294118 0.9327272727272727 0.07411764705882352 0.04181818181818182
1 0.4117647058823529 0.9302272727272727 0.06470588235294118 0.03772727272727273
1 0.8423529411764706 0.8688636363636364 0.05411764705882353 0.04045454545454545
1 0.41205882352941176 0.6195454545454545 0.22058823529411764 0.03363636363636364
1 0.30117647058823527 0.038636363636363635 0.05411764705882353 0.03363636363636364
1 0.09911764705882353 0.7334090909090909 0.06529411764705882 0.03681818181818182
1 0.10705882352941176 0.4540909090909091 0.09529411764705882 0.03636363636363636
1 0.7444117647058823 0.5393181818181818 0.08176470588235295 0.035
1 0.15529411764705883 0.9329545454545455 0.047058823529411764 0.038636363636363635
1 0.8288235294117647 0.5772727272727273 0.12470588235294118 0.03727272727272727
1 0.32323529411764707 0.9286363636363636 0.05941176470588235 0.038181818181818185
1 0.15676470588235294 0.8613636363636363 0.054705882352941174 0.03727272727272727
1 0.42911764705882355 0.5309090909090909 0.23941176470588235 0.038181818181818185
1 0.10794117647058823 0.5284090909090909 0.10294117647058823 0.03681818181818182
1 0.5870588235294117 0.6186363636363637 0.13294117647058823 0.04090909090909091
1 0.24352941176470588 0.8640909090909091 0.05647058823529412 0.03636363636363636
1 0.2361764705882353 0.9293181818181818 0.05 0.03681818181818182
1 0.3729411764705882 0.7734090909090909 0.1388235294117647 0.03590909090909091
1 0.7564705882352941 0.9311363636363637 0.058823529411764705 0.04045454545454545
1 0.6285294117647059 0.41818181818181815 0.15588235294117647 0.04454545454545455
1 0.41852941176470587 0.4147727272727273 0.2323529411764706 0.04409090909090909
1 0.41294117647058826 0.8652272727272727 0.058823529411764705 0.03772727272727273
1 0.5785294117647058 0.9318181818181818 0.051176470588235295 0.03727272727272727
1 0.44088235294117645 0.5722727272727273 0.27588235294117647 0.03636363636363636
1 0.5905882352941176 0.8634090909090909 0.06352941176470588 0.041363636363636366
1 0.1126470588235294 0.3784090909090909 0.09588235294117647 0.03681818181818182
1 0.5514705882352942 0.4590909090909091 0.12294117647058823 0.035454545454545454
1 0.8076470588235294 0.41818181818181815 0.12470588235294118 0.038181818181818185
1 0.4908823529411765 0.9320454545454545 0.04764705882352941 0.03954545454545454
1 0.6773529411764706 0.8636363636363636 0.06764705882352941 0.03909090909090909
1 0.38941176470588235 0.4561363636363636 0.18588235294117647 0.03954545454545454
1 0.10147058823529412 0.7713636363636364 0.05941176470588235 0.034545454545454546
1 0.10941176470588235 0.6127272727272727 0.0988235294117647 0.034545454545454546
1 0.7258823529411764 0.4175 0.03529411764705882 0.03681818181818182
1 0.4976470588235294 0.8656818181818182 0.06352941176470588 0.038636363636363635
1 0.3941176470588235 0.6952272727272727 0.16705882352941176 0.03681818181818182
1 0.6691176470588235 0.9320454545454545 0.06411764705882353 0.042272727272727274
1 0.3305882352941176 0.8631818181818182 0.06235294117647059 0.03636363636363636
1 0.6664705882352941 0.5763636363636364 0.14823529411764705 0.04181818181818182
1 0.5702941176470588 0.04 0.13941176470588235 0.03363636363636364
1 0.5602941176470588 0.38431818181818184 0.10647058823529412 0.02409090909090909
1 0.6220588235294118 0.38727272727272727 0.014705882352941176 0.02727272727272727
1 0.6614705882352941 0.38545454545454544 0.06411764705882353 0.028181818181818183
1 0.675 0.46 0.07823529411764706 0.025454545454545455
1 0.6241176470588236 0.46090909090909093 0.024705882352941175 0.02727272727272727
1 0.10588235294117647 0.5720454545454545 0.09294117647058824 0.03954545454545454
1 0.10970588235294118 0.4177272727272727 0.09941176470588235 0.038181818181818185
1 0.10205882352941177 0.685 0.0711764705882353 0.04
1 0.49676470588235294 0.6972727272727273 0.03235294117647059 0.03090909090909091
1 0.5476470588235294 0.6995454545454546 0.07176470588235294 0.02909090909090909
1 0.40558823529411764 0.7338636363636364 0.20411764705882354 0.029545454545454545
1 0.5188235294117647 0.7356818181818182 0.029411764705882353 0.03227272727272727
1 0.5617647058823529 0.7379545454545454 0.06235294117647059 0.028636363636363637
1 0.4547058823529412 0.7772727272727272 0.02823529411764706 0.02909090909090909
1 0.49264705882352944 0.7784090909090909 0.05352941176470588 0.029545454545454545
1 0.7547058823529412 0.5829545454545455 0.03882352941176471 0.035
1 0.6211764705882353 0.5356818181818181 0.13411764705882354 0.03409090909090909
1 0.6955882352941176 0.5393181818181818 0.019411764705882354 0.02772727272727273
1 0.6638235294117647 0.6270454545454546 0.018235294117647058 0.026818181818181817
1 0.7102941176470589 0.625 0.07705882352941176 0.035454545454545454