1 0.7514705882352941 0.8622727272727273 0.045294117647058825 0.03727272727272727
1 0.8420588235294117 0.9272727272727272 0.060588235294117644 0.038181818181818185
1 0.4023529411764706 0.9254545454545454 0.052941176470588235 0.03909090909090909
1 0.09029411764705883 0.524090909090909 0.10529411764705883 0.03727272727272727
1 0.4235294117647059 0.5768181818181818 0.2635294117647059 0.02909090909090909
1 0.8379411764705882 0.865 0.051176470588235295 0.03909090909090909
1 0.41441176470588237 0.6220454545454546 0.24294117647058824 0.03409090909090909
1 0.5117647058823529 0.3756818181818182 0.0976470588235294 0.035
1 0.7279411764705882 0.6256818181818182 0.028823529411764706 0.029545454545454545
1 0.4102941176470588 0.7336363636363636 0.23941176470588235 0.03363636363636364
1 0.38088235294117645 0.3729545454545454 0.17 0.02590909090909091
1 0.7511764705882353 0.5361363636363636 0.05176470588235294 0.03227272727272727
1 0.10058823529411764 0.6852272727272727 0.09647058823529411 0.03681818181818182
1 0.7008823529411765 0.5368181818181819 0.03 0.03272727272727273
1 0.10735294117647058 0.4531818181818182 0.12058823529411765 0.03636363636363636
1 0.5920588235294117 0.7372727272727273 0.11588235294117646 0.034545454545454546
1 0.14941176470588236 0.925 0.05176470588235294 0.04
1 0.15294117647058825 0.8575 0.04941176470588235 0.038636363636363635
1 0.6258823529411764 0.6209090909090909 0.16823529411764707 0.03272727272727273
1 0.2373529411764706 0.8595454545454545 0.05 0.03727272727272727
1 0.2323529411764706 0.9270454545454545 0.04823529411764706 0.03772727272727273
1 0.3976470588235294 0.7779545454545455 0.21176470588235294 0.035
1 0.7517647058823529 0.9279545454545455 0.058823529411764705 0.038636363636363635
1 0.10264705882352941 0.3638636363636364 0.10764705882352942 0.03954545454545454
1 0.5520588235294117 0.78 0.10176470588235294 0.031818181818181815
1 0.7023529411764706 0.4661363636363636 0.08823529411764706 0.031363636363636364
1 0.6311764705882353 0.3784090909090909 0.07647058823529412 0.031363636363636364
1 0.5697058823529412 0.42 0.15 0.03
1 0.40441176470588236 0.8606818181818182 0.045294117647058825 0.03954545454545454
1 0.5785294117647058 0.8634090909090909 0.05235294117647059 0.03772727272727273
1 0.4126470588235294 0.5340909090909091 0.23705882352941177 0.03363636363636364
1 0.10676470588235294 0.40704545454545454 0.10647058823529412 0.03590909090909091
1 0.09705882352941177 0.5684090909090909 0.1 0.03590909090909091
1 0.65 0.5809090909090909 0.18352941176470589 0.03363636363636364
1 0.5538235294117647 0.03840909090909091 0.09705882352941177 0.021363636363636362
1 0.6614705882352941 0.4225 0.03235294117647059 0.03772727272727273
1 0.7382352941176471 0.4225 0.12705882352941175 0.03409090909090909
1 0.7820588235294118 0.6220454545454546 0.07588235294117647 0.030454545454545453
1 0.4852941176470588 0.9293181818181818 0.047058823529411764 0.03681818181818182
1 0.6688235294117647 0.8625 0.06235294117647059 0.04045454545454545
1 0.5776470588235294 0.3795454545454545 0.029411764705882353 0.031818181818181815
1 0.39235294117647057 0.45840909090909093 0.1952941176470588 0.025
1 0.1 0.7715909090909091 0.09529411764705882 0.03954545454545454
1 0.09147058823529412 0.7281818181818182 0.10411764705882352 0.038181818181818185
1 0.5655882352941176 0.4631818181818182 0.13117647058823528 0.028181818181818183
1 0.495 0.8593181818181819 0.05941176470588235 0.03954545454545454
1 0.8164705882352942 0.5806818181818182 0.08470588235294117 0.03318181818181818
1 0.6076470588235294 0.5365909090909091 0.14823529411764705 0.03227272727272727
1 0.49411764705882355 0.6929545454545455 0.0811764705882353 0.03227272727272727
1 0.09235294117647058 0.6138636363636364 0.09411764705882353 0.04045454545454545
1 0.6614705882352941 0.9293181818181818 0.054705882352941174 0.038636363636363635
1 0.3185294117647059 0.8597727272727272 0.04764705882352941 0.03681818181818182
1 0.2964705882352941 0.03227272727272727 0.05058823529411765 0.03272727272727273
1 0.39558823529411763 0.4147727272727273 0.20294117647058824 0.028636363636363637
1 0.6423529411764706 0.4652272727272727 0.02588235294117647 0.028636363636363637
1 0.7579411764705882 0.5811363636363637 0.026470588235294117 0.029545454545454545
1 0.37058823529411766 0.6877272727272727 0.1588235294117647 0.03636363636363636
1 0.31470588235294117 0.9288636363636363 0.052941176470588235 0.03954545454545454
1 0.5797058823529412 0.9290909090909091 0.06529411764705882 0.03636363636363636