1 0.7611764705882353 0.8604545454545455 0.06235294117647059 0.04090909090909091
1 0.8426470588235294 0.9268181818181818 0.05 0.03909090909090909
1 0.6135294117647059 0.6186363636363637 0.12823529411764706 0.03363636363636364
1 0.8555882352941176 0.8613636363636363 0.07823529411764706 0.042727272727272725
1 0.41323529411764703 0.6118181818181818 0.23705882352941177 0.03363636363636364
1 0.7305882352941176 0.7727272727272727 0.10588235294117647 0.03272727272727273
1 0.3961764705882353 0.45431818181818184 0.1923529411764706 0.03590909090909091
1 0.43529411764705883 0.7284090909090909 0.2776470588235294 0.04045454545454545
1 0.10705882352941176 0.4077272727272727 0.08823529411764706 0.03363636363636364
1 0.09911764705882353 0.68 0.0711764705882353 0.035454545454545454
1 0.09117647058823529 0.45295454545454544 0.08588235294117647 0.03772727272727273
1 0.5032352941176471 0.8581818181818182 0.06529411764705882 0.04090909090909091
1 0.1461764705882353 0.9254545454545454 0.05235294117647059 0.04
1 0.8055882352941176 0.5722727272727273 0.03705882352941176 0.038181818181818185
1 0.40852941176470586 0.9238636363636363 0.05941176470588235 0.03772727272727273
1 0.15735294117647058 0.8568181818181818 0.06647058823529411 0.04
1 0.09264705882352942 0.5222727272727272 0.07352941176470588 0.035454545454545454
1 0.673235294117647 0.7268181818181818 0.1723529411764706 0.038181818181818185
1 0.23911764705882352 0.8581818181818182 0.061764705882352944 0.03909090909090909
1 0.7052941176470588 0.6143181818181818 0.02823529411764706 0.03318181818181818
1 0.23529411764705882 0.9247727272727273 0.05529411764705883 0.03681818181818182
1 0.39294117647058824 0.7734090909090909 0.19176470588235295 0.03318181818181818
1 0.7535294117647059 0.9261363636363636 0.05529411764705883 0.03954545454545454
1 0.11147058823529411 0.3659090909090909 0.09117647058823529 0.035454545454545454
1 0.558235294117647 0.7727272727272727 0.12588235294117647 0.03272727272727273
1 0.6329411764705882 0.4556818181818182 0.02823529411764706 0.03227272727272727
1 0.41205882352941176 0.8584090909090909 0.06411764705882353 0.04045454545454545
1 0.4538235294117647 0.57 0.32176470588235295 0.03727272727272727
1 0.5923529411764706 0.8586363636363636 0.06470588235294118 0.04181818181818182
1 0.5476470588235294 0.04045454545454545 0.08705882352941176 0.02727272727272727
1 0.673235294117647 0.4109090909090909 0.1688235294117647 0.04090909090909091
1 0.8626470588235294 0.41613636363636364 0.12529411764705883 0.04318181818181818
1 0.7661764705882353 0.6147727272727272 0.09352941176470589 0.03227272727272727
1 0.4988235294117647 0.9270454545454545 0.05764705882352941 0.03681818181818182
1 0.6711764705882353 0.860909090909091 0.05647058823529412 0.04
1 0.43676470588235294 0.4113636363636364 0.2688235294117647 0.03909090909090909
1 0.8697058823529412 0.7293181818181819 0.11352941176470588 0.03772727272727273
1 0.09235294117647058 0.7677272727272727 0.07647058823529412 0.03636363636363636
1 0.09147058823529412 0.7234090909090909 0.07941176470588235 0.03772727272727273
1 0.7785294117647059 0.4125 0.03705882352941176 0.04318181818181818
1 0.5602941176470588 0.455 0.11 0.035454545454545454
1 0.6473529411764706 0.7734090909090909 0.031176470588235295 0.03318181818181818
1 0.08294117647058824 0.5679545454545455 0.06823529411764706 0.03681818181818182
1 0.6685294117647059 0.9261363636363636 0.061764705882352944 0.038636363636363635
1 0.33 0.8581818181818182 0.0611764705882353 0.04
1 0.6994117647058824 0.5675 0.1564705882352941 0.038636363636363635
1 0.7817647058823529 0.7290909090909091 0.03411764705882353 0.034545454545454546
1 0.28205882352941175 0.034772727272727275 0.03823529411764706 0.022272727272727274
1 0.6947058823529412 0.46045454545454545 0.09529411764705882 0.034545454545454546
1 0.0738235294117647 0.6138636363636364 0.0688235294117647 0.035
1 0.8779411764705882 0.5747727272727273 0.10764705882352942 0.03954545454545454
1 0.5788235294117647 0.928409090909091 0.05176470588235294 0.029545454545454545
1 0.3247058823529412 0.9259090909090909 0.06235294117647059 0.03272727272727273