1 0.40941176470588236 0.685 0.17058823529411765 0.04454545454545455
1 0.5838235294117647 0.6847727272727273 0.11235294117647059 0.03772727272727273
1 0.7617647058823529 0.8627272727272727 0.0611764705882353 0.04
1 0.846764705882353 0.9293181818181818 0.06294117647058824 0.04045454545454545
1 0.415 0.9261363636363636 0.054705882352941174 0.041363636363636366
1 0.8505882352941176 0.8586363636363636 0.07176470588235294 0.04181818181818182
1 0.3558823529411765 0.6120454545454546 0.1011764705882353 0.03409090909090909
1 0.4411764705882353 0.4097727272727273 0.24941176470588236 0.04045454545454545
1 0.6338235294117647 0.7736363636363637 0.0711764705882353 0.03727272727272727
1 0.42764705882352944 0.7245454545454545 0.2447058823529412 0.042727272727272725
1 0.115 0.678409090909091 0.09470588235294118 0.03772727272727273
1 0.11470588235294117 0.45045454545454544 0.10705882352941176 0.045454545454545456
1 0.115 0.3640909090909091 0.09470588235294118 0.03636363636363636
1 0.15411764705882353 0.9229545454545455 0.05529411764705883 0.042272727272727274
1 0.7797058823529411 0.7275 0.03705882352941176 0.035
1 0.3285294117647059 0.9236363636363636 0.06411764705882353 0.04181818181818182
1 0.15676470588235294 0.8595454545454545 0.061764705882352944 0.04363636363636364
1 0.5285294117647059 0.45181818181818184 0.10058823529411764 0.035454545454545454
1 0.38294117647058823 0.5234090909090909 0.11411764705882353 0.038636363636363635
1 0.11852941176470588 0.5265909090909091 0.057058823529411766 0.035
1 0.6605882352941177 0.7254545454545455 0.18941176470588236 0.04181818181818182
1 0.23941176470588235 0.8570454545454546 0.05411764705882353 0.04045454545454545
1 0.24558823529411763 0.9220454545454545 0.06529411764705882 0.04045454545454545
1 0.37029411764705883 0.7704545454545455 0.13941176470588235 0.03636363636363636
1 0.7608823529411765 0.9297727272727273 0.0688235294117647 0.04045454545454545
1 0.29676470588235293 0.03295454545454545 0.04176470588235294 0.02590909090909091
1 0.5123529411764706 0.7702272727272728 0.10235294117647059 0.03409090909090909
1 0.6770588235294117 0.4131818181818182 0.19647058823529412 0.04363636363636364
1 0.42205882352941176 0.8577272727272728 0.05941176470588235 0.04
1 0.5888235294117647 0.9243181818181818 0.06235294117647059 0.04045454545454545
1 0.12323529411764705 0.6063636363636363 0.05823529411764706 0.03727272727272727
1 0.3952941176470588 0.5690909090909091 0.16470588235294117 0.038181818181818185
1 0.5941176470588235 0.8572727272727273 0.06588235294117648 0.03909090909090909
1 0.10970588235294118 0.4043181818181818 0.10411764705882352 0.03681818181818182
1 0.1188235294117647 0.5672727272727273 0.0611764705882353 0.03909090909090909
1 0.5776470588235294 0.03954545454545454 0.11176470588235295 0.022727272727272728
1 0.5008823529411764 0.9263636363636364 0.05823529411764706 0.04
1 0.6752941176470588 0.8570454545454546 0.058823529411764705 0.038636363636363635
1 0.5258823529411765 0.37113636363636365 0.10588235294117647 0.03590909090909091
1 0.8591176470588235 0.7261363636363637 0.11470588235294117 0.03590909090909091
1 0.38323529411764706 0.45386363636363636 0.15470588235294117 0.04318181818181818
1 0.12 0.7634090909090909 0.10705882352941176 0.038636363636363635
1 0.1223529411764706 0.7231818181818181 0.1011764705882353 0.038181818181818185
1 0.5064705882352941 0.8570454545454546 0.058823529411764705 0.03954545454545454
1 0.3788235294117647 0.36568181818181816 0.1376470588235294 0.03954545454545454
1 0.6685294117647059 0.9236363636363636 0.05941176470588235 0.04181818181818182
1 0.33147058823529413 0.8575 0.06294117647058824 0.041363636363636366
1 0.7502941176470588 0.6920454545454545 0.10529411764705883 0.03409090909090909
1 0.6735294117647059 0.6922727272727273 0.03411764705882353 0.034545454545454546
1 0.5779411764705882 0.7865909090909091 0.03 0.03318181818181818