1 0.37558823529411767 0.6840909090909091 0.1535294117647059 0.038181818181818185
1 0.5844117647058824 0.69 0.031176470588235295 0.03727272727272727
1 0.7479411764705882 0.8640909090909091 0.051176470588235295 0.042727272727272725
1 0.8308823529411765 0.9331818181818182 0.05235294117647059 0.04090909090909091
1 0.5464705882352942 0.5740909090909091 0.13058823529411764 0.034545454545454546
1 0.4011764705882353 0.9293181818181818 0.052941176470588235 0.03954545454545454
1 0.0838235294117647 0.524090909090909 0.0711764705882353 0.03363636363636364
1 0.495 0.5302272727272728 0.09705882352941177 0.03772727272727273
1 0.3473529411764706 0.6172727272727273 0.10882352941176471 0.03272727272727273
1 0.6508823529411765 0.6881818181818182 0.08764705882352941 0.03636363636363636
1 0.39941176470588236 0.7268181818181818 0.21058823529411766 0.03727272727272727
1 0.7005882352941176 0.41818181818181815 0.029411764705882353 0.03727272727272727
1 0.08058823529411764 0.6813636363636364 0.06941176470588235 0.035454545454545454
1 0.10029411764705883 0.365 0.07941176470588235 0.03727272727272727
1 0.10088235294117646 0.4525 0.08058823529411764 0.03681818181818182
1 0.47411764705882353 0.7765909090909091 0.10470588235294118 0.02590909090909091
1 0.5697058823529412 0.7284090909090909 0.1288235294117647 0.03409090909090909
1 0.14647058823529413 0.9265909090909091 0.05529411764705883 0.04318181818181818
1 0.3235294117647059 0.9286363636363636 0.04941176470588235 0.04181818181818182
1 0.14588235294117646 0.8577272727272728 0.04823529411764706 0.04090909090909091
1 0.38794117647058823 0.5693181818181818 0.17705882352941177 0.03681818181818182
1 0.6514705882352941 0.7334090909090909 0.027647058823529413 0.035
1 0.6061764705882353 0.53 0.07588235294117647 0.03727272727272727
1 0.2311764705882353 0.9268181818181818 0.04941176470588235 0.04181818181818182
1 0.3573529411764706 0.7743181818181818 0.12294117647058823 0.029545454545454545
1 0.7485294117647059 0.9327272727272727 0.05588235294117647 0.04181818181818182
1 0.29470588235294115 0.03613636363636363 0.03294117647058824 0.020454545454545454
1 0.6161764705882353 0.41659090909090907 0.13470588235294118 0.03318181818181818
1 0.4052941176470588 0.8602272727272727 0.04588235294117647 0.03954545454545454
1 0.5729411764705883 0.9297727272727273 0.047058823529411764 0.042272727272727274
1 0.36970588235294116 0.5286363636363637 0.13705882352941176 0.038181818181818185
1 0.5520588235294117 0.4675 0.027647058823529413 0.03409090909090909
1 0.4938235294117647 0.4636363636363636 0.08411764705882353 0.02727272727272727
1 0.596764705882353 0.7806818181818181 0.08176470588235295 0.02590909090909091
1 0.1 0.4052272727272727 0.08352941176470588 0.03590909090909091
1 0.09176470588235294 0.5670454545454545 0.06823529411764706 0.03409090909090909
1 0.63 0.5761363636363637 0.02588235294117647 0.035
1 0.5644117647058824 0.04 0.09 0.019090909090909092
1 0.6220588235294118 0.3806818181818182 0.031176470588235295 0.03954545454545454
1 0.7720588235294118 0.41795454545454547 0.10411764705882352 0.03772727272727273
1 0.7311764705882353 0.7313636363636363 0.11764705882352941 0.03272727272727273
1 0.49176470588235294 0.9329545454545455 0.047058823529411764 0.045909090909090906
1 0.8335294117647059 0.865 0.05764705882352941 0.04454545454545455
1 0.6620588235294118 0.8661363636363636 0.04647058823529412 0.045909090909090906
1 0.5470588235294118 0.36977272727272725 0.11764705882352941 0.03954545454545454
1 0.515 0.6840909090909091 0.11235294117647059 0.035454545454545454
1 0.3729411764705882 0.4622727272727273 0.15176470588235294 0.02727272727272727
1 0.08441176470588235 0.7661363636363636 0.0688235294117647 0.03590909090909091
1 0.6835294117647058 0.37477272727272726 0.08470588235294117 0.03590909090909091
1 0.49205882352941177 0.8636363636363636 0.060588235294117644 0.03727272727272727
1 0.6055882352941176 0.465 0.07352941176470588 0.03090909090909091
1 0.395 0.36954545454545457 0.17705882352941177 0.04090909090909091
1 0.528235294117647 0.6238636363636364 0.05411764705882353 0.023181818181818182
1 0.09029411764705883 0.6070454545454546 0.07352941176470588 0.035
1 0.665 0.9390909090909091 0.051176470588235295 0.056363636363636366
1 0.32 0.8586363636363636 0.047058823529411764 0.04
1 0.6844117647058824 0.576590909090909 0.07823529411764706 0.02772727272727273
1 0.08029411764705882 0.725 0.06647058823529411 0.035454545454545454
1 0.425 0.4122727272727273 0.24764705882352941 0.035454545454545454
1 0.5567647058823529 0.54 0.026470588235294117 0.02727272727272727
1 0.4435294117647059 0.6168181818181818 0.07411764705882352 0.034545454545454546
1 0.48970588235294116 0.6275 0.022941176470588236 0.02590909090909091
1 0.5408823529411765 0.7875 0.022941176470588236 0.02772727272727273
1 0.2311764705882353 0.8593181818181819 0.04823529411764706 0.03954545454545454
1 0.5744117647058824 0.8627272727272727 0.05 0.04181818181818182