1 0.43952802359882004 0.704049135577798 0.14985250737463127 0.04777070063694268
1 0.456047197640118 0.433803457688808 0.15339233038348082 0.03776160145586897
1 0.7466076696165191 0.8760236578707916 0.06430678466076696 0.05232029117379436
1 0.8412979351032448 0.9410828025477707 0.06843657817109144 0.05141037306642402
1 0.5790560471976401 0.6314831665150137 0.08436578171091445 0.03366696997270246
1 0.4112094395280236 0.9433575978161965 0.05545722713864307 0.042311191992720654
1 0.6474926253687315 0.7873066424021838 0.04424778761061947 0.03776160145586897
1 0.4463126843657817 0.4754322111010009 0.14218289085545724 0.0373066424021838
1 0.6439528023598821 0.7183803457688808 0.02182890855457227 0.034576888080072796
1 0.45309734513274336 0.7882165605095541 0.13097345132743363 0.036851683348498636
1 0.6834808259587021 0.5575523202911737 0.028908554572271386 0.045040946314831666
1 0.11238938053097346 0.7013193812556869 0.07374631268436578 0.0359417652411283
1 0.10707964601769912 0.47611464968152867 0.057227138643067846 0.033212010919017286
1 0.44277286135693217 0.747270245677889 0.1433628318584071 0.0359417652411283
1 0.6693215339233038 0.5962238398544131 0.04424778761061947 0.025932666060054597
1 0.11209439528023599 0.39149226569608736 0.05545722713864307 0.0359417652411283
1 0.15811209439528023 0.9440400363967243 0.054277286135693215 0.04185623293903549
1 0.3315634218289086 0.9438125568698817 0.06253687315634218 0.042311191992720654
1 0.1584070796460177 0.8744313011828936 0.05958702064896755 0.044585987261146494
1 0.6781710914454278 0.7463603275705186 0.05604719764011799 0.034121929026387623
1 0.5949852507374631 0.474294813466788 0.1528023598820059 0.0359417652411283
1 0.11032448377581121 0.5450409463148317 0.06371681415929203 0.03548680618744313
1 0.23244837758112094 0.881255686988171 0.05663716814159292 0.042766151046405826
1 0.6383480825958702 0.5955414012738853 0.017699115044247787 0.020928116469517744
1 0.23805309734513275 0.9429026387625113 0.047787610619469026 0.04049135577797998
1 0.7498525073746313 0.9415377616014559 0.06135693215339233 0.04686078252957234
1 0.5681415929203539 0.7882165605095541 0.09085545722713864 0.03503184713375796
1 0.6117994100294986 0.39012738853503187 0.20412979351032448 0.04322111010009099
1 0.41415929203539825 0.87852593266606 0.049557522123893805 0.04185623293903549
1 0.5817109144542773 0.9406278434940856 0.05545722713864307 0.045040946314831666
1 0.4575221238938053 0.5928116469517744 0.1480825958702065 0.036396724294813464
1 0.6076696165191741 0.5468607825295724 0.1168141592920354 0.04094631483166515
1 0.47079646017699117 0.631255686988171 0.13215339233038348 0.0359417652411283
1 0.45958702064896756 0.5434485896269335 0.16283185840707964 0.04322111010009099
1 0.5820058997050147 0.885122838944495 0.06430678466076696 0.06414922656960874
1 0.11356932153392331 0.43312101910828027 0.0607669616519174 0.03366696997270246
1 0.1056047197640118 0.5893994540491356 0.06253687315634218 0.03503184713375796
1 0.6345132743362832 0.6319381255686988 0.02654867256637168 0.034576888080072796
1 0.6218289085545723 0.43425841674249316 0.17227138643067846 0.036851683348498636
1 0.7303834808259587 0.5500454959053686 0.06489675516224189 0.034576888080072796
1 0.4967551622418879 0.9429026387625113 0.05781710914454277 0.04777070063694268
1 0.8427728613569322 0.8876251137397634 0.07020648967551622 0.04913557779799818
1 0.6648967551622419 0.8776160145586898 0.05781710914454277 0.044585987261146494
1 0.58023598820059 0.7024567788898999 0.11622418879056047 0.042766151046405826
1 0.11091445427728613 0.7848043676069154 0.0743362831858407 0.03366696997270246
1 0.5755162241887906 0.7465878070973613 0.11268436578171091 0.034576888080072796
1 0.49793510324483775 0.8817106460418562 0.05781710914454277 0.06187443130118289
1 0.5823008849557522 0.5898544131028207 0.10265486725663717 0.03503184713375796
1 0.4271386430678466 0.38944494995450407 0.15457227138643068 0.04640582347588717
1 0.10442477876106195 0.6308007279344859 0.06607669616519174 0.034121929026387623
1 0.671976401179941 0.9410828025477707 0.06489675516224189 0.04686078252957234
1 0.3271386430678466 0.8767060964513194 0.052507374631268436 0.040036396724294813
1 0.6749262536873156 0.6319381255686988 0.05663716814159292 0.03275705186533212
1 0.6811209439528023 0.7026842584167425 0.057227138643067846 0.03776160145586897
1 0.1088495575221239 0.7434030937215651 0.07020648967551622 0.03366696997270246
1 0.6398230088495576 0.7497725204731575 0.01592920353982301 0.02183803457688808
1 0.6171091445427729 0.8007279344858963 0.021238938053097345 0.036396724294813464