1 0.3835294117647059 0.6872727272727273 0.15411764705882353 0.03636363636363636
1 0.7597058823529412 0.8584090909090909 0.05823529411764706 0.038636363636363635
1 0.8461764705882353 0.93 0.05823529411764706 0.04
1 0.41294117647058826 0.9268181818181818 0.06823529411764706 0.03909090909090909
1 0.8514705882352941 0.8611363636363636 0.07941176470588235 0.042272727272727274
1 0.37588235294117645 0.6227272727272727 0.15294117647058825 0.022727272727272728
1 0.3629411764705882 0.42 0.11764705882352941 0.034545454545454546
1 0.6758823529411765 0.6893181818181818 0.05411764705882353 0.03318181818181818
1 0.3926470588235294 0.7311363636363636 0.19470588235294117 0.02409090909090909
1 0.7429411764705882 0.5309090909090909 0.058823529411764705 0.03090909090909091
1 0.11029411764705882 0.6775 0.07705882352941176 0.03590909090909091
1 0.10323529411764706 0.4475 0.06764705882352941 0.03772727272727273
1 0.4711764705882353 0.7784090909090909 0.10705882352941176 0.028636363636363637
1 0.5847058823529412 0.7354545454545455 0.18470588235294116 0.028181818181818183
1 0.15088235294117647 0.9279545454545455 0.0488235294117647 0.038636363636363635
1 0.32 0.9270454545454545 0.05058823529411765 0.038636363636363635
1 0.15 0.855909090909091 0.04823529411764706 0.038181818181818185
1 0.7 0.7315909090909091 0.029411764705882353 0.03318181818181818
1 0.10029411764705883 0.5209090909090909 0.0711764705882353 0.034545454545454546
1 0.24147058823529413 0.8575 0.0488235294117647 0.03681818181818182
1 0.2361764705882353 0.9268181818181818 0.0488235294117647 0.038181818181818185
1 0.355 0.7834090909090909 0.11352941176470588 0.02409090909090909
1 0.76 0.9336363636363636 0.06 0.038181818181818185
1 0.10558823529411765 0.36727272727272725 0.0711764705882353 0.035454545454545454
1 0.41058823529411764 0.8590909090909091 0.04823529411764706 0.03727272727272727
1 0.585 0.9290909090909091 0.061764705882352944 0.03909090909090909
1 0.395 0.5297727272727273 0.18764705882352942 0.03681818181818182
1 0.5870588235294117 0.5290909090909091 0.1564705882352941 0.034545454545454546
1 0.51 0.6234090909090909 0.1011764705882353 0.020454545454545454
1 0.4032352941176471 0.5768181818181818 0.2076470588235294 0.03272727272727273
1 0.5802941176470588 0.7822727272727272 0.061764705882352944 0.02181818181818182
1 0.09823529411764706 0.4068181818181818 0.06823529411764706 0.03727272727272727
1 0.09970588235294117 0.5672727272727273 0.07470588235294118 0.035454545454545454
1 0.5905882352941176 0.5772727272727273 0.14470588235294118 0.031818181818181815
1 0.5408823529411765 0.041363636363636366 0.07941176470588235 0.024545454545454544
1 0.7408823529411764 0.5822727272727273 0.08294117647058824 0.03090909090909091
1 0.7673529411764706 0.7329545454545454 0.09823529411764706 0.03318181818181818
1 0.49529411764705883 0.9268181818181818 0.06352941176470588 0.03909090909090909
1 0.6723529411764706 0.8577272727272728 0.05529411764705883 0.03909090909090909
1 0.5423529411764706 0.6881818181818182 0.12823529411764706 0.03636363636363636
1 0.34852941176470587 0.4606818181818182 0.09588235294117647 0.035
1 0.10941176470588235 0.765 0.07647058823529412 0.034545454545454546
1 0.11352941176470588 0.7220454545454545 0.0811764705882353 0.03590909090909091
1 0.5908823529411765 0.86 0.06411764705882353 0.04
1 0.49529411764705883 0.8613636363636363 0.04470588235294118 0.04090909090909091
1 0.6902941176470588 0.5338636363636363 0.026470588235294117 0.030454545454545453
1 0.5802941176470588 0.6272727272727273 0.025294117647058825 0.02909090909090909
1 0.3608823529411765 0.36863636363636365 0.10882352941176471 0.03363636363636364
1 0.09852941176470588 0.6090909090909091 0.07823529411764706 0.03636363636363636
1 0.6626470588235294 0.9297727272727273 0.05 0.03954545454545454
1 0.33794117647058824 0.8579545454545454 0.06647058823529411 0.038636363636363635
1 0.6852941176470588 0.5763636363636364 0.027058823529411764 0.03090909090909091
1 0.2902941176470588 0.03568181818181818 0.04764705882352941 0.02409090909090909
1 0.6344117647058823 0.6256818181818182 0.06764705882352941 0.025
1 0.6238235294117647 0.695 0.02411764705882353 0.02090909090909091
1 0.5361764705882353 0.7831818181818182 0.017058823529411765 0.02