1 0.4095995288574794 0.6998175182481752 0.1972909305064782 0.037408759124087594
1 0.37161366313309774 0.4324817518248175 0.13191990577149587 0.03375912408759124
1 0.7517667844522968 0.875228102189781 0.059481743227326266 0.03786496350364964
1 0.8436395759717314 0.9395529197080292 0.06654888103651355 0.03786496350364964
1 0.5786219081272085 0.6302463503649635 0.1431095406360424 0.0333029197080292
1 0.41519434628975266 0.9388686131386861 0.06007067137809187 0.03467153284671533
1 0.5544758539458187 0.5474452554744526 0.14428739693757361 0.0364963503649635
1 0.8348056537102474 0.8740875912408759 0.0535924617196702 0.0364963503649635
1 0.4042991755005889 0.6302463503649635 0.18433451118963487 0.034215328467153285
1 0.5267962308598351 0.4317974452554745 0.16784452296819788 0.03512773722627737
1 0.6657832744405182 0.7890054744525548 0.034746760895170786 0.031478102189781025
1 0.6834511189634864 0.7059762773722628 0.03828032979976443 0.0333029197080292
1 0.3945818610129564 0.7833029197080292 0.1790341578327444 0.03467153284671533
1 0.11454652532391048 0.7048357664233577 0.08303886925795052 0.03467153284671533
1 0.1166077738515901 0.4744525547445255 0.07302709069493522 0.032846715328467155
1 0.4249116607773852 0.7427007299270073 0.2314487632508834 0.03467153284671533
1 0.11808009422850413 0.3909671532846715 0.07361601884570082 0.035583941605839414
1 0.15724381625441697 0.9390967153284672 0.04946996466431095 0.03695255474452555
1 0.7597173144876325 0.7030109489051095 0.11307420494699646 0.03375912408759124
1 0.33186101295641934 0.9393248175182481 0.06301531213191991 0.035583941605839414
1 0.16283863368669022 0.8718065693430657 0.052414605418138985 0.037408759124087594
1 0.6027679623085983 0.47741788321167883 0.035924617196702 0.031478102189781025
1 0.38957597173144876 0.5476733576642335 0.15606595995288575 0.03695255474452555
1 0.11984687868080095 0.5472171532846716 0.08303886925795052 0.034215328467153285
1 0.24411071849234395 0.8734032846715328 0.04770318021201413 0.03695255474452555
1 0.6389870435806831 0.5875912408759124 0.1625441696113074 0.03467153284671533
1 0.24381625441696114 0.9390967153284672 0.048292108362779744 0.03604014598540146
1 0.7455830388692579 0.9397810218978102 0.05653710247349823 0.03832116788321168
1 0.30712603062426386 0.060903284671532845 0.054770318021201414 0.02874087591240876
1 0.5703769140164899 0.7848996350364964 0.14899882214369847 0.0333029197080292
1 0.6793286219081273 0.47422445255474455 0.09717314487632508 0.03239051094890511
1 0.5942285041224971 0.395985401459854 0.04004711425206125 0.03375912408759124
1 0.49764428739693756 0.39005474452554745 0.1330977620730271 0.0364963503649635
1 0.41431095406360424 0.874771897810219 0.059481743227326266 0.03604014598540146
1 0.5821554770318021 0.9416058394160584 0.05594817432273263 0.037408759124087594
1 0.42608951707891635 0.5869069343065694 0.23380447585394581 0.03604014598540146
1 0.5871613663133097 0.8740875912408759 0.05771495877502945 0.037408759124087594
1 0.12161366313309777 0.43088503649635035 0.07597173144876325 0.03239051094890511
1 0.11808009422850413 0.5873631386861314 0.08539458186101295 0.034215328467153285
1 0.5759717314487632 0.06546532846715329 0.15429917550058891 0.02509124087591241
1 0.6333922261484098 0.4333941605839416 0.034746760895170786 0.03193430656934307
1 0.7479387514723204 0.7862682481751825 0.10836277974087162 0.031478102189781025
1 0.5038280329799765 0.9409215328467153 0.06301531213191991 0.03604014598540146
1 0.8109540636042403 0.7433850364963503 0.12838633686690223 0.03239051094890511
1 0.6710836277974087 0.8731751824817519 0.06301531213191991 0.037408759124087594
1 0.6760895170789164 0.3925638686131387 0.09305064782096584 0.0333029197080292
1 0.3660188457008245 0.4737682481751825 0.10895170789163722 0.034215328467153285
1 0.10836277974087162 0.7835310218978102 0.07538280329799764 0.0333029197080292
1 0.7108362779740872 0.43270985401459855 0.12838633686690223 0.0333029197080292
1 0.5038280329799765 0.47239963503649635 0.14899882214369847 0.03512773722627737
1 0.6304475853945819 0.7424726277372263 0.15842167255594816 0.0333029197080292
1 0.5067726737338045 0.8761405109489051 0.06065959952885748 0.03695255474452555
1 0.5948174322732627 0.7020985401459854 0.12367491166077739 0.035583941605839414
1 0.11808009422850413 0.6297901459854015 0.08068315665488811 0.0333029197080292
1 0.6707891637220259 0.937728102189781 0.061248527679623084 0.038777372262773724
1 0.3244994110718492 0.8736313868613139 0.04711425206124853 0.037408759124087594
1 0.3677856301531213 0.3907390510948905 0.10541813898704358 0.03786496350364964
1 0.7338044758539458 0.7445255474452555 0.03297997644287397 0.03193430656934307
1 0.10983510011778563 0.7454379562043796 0.08186101295641932 0.029197080291970802