1 0.3611764705882353 0.685 0.1223529411764706 0.028181818181818183
1 0.5844117647058824 0.6875 0.0488235294117647 0.029545454545454545
1 0.7514705882352941 0.8572727272727273 0.051176470588235295 0.03727272727272727
1 0.8332352941176471 0.9270454545454545 0.051176470588235295 0.04045454545454545
1 0.5420588235294118 0.6122727272727273 0.1676470588235294 0.035454545454545454
1 0.4929411764705882 0.5256818181818181 0.12588235294117647 0.035
1 0.8397058823529412 0.8627272727272727 0.045294117647058825 0.03636363636363636
1 0.37470588235294117 0.6090909090909091 0.1411764705882353 0.035454545454545454
1 0.48 0.4115909090909091 0.024705882352941175 0.03227272727272727
1 0.6158823529411764 0.775 0.07764705882352942 0.03090909090909091
1 0.46647058823529414 0.6863636363636364 0.07882352941176471 0.03
1 0.4026470588235294 0.7254545454545455 0.20058823529411765 0.03363636363636364
1 0.35970588235294115 0.36977272727272725 0.09823529411764706 0.030454545454545453
1 0.3785294117647059 0.41113636363636363 0.13941176470588235 0.038636363636363635
1 0.09411764705882353 0.6754545454545454 0.07058823529411765 0.035454545454545454
1 0.08294117647058824 0.44727272727272727 0.052941176470588235 0.034545454545454546
1 0.08941176470588236 0.3629545454545455 0.0611764705882353 0.035
1 0.49176470588235294 0.7747727272727273 0.09411764705882353 0.031363636363636364
1 0.5935294117647059 0.7306818181818182 0.1376470588235294 0.03318181818181818
1 0.13794117647058823 0.9225 0.04176470588235294 0.04045454545454545
1 0.773235294117647 0.73 0.12529411764705883 0.031818181818181815
1 0.4011764705882353 0.9245454545454546 0.047058823529411764 0.038181818181818185
1 0.14529411764705882 0.8538636363636364 0.04941176470588235 0.03954545454545454
1 0.6894117647058824 0.73 0.029411764705882353 0.031818181818181815
1 0.10529411764705883 0.519090909090909 0.06941176470588235 0.034545454545454546
1 0.23294117647058823 0.9213636363636364 0.052941176470588235 0.038181818181818185
1 0.3664705882352941 0.7745454545454545 0.13647058823529412 0.03090909090909091
1 0.7541176470588236 0.9268181818181818 0.05058823529411765 0.03727272727272727
1 0.29058823529411765 0.03068181818181818 0.05058823529411765 0.020454545454545454
1 0.5541176470588235 0.41295454545454546 0.08823529411764706 0.031363636363636364
1 0.4067647058823529 0.8581818181818182 0.045294117647058825 0.038181818181818185
1 0.5776470588235294 0.8581818181818182 0.04 0.038181818181818185
1 0.40352941176470586 0.5693181818181818 0.1952941176470588 0.03227272727272727
1 0.36205882352941177 0.5272727272727272 0.12294117647058823 0.03090909090909091
1 0.42558823529411766 0.4536363636363636 0.03235294117647059 0.035454545454545454
1 0.4964705882352941 0.9279545454545455 0.05529411764705883 0.035
1 0.085 0.4034090909090909 0.060588235294117644 0.03590909090909091
1 0.10441176470588236 0.5638636363636363 0.07235294117647059 0.035
1 0.5788235294117647 0.038181818181818185 0.1188235294117647 0.022727272727272728
1 0.5779411764705882 0.9270454545454545 0.05823529411764706 0.03772727272727273
1 0.665 0.8611363636363636 0.05 0.03681818181818182
1 0.4894117647058824 0.37272727272727274 0.058823529411764705 0.031818181818181815
1 0.35294117647058826 0.45136363636363636 0.09529411764705882 0.03272727272727273
1 0.09676470588235295 0.7625 0.08411764705882353 0.03681818181818182
1 0.09411764705882353 0.7197727272727272 0.08235294117647059 0.03772727272727273
1 0.4958823529411765 0.4525 0.06941176470588235 0.03318181818181818
1 0.4902941176470588 0.8568181818181818 0.04411764705882353 0.03909090909090909
1 0.10147058823529412 0.6052272727272727 0.07470588235294118 0.03590909090909091
1 0.6670588235294118 0.9275 0.04470588235294118 0.038636363636363635
1 0.31441176470588234 0.8570454545454546 0.04058823529411765 0.038636363636363635
1 0.6164705882352941 0.5727272727272728 0.20470588235294118 0.034545454545454546
1 0.4326470588235294 0.37863636363636366 0.026470588235294117 0.026363636363636363
1 0.5370588235294118 0.6956818181818182 0.02 0.025
1 0.3214705882352941 0.9254545454545454 0.05352941176470588 0.03272727272727273
1 0.23529411764705882 0.8581818181818182 0.05647058823529412 0.03909090909090909
1 0.565 0.7770454545454546 0.02176470588235294 0.03227272727272727