1 0.7573529411764706 0.8590909090909091 0.04647058823529412 0.03727272727272727
1 0.8397058823529412 0.9243181818181818 0.05 0.038636363636363635
1 0.5488235294117647 0.6086363636363636 0.12470588235294118 0.03636363636363636
1 0.41294117647058826 0.9263636363636364 0.04941176470588235 0.03727272727272727
1 0.5376470588235294 0.5213636363636364 0.10705882352941176 0.035454545454545454
1 0.3926470588235294 0.6079545454545454 0.16411764705882353 0.03590909090909091
1 0.6705882352941176 0.8595454545454545 0.04941176470588235 0.038181818181818185
1 0.38794117647058823 0.4490909090909091 0.16294117647058823 0.038181818181818185
1 0.4026470588235294 0.6790909090909091 0.15823529411764706 0.03272727272727273
1 0.39705882352941174 0.7288636363636364 0.16588235294117648 0.03772727272727273
1 0.31470588235294117 0.03 0.036470588235294116 0.026363636363636363
1 0.40588235294117647 0.4068181818181818 0.1952941176470588 0.03727272727272727
1 0.1011764705882353 0.6802272727272727 0.058823529411764705 0.03590909090909091
1 0.0961764705882353 0.44681818181818184 0.07705882352941176 0.03727272727272727
1 0.6679411764705883 0.5247727272727273 0.0688235294117647 0.03227272727272727
1 0.10294117647058823 0.3640909090909091 0.08470588235294117 0.03727272727272727
1 0.155 0.9240909090909091 0.0488235294117647 0.038181818181818185
1 0.7564705882352941 0.5672727272727273 0.06941176470588235 0.03090909090909091
1 0.32941176470588235 0.9247727272727273 0.052941176470588235 0.03681818181818182
1 0.1588235294117647 0.8570454545454546 0.05176470588235294 0.03772727272727273
1 0.3926470588235294 0.5193181818181818 0.15941176470588236 0.03772727272727273
1 0.10352941176470588 0.5206818181818181 0.07411764705882352 0.03590909090909091
1 0.24176470588235294 0.8586363636363636 0.04470588235294118 0.03727272727272727
1 0.6111764705882353 0.5275 0.036470588235294116 0.03227272727272727
1 0.24 0.9238636363636363 0.04823529411764706 0.03772727272727273
1 0.38588235294117645 0.7670454545454546 0.14823529411764705 0.03590909090909091
1 0.7597058823529412 0.9261363636363636 0.06411764705882353 0.03772727272727273
1 0.6244117647058823 0.4102272727272727 0.19117647058823528 0.038636363636363635
1 0.5611764705882353 0.36863636363636365 0.14588235294117646 0.038181818181818185
1 0.41147058823529414 0.8604545454545455 0.04647058823529412 0.038181818181818185
1 0.581764705882353 0.923409090909091 0.04588235294117647 0.04045454545454545
1 0.4073529411764706 0.5663636363636364 0.19 0.03727272727272727
1 0.5844117647058824 0.8568181818181818 0.04764705882352941 0.03909090909090909
1 0.09470588235294118 0.4043181818181818 0.07882352941176471 0.03681818181818182
1 0.10470588235294118 0.5647727272727273 0.06941176470588235 0.03590909090909091
1 0.5758823529411765 0.03840909090909091 0.11529411764705882 0.023181818181818182
1 0.5005882352941177 0.9240909090909091 0.052941176470588235 0.04
1 0.8447058823529412 0.86 0.047058823529411764 0.038181818181818185
1 0.09088235294117647 0.7634090909090909 0.06294117647058824 0.03681818181818182
1 0.5558823529411765 0.45 0.15176470588235294 0.03727272727272727
1 0.4961764705882353 0.8595454545454545 0.04294117647058823 0.04090909090909091
1 0.5997058823529412 0.5670454545454545 0.16294117647058823 0.03590909090909091
1 0.3938235294117647 0.3663636363636364 0.1652941176470588 0.038181818181818185
1 0.10029411764705883 0.6081818181818182 0.07705882352941176 0.03727272727272727
1 0.6694117647058824 0.9288636363636363 0.04941176470588235 0.03954545454545454
1 0.32676470588235296 0.8575 0.04647058823529412 0.03772727272727273
1 0.6826470588235294 0.6122727272727273 0.05235294117647059 0.03
1 0.09470588235294118 0.7218181818181818 0.06 0.035454545454545454
1 0.7044117647058824 0.5652272727272727 0.028823529411764706 0.03681818181818182
1 0.6361764705882353 0.6122727272727273 0.03470588235294118 0.04181818181818182