1 0.40852941176470586 0.4011363636363636 0.21352941176470588 0.03590909090909091
1 0.8335294117647059 0.6840909090909091 0.041176470588235294 0.034545454545454546
1 0.6641176470588235 0.7695454545454545 0.07882352941176471 0.03272727272727273
1 0.3911764705882353 0.44522727272727275 0.16588235294117648 0.03590909090909091
1 0.43 0.6738636363636363 0.26588235294117646 0.04045454545454545
1 0.6955882352941176 0.6777272727272727 0.21352941176470588 0.04090909090909091
1 0.3779411764705882 0.6054545454545455 0.1476470588235294 0.034545454545454546
1 0.10294117647058823 0.6752272727272727 0.06823529411764706 0.03681818181818182
1 0.09264705882352942 0.4440909090909091 0.0688235294117647 0.034545454545454546
1 0.11382352941176471 0.35863636363636364 0.09705882352941177 0.03636363636363636
1 0.5938235294117648 0.5609090909090909 0.10411764705882352 0.03272727272727273
1 0.10176470588235294 0.7181818181818181 0.06588235294117648 0.034545454545454546
1 0.45294117647058824 0.5172727272727272 0.2917647058823529 0.038181818181818185
1 0.0988235294117647 0.5136363636363637 0.07411764705882352 0.034545454545454546
1 0.6735294117647059 0.5234090909090909 0.11764705882352941 0.03318181818181818
1 0.3761764705882353 0.7654545454545455 0.1511764705882353 0.035454545454545454
1 0.5229411764705882 0.7656818181818181 0.11294117647058824 0.035
1 0.7047058823529412 0.44795454545454544 0.07764705882352942 0.03227272727272727
1 0.648235294117647 0.36318181818181816 0.22588235294117648 0.038181818181818185
1 0.5958823529411764 0.7679545454545454 0.03176470588235294 0.03590909090909091
1 0.4194117647058824 0.5604545454545454 0.23411764705882354 0.03636363636363636
1 0.6208823529411764 0.40545454545454546 0.17705882352941177 0.03636363636363636
1 0.505 0.6052272727272727 0.08529411764705883 0.031363636363636364
1 0.10029411764705883 0.4 0.08058823529411764 0.034545454545454546
1 0.09852941176470588 0.5602272727272727 0.07352941176470588 0.035
1 0.6438235294117647 0.45045454545454544 0.028823529411764706 0.031818181818181815
1 0.8017647058823529 0.41 0.0976470588235294 0.035454545454545454
1 0.7979411764705883 0.7272727272727273 0.09235294117647058 0.03363636363636364
1 0.7211764705882353 0.7256818181818182 0.03058823529411765 0.035
1 0.7902941176470588 0.3643181818181818 0.039411764705882354 0.03227272727272727
1 0.8967647058823529 0.6868181818181818 0.08294117647058824 0.034545454545454546
1 0.10352941176470588 0.7636363636363637 0.06352941176470588 0.03363636363636364
1 0.5576470588235294 0.44727272727272727 0.12352941176470589 0.03363636363636364
1 0.6176470588235294 0.7222727272727273 0.16470588235294117 0.03727272727272727
1 0.7285294117647059 0.4068181818181818 0.03 0.03363636363636364
1 0.861764705882353 0.37068181818181817 0.08470588235294117 0.03227272727272727
1 0.42058823529411765 0.3577272727272727 0.2235294117647059 0.03636363636363636
1 0.09970588235294117 0.6020454545454546 0.07588235294117647 0.035
1 0.4108823529411765 0.7209090909090909 0.21941176470588236 0.03727272727272727
1 0.27705882352941175 0.0275 0.02588235294117647 0.022272727272727274
1 0.32235294117647056 0.02727272727272727 0.06 0.017272727272727273
1 0.5661764705882353 0.03409090909090909 0.09823529411764706 0.023636363636363636
1 0.8944117647058824 0.7272727272727273 0.08411764705882353 0.038181818181818185