1 0.4052941176470588 0.6875 0.19294117647058823 0.03590909090909091
1 0.40588235294117647 0.37227272727272726 0.2023529411764706 0.034545454545454546
1 0.7726470588235295 0.8613636363636363 0.06647058823529411 0.03727272727272727
1 0.8582352941176471 0.9279545454545455 0.07058823529411765 0.038636363636363635
1 0.5788235294117647 0.5745454545454546 0.10941176470588235 0.03272727272727273
1 0.42470588235294116 0.9288636363636363 0.06235294117647059 0.03590909090909091
1 0.49 0.5325 0.04470588235294118 0.03227272727272727
1 0.861764705882353 0.86 0.06588235294117648 0.038181818181818185
1 0.36176470588235293 0.6168181818181818 0.12117647058823529 0.034545454545454546
1 0.4173529411764706 0.7293181818181819 0.21235294117647058 0.03590909090909091
1 0.7967647058823529 0.41363636363636364 0.03470588235294118 0.03636363636363636
1 0.095 0.6870454545454545 0.06411764705882353 0.03681818181818182
1 0.09941176470588235 0.41613636363636364 0.08941176470588236 0.03772727272727273
1 0.6097058823529412 0.730909090909091 0.15823529411764706 0.031818181818181815
1 0.16794117647058823 0.9275 0.06529411764705882 0.03681818181818182
1 0.33588235294117647 0.9302272727272727 0.05411764705882353 0.03590909090909091
1 0.16323529411764706 0.865 0.05588235294117647 0.03636363636363636
1 0.7191176470588235 0.7295454545454545 0.03235294117647059 0.031818181818181815
1 0.8170588235294117 0.37 0.11294117647058824 0.03272727272727273
1 0.25323529411764706 0.8640909090909091 0.05941176470588235 0.03636363636363636
1 0.25058823529411767 0.9286363636363636 0.06 0.035454545454545454
1 0.7717647058823529 0.9268181818181818 0.07058823529411765 0.035454545454545454
1 0.29970588235294116 0.04159090909090909 0.05 0.020454545454545454
1 0.43558823529411766 0.8631818181818182 0.06529411764705882 0.03909090909090909
1 0.5961764705882353 0.9265909090909091 0.060588235294117644 0.03772727272727273
1 0.09147058823529412 0.5743181818181818 0.060588235294117644 0.03318181818181818
1 0.38588235294117645 0.5311363636363636 0.15294117647058825 0.03590909090909091
1 0.5211764705882352 0.6195454545454545 0.06941176470588235 0.02727272727272727
1 0.10029411764705883 0.37522727272727274 0.08764705882352941 0.03409090909090909
1 0.09470588235294118 0.5284090909090909 0.07294117647058823 0.03409090909090909
1 0.5661764705882353 0.04 0.12411764705882353 0.02090909090909091
1 0.615 0.37136363636363634 0.17705882352941177 0.03909090909090909
1 0.8076470588235294 0.7279545454545454 0.12705882352941175 0.03409090909090909
1 0.5091176470588236 0.9275 0.06647058823529411 0.03681818181818182
1 0.6817647058823529 0.8613636363636363 0.06352941176470588 0.03636363636363636
1 0.09411764705882353 0.7325 0.06352941176470588 0.03590909090909091
1 0.09147058823529412 0.6204545454545455 0.06411764705882353 0.034545454545454546
1 0.4329411764705882 0.4143181818181818 0.2611764705882353 0.03409090909090909
1 0.5835294117647059 0.6877272727272727 0.13411764705882354 0.035454545454545454
1 0.5114705882352941 0.8618181818181818 0.06647058823529411 0.04
1 0.8661764705882353 0.4125 0.11352941176470588 0.03681818181818182
1 0.5676470588235294 0.5293181818181818 0.08 0.03227272727272727
1 0.5014705882352941 0.5770454545454545 0.028823529411764706 0.031363636363636364
1 0.09911764705882353 0.45795454545454545 0.09235294117647058 0.03409090909090909
1 0.6864705882352942 0.9265909090909091 0.06941176470588235 0.03681818181818182
1 0.34147058823529414 0.8643181818181818 0.06411764705882353 0.03772727272727273
1 0.673235294117647 0.41613636363636364 0.20647058823529413 0.03681818181818182
1 0.768235294117647 0.685 0.10235294117647059 0.03363636363636364
1 0.73 0.3756818181818182 0.036470588235294116 0.030454545454545453
1 0.3947058823529412 0.45795454545454545 0.1988235294117647 0.03318181818181818
1 0.5720588235294117 0.4597727272727273 0.14529411764705882 0.03590909090909091
1 0.6735294117647059 0.4625 0.03764705882352941 0.030454545454545453
1 0.7391176470588235 0.4561363636363636 0.09705882352941177 0.03227272727272727
1 0.38823529411764707 0.5729545454545455 0.17411764705882352 0.03227272727272727
1 0.4514705882352941 0.6231818181818182 0.04176470588235294 0.03
1 0.6867647058823529 0.6918181818181818 0.03823529411764706 0.023636363636363636
1 0.09411764705882353 0.7745454545454545 0.06588235294117648 0.034545454545454546
1 0.6 0.8645454545454545 0.06470588235294118 0.03727272727272727
1 0.39176470588235296 0.7729545454545454 0.16470588235294117 0.03318181818181818
1 0.5494117647058824 0.7734090909090909 0.13176470588235295 0.028636363636363637
1 0.6385294117647059 0.7761363636363636 0.03823529411764706 0.031363636363636364
1 0.7055882352941176 0.7727272727272727 0.0888235294117647 0.03