1 0.40911764705882353 0.6863636363636364 0.20411764705882354 0.031818181818181815
1 0.4088235294117647 0.36727272727272725 0.22 0.035454545454545454
1 0.7608823529411765 0.8634090909090909 0.06764705882352941 0.035
1 0.8435294117647059 0.9302272727272727 0.06470588235294118 0.03772727272727273
1 0.40941176470588236 0.9311363636363637 0.05529411764705883 0.035
1 0.6785294117647059 0.7738636363636363 0.05823529411764706 0.026818181818181817
1 0.40294117647058825 0.41113636363636363 0.21176470588235294 0.03318181818181818
1 0.4052941176470588 0.7268181818181818 0.2211764705882353 0.03636363636363636
1 0.105 0.6811363636363637 0.07941176470588235 0.03590909090909091
1 0.09911764705882353 0.44681818181818184 0.08294117647058824 0.035454545454545454
1 0.10764705882352942 0.36454545454545456 0.08941176470588236 0.035454545454545454
1 0.6085294117647059 0.7268181818181818 0.15823529411764706 0.034545454545454546
1 0.15676470588235294 0.9272727272727272 0.060588235294117644 0.03636363636363636
1 0.7820588235294118 0.7313636363636363 0.05823529411764706 0.028181818181818183
1 0.32529411764705884 0.9290909090909091 0.06352941176470588 0.035454545454545454
1 0.11147058823529411 0.7681818181818182 0.07470588235294118 0.03
1 0.5879411764705882 0.53 0.09 0.03272727272727273
1 0.2373529411764706 0.9261363636363636 0.054705882352941174 0.03590909090909091
1 0.7594117647058823 0.9293181818181818 0.06941176470588235 0.03681818181818182
1 0.6079411764705882 0.6879545454545455 0.14647058823529413 0.03409090909090909
1 0.4126470588235294 0.8595454545454545 0.057058823529411766 0.038181818181818185
1 0.5873529411764706 0.9290909090909091 0.06764705882352941 0.03636363636363636
1 0.4088235294117647 0.5275 0.2188235294117647 0.031363636363636364
1 0.41058823529411764 0.57 0.22705882352941176 0.03363636363636364
1 0.5835294117647059 0.8638636363636364 0.06470588235294118 0.038636363636363635
1 0.10235294117647059 0.4052272727272727 0.08705882352941176 0.035
1 0.09970588235294117 0.5259090909090909 0.07941176470588235 0.03272727272727273
1 0.5655882352941176 0.4143181818181818 0.0711764705882353 0.03227272727272727
1 0.5491176470588235 0.0375 0.09235294117647058 0.021363636363636362
1 0.5711764705882353 0.37545454545454543 0.06941176470588235 0.031818181818181815
1 0.49470588235294116 0.9297727272727273 0.06352941176470588 0.03590909090909091
1 0.8494117647058823 0.8654545454545455 0.06941176470588235 0.03636363636363636
1 0.6738235294117647 0.8620454545454546 0.0688235294117647 0.035
1 0.38382352941176473 0.6156818181818182 0.17352941176470588 0.026818181818181817
1 0.10147058823529412 0.5688636363636363 0.0888235294117647 0.028636363636363637
1 0.51 0.4561363636363636 0.06588235294117648 0.023181818181818182
1 0.5017647058823529 0.8604545454545455 0.06823529411764706 0.04090909090909091
1 0.5158823529411765 0.6145454545454545 0.058823529411764705 0.03090909090909091
1 0.09735294117647059 0.6111363636363636 0.08647058823529412 0.03681818181818182
1 0.6694117647058824 0.9281818181818182 0.0611764705882353 0.03636363636363636
1 0.32941176470588235 0.8577272727272728 0.06352941176470588 0.038181818181818185
1 0.5938235294117648 0.5729545454545455 0.0888235294117647 0.03227272727272727
1 0.7244117647058823 0.7313636363636363 0.03470588235294118 0.02181818181818182
1 0.29705882352941176 0.035454545454545454 0.03882352941176471 0.02090909090909091
1 0.3785294117647059 0.45386363636363636 0.1676470588235294 0.035
1 0.7729411764705882 0.6918181818181818 0.06235294117647059 0.024545454545454544
1 0.7094117647058824 0.6956818181818182 0.04352941176470588 0.022272727272727274
1 0.37029411764705883 0.7722727272727272 0.15 0.03090909090909091
1 0.5302941176470588 0.7729545454545454 0.1264705882352941 0.02590909090909091
1 0.6211764705882353 0.7795454545454545 0.03529411764705882 0.023636363636363636
1 0.10676470588235294 0.7277272727272728 0.07941176470588235 0.03090909090909091
1 0.14647058823529413 0.8586363636363636 0.05529411764705883 0.031818181818181815
1 0.24029411764705882 0.86 0.06529411764705882 0.03090909090909091