1 0.6152941176470588 0.6815909090909091 0.2988235294117647 0.035
1 0.4535294117647059 0.4072727272727273 0.2823529411764706 0.042727272727272725
1 0.7652941176470588 0.8570454545454546 0.07058823529411765 0.03954545454545454
1 0.8491176470588235 0.9254545454545454 0.07352941176470588 0.042727272727272725
1 0.5661764705882353 0.6118181818181818 0.09235294117647058 0.034545454545454546
1 0.40705882352941175 0.9256818181818182 0.05647058823529412 0.038636363636363635
1 0.8420588235294117 0.860909090909091 0.05823529411764706 0.042727272727272725
1 0.38382352941176473 0.6084090909090909 0.1288235294117647 0.03681818181818182
1 0.40705882352941175 0.4527272727272727 0.16941176470588235 0.035454545454545454
1 0.4923529411764706 0.6156818181818182 0.03529411764705882 0.03318181818181818
1 0.41205882352941176 0.7261363636363637 0.22647058823529412 0.042272727272727274
1 0.10852941176470589 0.6731818181818182 0.09470588235294118 0.03909090909090909
1 0.09852941176470588 0.45022727272727275 0.08764705882352941 0.03227272727272727
1 0.5417647058823529 0.7695454545454545 0.20941176470588235 0.034545454545454546
1 0.7276470588235294 0.7268181818181818 0.37176470588235294 0.04
1 0.15205882352941177 0.9240909090909091 0.05823529411764706 0.04181818181818182
1 0.3247058823529412 0.9261363636363636 0.058823529411764705 0.03954545454545454
1 0.15558823529411764 0.855909090909091 0.060588235294117644 0.04181818181818182
1 0.45705882352941174 0.5238636363636363 0.16823529411764707 0.038636363636363635
1 0.10441176470588236 0.5218181818181818 0.07705882352941176 0.03727272727272727
1 0.24588235294117647 0.8556818181818182 0.06 0.042272727272727274
1 0.23705882352941177 0.9240909090909091 0.05058823529411765 0.04090909090909091
1 0.36970588235294116 0.7729545454545454 0.12058823529411765 0.031363636363636364
1 0.7597058823529412 0.925 0.06764705882352941 0.04090909090909091
1 0.11205882352941177 0.36363636363636365 0.09117647058823529 0.03909090909090909
1 0.6814705882352942 0.4115909090909091 0.15470588235294117 0.03954545454545454
1 0.6241176470588236 0.37136363636363634 0.1411764705882353 0.03909090909090909
1 0.44029411764705884 0.36772727272727274 0.21823529411764706 0.03363636363636364
1 0.4073529411764706 0.8572727272727273 0.051176470588235295 0.04090909090909091
1 0.5891176470588235 0.9245454545454546 0.061764705882352944 0.04090909090909091
1 0.38058823529411767 0.6786363636363636 0.14823529411764705 0.04
1 0.5885294117647059 0.5320454545454546 0.039411764705882354 0.03772727272727273
1 0.44441176470588234 0.5677272727272727 0.2511764705882353 0.03909090909090909
1 0.5841176470588235 0.8563636363636363 0.05647058823529412 0.04090909090909091
1 0.10647058823529412 0.4031818181818182 0.0988235294117647 0.03727272727272727
1 0.10205882352941177 0.5634090909090909 0.07 0.035
1 0.6594117647058824 0.46045454545454545 0.03764705882352941 0.04090909090909091
1 0.5570588235294117 0.03840909090909091 0.1011764705882353 0.018636363636363635
1 0.7408823529411764 0.455 0.11352941176470588 0.034545454545454546
1 0.5014705882352941 0.9238636363636363 0.07 0.04045454545454545
1 0.673235294117647 0.8563636363636363 0.057058823529411766 0.04090909090909091
1 0.8185294117647058 0.3756818181818182 0.13 0.031363636363636364
1 0.10970588235294118 0.7647727272727273 0.09705882352941177 0.03772727272727273
1 0.10794117647058823 0.7161363636363637 0.10411764705882352 0.038636363636363635
1 0.7273529411764705 0.3845454545454545 0.03470588235294118 0.03090909090909091
1 0.5726470588235294 0.4525 0.12411764705882353 0.03954545454545454
1 0.5 0.8563636363636363 0.06470588235294118 0.04363636363636364
1 0.6641176470588235 0.5238636363636363 0.1223529411764706 0.03954545454545454
1 0.8670588235294118 0.4102272727272727 0.1223529411764706 0.04409090909090909
1 0.6091176470588235 0.5686363636363636 0.04176470588235294 0.04
1 0.0976470588235294 0.6065909090909091 0.08352941176470588 0.03590909090909091
1 0.6726470588235294 0.9263636363636364 0.05823529411764706 0.04181818181818182
1 0.3276470588235294 0.8547727272727272 0.058823529411764705 0.04318181818181818
1 0.7391176470588235 0.5702272727272727 0.19117647058823528 0.04409090909090909
1 0.3058823529411765 0.03159090909090909 0.04588235294117647 0.02409090909090909
1 0.7864705882352941 0.415 0.041176470588235294 0.04181818181818182