1 0.4158823529411765 0.6863636363636364 0.22588235294117648 0.03727272727272727
1 0.5358823529411765 0.6197727272727273 0.023529411764705882 0.03318181818181818
1 0.7567647058823529 0.8734090909090909 0.05235294117647059 0.055
1 0.8444117647058823 0.9279545454545455 0.0688235294117647 0.038636363636363635
1 0.5544117647058824 0.5729545454545455 0.11941176470588236 0.031363636363636364
1 0.4088235294117647 0.928409090909091 0.06 0.03772727272727273
1 0.8447058823529412 0.8640909090909091 0.06705882352941177 0.038181818181818185
1 0.36558823529411766 0.6163636363636363 0.12764705882352942 0.034545454545454546
1 0.6708823529411765 0.5368181818181819 0.027647058823529413 0.03272727272727273
1 0.40294117647058825 0.7268181818181818 0.21176470588235294 0.03272727272727273
1 0.45 0.3668181818181818 0.2811764705882353 0.03727272727272727
1 0.08941176470588236 0.6790909090909091 0.07294117647058823 0.035454545454545454
1 0.09352941176470589 0.44772727272727275 0.0811764705882353 0.03636363636363636
1 0.5864705882352941 0.6193181818181818 0.058823529411764705 0.030454545454545453
1 0.15558823529411764 0.9222727272727272 0.06529411764705882 0.04
1 0.32294117647058823 0.9270454545454545 0.05764705882352941 0.038636363636363635
1 0.1538235294117647 0.8568181818181818 0.05588235294117647 0.04
1 0.6994117647058824 0.5759090909090909 0.08235294117647059 0.031818181818181815
1 0.41294117647058826 0.5238636363636363 0.21529411764705883 0.03772727272727273
1 0.09558823529411764 0.5206818181818181 0.07941176470588235 0.035
1 0.6361764705882353 0.5761363636363637 0.028823529411764706 0.03227272727272727
1 0.8755882352941177 0.3725 0.08529411764705883 0.035
1 0.24352941176470588 0.8581818181818182 0.0611764705882353 0.04
1 0.23794117647058824 0.9238636363636363 0.05941176470588235 0.03954545454545454
1 0.3635294117647059 0.7695454545454545 0.13058823529411764 0.034545454545454546
1 0.755 0.928409090909091 0.05352941176470588 0.03954545454545454
1 0.09823529411764706 0.3654545454545455 0.08352941176470588 0.034545454545454546
1 0.6905882352941176 0.37022727272727274 0.17647058823529413 0.03772727272727273
1 0.635 0.4131818181818182 0.18764705882352942 0.038181818181818185
1 0.41205882352941176 0.41045454545454546 0.22176470588235295 0.03727272727272727
1 0.4052941176470588 0.86 0.052941176470588235 0.04181818181818182
1 0.5782352941176471 0.9272727272727272 0.05764705882352941 0.03909090909090909
1 0.4758823529411765 0.6179545454545454 0.08235294117647059 0.03318181818181818
1 0.5855882352941176 0.8620454545454546 0.05588235294117647 0.03954545454545454
1 0.09205882352941176 0.40386363636363637 0.08176470588235295 0.035
1 0.09029411764705883 0.5661363636363637 0.07470588235294118 0.03409090909090909
1 0.6297058823529412 0.4677272727272727 0.025294117647058825 0.03272727272727273
1 0.5770588235294117 0.03772727272727273 0.12941176470588237 0.02181818181818182
1 0.7567647058823529 0.4172727272727273 0.03 0.034545454545454546
1 0.4979411764705882 0.9275 0.061764705882352944 0.038636363636363635
1 0.6761764705882353 0.87 0.05823529411764706 0.04909090909090909
1 0.37529411764705883 0.45431818181818184 0.13647058823529412 0.03954545454545454
1 0.08588235294117647 0.765 0.08352941176470588 0.03727272727272727
1 0.08558823529411765 0.7252272727272727 0.07823529411764706 0.03681818181818182
1 0.5297058823529411 0.4575 0.1288235294117647 0.03409090909090909
1 0.4938235294117647 0.8593181818181819 0.060588235294117644 0.04045454545454545
1 0.6767647058823529 0.4586363636363636 0.05 0.035454545454545454
1 0.8252941176470588 0.41704545454545455 0.07294117647058823 0.035
1 0.5920588235294117 0.5259090909090909 0.09352941176470589 0.034545454545454546
1 0.09382352941176471 0.6063636363636363 0.07941176470588235 0.03636363636363636
1 0.6729411764705883 0.9275 0.06705882352941177 0.038636363636363635
1 0.3235294117647059 0.8572727272727273 0.05411764705882353 0.04
1 0.7470588235294118 0.5309090909090909 0.09294117647058824 0.03363636363636364
1 0.29411764705882354 0.03409090909090909 0.04823529411764706 0.02181818181818182
1 0.8014705882352942 0.39181818181818184 0.022941176470588236 0.035454545454545454
1 0.3905882352941176 0.5709090909090909 0.18235294117647058 0.03272727272727273