1 0.39588235294117646 0.6836363636363636 0.17647058823529413 0.038181818181818185
1 0.585 0.6820454545454545 0.14882352941176472 0.03590909090909091
1 0.7664705882352941 0.86 0.07411764705882352 0.03909090909090909
1 0.8491176470588235 0.9281818181818182 0.06764705882352941 0.03909090909090909
1 0.4202941176470588 0.9265909090909091 0.06647058823529411 0.03772727272727273
1 0.8520588235294118 0.8606818181818182 0.07352941176470588 0.04045454545454545
1 0.3776470588235294 0.6111363636363636 0.14941176470588236 0.03590909090909091
1 0.3776470588235294 0.44931818181818184 0.14 0.03681818181818182
1 0.4032352941176471 0.7275 0.19470588235294117 0.029545454545454545
1 0.7717647058823529 0.5277272727272727 0.1011764705882353 0.034545454545454546
1 0.40558823529411764 0.41113636363636363 0.19941176470588234 0.030454545454545453
1 0.10911764705882353 0.6786363636363636 0.07352941176470588 0.034545454545454546
1 0.7044117647058824 0.5722727272727273 0.026470588235294117 0.03090909090909091
1 0.10352941176470588 0.4481818181818182 0.06470588235294118 0.034545454545454546
1 0.6211764705882353 0.7279545454545454 0.21058823529411766 0.030454545454545453
1 0.15588235294117647 0.9236363636363636 0.05647058823529412 0.03909090909090909
1 0.775 0.5718181818181818 0.08764705882352941 0.03272727272727273
1 0.32676470588235296 0.9240909090909091 0.05588235294117647 0.038181818181818185
1 0.15764705882352942 0.8556818181818182 0.06235294117647059 0.038636363636363635
1 0.41205882352941176 0.5279545454545455 0.20529411764705882 0.026818181818181817
1 0.10676470588235294 0.5211363636363636 0.07 0.03409090909090909
1 0.6576470588235294 0.6152272727272727 0.06705882352941177 0.031363636363636364
1 0.24588235294117647 0.8561363636363636 0.06235294117647059 0.03954545454545454
1 0.2464705882352941 0.9238636363636363 0.06352941176470588 0.03772727272727273
1 0.3708823529411765 0.7684090909090909 0.13705882352941176 0.035
1 0.7626470588235295 0.9272727272727272 0.07 0.038181818181818185
1 0.10735294117647058 0.36522727272727273 0.06529411764705882 0.03409090909090909
1 0.5211764705882352 0.7713636363636364 0.1376470588235294 0.02727272727272727
1 0.5923529411764706 0.3693181818181818 0.11529411764705882 0.035
1 0.5991176470588235 0.41295454545454546 0.12294117647058823 0.03590909090909091
1 0.41852941176470587 0.8588636363636364 0.05 0.038636363636363635
1 0.5873529411764706 0.9270454545454545 0.05823529411764706 0.03772727272727273
1 0.10058823529411764 0.5654545454545454 0.07294117647058823 0.035454545454545454
1 0.39941176470588236 0.5677272727272727 0.1952941176470588 0.031818181818181815
1 0.5179411764705882 0.6138636363636364 0.09352941176470589 0.03318181818181818
1 0.5920588235294117 0.8586363636363636 0.060588235294117644 0.04
1 0.1038235294117647 0.405 0.06647058823529411 0.035454545454545454
1 0.5970588235294118 0.5718181818181818 0.15294117647058825 0.03090909090909091
1 0.5985294117647059 0.5290909090909091 0.13705882352941176 0.03
1 0.5041176470588236 0.9263636363636364 0.06823529411764706 0.038181818181818185
1 0.68 0.8595454545454545 0.07176470588235294 0.038181818181818185
1 0.10529411764705883 0.7615909090909091 0.07764705882352942 0.035
1 0.10676470588235294 0.7227272727272728 0.07941176470588235 0.034545454545454546
1 0.5144117647058823 0.45545454545454545 0.08764705882352941 0.03363636363636364
1 0.5061764705882353 0.8586363636363636 0.05941176470588235 0.03909090909090909
1 0.6929411764705883 0.5325 0.029411764705882353 0.03318181818181818
1 0.5958823529411764 0.6129545454545454 0.027058823529411764 0.03681818181818182
1 0.4076470588235294 0.36613636363636365 0.1952941176470588 0.03772727272727273
1 0.10264705882352941 0.6047727272727272 0.07470588235294118 0.03590909090909091
1 0.6723529411764706 0.9272727272727272 0.05764705882352941 0.038181818181818185
1 0.33176470588235296 0.8581818181818182 0.0611764705882353 0.03909090909090909
1 0.5552941176470588 0.03704545454545455 0.08 0.017727272727272727
1 0.3138235294117647 0.03431818181818182 0.04764705882352941 0.020454545454545454