1 0.3714705882352941 0.6786363636363636 0.1476470588235294 0.038181818181818185
1 0.7597058823529412 0.8561363636363636 0.06647058823529411 0.04045454545454545
1 0.8502941176470589 0.9263636363636364 0.07470588235294118 0.04090909090909091
1 0.5735294117647058 0.6184090909090909 0.024705882352941175 0.03590909090909091
1 0.41205882352941176 0.9227272727272727 0.06647058823529411 0.04
1 0.851764705882353 0.8561363636363636 0.07647058823529412 0.041363636363636366
1 0.3652941176470588 0.6084090909090909 0.14352941176470588 0.038636363636363635
1 0.3473529411764706 0.4475 0.09235294117647058 0.03590909090909091
1 0.6608823529411765 0.6806818181818182 0.08176470588235295 0.03681818181818182
1 0.7629411764705882 0.5281818181818182 0.10705882352941176 0.03363636363636364
1 0.35764705882352943 0.4077272727272727 0.10588235294117647 0.03636363636363636
1 0.10588235294117647 0.6754545454545454 0.08588235294117647 0.03636363636363636
1 0.09970588235294117 0.4445454545454545 0.061764705882352944 0.03636363636363636
1 0.3941176470588235 0.7245454545454545 0.17411764705882352 0.03636363636363636
1 0.4747058823529412 0.765 0.09647058823529411 0.03636363636363636
1 0.15441176470588236 0.9204545454545454 0.06647058823529411 0.04
1 0.3261764705882353 0.9209090909090909 0.0688235294117647 0.03909090909090909
1 0.15794117647058822 0.8506818181818182 0.0711764705882353 0.03954545454545454
1 0.7097058823529412 0.7231818181818181 0.09117647058823529 0.035454545454545454
1 0.40705882352941175 0.5243181818181818 0.2164705882352941 0.04318181818181818
1 0.10647058823529412 0.5213636363636364 0.09058823529411765 0.03727272727272727
1 0.6458823529411765 0.7272727272727273 0.029411764705882353 0.03363636363636364
1 0.24294117647058824 0.8525 0.058823529411764705 0.038636363636363635
1 0.24088235294117646 0.9213636363636364 0.06294117647058824 0.03909090909090909
1 0.36176470588235293 0.7634090909090909 0.12705882352941175 0.035
1 0.76 0.9247727272727273 0.06823529411764706 0.03954545454545454
1 0.10411764705882352 0.3593181818181818 0.05529411764705883 0.03772727272727273
1 0.5435294117647059 0.7681818181818182 0.03411764705882353 0.03909090909090909
1 0.6688235294117647 0.5663636363636364 0.18470588235294116 0.038181818181818185
1 0.5935294117647059 0.5231818181818182 0.13411764705882354 0.03636363636363636
1 0.42058823529411765 0.8554545454545455 0.07294117647058823 0.03909090909090909
1 0.5870588235294117 0.9243181818181818 0.06470588235294118 0.038636363636363635
1 0.1111764705882353 0.5656818181818182 0.09411764705882353 0.03590909090909091
1 0.4976470588235294 0.6079545454545454 0.11411764705882353 0.03590909090909091
1 0.43411764705882355 0.5668181818181818 0.26 0.038181818181818185
1 0.5923529411764706 0.8561363636363636 0.06823529411764706 0.03954545454545454
1 0.10058823529411764 0.40136363636363637 0.058823529411764705 0.03727272727272727
1 0.6329411764705882 0.6095454545454545 0.09058823529411765 0.03272727272727273
1 0.785 0.5702272727272727 0.03588235294117647 0.03318181818181818
1 0.5020588235294118 0.9222727272727272 0.07470588235294118 0.04090909090909091
1 0.6752941176470588 0.8565909090909091 0.06588235294117648 0.03954545454545454
1 0.5144117647058823 0.6779545454545455 0.11823529411764706 0.03590909090909091
1 0.8717647058823529 0.5686363636363636 0.13058823529411764 0.038181818181818185
1 0.11029411764705882 0.7606818181818182 0.09588235294117647 0.03681818181818182
1 0.11 0.7184090909090909 0.09647058823529411 0.03772727272727273
1 0.5035294117647059 0.8545454545454545 0.06941176470588235 0.04181818181818182
1 0.6879411764705883 0.5334090909090909 0.031176470588235295 0.03318181818181818
1 0.601764705882353 0.6897727272727273 0.029411764705882353 0.03681818181818182
1 0.34941176470588237 0.3634090909090909 0.09529411764705882 0.03772727272727273
1 0.5573529411764706 0.7231818181818181 0.1323529411764706 0.034545454545454546
1 0.11794117647058823 0.6063636363636363 0.09470588235294118 0.03636363636363636
1 0.6738235294117647 0.9243181818181818 0.0711764705882353 0.03954545454545454
1 0.3326470588235294 0.8534090909090909 0.07235294117647059 0.03954545454545454
1 0.2897058823529412 0.03 0.03470588235294118 0.031818181818181815
1 0.5661764705882353 0.03590909090909091 0.11470588235294117 0.02727272727272727
1 0.586764705882353 0.7665909090909091 0.060588235294117644 0.03409090909090909