1 0.5653710247349824 0.7094563727729557 0.18492343934040048 0.04751027866605756
1 0.4045936395759717 0.43467336683417085 0.1519434628975265 0.035175879396984924
1 0.7611896348645465 0.8803106441297396 0.06772673733804475 0.05025125628140704
1 0.8377502944640753 0.9419826404751028 0.07008244994110718 0.04751027866605756
1 0.5371024734982333 0.6320237551393331 0.11896348645465253 0.03334856098675194
1 0.41401648998822144 0.9433531292827775 0.0624263839811543 0.04111466423024212
1 0.408716136631331 0.6333942439470077 0.13074204946996468 0.03334856098675194
1 0.6699057714958775 0.8736866148926451 0.06537102473498234 0.047053449063499314
1 0.6607773851590106 0.43467336683417085 0.053003533568904596 0.029693924166285975
1 0.10659599528857479 0.7037460027409776 0.0624263839811543 0.034262220191868434
1 0.10806831566548881 0.47807217907720423 0.06654888103651355 0.03243490178163545
1 0.479093050647821 0.7496573777980813 0.2067137809187279 0.03563270899954317
1 0.11101295641931684 0.39150296939241663 0.06772673733804475 0.03471904979442668
1 0.483510011778563 0.7894015532206486 0.1413427561837456 0.03563270899954317
1 0.15901060070671377 0.9428962996802193 0.06007067137809187 0.05207857469164002
1 0.3295053003533569 0.9412973960712654 0.05712603062426384 0.041571493832800364
1 0.16401648998822144 0.8780264961169484 0.06301531213191991 0.04020100502512563
1 0.5665488810365136 0.4803563270899954 0.024734982332155476 0.031521242576518956
1 0.41431095406360424 0.5491091822750114 0.16313309776207302 0.0438556418455916
1 0.1157243816254417 0.5488807674737323 0.06654888103651355 0.036089538602101415
1 0.24734982332155478 0.8759707629054363 0.05535924617196702 0.039744175422567384
1 0.5809776207302709 0.5477386934673367 0.15488810365135453 0.03746002740977615
1 0.24469964664310953 0.9417542256738236 0.05594817432273263 0.041571493832800364
1 0.752944640753828 0.9534033805390589 0.05830388692579505 0.07217907720420283
1 0.3000588928150766 0.06829602558245775 0.04063604240282685 0.023298309730470534
1 0.6054181389870436 0.4748743718592965 0.050647820965842166 0.03060758337140247
1 0.6375147232037691 0.39972590223846505 0.028857479387514724 0.03928734582000914
1 0.5585983510011778 0.3931018730013705 0.13133097762073026 0.039744175422567384
1 0.4199057714958775 0.8766560073092736 0.06007067137809187 0.04111466423024212
1 0.5892226148409894 0.9597989949748744 0.06772673733804475 0.0657834627683874
1 0.4048881036513545 0.5902238465052535 0.14075382803297998 0.03563270899954317
1 0.5856890459363958 0.8768844221105527 0.06890459363957598 0.042485153037916855
1 0.1160188457008245 0.43398812243033347 0.071849234393404 0.0328917313841937
1 0.11101295641931684 0.5904522613065326 0.059481743227326266 0.03334856098675194
1 0.5618374558303887 0.06875285518501599 0.1166077738515901 0.02147099132023755
1 0.6222025912838633 0.4369575148469621 0.024146054181389872 0.03243490178163545
1 0.502944640753828 0.9570580173595249 0.05771495877502945 0.06304248515303791
1 0.8389281507656066 0.880995888533577 0.06419316843345112 0.05070808588396528
1 0.5435806831566549 0.43330287802649614 0.12131919905771496 0.03334856098675194
1 0.694640753828033 0.39584285061672 0.06654888103651355 0.02603928734582001
1 0.38633686690223795 0.4789858382823207 0.12014134275618374 0.02603928734582001
1 0.10571260306242639 0.7887163088168113 0.06301531213191991 0.03243490178163545
1 0.501472320376914 0.47715851987208774 0.10188457008244994 0.02603928734582001
1 0.5011778563015312 0.8764275925079945 0.06595995288574794 0.041571493832800364
1 0.5450530035335689 0.5888533576975788 0.13015312131919907 0.03380539058931019
1 0.4078327444051826 0.3931018730013705 0.1690223792697291 0.042485153037916855
1 0.11042402826855123 0.6336226587482869 0.054770318021201414 0.0328917313841937
1 0.6713780918727915 0.9408405664687072 0.06478209658421673 0.04522613065326633
1 0.3253828032979976 0.8814527181361352 0.05005889281507656 0.043398812243033345
1 0.10983510011778563 0.747144814984011 0.06537102473498234 0.03243490178163545