1 0.40088235294117647 0.6911363636363637 0.19 0.038636363636363635
1 0.4102941176470588 0.36977272727272725 0.21 0.041363636363636366
1 0.7626470588235295 0.8590909090909091 0.060588235294117644 0.042727272727272725
1 0.8532352941176471 0.9245454545454546 0.07470588235294118 0.04181818181818182
1 0.8608823529411764 0.5711363636363637 0.11941176470588236 0.03681818181818182
1 0.5835294117647059 0.6163636363636363 0.16 0.035454545454545454
1 0.41911764705882354 0.9286363636363636 0.060588235294117644 0.03909090909090909
1 0.846764705882353 0.8613636363636363 0.06411764705882353 0.042727272727272725
1 0.3988235294117647 0.6168181818181818 0.18235294117647058 0.03636363636363636
1 0.721764705882353 0.7715909090909091 0.10470588235294118 0.03409090909090909
1 0.7020588235294117 0.6861363636363637 0.045294117647058825 0.041363636363636366
1 0.4302941176470588 0.7288636363636364 0.24764705882352941 0.03954545454545454
1 0.8170588235294117 0.5247727272727273 0.11647058823529412 0.03590909090909091
1 0.10705882352941176 0.6902272727272727 0.08588235294117647 0.03772727272727273
1 0.1011764705882353 0.5736363636363636 0.09058823529411765 0.038181818181818185
1 0.7826470588235294 0.5727272727272728 0.03235294117647059 0.03363636363636364
1 0.10676470588235294 0.41113636363636363 0.09588235294117647 0.038636363636363635
1 0.658235294117647 0.7293181818181819 0.1776470588235294 0.038636363636363635
1 0.16264705882352942 0.9304545454545454 0.060588235294117644 0.03909090909090909
1 0.77 0.6165909090909091 0.12117647058823529 0.03318181818181818
1 0.33588235294117647 0.9286363636363636 0.07176470588235294 0.03909090909090909
1 0.1623529411764706 0.8625 0.05647058823529412 0.03772727272727273
1 0.6082352941176471 0.4572727272727273 0.14941176470588236 0.03727272727272727
1 0.41852941176470587 0.5234090909090909 0.23588235294117646 0.03954545454545454
1 0.0988235294117647 0.53 0.09058823529411765 0.038181818181818185
1 0.6932352941176471 0.615909090909091 0.03705882352941176 0.031818181818181815
1 0.2461764705882353 0.9275 0.061764705882352944 0.04045454545454545
1 0.3876470588235294 0.7725 0.16588235294117648 0.035
1 0.7667647058823529 0.928409090909091 0.0711764705882353 0.042272727272727274
1 0.5455882352941176 0.7718181818181818 0.1288235294117647 0.034545454545454546
1 0.7079411764705882 0.4536363636363636 0.03470588235294118 0.03636363636363636
1 0.6932352941176471 0.36818181818181817 0.0488235294117647 0.035454545454545454
1 0.4202941176470588 0.8604545454545455 0.06647058823529411 0.03909090909090909
1 0.586764705882353 0.9268181818181818 0.05588235294117647 0.04181818181818182
1 0.6305882352941177 0.5229545454545454 0.16823529411764707 0.03954545454545454
1 0.44676470588235295 0.5709090909090909 0.25470588235294117 0.03727272727272727
1 0.5911764705882353 0.8615909090909091 0.06705882352941177 0.042272727272727274
1 0.11029411764705882 0.37272727272727274 0.10529411764705883 0.038181818181818185
1 0.6764705882352942 0.5727272727272728 0.16470588235294117 0.03727272727272727
1 0.5644117647058824 0.03681818181818182 0.12058823529411765 0.023636363636363636
1 0.6655882352941176 0.4138636363636364 0.19117647058823528 0.041363636363636366
1 0.783235294117647 0.46295454545454545 0.12058823529411765 0.03227272727272727
1 0.5061764705882353 0.928409090909091 0.06294117647058824 0.03954545454545454
1 0.6838235294117647 0.8604545454545455 0.0688235294117647 0.04
1 0.5844117647058824 0.3709090909090909 0.13352941176470587 0.03909090909090909
1 0.7770588235294118 0.37227272727272726 0.11764705882352941 0.03636363636363636
1 0.8720588235294118 0.7265909090909091 0.12176470588235294 0.038636363636363635
1 0.40294117647058825 0.46136363636363636 0.19647058823529412 0.03909090909090909
1 0.1038235294117647 0.7711363636363636 0.08176470588235295 0.03590909090909091
1 0.10529411764705883 0.7263636363636363 0.08823529411764706 0.03909090909090909
1 0.6473529411764706 0.774090909090909 0.03470588235294118 0.034545454545454546
1 0.5029411764705882 0.8625 0.058823529411764705 0.04318181818181818
1 0.7370588235294118 0.5254545454545455 0.04 0.034545454545454546
1 0.8708823529411764 0.4122727272727273 0.13 0.03636363636363636
1 0.57 0.6843181818181818 0.15058823529411763 0.03772727272727273
1 0.1 0.6161363636363636 0.09058823529411765 0.03681818181818182
1 0.6776470588235294 0.9252272727272727 0.06941176470588235 0.042272727272727274
1 0.33588235294117647 0.860909090909091 0.06705882352941177 0.04
1 0.7902941176470588 0.6829545454545455 0.11705882352941177 0.03681818181818182
1 0.7885294117647059 0.4127272727272727 0.03705882352941176 0.04181818181818182
1 0.4364705882352941 0.41545454545454547 0.26705882352941174 0.042727272727272725
1 0.7879411764705883 0.7311363636363636 0.04411764705882353 0.03954545454545454
1 0.2461764705882353 0.8647727272727272 0.05823529411764706 0.03409090909090909