1 0.5729411764705883 0.6213636363636363 0.07764705882352942 0.02909090909090909
1 0.5838235294117647 0.46704545454545454 0.1264705882352941 0.02409090909090909
1 0.09352941176470589 0.5295454545454545 0.08470588235294117 0.031818181818181815
1 0.42205882352941176 0.36772727272727274 0.25470588235294117 0.05
1 0.6094117647058823 0.7347727272727272 0.16117647058823528 0.03772727272727273
1 0.45676470588235296 0.41863636363636364 0.31 0.035454545454545454
1 0.09352941176470589 0.6868181818181818 0.06470588235294118 0.03636363636363636
1 0.11676470588235294 0.37454545454545457 0.09823529411764706 0.03636363636363636
1 0.11294117647058824 0.4561363636363636 0.09411764705882353 0.03681818181818182
1 0.09352941176470589 0.7775 0.0611764705882353 0.03772727272727273
1 0.3635294117647059 0.7813636363636364 0.12 0.02727272727272727
1 0.7152941176470589 0.5772727272727273 0.1223529411764706 0.034545454545454546
1 0.1264705882352941 0.4106818181818182 0.1 0.03681818181818182
1 0.39088235294117646 0.7320454545454546 0.18411764705882352 0.03772727272727273
1 0.3 0.0375 0.05529411764705883 0.026818181818181817
1 0.5073529411764706 0.7347727272727272 0.03470588235294118 0.03954545454545454
1 0.4626470588235294 0.5775 0.3335294117647059 0.031363636363636364
1 0.09941176470588235 0.5722727272727273 0.07764705882352942 0.03363636363636364
1 0.5632352941176471 0.03954545454545454 0.11235294117647059 0.02181818181818182
1 0.7423529411764705 0.4234090909090909 0.21176470588235294 0.028636363636363637
1 0.4426470588235294 0.7809090909090909 0.027647058823529413 0.023636363636363636
1 0.40352941176470586 0.4634090909090909 0.2011764705882353 0.030454545454545453
1 0.09382352941176471 0.7322727272727273 0.06411764705882353 0.03727272727272727
1 0.09676470588235295 0.6168181818181818 0.07588235294117647 0.035454545454545454
1 0.6538235294117647 0.37386363636363634 0.17470588235294118 0.038636363636363635
1 0.405 0.6188636363636364 0.21588235294117647 0.03227272727272727
1 0.3614705882352941 0.6925 0.1264705882352941 0.026818181818181817
1 0.4152941176470588 0.5343181818181818 0.22941176470588234 0.029545454545454545
1 0.5758823529411765 0.5368181818181819 0.08823529411764706 0.024545454545454544
1 0.44058823529411767 0.6922727272727273 0.029411764705882353 0.026363636363636363
1 0.5185294117647059 0.6915909090909091 0.12411764705882353 0.030454545454545453
1 0.5026470588235294 0.7822727272727272 0.09 0.022727272727272728