1 0.40205882352941175 0.6831818181818182 0.21 0.028181818181818183
1 0.6026470588235294 0.6811363636363637 0.15235294117647058 0.03409090909090909
1 0.7620588235294118 0.8540909090909091 0.06764705882352941 0.04090909090909091
1 0.8494117647058823 0.9231818181818182 0.07882352941176471 0.04181818181818182
1 0.4117647058823529 0.9204545454545454 0.06 0.03909090909090909
1 0.8502941176470589 0.8565909090909091 0.07470588235294118 0.042272727272727274
1 0.3885294117647059 0.6118181818181818 0.18058823529411766 0.024545454545454544
1 0.7838235294117647 0.5270454545454546 0.04764705882352941 0.031363636363636364
1 0.39 0.4052272727272727 0.18235294117647058 0.03772727272727273
1 0.08794117647058823 0.6809090909090909 0.061764705882352944 0.03363636363636364
1 0.08794117647058823 0.4420454545454545 0.05823529411764706 0.03318181818181818
1 0.3876470588235294 0.7211363636363637 0.18705882352941178 0.03409090909090909
1 0.09147058823529412 0.35954545454545456 0.06529411764705882 0.03363636363636364
1 0.5 0.8529545454545454 0.06235294117647059 0.038636363636363635
1 0.6273529411764706 0.7234090909090909 0.14529411764705882 0.035
1 0.15764705882352942 0.9193181818181818 0.06705882352941177 0.04045454545454545
1 0.33676470588235297 0.918409090909091 0.08058823529411764 0.04045454545454545
1 0.1585294117647059 0.8520454545454546 0.06764705882352941 0.03954545454545454
1 0.7261764705882353 0.725 0.03470588235294118 0.035454545454545454
1 0.6079411764705882 0.4065909090909091 0.12411764705882353 0.03590909090909091
1 0.4423529411764706 0.5261363636363636 0.2752941176470588 0.025
1 0.0888235294117647 0.5186363636363637 0.07176470588235294 0.03636363636363636
1 0.6644117647058824 0.6079545454545454 0.06529411764705882 0.031363636363636364
1 0.8629411764705882 0.5256818181818181 0.07647058823529412 0.031363636363636364
1 0.24205882352941177 0.92 0.06294117647058824 0.03909090909090909
1 0.3788235294117647 0.7595454545454545 0.15411764705882353 0.03727272727272727
1 0.7597058823529412 0.9211363636363636 0.061764705882352944 0.041363636363636366
1 0.2817647058823529 0.025454545454545455 0.04352941176470588 0.028181818181818183
1 0.6214705882352941 0.3663636363636364 0.11705882352941177 0.03636363636363636
1 0.5161764705882353 0.3770454545454546 0.054705882352941174 0.03681818181818182
1 0.41852941176470587 0.8534090909090909 0.0688235294117647 0.04045454545454545
1 0.5952941176470589 0.9211363636363636 0.07176470588235294 0.03954545454545454
1 0.4647058823529412 0.5695454545454546 0.32 0.026363636363636363
1 0.5397058823529411 0.6125 0.10058823529411764 0.023181818181818182
1 0.4373529411764706 0.4527272727272727 0.03823529411764706 0.034545454545454546
1 0.5879411764705882 0.8527272727272728 0.05941176470588235 0.038181818181818185
1 0.09323529411764706 0.4036363636363636 0.06294117647058824 0.031818181818181815
1 0.08970588235294118 0.5581818181818182 0.07235294117647059 0.03363636363636364
1 0.5505882352941176 0.031818181818181815 0.08823529411764706 0.024545454545454544
1 0.7835294117647059 0.7220454545454545 0.07294117647058823 0.03409090909090909
1 0.5055882352941177 0.9209090909090909 0.07470588235294118 0.04090909090909091
1 0.6744117647058824 0.8552272727272727 0.06764705882352941 0.04045454545454545
1 0.5076470588235295 0.4113636363636364 0.03764705882352941 0.034545454545454546
1 0.888235294117647 0.5665909090909091 0.08235294117647059 0.035
1 0.35970588235294115 0.44795454545454544 0.11705882352941177 0.03590909090909091
1 0.07882352941176471 0.7593181818181818 0.052941176470588235 0.03409090909090909
1 0.2464705882352941 0.8525 0.06823529411764706 0.04045454545454545
1 0.5088235294117647 0.45136363636363636 0.0811764705882353 0.031818181818181815
1 0.6470588235294118 0.7784090909090909 0.029411764705882353 0.026818181818181817
1 0.6720588235294118 0.524090909090909 0.1511764705882353 0.03636363636363636
1 0.6126470588235294 0.6215909090909091 0.031176470588235295 0.022272727272727274
1 0.3941176470588235 0.36454545454545456 0.16 0.038181818181818185
1 0.08647058823529412 0.6020454545454546 0.06588235294117648 0.03409090909090909
1 0.6764705882352942 0.92 0.07176470588235294 0.04181818181818182
1 0.3297058823529412 0.8525 0.06647058823529411 0.03954545454545454
1 0.7194117647058823 0.5702272727272727 0.18588235294117647 0.03318181818181818
1 0.7852941176470588 0.6811363636363637 0.07176470588235294 0.03227272727272727
1 0.08294117647058824 0.7204545454545455 0.05529411764705883 0.03363636363636364
1 0.3376470588235294 0.03159090909090909 0.07529411764705882 0.022272727272727274
1 0.7114705882352941 0.6938636363636363 0.033529411764705884 0.03227272727272727
1 0.553235294117647 0.7775 0.14882352941176472 0.028636363636363637
1 0.7105882352941176 0.7768181818181819 0.08352941176470588 0.02727272727272727
1 0.8282352941176471 0.5745454545454546 0.027058823529411764 0.03727272727272727