1 0.41710914454277287 0.6785876993166287 0.18053097345132743 0.03963553530751709
1 0.43716814159292033 0.4006833712984055 0.2407079646017699 0.03690205011389522
1 0.7705014749262536 0.8521640091116173 0.06253687315634218 0.04054669703872437
1 0.8587020648967552 0.9177676537585422 0.057227138643067846 0.03963553530751709
1 0.5772861356932153 0.6050113895216401 0.1433628318584071 0.03462414578587699
1 0.41976401179941003 0.9191343963553531 0.05014749262536873 0.03781321184510251
1 0.8563421828908555 0.8512528473804101 0.0607669616519174 0.04145785876993166
1 0.4014749262536873 0.6061503416856492 0.18466076696165193 0.03507972665148064
1 0.4150442477876106 0.4485193621867882 0.21651917404129795 0.03690205011389522
1 0.7073746312684366 0.6799544419134397 0.03303834808259587 0.03507972665148064
1 0.3958702064896755 0.7646924829157176 0.1687315634218289 0.03599088838268793
1 0.30855457227138644 0.023917995444191344 0.0471976401179941 0.026879271070615034
1 0.12418879056047198 0.6801822323462414 0.08436578171091445 0.03735763097949886
1 0.13067846607669617 0.44555808656036444 0.08790560471976401 0.03644646924829157
1 0.4085545722713864 0.7211845102505695 0.2 0.03735763097949886
1 0.7392330383480826 0.5612756264236902 0.02831858407079646 0.03462414578587699
1 0.1215339233038348 0.35831435079726653 0.0943952802359882 0.03599088838268793
1 0.6159292035398231 0.7195899772209567 0.17699115044247787 0.03690205011389522
1 0.15457227138643068 0.9214123006833713 0.049557522123893805 0.04054669703872437
1 0.8047197640117995 0.5610478359908884 0.0943952802359882 0.03416856492027335
1 0.33126843657817107 0.9195899772209567 0.052507374631268436 0.0387243735763098
1 0.1640117994100295 0.8507972665148064 0.05545722713864307 0.0387243735763098
1 0.7212389380530974 0.7651480637813212 0.10678466076696165 0.03325740318906606
1 0.596755162241888 0.4471526195899772 0.09616519174041298 0.03416856492027335
1 0.4191740412979351 0.5164009111617313 0.19882005899705016 0.03963553530751709
1 0.11946902654867257 0.5177676537585422 0.08908554572271386 0.03690205011389522
1 0.24218289085545722 0.8523917995444191 0.047787610619469026 0.03735763097949886
1 0.24277286135693216 0.9202733485193622 0.047787610619469026 0.03917995444191344
1 0.7690265486725664 0.9182232346241458 0.06430678466076696 0.04054669703872437
1 0.5657817109144543 0.7649202733485193 0.1392330383480826 0.03553530751708428
1 0.6233038348082596 0.4029612756264237 0.10324483775811209 0.03416856492027335
1 0.6182890855457227 0.362870159453303 0.0967551622418879 0.03690205011389522
1 0.4377581120943953 0.3580865603644647 0.20648967551622419 0.03735763097949886
1 0.42389380530973453 0.852619589977221 0.057227138643067846 0.0387243735763098
1 0.5964601769911504 0.9184510250569476 0.06253687315634218 0.04009111617312073
1 0.41858407079646015 0.5610478359908884 0.22123893805309736 0.03599088838268793
1 0.6076696165191741 0.5177676537585422 0.14513274336283186 0.0387243735763098
1 0.5920353982300885 0.8523917995444191 0.057227138643067846 0.03917995444191344
1 0.12684365781710916 0.40273348519362184 0.09085545722713864 0.03644646924829157
1 0.1200589970501475 0.5615034168564921 0.08790560471976401 0.03690205011389522
1 0.6699115044247788 0.6066059225512529 0.03126843657817109 0.03507972665148064
1 0.5731563421828909 0.02437357630979499 0.07846607669616519 0.024145785876993165
1 0.7300884955752213 0.723006833712984 0.038348082595870206 0.03280182232346242
1 0.5106194690265486 0.9189066059225512 0.06312684365781711 0.03917995444191344
1 0.6825958702064897 0.8512528473804101 0.058997050147492625 0.0387243735763098
1 0.7646017699115044 0.5186788154897495 0.07315634218289085 0.03325740318906606
1 0.6047197640117994 0.6765375854214123 0.15575221238938053 0.04009111617312073
1 0.8094395280235989 0.7209567198177677 0.1168141592920354 0.03416856492027335
1 0.11268436578171091 0.7635535307517084 0.07905604719764012 0.03553530751708428
1 0.11563421828908554 0.7200455580865603 0.08023598820058997 0.03599088838268793
1 0.7064896755162242 0.5214123006833713 0.03952802359882006 0.03507972665148064
1 0.6569321533923304 0.7669703872437358 0.03008849557522124 0.0387243735763098
1 0.5100294985250737 0.85375854214123 0.06312684365781711 0.03917995444191344
1 0.6233038348082596 0.5619589977220957 0.17404129793510326 0.03781321184510251
1 0.12389380530973451 0.6050113895216401 0.09085545722713864 0.03644646924829157
1 0.6837758112094395 0.9184510250569476 0.06017699115044248 0.04009111617312073
1 0.33303834808259586 0.8535307517084283 0.052507374631268436 0.03781321184510251
1 0.7247787610619469 0.6052391799544419 0.07492625368731563 0.03234624145785877
1 0.7766961651917405 0.6763097949886104 0.1079646017699115 0.03690205011389522