1 0.38382352941176473 0.6852272727272727 0.17 0.03954545454545454
1 0.7644117647058823 0.86 0.07352941176470588 0.04818181818181818
1 0.8561764705882353 0.9229545454545455 0.07823529411764706 0.04772727272727273
1 0.41970588235294115 0.9245454545454546 0.0688235294117647 0.04363636363636364
1 0.4252941176470588 0.5293181818181818 0.2541176470588235 0.042272727272727274
1 0.4152941176470588 0.6131818181818182 0.23411764705882354 0.04090909090909091
1 0.4117647058823529 0.4581818181818182 0.21411764705882352 0.038181818181818185
1 0.49 0.6893181818181818 0.041176470588235294 0.03681818181818182
1 0.115 0.6795454545454546 0.0688235294117647 0.04181818181818182
1 0.11441176470588235 0.36772727272727274 0.09117647058823529 0.038181818181818185
1 0.12794117647058822 0.4618181818181818 0.09 0.03727272727272727
1 0.16176470588235295 0.9252272727272727 0.06 0.04409090909090909
1 0.16117647058823528 0.8590909090909091 0.06941176470588235 0.03636363636363636
1 0.10852941176470589 0.5252272727272728 0.08294117647058824 0.03681818181818182
1 0.6008823529411764 0.6129545454545454 0.09941176470588235 0.04045454545454545
1 0.6179411764705882 0.5270454545454546 0.12294117647058823 0.04045454545454545
1 0.25176470588235295 0.9252272727272727 0.08470588235294117 0.038636363636363635
1 0.7611764705882353 0.9256818181818182 0.06352941176470588 0.045
1 0.6020588235294118 0.37136363636363634 0.12411764705882353 0.03636363636363636
1 0.5947058823529412 0.45840909090909093 0.1223529411764706 0.03681818181818182
1 0.4252941176470588 0.8579545454545454 0.08470588235294117 0.041363636363636366
1 0.5970588235294118 0.9222727272727272 0.07294117647058823 0.04363636363636364
1 0.4576470588235294 0.5693181818181818 0.3247058823529412 0.04045454545454545
1 0.12941176470588237 0.4106818181818182 0.08705882352941176 0.038636363636363635
1 0.10941176470588235 0.5727272727272728 0.07176470588235294 0.03636363636363636
1 0.7102941176470589 0.5702272727272727 0.15823529411764706 0.042272727272727274
1 0.5091176470588236 0.9265909090909091 0.07 0.049545454545454545
1 0.8511764705882353 0.8613636363636363 0.08588235294117647 0.045454545454545456
1 0.6835294117647058 0.8586363636363636 0.08235294117647059 0.04181818181818182
1 0.12352941176470589 0.7675 0.08235294117647059 0.04045454545454545
1 0.11941176470588236 0.7236363636363636 0.07294117647058823 0.045454545454545456
1 0.6470588235294118 0.4075 0.1635294117647059 0.03772727272727273
1 0.5964705882352941 0.8581818181818182 0.07058823529411765 0.04181818181818182
1 0.5117647058823529 0.8575 0.07764705882352942 0.042272727272727274
1 0.4147058823529412 0.37 0.2223529411764706 0.038181818181818185
1 0.11411764705882353 0.6088636363636364 0.08235294117647059 0.038636363636363635
1 0.6847058823529412 0.9265909090909091 0.07411764705882352 0.04409090909090909
1 0.33941176470588236 0.8581818181818182 0.06941176470588235 0.045454545454545456
1 0.4223529411764706 0.41295454545454546 0.2411764705882353 0.04045454545454545
1 0.3905882352941176 0.7284090909090909 0.19647058823529412 0.042272727272727274
1 0.3014705882352941 0.035454545454545454 0.03588235294117647 0.023636363636363636
1 0.5538235294117647 0.03727272727272727 0.09117647058823529 0.023636363636363636
1 0.3714705882352941 0.7727272727272727 0.14882352941176472 0.03727272727272727
1 0.5138235294117647 0.73 0.04647058823529412 0.042727272727272725
1 0.47058823529411764 0.7793181818181818 0.052941176470588235 0.049545454545454545
1 0.5697058823529412 0.6859090909090909 0.11588235294117646 0.04181818181818182
1 0.6079411764705882 0.7268181818181818 0.14411764705882352 0.04727272727272727
1 0.5444117647058824 0.7743181818181818 0.10529411764705883 0.03772727272727273
1 0.25088235294117645 0.8577272727272728 0.08294117647058824 0.04
1 0.3326470588235294 0.9252272727272727 0.08529411764705883 0.05227272727272727