1 0.45529411764705885 0.6822727272727273 0.2788235294117647 0.04363636363636364
1 0.7694117647058824 0.8581818181818182 0.06941176470588235 0.042727272727272725
1 0.8655882352941177 0.925 0.07823529411764706 0.04363636363636364
1 0.5838235294117647 0.6084090909090909 0.14176470588235293 0.035
1 0.4323529411764706 0.9265909090909091 0.08470588235294117 0.038636363636363635
1 0.855 0.8593181818181819 0.0688235294117647 0.04318181818181818
1 0.4023529411764706 0.6068181818181818 0.1811764705882353 0.035454545454545454
1 0.4520588235294118 0.40954545454545455 0.28411764705882353 0.04
1 0.40088235294117647 0.44886363636363635 0.18058823529411766 0.03681818181818182
1 0.6864705882352942 0.6825 0.17529411764705882 0.041363636363636366
1 0.4373529411764706 0.7225 0.25470588235294117 0.03954545454545454
1 0.8147058823529412 0.5229545454545454 0.13176470588235295 0.03954545454545454
1 0.10176470588235294 0.6815909090909091 0.07647058823529412 0.03772727272727273
1 0.10529411764705883 0.4515909090909091 0.09176470588235294 0.038636363636363635
1 0.7294117647058823 0.5665909090909091 0.04352941176470588 0.03590909090909091
1 0.115 0.3693181818181818 0.09941176470588235 0.038636363636363635
1 0.6605882352941177 0.7220454545454545 0.1635294117647059 0.03772727272727273
1 0.17058823529411765 0.9286363636363636 0.07529411764705882 0.042727272727272725
1 0.34205882352941175 0.9277272727272727 0.06764705882352941 0.03909090909090909
1 0.1723529411764706 0.855909090909091 0.07411764705882352 0.04090909090909091
1 0.7385294117647059 0.7659090909090909 0.08294117647058824 0.035454545454545454
1 0.4158823529411765 0.5220454545454546 0.21058823529411766 0.03772727272727273
1 0.10352941176470588 0.5265909090909091 0.08352941176470588 0.035
1 0.683235294117647 0.6090909090909091 0.03705882352941176 0.03272727272727273
1 0.2576470588235294 0.8590909090909091 0.07411764705882352 0.04181818181818182
1 0.2597058823529412 0.9275 0.07352941176470588 0.041363636363636366
1 0.3941176470588235 0.7675 0.16823529411764707 0.03590909090909091
1 0.7717647058823529 0.9256818181818182 0.07882352941176471 0.041363636363636366
1 0.26941176470588235 0.03159090909090909 0.03294117647058824 0.025
1 0.5561764705882353 0.77 0.11588235294117646 0.03363636363636364
1 0.4294117647058823 0.8572727272727273 0.06588235294117648 0.042727272727272725
1 0.606764705882353 0.9247727272727273 0.07705882352941176 0.04318181818181818
1 0.41 0.5697727272727273 0.1976470588235294 0.03772727272727273
1 0.5991176470588235 0.8577272727272728 0.07352941176470588 0.042727272727272725
1 0.11205882352941177 0.4052272727272727 0.09470588235294118 0.03590909090909091
1 0.10147058823529412 0.5681818181818182 0.08294117647058824 0.03727272727272727
1 0.6097058823529412 0.5659090909090909 0.16176470588235295 0.03727272727272727
1 0.5688235294117647 0.04068181818181818 0.12941176470588237 0.021363636363636362
1 0.6176470588235294 0.5218181818181818 0.16941176470588235 0.038181818181818185
1 0.8164705882352942 0.5672727272727273 0.11764705882352941 0.035454545454545454
1 0.5135294117647059 0.9259090909090909 0.07882352941176471 0.04
1 0.8914705882352941 0.6813636363636364 0.11705882352941177 0.04090909090909091
1 0.6911764705882353 0.8577272727272728 0.08 0.04363636363636364
1 0.8585294117647059 0.7256818181818182 0.14294117647058824 0.03681818181818182
1 0.09205882352941176 0.7697727272727273 0.06647058823529411 0.035
1 0.0961764705882353 0.7234090909090909 0.07470588235294118 0.03681818181818182
1 0.7320588235294118 0.5277272727272727 0.04764705882352941 0.034545454545454546
1 0.6505882352941177 0.7659090909090909 0.03882352941176471 0.03727272727272727
1 0.515 0.8572727272727273 0.07705882352941176 0.04181818181818182
1 0.09823529411764706 0.6054545454545455 0.07882352941176471 0.038181818181818185
1 0.45441176470588235 0.3675 0.2876470588235294 0.038636363636363635
1 0.3376470588235294 0.8588636363636364 0.06352941176470588 0.04045454545454545
1 0.7479411764705882 0.61 0.07470588235294118 0.03090909090909091
1 0.8047058823529412 0.6843181818181818 0.05647058823529412 0.03318181818181818
1 0.7647058823529411 0.7247727272727272 0.036470588235294116 0.03772727272727273
1 0.6902941176470588 0.9270454545454545 0.07 0.03681818181818182