1 0.4038235294117647 0.6840909090909091 0.21588235294117647 0.038181818181818185
1 0.7620588235294118 0.8575 0.054705882352941174 0.04045454545454545
1 0.8420588235294117 0.9256818181818182 0.05823529411764706 0.03954545454545454
1 0.4152941176470588 0.93 0.05647058823529412 0.03636363636363636
1 0.8411764705882353 0.8579545454545454 0.05411764705882353 0.041363636363636366
1 0.6044117647058823 0.7729545454545454 0.12411764705882353 0.03227272727272727
1 0.6152941176470588 0.6827272727272727 0.14352941176470588 0.03090909090909091
1 0.44676470588235295 0.7261363636363637 0.2958823529411765 0.035
1 0.43676470588235294 0.40613636363636363 0.2688235294117647 0.03681818181818182
1 0.11352941176470588 0.6779545454545455 0.09411764705882353 0.03681818181818182
1 0.7102941176470589 0.5252272727272728 0.1723529411764706 0.03954545454545454
1 0.09852941176470588 0.4459090909090909 0.08411764705882353 0.038181818181818185
1 0.16088235294117648 0.9277272727272727 0.06647058823529411 0.03727272727272727
1 0.74 0.5684090909090909 0.17882352941176471 0.038636363636363635
1 0.32941176470588235 0.9238636363636363 0.05529411764705883 0.03681818181818182
1 0.15176470588235294 0.8604545454545455 0.05411764705882353 0.042727272727272725
1 0.6938235294117647 0.7238636363636364 0.17470588235294118 0.038636363636363635
1 0.6011764705882353 0.4556818181818182 0.10352941176470588 0.035
1 0.45029411764705884 0.5259090909090909 0.30411764705882355 0.038181818181818185
1 0.10588235294117647 0.5222727272727272 0.08588235294117647 0.035454545454545454
1 0.64 0.6120454545454546 0.1411764705882353 0.035
1 0.24235294117647058 0.8597727272727272 0.0611764705882353 0.038636363636363635
1 0.24558823529411763 0.9245454545454546 0.05235294117647059 0.038181818181818185
1 0.41558823529411765 0.7729545454545454 0.23588235294117646 0.031363636363636364
1 0.7597058823529412 0.9236363636363636 0.05352941176470588 0.03909090909090909
1 0.10588235294117647 0.3665909090909091 0.08352941176470588 0.03590909090909091
1 0.4123529411764706 0.86 0.04588235294117647 0.04
1 0.5847058823529412 0.9268181818181818 0.05176470588235294 0.03909090909090909
1 0.46558823529411764 0.5704545454545454 0.3417647058823529 0.03727272727272727
1 0.5852941176470589 0.8577272727272728 0.06352941176470588 0.04181818181818182
1 0.0988235294117647 0.4068181818181818 0.08470588235294117 0.03727272727272727
1 0.10558823529411765 0.5665909090909091 0.08058823529411764 0.03590909090909091
1 0.5520588235294117 0.03636363636363636 0.10058823529411764 0.023636363636363636
1 0.6694117647058824 0.4125 0.16470588235294117 0.03590909090909091
1 0.5008823529411764 0.9270454545454545 0.05588235294117647 0.03954545454545454
1 0.6797058823529412 0.8570454545454546 0.0688235294117647 0.04045454545454545
1 0.5882352941176471 0.37 0.11058823529411765 0.03636363636363636
1 0.40794117647058825 0.4547727272727273 0.22764705882352942 0.035
1 0.11058823529411765 0.7659090909090909 0.09411764705882353 0.03727272727272727
1 0.10941176470588235 0.7227272727272728 0.09058823529411765 0.03727272727272727
1 0.4988235294117647 0.8577272727272728 0.052941176470588235 0.04181818181818182
1 0.40441176470588236 0.36568181818181816 0.19823529411764707 0.038636363636363635
1 0.10294117647058823 0.605909090909091 0.08588235294117647 0.03727272727272727
1 0.6726470588235294 0.9279545454545455 0.05941176470588235 0.041363636363636366
1 0.325 0.86 0.0488235294117647 0.03909090909090909
1 0.3226470588235294 0.03636363636363636 0.0688235294117647 0.03
1 0.4285294117647059 0.6147727272727272 0.25941176470588234 0.035