1 0.7570588235294118 0.8577272727272728 0.06823529411764706 0.04090909090909091
1 0.8438235294117648 0.9270454545454545 0.0711764705882353 0.03590909090909091
1 0.831764705882353 0.5761363636363637 0.14941176470588236 0.04318181818181818
1 0.4126470588235294 0.9254545454545454 0.06764705882352941 0.04
1 0.553235294117647 0.5325 0.17 0.03318181818181818
1 0.36411764705882355 0.6163636363636363 0.12352941176470589 0.03
1 0.7447058823529412 0.7759090909090909 0.10705882352941176 0.03
1 0.701764705882353 0.7290909090909091 0.20823529411764705 0.04090909090909091
1 0.43676470588235294 0.7277272727272728 0.2723529411764706 0.04181818181818182
1 0.45705882352941174 0.37204545454545457 0.2811764705882353 0.035
1 0.8102941176470588 0.5313636363636364 0.13588235294117648 0.038181818181818185
1 0.435 0.41045454545454546 0.2747058823529412 0.042727272727272725
1 0.10764705882352942 0.6781818181818182 0.0976470588235294 0.038181818181818185
1 0.1 0.44727272727272727 0.07882352941176471 0.03636363636363636
1 0.4076470588235294 0.6845454545454546 0.21058823529411766 0.04090909090909091
1 0.716764705882353 0.5734090909090909 0.03470588235294118 0.03409090909090909
1 0.10705882352941176 0.36204545454545456 0.08941176470588236 0.03954545454545454
1 0.62 0.6813636363636364 0.15529411764705883 0.03636363636363636
1 0.14588235294117646 0.9218181818181819 0.05411764705882353 0.04181818181818182
1 0.3276470588235294 0.9256818181818182 0.06705882352941177 0.038636363636363635
1 0.15529411764705883 0.8575 0.06352941176470588 0.042272727272727274
1 0.7544117647058823 0.6163636363636363 0.12764705882352942 0.034545454545454546
1 0.37558823529411767 0.5309090909090909 0.13117647058823528 0.03363636363636364
1 0.10264705882352941 0.5218181818181818 0.09235294117647058 0.04
1 0.8697058823529412 0.37477272727272726 0.08529411764705883 0.029545454545454545
1 0.3855882352941176 0.7743181818181818 0.18411764705882352 0.029545454545454545
1 0.7585294117647059 0.9245454545454546 0.07235294117647059 0.04
1 0.31 0.035454545454545454 0.03529411764705882 0.02090909090909091
1 0.558235294117647 0.7743181818181818 0.14 0.03227272727272727
1 0.7070588235294117 0.37477272727272726 0.14705882352941177 0.03681818181818182
1 0.6129411764705882 0.4681818181818182 0.03176470588235294 0.025454545454545455
1 0.41 0.8568181818181818 0.06235294117647059 0.04
1 0.5864705882352941 0.9268181818181818 0.0611764705882353 0.03727272727272727
1 0.3811764705882353 0.5684090909090909 0.14588235294117646 0.03681818181818182
1 0.5358823529411765 0.6193181818181818 0.14941176470588236 0.029545454545454545
1 0.5808823529411765 0.8622727272727273 0.05588235294117647 0.03909090909090909
1 0.10205882352941177 0.40545454545454546 0.08529411764705883 0.03727272727272727
1 0.10264705882352941 0.5675 0.08647058823529412 0.03772727272727273
1 0.5726470588235294 0.5713636363636364 0.1935294117647059 0.038181818181818185
1 0.5735294117647058 0.037954545454545456 0.12470588235294118 0.019545454545454546
1 0.7629411764705882 0.4152272727272727 0.03294117647058824 0.03409090909090909
1 0.7447058823529412 0.6806818181818182 0.04 0.029545454545454545
1 0.5008823529411764 0.9254545454545454 0.06647058823529411 0.04181818181818182
1 0.8141176470588235 0.6802272727272727 0.06941176470588235 0.028636363636363637
1 0.6588235294117647 0.4131818181818182 0.15058823529411763 0.03909090909090909
1 0.895 0.7320454545454546 0.09588235294117647 0.03681818181818182
1 0.3938235294117647 0.4597727272727273 0.18411764705882352 0.031363636363636364
1 0.10294117647058823 0.7654545454545455 0.0976470588235294 0.03727272727272727
1 0.11029411764705882 0.7222727272727273 0.10529411764705883 0.03909090909090909
1 0.5429411764705883 0.4615909090909091 0.10588235294117647 0.026818181818181817
1 0.6617647058823529 0.7811363636363636 0.03176470588235294 0.02590909090909091
1 0.4958823529411765 0.8590909090909091 0.06 0.04
1 0.7058823529411765 0.5318181818181819 0.041176470588235294 0.03
1 0.8311764705882353 0.4177272727272727 0.08941176470588236 0.035454545454545454
1 0.6555882352941177 0.6279545454545454 0.025294117647058825 0.02409090909090909
1 0.10029411764705883 0.610909090909091 0.08764705882352941 0.038181818181818185
1 0.6694117647058824 0.9247727272727273 0.06235294117647059 0.04045454545454545
1 0.32823529411764707 0.8568181818181818 0.06941176470588235 0.03727272727272727
1 0.8020588235294117 0.3759090909090909 0.04058823529411765 0.03090909090909091
1 0.6826470588235294 0.4647727272727273 0.07588235294117647 0.02409090909090909
1 0.8297058823529412 0.7279545454545454 0.03235294117647059 0.03590909090909091
1 0.24323529411764705 0.8570454545454546 0.06647058823529411 0.04045454545454545
1 0.6614705882352941 0.8606818181818182 0.04764705882352941 0.04045454545454545