1 0.37941176470588234 0.6879545454545455 0.12352941176470589 0.038636363636363635
1 0.5564705882352942 0.7334090909090909 0.04 0.03590909090909091
1 0.7614705882352941 0.8618181818181818 0.061764705882352944 0.03727272727272727
1 0.8408823529411765 0.9290909090909091 0.05941176470588235 0.038181818181818185
1 0.40941176470588236 0.9288636363636363 0.05647058823529412 0.038636363636363635
1 0.5511764705882353 0.5315909090909091 0.12 0.04318181818181818
1 0.8438235294117648 0.8670454545454546 0.057058823529411766 0.038636363636363635
1 0.36764705882352944 0.6172727272727273 0.1376470588235294 0.03909090909090909
1 0.4244117647058824 0.3709090909090909 0.21588235294117647 0.04363636363636364
1 0.6702941176470588 0.7306818181818182 0.1535294117647059 0.03772727272727273
1 0.4711764705882353 0.6997727272727273 0.041176470588235294 0.031363636363636364
1 0.6614705882352941 0.6177272727272727 0.07823529411764706 0.031818181818181815
1 0.3076470588235294 0.03568181818181818 0.04352941176470588 0.026818181818181817
1 0.7438235294117647 0.5368181818181819 0.07588235294117647 0.03909090909090909
1 0.09823529411764706 0.6795454545454546 0.07647058823529412 0.03909090909090909
1 0.11088235294117647 0.4509090909090909 0.11588235294117646 0.04181818181818182
1 0.6502941176470588 0.576590909090909 0.18529411764705883 0.041363636363636366
1 0.48323529411764704 0.7834090909090909 0.03705882352941176 0.038636363636363635
1 0.1535294117647059 0.925 0.05647058823529412 0.04
1 0.7658823529411765 0.5831818181818181 0.03764705882352941 0.03636363636363636
1 0.32588235294117646 0.9252272727272727 0.0611764705882353 0.03772727272727273
1 0.15323529411764705 0.8568181818181818 0.05235294117647059 0.03909090909090909
1 0.5879411764705882 0.4606818181818182 0.10529411764705883 0.04045454545454545
1 0.09705882352941177 0.5225 0.1011764705882353 0.038636363636363635
1 0.8197058823529412 0.3784090909090909 0.10764705882352942 0.03409090909090909
1 0.24235294117647058 0.8577272727272728 0.05176470588235294 0.038181818181818185
1 0.2373529411764706 0.925 0.051176470588235295 0.038181818181818185
1 0.3711764705882353 0.7736363636363637 0.14352941176470588 0.04
1 0.7547058823529412 0.9286363636363636 0.05411764705882353 0.03909090909090909
1 0.11147058823529411 0.36363636363636365 0.10411764705882352 0.03909090909090909
1 0.5732352941176471 0.7790909090909091 0.09588235294117647 0.03636363636363636
1 0.6358823529411765 0.41818181818181815 0.15058823529411763 0.03636363636363636
1 0.6294117647058823 0.37477272727272726 0.1388235294117647 0.04045454545454545
1 0.41911764705882354 0.4177272727272727 0.21823529411764706 0.034545454545454546
1 0.41323529411764703 0.8604545454545455 0.054705882352941174 0.03909090909090909
1 0.581764705882353 0.9286363636363636 0.05647058823529412 0.038181818181818185
1 0.10647058823529412 0.5672727272727273 0.11411764705882353 0.04454545454545455
1 0.3870588235294118 0.5286363636363637 0.15529411764705883 0.042727272727272725
1 0.4167647058823529 0.5727272727272728 0.22647058823529412 0.04
1 0.5220588235294118 0.6193181818181818 0.12058823529411765 0.03318181818181818
1 0.5844117647058824 0.8611363636363636 0.060588235294117644 0.038636363636363635
1 0.11529411764705882 0.4075 0.12470588235294118 0.04318181818181818
1 0.5529411764705883 0.042272727272727274 0.0988235294117647 0.03
1 0.7461764705882353 0.4625 0.09235294117647058 0.03318181818181818
1 0.4938235294117647 0.9286363636363636 0.06294117647058824 0.03909090909090909
1 0.6729411764705883 0.8604545454545455 0.05764705882352941 0.03909090909090909
1 0.5691176470588235 0.6890909090909091 0.11823529411764706 0.03909090909090909
1 0.8452941176470589 0.5734090909090909 0.10588235294117647 0.03681818181818182
1 0.39205882352941174 0.45886363636363636 0.17352941176470588 0.041363636363636366
1 0.0961764705882353 0.7615909090909091 0.08176470588235295 0.03772727272727273
1 0.7420588235294118 0.4222727272727273 0.03 0.03272727272727273
1 0.4961764705882353 0.8618181818181818 0.04764705882352941 0.038181818181818185
1 0.6620588235294118 0.47204545454545455 0.028823529411764706 0.03681818181818182
1 0.8329411764705882 0.4213636363636364 0.11764705882352941 0.03636363636363636
1 0.6032352941176471 0.6215909090909091 0.027647058823529413 0.035
1 0.10647058823529412 0.6104545454545455 0.1188235294117647 0.04363636363636364
1 0.6667647058823529 0.9297727272727273 0.05588235294117647 0.03954545454545454
1 0.32323529411764707 0.8584090909090909 0.051176470588235295 0.03954545454545454
1 0.09941176470588235 0.7188636363636364 0.07882352941176471 0.038636363636363635
1 0.7373529411764705 0.3825 0.039411764705882354 0.03590909090909091
1 0.6579411764705883 0.5445454545454546 0.051176470588235295 0.035454545454545454
1 0.4126470588235294 0.7284090909090909 0.22058823529411764 0.04318181818181818