1 0.7647058823529411 0.8590909090909091 0.04941176470588235 0.04181818181818182
1 0.8514705882352941 0.9256818181818182 0.05823529411764706 0.038636363636363635
1 0.5638235294117647 0.6184090909090909 0.12529411764705883 0.03681818181818182
1 0.4235294117647059 0.9265909090909091 0.052941176470588235 0.03772727272727273
1 0.845 0.8572727272727273 0.04058823529411765 0.04181818181818182
1 0.39088235294117646 0.6227272727272727 0.1711764705882353 0.046363636363636364
1 0.42823529411764705 0.4159090909090909 0.24941176470588236 0.038181818181818185
1 0.39323529411764707 0.7261363636363637 0.1711764705882353 0.03681818181818182
1 0.8058823529411765 0.5279545454545455 0.07411764705882352 0.031363636363636364
1 0.10882352941176471 0.6877272727272727 0.07058823529411765 0.03636363636363636
1 0.1038235294117647 0.4631818181818182 0.08294117647058824 0.03636363636363636
1 0.10058823529411764 0.3718181818181818 0.08352941176470588 0.035454545454545454
1 0.5164705882352941 0.7727272727272727 0.15764705882352942 0.034545454545454546
1 0.62 0.7315909090909091 0.2541176470588235 0.03590909090909091
1 0.15794117647058822 0.9302272727272727 0.045294117647058825 0.038636363636363635
1 0.33647058823529413 0.9259090909090909 0.052941176470588235 0.03636363636363636
1 0.16323529411764706 0.86 0.061764705882352944 0.03727272727272727
1 0.10970588235294118 0.5254545454545455 0.08294117647058824 0.034545454545454546
1 0.6661764705882353 0.6238636363636364 0.026470588235294117 0.03227272727272727
1 0.24382352941176472 0.8588636363636364 0.039411764705882354 0.038636363636363635
1 0.25323529411764706 0.9263636363636364 0.05235294117647059 0.03636363636363636
1 0.3614705882352941 0.7727272727272727 0.1111764705882353 0.03363636363636364
1 0.31 0.03954545454545454 0.03529411764705882 0.026363636363636363
1 0.6420588235294118 0.41 0.12411764705882353 0.035454545454545454
1 0.4164705882352941 0.8604545454545455 0.03764705882352941 0.04
1 0.5858823529411765 0.9288636363636363 0.05411764705882353 0.04045454545454545
1 0.41558823529411765 0.5315909090909091 0.2288235294117647 0.03681818181818182
1 0.6141176470588235 0.5311363636363636 0.1388235294117647 0.04409090909090909
1 0.5952941176470589 0.8590909090909091 0.052941176470588235 0.03727272727272727
1 0.533235294117647 0.04090909090909091 0.07588235294117647 0.023636363636363636
1 0.6879411764705883 0.6909090909090909 0.07470588235294118 0.03272727272727273
1 0.5055882352941177 0.9261363636363636 0.04294117647058823 0.041363636363636366
1 0.6767647058823529 0.8584090909090909 0.04764705882352941 0.04045454545454545
1 0.44529411764705884 0.37022727272727274 0.3 0.03681818181818182
1 0.5070588235294118 0.6886363636363636 0.13294117647058823 0.03909090909090909
1 0.8561764705882353 0.7256818181818182 0.11352941176470588 0.03590909090909091
1 0.4052941176470588 0.46045454545454545 0.20941176470588235 0.04
1 0.11382352941176471 0.7672727272727272 0.07588235294117647 0.03363636363636364
1 0.10676470588235294 0.7297727272727272 0.07235294117647059 0.03590909090909091
1 0.6938235294117647 0.3718181818181818 0.15235294117647058 0.035454545454545454
1 0.5820588235294117 0.46 0.09941176470588235 0.034545454545454546
1 0.6164705882352941 0.6922727272727273 0.029411764705882353 0.034545454545454546
1 0.5044117647058823 0.8595454545454545 0.03823529411764706 0.04
1 0.8852941176470588 0.5690909090909091 0.10941176470588235 0.038181818181818185
1 0.11147058823529411 0.6136363636363636 0.08764705882352941 0.035454545454545454
1 0.6820588235294117 0.9261363636363636 0.05823529411764706 0.038636363636363635
1 0.3332352941176471 0.86 0.04058823529411765 0.04
1 0.6994117647058824 0.571590909090909 0.17058823529411765 0.038636363636363635
1 0.7752941176470588 0.730909090909091 0.04 0.035454545454545454
1 0.10029411764705883 0.4159090909090909 0.08529411764705883 0.03363636363636364
1 0.115 0.57 0.08176470588235295 0.03636363636363636
1 0.7252941176470589 0.5395454545454546 0.03058823529411765 0.028181818181818183
1 0.45441176470588235 0.5729545454545455 0.30176470588235293 0.038636363636363635
1 0.7482352941176471 0.6179545454545454 0.09411764705882353 0.03772727272727273
1 0.8108823529411765 0.5711363636363637 0.031176470588235295 0.03590909090909091
1 0.37029411764705883 0.6863636363636364 0.10647058823529412 0.03727272727272727
1 0.6526470588235294 0.7815909090909091 0.05235294117647059 0.04045454545454545
1 0.7597058823529412 0.7768181818181819 0.09 0.02727272727272727