1 0.39088235294117646 0.6822727272727273 0.1723529411764706 0.03727272727272727
1 0.7635294117647059 0.8622727272727273 0.07764705882352942 0.04090909090909091
1 0.8485294117647059 0.9304545454545454 0.0711764705882353 0.03909090909090909
1 0.5573529411764706 0.5747727272727273 0.11823529411764706 0.03409090909090909
1 0.41294117647058826 0.9268181818181818 0.0611764705882353 0.03909090909090909
1 0.5291176470588236 0.5279545454545455 0.12294117647058823 0.03681818181818182
1 0.3714705882352941 0.6134090909090909 0.14058823529411765 0.03772727272727273
1 0.39558823529411763 0.45636363636363636 0.17823529411764705 0.03636363636363636
1 0.4108823529411765 0.7263636363636363 0.21470588235294116 0.03727272727272727
1 0.7005882352941176 0.5315909090909091 0.10235294117647059 0.03409090909090909
1 0.42205882352941176 0.4115909090909091 0.22764705882352942 0.041363636363636366
1 0.10029411764705883 0.68 0.07352941176470588 0.035454545454545454
1 0.10705882352941176 0.4525 0.08 0.03681818181818182
1 0.6179411764705882 0.7295454545454545 0.16647058823529412 0.03636363636363636
1 0.14941176470588236 0.9265909090909091 0.052941176470588235 0.03772727272727273
1 0.32588235294117646 0.9272727272727272 0.058823529411764705 0.03909090909090909
1 0.14558823529411766 0.8588636363636364 0.04764705882352941 0.03318181818181818
1 0.105 0.5231818181818182 0.08176470588235295 0.034545454545454546
1 0.6264705882352941 0.6195454545454545 0.07882352941176471 0.03090909090909091
1 0.6247058823529412 0.5361363636363636 0.029411764705882353 0.03318181818181818
1 0.24382352941176472 0.925 0.06647058823529411 0.038181818181818185
1 0.3761764705882353 0.7718181818181818 0.14529411764705882 0.035454545454545454
1 0.7602941176470588 0.9286363636363636 0.061764705882352944 0.03909090909090909
1 0.10764705882352942 0.3659090909090909 0.07294117647058823 0.035454545454545454
1 0.5158823529411765 0.7688636363636364 0.10823529411764705 0.03409090909090909
1 0.6123529411764705 0.41113636363636363 0.1188235294117647 0.03590909090909091
1 0.5961764705882353 0.3734090909090909 0.11823529411764706 0.03681818181818182
1 0.41205882352941176 0.8572727272727273 0.06294117647058824 0.03909090909090909
1 0.5920588235294117 0.9256818181818182 0.06529411764705882 0.04045454545454545
1 0.09911764705882353 0.5656818181818182 0.07235294117647059 0.03318181818181818
1 0.37676470588235295 0.5286363636363637 0.15 0.03727272727272727
1 0.5841176470588235 0.8595454545454545 0.052941176470588235 0.04090909090909091
1 0.10441176470588236 0.4056818181818182 0.07823529411764706 0.03681818181818182
1 0.5608823529411765 0.045 0.07352941176470588 0.024545454545454544
1 0.7135294117647059 0.5729545454545455 0.10235294117647059 0.03409090909090909
1 0.49911764705882355 0.9263636363636364 0.061764705882352944 0.04
1 0.846764705882353 0.8675 0.07 0.04681818181818182
1 0.6673529411764706 0.8640909090909091 0.054705882352941174 0.03363636363636364
1 0.5732352941176471 0.6879545454545455 0.14411764705882352 0.03681818181818182
1 0.09323529411764706 0.7670454545454546 0.07470588235294118 0.03590909090909091
1 0.09529411764705882 0.7247727272727272 0.07529411764705882 0.03681818181818182
1 0.5523529411764706 0.4556818181818182 0.09411764705882353 0.03318181818181818
1 0.5005882352941177 0.8586363636363636 0.06588235294117648 0.03909090909090909
1 0.6408823529411765 0.5722727272727273 0.025294117647058825 0.031818181818181815
1 0.5647058823529412 0.6168181818181818 0.023529411764705882 0.03
1 0.4097058823529412 0.3679545454545455 0.20176470588235293 0.038636363636363635
1 0.4958823529411765 0.6143181818181818 0.09647058823529411 0.03590909090909091
1 0.09058823529411765 0.6079545454545454 0.07529411764705882 0.03590909090909091
1 0.6705882352941176 0.9293181818181818 0.052941176470588235 0.04045454545454545
1 0.32676470588235296 0.8577272727272728 0.06294117647058824 0.03909090909090909
1 0.3038235294117647 0.03681818181818182 0.04294117647058823 0.01818181818181818
1 0.3941176470588235 0.5702272727272727 0.18941176470588236 0.038636363636363635
1 0.2376470588235294 0.8593181818181819 0.0611764705882353 0.03954545454545454