1 0.4308823529411765 0.6770454545454545 0.2747058823529412 0.038636363636363635
1 0.4335294117647059 0.39886363636363636 0.27294117647058824 0.03772727272727273
1 0.7588235294117647 0.8563636363636363 0.07764705882352942 0.04454545454545455
1 0.8479411764705882 0.9254545454545454 0.07588235294117647 0.04090909090909091
1 0.4061764705882353 0.9211363636363636 0.06647058823529411 0.03954545454545454
1 0.8502941176470589 0.8538636363636364 0.08294117647058824 0.04409090909090909
1 0.3847058823529412 0.6077272727272728 0.17882352941176471 0.03090909090909091
1 0.7888235294117647 0.7231818181818181 0.3423529411764706 0.035454545454545454
1 0.815 0.4072727272727273 0.026470588235294117 0.035454545454545454
1 0.09588235294117647 0.6702272727272728 0.07882352941176471 0.03590909090909091
1 0.10088235294117646 0.4415909090909091 0.09 0.03590909090909091
1 0.4497058823529412 0.7195454545454546 0.3029411764705882 0.03909090909090909
1 0.10558823529411765 0.35818181818181816 0.07941176470588235 0.035454545454545454
1 0.15235294117647058 0.9190909090909091 0.06941176470588235 0.04090909090909091
1 0.32323529411764707 0.9190909090909091 0.06294117647058824 0.04
1 0.155 0.8497727272727272 0.07 0.038636363636363635
1 0.4273529411764706 0.5159090909090909 0.2511764705882353 0.03909090909090909
1 0.9002941176470588 0.36477272727272725 0.09117647058823529 0.03681818181818182
1 0.24088235294117646 0.8518181818181818 0.06647058823529411 0.04
1 0.23911764705882352 0.9181818181818182 0.06529411764705882 0.04
1 0.3708823529411765 0.7656818181818181 0.1652941176470588 0.031363636363636364
1 0.7517647058823529 0.9215909090909091 0.06 0.041363636363636366
1 0.3002941176470588 0.02590909090909091 0.05 0.025454545454545455
1 0.5467647058823529 0.7704545454545455 0.17470588235294118 0.025454545454545455
1 0.6823529411764706 0.4031818181818182 0.21176470588235294 0.03727272727272727
1 0.6891176470588235 0.36363636363636365 0.1864705882352941 0.03636363636363636
1 0.5955882352941176 0.4495454545454545 0.06764705882352941 0.03090909090909091
1 0.40558823529411764 0.8522727272727273 0.061764705882352944 0.04
1 0.5829411764705882 0.9215909090909091 0.06588235294117648 0.038636363636363635
1 0.4914705882352941 0.5622727272727273 0.3876470588235294 0.035454545454545454
1 0.5458823529411765 0.6072727272727273 0.13529411764705881 0.03363636363636364
1 0.49176470588235294 0.4552272727272727 0.08823529411764706 0.03227272727272727
1 0.5844117647058824 0.8561363636363636 0.07235294117647059 0.04318181818181818
1 0.10323529411764706 0.39454545454545453 0.09 0.03636363636363636
1 0.095 0.5602272727272727 0.08058823529411764 0.03681818181818182
1 0.4979411764705882 0.9218181818181819 0.0688235294117647 0.038181818181818185
1 0.8226470588235294 0.3675 0.05588235294117647 0.03227272727272727
1 0.3673529411764706 0.4470454545454545 0.14176470588235293 0.031363636363636364
1 0.10323529411764706 0.7559090909090909 0.09470588235294118 0.034545454545454546
1 0.6661764705882353 0.855909090909091 0.05941176470588235 0.04090909090909091
1 0.48911764705882355 0.8529545454545454 0.051176470588235295 0.03954545454545454
1 0.6882352941176471 0.5215909090909091 0.2188235294117647 0.03954545454545454
1 0.8917647058823529 0.40954545454545455 0.11176470588235295 0.031818181818181815
1 0.7282352941176471 0.6827272727272727 0.28705882352941176 0.03363636363636364
1 0.44 0.35659090909090907 0.27058823529411763 0.03681818181818182
1 0.09529411764705882 0.5984090909090909 0.08823529411764706 0.03590909090909091
1 0.6694117647058824 0.9227272727272727 0.06823529411764706 0.03909090909090909
1 0.3270588235294118 0.850909090909091 0.07058823529411765 0.04
1 0.8097058823529412 0.5675 0.24176470588235294 0.03409090909090909
1 0.10088235294117646 0.7152272727272727 0.08764705882352941 0.03409090909090909
1 0.5747058823529412 0.03363636363636364 0.1223529411764706 0.02727272727272727
1 0.5520588235294117 0.4611363636363636 0.02176470588235294 0.023181818181818182
1 0.09705882352941177 0.5147727272727273 0.0811764705882353 0.029545454545454545