1 0.4073746312684366 0.7076888080072793 0.15162241887905606 0.03867151956323931
1 0.7489675516224189 0.8814831665150137 0.04188790560471976 0.04049135577797998
1 0.8392330383480826 0.9444949954504095 0.05132743362831858 0.0373066424021838
1 0.5056047197640118 0.5955414012738853 0.07079646017699115 0.03275705186533212
1 0.41651917404129796 0.944722474977252 0.044837758112094395 0.0359417652411283
1 0.8368731563421828 0.879663330300273 0.04542772861356932 0.03867151956323931
1 0.3734513274336283 0.6344404003639672 0.09557522123893805 0.03503184713375796
1 0.4469026548672566 0.5539126478616925 0.04188790560471976 0.03958143767060965
1 0.6669616519174041 0.8787534121929026 0.04188790560471976 0.036851683348498636
1 0.3882005899705015 0.47929936305732485 0.13215339233038348 0.0359417652411283
1 0.4474926253687316 0.5941765241128298 0.03008849557522124 0.034576888080072796
1 0.4324483775811209 0.6394449499545041 0.03303834808259587 0.03776160145586897
1 0.4 0.43585077343039125 0.15693215339233038 0.034576888080072796
1 0.0976401179941003 0.7047315741583258 0.0607669616519174 0.036396724294813464
1 0.09557522123893805 0.477024567788899 0.05545722713864307 0.033212010919017286
1 0.40825958702064896 0.7511373976342129 0.15339233038348082 0.034576888080072796
1 0.09852507374631268 0.39331210191082805 0.06017699115044248 0.0359417652411283
1 0.15545722713864307 0.9451774340309372 0.04424778761061947 0.03776160145586897
1 0.33008849557522124 0.9435850773430391 0.04542772861356932 0.0373066424021838
1 0.1592920353982301 0.8780709736123748 0.044837758112094395 0.03821656050955414
1 0.3793510324483776 0.5482256596906279 0.11445427728613569 0.03821656050955414
1 0.09380530973451327 0.5495905368516834 0.05545722713864307 0.034576888080072796
1 0.5569321533923304 0.7515923566878981 0.12625368731563422 0.03366696997270246
1 0.24218289085545722 0.87852593266606 0.04188790560471976 0.0373066424021838
1 0.5575221238938053 0.7058689717925387 0.14277286135693215 0.03867151956323931
1 0.24188790560471976 0.9444949954504095 0.04129793510324484 0.0373066424021838
1 0.3985250737463127 0.7925386715195633 0.12212389380530973 0.03548680618744313
1 0.7530973451327434 0.9435850773430391 0.047787610619469026 0.03821656050955414
1 0.29882005899705016 0.06778889899909009 0.04070796460176991 0.022747952684258416
1 0.5348082595870206 0.7925386715195633 0.11032448377581121 0.03548680618744313
1 0.532448377581121 0.4383530482256597 0.07728613569321534 0.03230209281164695
1 0.51976401179941 0.3980891719745223 0.09085545722713864 0.036396724294813464
1 0.40648967551622417 0.879663330300273 0.04601769911504425 0.03867151956323931
1 0.5814159292035398 0.943130118289354 0.04188790560471976 0.0373066424021838
1 0.37964601769911505 0.5932666060054596 0.10914454277286136 0.034576888080072796
1 0.5185840707964602 0.5516378525932666 0.08613569321533923 0.03503184713375796
1 0.4855457227138643 0.6367151956323931 0.07315634218289085 0.03230209281164695
1 0.5820058997050147 0.8798908098271155 0.043067846607669616 0.0373066424021838
1 0.09557522123893805 0.43425841674249316 0.05663716814159292 0.033212010919017286
1 0.09292035398230089 0.5916742493175614 0.05604719764011799 0.034121929026387623
1 0.5451327433628319 0.06801637852593266 0.03775811209439528 0.024112829845313922
1 0.49557522123893805 0.9442675159235668 0.040117994100294985 0.03776160145586897
1 0.10088495575221239 0.7916287534121929 0.06135693215339233 0.034576888080072796
1 0.49852507374631266 0.4802092811646952 0.06843657817109144 0.03139217470427662
1 0.4982300884955752 0.8794358507734303 0.038348082595870206 0.0373066424021838
1 0.3882005899705015 0.39444949954504094 0.143952802359882 0.04094631483166515
1 0.09410029498525074 0.632393084622384 0.05958702064896755 0.034576888080072796
1 0.6640117994100295 0.943130118289354 0.04542772861356932 0.0373066424021838
1 0.32035398230088497 0.8776160145586898 0.04129793510324484 0.0373066424021838
1 0.09882005899705015 0.7495450409463148 0.05604719764011799 0.034121929026387623