1 0.39029411764705885 0.6840909090909091 0.18294117647058825 0.02727272727272727
1 0.7620588235294118 0.8615909090909091 0.06411764705882353 0.03590909090909091
1 0.85 0.9279545454545455 0.06705882352941177 0.038636363636363635
1 0.4123529411764706 0.9270454545454545 0.05176470588235294 0.03590909090909091
1 0.5467647058823529 0.5238636363636363 0.11941176470588236 0.03409090909090909
1 0.8502941176470589 0.8636363636363636 0.06764705882352941 0.04090909090909091
1 0.3788235294117647 0.6125 0.15176470588235294 0.026818181818181817
1 0.43 0.4115909090909091 0.23176470588235293 0.03772727272727273
1 0.38823529411764707 0.44977272727272727 0.15176470588235294 0.03681818181818182
1 0.41323529411764703 0.7245454545454545 0.21352941176470588 0.03636363636363636
1 0.10264705882352941 0.6802272727272727 0.07 0.03409090909090909
1 0.10352941176470588 0.44681818181818184 0.07411764705882352 0.034545454545454546
1 0.6341176470588236 0.7281818181818182 0.19294117647058823 0.02909090909090909
1 0.15911764705882353 0.923409090909091 0.06411764705882353 0.03772727272727273
1 0.3338235294117647 0.9245454545454546 0.06647058823529411 0.038181818181818185
1 0.15441176470588236 0.8547727272727272 0.05235294117647059 0.038636363636363635
1 0.701764705882353 0.7720454545454546 0.08941176470588236 0.031363636363636364
1 0.39088235294117646 0.5279545454545455 0.1676470588235294 0.02590909090909091
1 0.10941176470588235 0.5236363636363637 0.07529411764705882 0.031818181818181815
1 0.24 0.9243181818181818 0.052941176470588235 0.03590909090909091
1 0.3864705882352941 0.7645454545454545 0.16588235294117648 0.038181818181818185
1 0.758235294117647 0.9268181818181818 0.0611764705882353 0.038181818181818185
1 0.10941176470588235 0.36568181818181816 0.07529411764705882 0.03409090909090909
1 0.5464705882352942 0.7704545454545455 0.1376470588235294 0.03272727272727273
1 0.6394117647058823 0.40954545454545455 0.15529411764705883 0.03636363636363636
1 0.4108823529411765 0.8584090909090909 0.051176470588235295 0.03681818181818182
1 0.5858823529411765 0.9277272727272727 0.058823529411764705 0.03727272727272727
1 0.09970588235294117 0.5711363636363637 0.07235294117647059 0.03227272727272727
1 0.40794117647058825 0.5706818181818182 0.21 0.03409090909090909
1 0.5305882352941177 0.610909090909091 0.11411764705882353 0.03272727272727273
1 0.5864705882352941 0.8652272727272727 0.05764705882352941 0.03954545454545454
1 0.10588235294117647 0.4056818181818182 0.07764705882352942 0.035
1 0.5838235294117647 0.5697727272727273 0.13588235294117648 0.03318181818181818
1 0.5705882352941176 0.03772727272727273 0.13058823529411764 0.02181818181818182
1 0.633235294117647 0.5281818181818182 0.04176470588235294 0.03
1 0.7579411764705882 0.5734090909090909 0.12764705882352942 0.03318181818181818
1 0.5011764705882353 0.9272727272727272 0.05529411764705883 0.038181818181818185
1 0.6744117647058824 0.8597727272727272 0.061764705882352944 0.03681818181818182
1 0.5832352941176471 0.6822727272727273 0.18294117647058825 0.031818181818181815
1 0.8288235294117647 0.7322727272727273 0.11411764705882353 0.02727272727272727
1 0.10176470588235294 0.7627272727272727 0.07058823529411765 0.03636363636363636
1 0.10205882352941177 0.7213636363636363 0.06764705882352941 0.03363636363636364
1 0.7155882352941176 0.5290909090909091 0.11823529411764706 0.03363636363636364
1 0.5461764705882353 0.45181818181818184 0.12411764705882353 0.034545454545454546
1 0.635 0.7713636363636364 0.03 0.03363636363636364
1 0.5026470588235294 0.8597727272727272 0.05941176470588235 0.03681818181818182
1 0.6791176470588235 0.5727272727272728 0.03470588235294118 0.03272727272727273
1 0.615 0.6125 0.03 0.03227272727272727
1 0.4102941176470588 0.3665909090909091 0.18529411764705883 0.03681818181818182
1 0.09323529411764706 0.6111363636363636 0.07705882352941176 0.03681818181818182
1 0.6720588235294118 0.9277272727272727 0.0488235294117647 0.03727272727272727
1 0.5708823529411765 0.36772727272727274 0.13470588235294118 0.03636363636363636
1 0.33088235294117646 0.8579545454545454 0.05941176470588235 0.03772727272727273
1 0.6885294117647058 0.6104545454545455 0.10647058823529412 0.031818181818181815
1 0.7814705882352941 0.6879545454545455 0.11235294117647059 0.02409090909090909
1 0.3197058823529412 0.03568181818181818 0.03705882352941176 0.026818181818181817
1 0.7552941176470588 0.7286363636363636 0.03294117647058824 0.03727272727272727
1 0.7002941176470588 0.6884090909090909 0.04647058823529412 0.030454545454545453
1 0.24441176470588236 0.8620454545454546 0.05352941176470588 0.03318181818181818