1 0.3876470588235294 0.6213636363636363 0.18588235294117647 0.03272727272727273
1 0.41852941176470587 0.37363636363636366 0.1888235294117647 0.03090909090909091
1 0.7614705882352941 0.8643181818181818 0.06294117647058824 0.03772727272727273
1 0.8432352941176471 0.9309090909090909 0.05 0.035454545454545454
1 0.4158823529411765 0.9277272727272727 0.04941176470588235 0.04
1 0.8420588235294117 0.8625 0.04647058823529412 0.03681818181818182
1 0.4279411764705882 0.5775 0.2664705882352941 0.05045454545454545
1 0.6258823529411764 0.7331818181818182 0.17058823529411765 0.042727272727272725
1 0.8314705882352941 0.3729545454545454 0.14529411764705882 0.03590909090909091
1 0.3711764705882353 0.7797727272727273 0.14588235294117646 0.031363636363636364
1 0.12441176470588235 0.6861363636363637 0.07470588235294118 0.035
1 0.09970588235294117 0.4593181818181818 0.09705882352941177 0.03954545454545454
1 0.41911764705882354 0.6865909090909091 0.23941176470588235 0.03681818181818182
1 0.08911764705882352 0.37681818181818183 0.08764705882352941 0.035454545454545454
1 0.15470588235294117 0.9297727272727273 0.036470588235294116 0.03772727272727273
1 0.3305882352941176 0.9281818181818182 0.047058823529411764 0.04090909090909091
1 0.16823529411764707 0.8665909090909091 0.07176470588235294 0.045909090909090906
1 0.11205882352941177 0.5277272727272727 0.057058823529411766 0.02909090909090909
1 0.24029411764705882 0.8615909090909091 0.05235294117647059 0.03954545454545454
1 0.6361764705882353 0.5261363636363636 0.21470588235294116 0.03590909090909091
1 0.2426470588235294 0.9295454545454546 0.04411764705882353 0.034545454545454546
1 0.4117647058823529 0.7318181818181818 0.22470588235294117 0.045454545454545456
1 0.7576470588235295 0.9311363636363637 0.04588235294117647 0.03590909090909091
1 0.5 0.7831818181818182 0.10470588235294118 0.02909090909090909
1 0.6138235294117647 0.3704545454545455 0.16058823529411764 0.035454545454545454
1 0.47411764705882353 0.4163636363636364 0.33176470588235296 0.045454545454545456
1 0.4138235294117647 0.8625 0.05588235294117647 0.041363636363636366
1 0.5838235294117647 0.9302272727272727 0.0488235294117647 0.03590909090909091
1 0.4111764705882353 0.5288636363636363 0.22 0.03681818181818182
1 0.5829411764705882 0.4747727272727273 0.027058823529411764 0.03227272727272727
1 0.49529411764705883 0.46795454545454546 0.10941176470588235 0.029545454545454545
1 0.5873529411764706 0.8634090909090909 0.05235294117647059 0.03772727272727273
1 0.1 0.4177272727272727 0.09411764705882353 0.04181818181818182
1 0.6570588235294118 0.47 0.10823529411764705 0.03363636363636364
1 0.7323529411764705 0.4163636363636364 0.16117647058823528 0.045454545454545456
1 0.5026470588235294 0.9306818181818182 0.039411764705882354 0.03590909090909091
1 0.6770588235294117 0.8625 0.05529411764705883 0.04045454545454545
1 0.9002941176470588 0.41409090909090907 0.11588235294117646 0.04818181818181818
1 0.36470588235294116 0.4647727272727273 0.1388235294117647 0.02772727272727273
1 0.12382352941176471 0.7686363636363637 0.0711764705882353 0.03363636363636364
1 0.1261764705882353 0.7284090909090909 0.0688235294117647 0.03227272727272727
1 0.725 0.37636363636363634 0.03705882352941176 0.03272727272727273
1 0.6135294117647059 0.6861363636363637 0.1376470588235294 0.03772727272727273
1 0.5011764705882353 0.8629545454545454 0.052941176470588235 0.04409090909090909
1 0.12147058823529412 0.5706818181818182 0.06529411764705882 0.031363636363636364
1 0.67 0.9309090909090909 0.04941176470588235 0.038181818181818185
1 0.3311764705882353 0.8629545454545454 0.041176470588235294 0.038636363636363635
1 0.6855882352941176 0.576590909090909 0.24411764705882352 0.04409090909090909
1 0.83 0.4184090909090909 0.03294117647058824 0.04318181818181818
1 0.12264705882352941 0.6111363636363636 0.06647058823529411 0.031363636363636364
1 0.5758823529411765 0.6247727272727273 0.15411764705882353 0.028636363636363637
1 0.28705882352941176 0.04068181818181818 0.04352941176470588 0.026818181818181817
1 0.5635294117647058 0.04181818181818182 0.10941176470588235 0.023636363636363636