1 0.4288235294117647 0.7268181818181818 0.26 0.04181818181818182
1 0.7591176470588236 0.8606818181818182 0.05235294117647059 0.038636363636363635
1 0.8447058823529412 0.9340909090909091 0.05176470588235294 0.038181818181818185
1 0.5520588235294117 0.6179545454545454 0.12529411764705883 0.03318181818181818
1 0.41794117647058826 0.9268181818181818 0.05941176470588235 0.035454545454545454
1 0.4320588235294118 0.5720454545454545 0.2570588235294118 0.042272727272727274
1 0.8455882352941176 0.8615909090909091 0.05352941176470588 0.03681818181818182
1 0.11970588235294118 0.5706818181818182 0.09 0.03590909090909091
1 0.4164705882352941 0.41204545454545455 0.21764705882352942 0.038636363636363635
1 0.10705882352941176 0.6813636363636364 0.07764705882352942 0.034545454545454546
1 0.10588235294117647 0.36454545454545456 0.06352941176470588 0.03636363636363636
1 0.10970588235294118 0.44636363636363635 0.061764705882352944 0.035454545454545454
1 0.6038235294117648 0.7770454545454546 0.17 0.031363636363636364
1 0.15411764705882353 0.9227272727272727 0.05411764705882353 0.03727272727272727
1 0.33088235294117646 0.9277272727272727 0.054705882352941174 0.03636363636363636
1 0.15176470588235294 0.8536363636363636 0.05176470588235294 0.03636363636363636
1 0.6817647058823529 0.7329545454545454 0.2164705882352941 0.03772727272727273
1 0.10441176470588236 0.5261363636363636 0.08294117647058824 0.03409090909090909
1 0.24441176470588236 0.8568181818181818 0.05235294117647059 0.03727272727272727
1 0.6441176470588236 0.6295454545454545 0.03176470588235294 0.04
1 0.2447058823529412 0.9238636363636363 0.05411764705882353 0.03590909090909091
1 0.4023529411764706 0.7747727272727273 0.20352941176470588 0.03590909090909091
1 0.7670588235294118 0.9315909090909091 0.07058823529411765 0.03681818181818182
1 0.6576470588235294 0.5747727272727273 0.17058823529411765 0.03954545454545454
1 0.41558823529411765 0.8595454545454545 0.045294117647058825 0.03727272727272727
1 0.5891176470588235 0.9311363636363637 0.04764705882352941 0.038636363636363635
1 0.3897058823529412 0.6140909090909091 0.17588235294117646 0.038181818181818185
1 0.5882352941176471 0.8597727272727272 0.04823529411764706 0.038636363636363635
1 0.10470588235294118 0.405 0.06823529411764706 0.035454545454545454
1 0.5638235294117647 0.04 0.08764705882352941 0.02090909090909091
1 0.773235294117647 0.5775 0.03705882352941176 0.03409090909090909
1 0.5017647058823529 0.9263636363636364 0.05176470588235294 0.038181818181818185
1 0.67 0.8606818181818182 0.05058823529411765 0.03772727272727273
1 0.865 0.5775 0.1264705882352941 0.03681818181818182
1 0.3788235294117647 0.4556818181818182 0.14823529411764705 0.042272727272727274
1 0.1126470588235294 0.769090909090909 0.08764705882352941 0.035454545454545454
1 0.11088235294117647 0.7231818181818181 0.08176470588235295 0.035454545454545454
1 0.5041176470588236 0.8595454545454545 0.05764705882352941 0.03727272727272727
1 0.11470588235294117 0.6120454545454546 0.09058823529411765 0.03590909090909091
1 0.67 0.9315909090909091 0.04941176470588235 0.03772727272727273
1 0.32941176470588235 0.8579545454545454 0.05058823529411765 0.03590909090909091
1 0.7158823529411765 0.6254545454545455 0.1011764705882353 0.03090909090909091
1 0.3161764705882353 0.03568181818181818 0.05588235294117647 0.02772727272727273