1 0.3791176470588235 0.6845454545454546 0.15823529411764706 0.03909090909090909
1 0.7594117647058823 0.865909090909091 0.058823529411764705 0.034545454545454546
1 0.8444117647058823 0.9313636363636364 0.06294117647058824 0.03909090909090909
1 0.6426470588235295 0.5720454545454545 0.2852941176470588 0.041363636363636366
1 0.4023529411764706 0.928409090909091 0.04588235294117647 0.038636363636363635
1 0.8438235294117648 0.8652272727272727 0.051176470588235295 0.03954545454545454
1 0.34852941176470587 0.6115909090909091 0.09 0.03409090909090909
1 0.41147058823529414 0.725909090909091 0.21705882352941178 0.03727272727272727
1 0.10764705882352942 0.6809090909090909 0.11176470588235295 0.03727272727272727
1 0.6838235294117647 0.4602272727272727 0.08176470588235295 0.031363636363636364
1 0.09147058823529412 0.3643181818181818 0.07823529411764706 0.03681818181818182
1 0.09970588235294117 0.44977272727272727 0.09941176470588235 0.03954545454545454
1 0.4964705882352941 0.7729545454545454 0.11411764705882353 0.03409090909090909
1 0.6070588235294118 0.7263636363636363 0.16823529411764707 0.03636363636363636
1 0.14676470588235294 0.9318181818181818 0.05235294117647059 0.03909090909090909
1 0.32294117647058823 0.9293181818181818 0.052941176470588235 0.038636363636363635
1 0.15058823529411763 0.8627272727272727 0.05176470588235294 0.03909090909090909
1 0.33676470588235297 0.5311363636363636 0.08764705882352941 0.031363636363636364
1 0.08911764705882352 0.5238636363636363 0.07705882352941176 0.03681818181818182
1 0.6241176470588236 0.46454545454545454 0.02588235294117647 0.035454545454545454
1 0.2411764705882353 0.9295454545454546 0.05058823529411765 0.04090909090909091
1 0.3608823529411765 0.7713636363636364 0.1264705882352941 0.03363636363636364
1 0.7538235294117647 0.9306818181818182 0.05823529411764706 0.038636363636363635
1 0.29323529411764704 0.034772727272727275 0.04647058823529412 0.023181818181818182
1 0.47411764705882353 0.4118181818181818 0.3552941176470588 0.04363636363636364
1 0.41147058823529414 0.8645454545454545 0.05588235294117647 0.03727272727272727
1 0.585 0.9281818181818182 0.05352941176470588 0.03909090909090909
1 0.3961764705882353 0.5661363636363637 0.20058823529411765 0.04318181818181818
1 0.45647058823529413 0.6138636363636364 0.15058823529411763 0.04045454545454545
1 0.5902941176470589 0.8640909090909091 0.05941176470588235 0.04
1 0.09970588235294117 0.40545454545454546 0.08764705882352941 0.038181818181818185
1 0.09735294117647059 0.5640909090909091 0.0888235294117647 0.04
1 0.575 0.04022727272727273 0.08647058823529412 0.021363636363636362
1 0.7291176470588235 0.41454545454545455 0.15470588235294117 0.04363636363636364
1 0.4929411764705882 0.93 0.05058823529411765 0.03727272727272727
1 0.6702941176470588 0.8690909090909091 0.051176470588235295 0.038181818181818185
1 0.5458823529411765 0.37204545454545457 0.09176470588235294 0.04045454545454545
1 0.4032352941176471 0.4525 0.1935294117647059 0.03681818181818182
1 0.10323529411764706 0.7647727272727273 0.10294117647058823 0.03772727272727273
1 0.1011764705882353 0.7254545454545455 0.1188235294117647 0.038181818181818185
1 0.6755882352941176 0.37886363636363635 0.09470588235294118 0.03227272727272727
1 0.5579411764705883 0.4552272727272727 0.09941176470588235 0.03590909090909091
1 0.49470588235294116 0.8618181818181818 0.04470588235294118 0.04090909090909091
1 0.8885294117647059 0.4156818181818182 0.10764705882352942 0.045
1 0.39794117647058824 0.3704545454545455 0.18411764705882352 0.03090909090909091
1 0.5241176470588236 0.685 0.10941176470588235 0.042727272727272725
1 0.09235294117647058 0.6061363636363636 0.08352941176470588 0.03772727272727273
1 0.6720588235294118 0.9256818181818182 0.060588235294117644 0.042272727272727274
1 0.32735294117647057 0.860909090909091 0.060588235294117644 0.03727272727272727
1 0.6058823529411764 0.38522727272727275 0.02823529411764706 0.019545454545454546
1 0.4520588235294118 0.5311363636363636 0.13588235294117648 0.030454545454545453
1 0.23 0.8611363636363636 0.05764705882352941 0.03772727272727273
1 0.825 0.42 0.031176470588235295 0.034545454545454546