1 0.3738235294117647 0.6772727272727272 0.13941176470588235 0.03636363636363636
1 0.5829411764705882 0.6834090909090909 0.02823529411764706 0.03318181818181818
1 0.7526470588235294 0.8586363636363636 0.051176470588235295 0.038181818181818185
1 0.841764705882353 0.9270454545454545 0.06470588235294118 0.03772727272727273
1 0.5964705882352941 0.5654545454545454 0.16117647058823528 0.03090909090909091
1 0.4067647058823529 0.9220454545454545 0.054705882352941174 0.038636363636363635
1 0.5076470588235295 0.5220454545454546 0.10588235294117647 0.029545454545454545
1 0.8432352941176471 0.8584090909090909 0.06529411764705882 0.038636363636363635
1 0.4188235294117647 0.6077272727272728 0.23294117647058823 0.03636363636363636
1 0.6523529411764706 0.7684090909090909 0.03058823529411765 0.03227272727272727
1 0.3885294117647059 0.4490909090909091 0.15823529411764706 0.03727272727272727
1 0.645 0.68 0.0688235294117647 0.03272727272727273
1 0.39029411764705885 0.7629545454545454 0.17941176470588235 0.030454545454545453
1 0.3729411764705882 0.36227272727272725 0.14 0.02909090909090909
1 0.40058823529411763 0.4056818181818182 0.19058823529411764 0.03681818181818182
1 0.09588235294117647 0.6738636363636363 0.07294117647058823 0.035
1 0.09705882352941177 0.44386363636363635 0.07411764705882352 0.03318181818181818
1 0.4032352941176471 0.7229545454545454 0.19705882352941176 0.031363636363636364
1 0.7094117647058824 0.5663636363636364 0.03294117647058824 0.03090909090909091
1 0.10205882352941177 0.3572727272727273 0.07588235294117647 0.03363636363636364
1 0.49558823529411766 0.8556818181818182 0.04294117647058823 0.03681818181818182
1 0.5864705882352941 0.725909090909091 0.16 0.02909090909090909
1 0.15441176470588236 0.92 0.045294117647058825 0.038181818181818185
1 0.7820588235294118 0.5686363636363636 0.09470588235294118 0.03272727272727273
1 0.32676470588235296 0.9204545454545454 0.04764705882352941 0.03909090909090909
1 0.15029411764705883 0.8506818181818182 0.045294117647058825 0.03590909090909091
1 0.7105882352941176 0.7670454545454546 0.06705882352941177 0.029545454545454545
1 0.3729411764705882 0.5206818181818181 0.1376470588235294 0.03409090909090909
1 0.10558823529411765 0.514090909090909 0.0711764705882353 0.03363636363636364
1 0.23705882352941177 0.8529545454545454 0.04823529411764706 0.03681818181818182
1 0.2361764705882353 0.92 0.045294117647058825 0.038181818181818185
1 0.7547058823529412 0.9245454545454546 0.05764705882352941 0.03909090909090909
1 0.5564705882352942 0.765 0.13411764705882354 0.03
1 0.6676470588235294 0.4525 0.07176470588235294 0.035
1 0.6341176470588236 0.3654545454545455 0.07411764705882352 0.031818181818181815
1 0.6088235294117647 0.44977272727272727 0.03176470588235294 0.035
1 0.5079411764705882 0.3640909090909091 0.10411764705882352 0.03272727272727273
1 0.4076470588235294 0.8556818181818182 0.04588235294117647 0.03772727272727273
1 0.5770588235294117 0.9215909090909091 0.04352941176470588 0.038636363636363635
1 0.40176470588235297 0.5643181818181818 0.19058823529411764 0.030454545454545453
1 0.5873529411764706 0.5245454545454545 0.03 0.03272727272727273
1 0.5785294117647058 0.8590909090909091 0.05 0.04090909090909091
1 0.10235294117647059 0.40136363636363637 0.07058823529411765 0.03363636363636364
1 0.09852941176470588 0.5595454545454546 0.0688235294117647 0.03363636363636364
1 0.581764705882353 0.3663636363636364 0.03294117647058824 0.034545454545454546
1 0.7576470588235295 0.41 0.0976470588235294 0.031818181818181815
1 0.7708823529411765 0.7254545454545455 0.10176470588235294 0.03090909090909091
1 0.5014705882352941 0.9227272727272727 0.06294117647058824 0.03909090909090909
1 0.6623529411764706 0.8572727272727273 0.04941176470588235 0.04
1 0.5776470588235294 0.4084090909090909 0.1623529411764706 0.03318181818181818
1 0.09705882352941177 0.76 0.07411764705882352 0.03363636363636364
1 0.095 0.7134090909090909 0.07588235294117647 0.03590909090909091
1 0.68 0.41 0.027058823529411764 0.02909090909090909
1 0.5338235294117647 0.4506818181818182 0.10882352941176471 0.035
1 0.6426470588235295 0.524090909090909 0.07588235294117647 0.031818181818181815
1 0.5064705882352941 0.6809090909090909 0.08823529411764706 0.03272727272727273
1 0.095 0.6029545454545454 0.06647058823529411 0.03318181818181818
1 0.6658823529411765 0.9227272727272727 0.05529411764705883 0.03909090909090909
1 0.3220588235294118 0.8515909090909091 0.04411764705882353 0.03590909090909091
1 0.6976470588235294 0.6106818181818182 0.03294117647058824 0.03681818181818182
1 0.3088235294117647 0.031136363636363636 0.041176470588235294 0.01681818181818182
1 0.5588235294117647 0.037954545454545456 0.07882352941176471 0.02409090909090909
1 0.6129411764705882 0.6093181818181819 0.12705882352941175 0.03318181818181818
1 0.77 0.6125 0.09058823529411765 0.028636363636363637
1 0.6979411764705883 0.7268181818181818 0.03 0.03272727272727273