1 0.4167647058823529 0.6770454545454545 0.21588235294117647 0.04045454545454545
1 0.7561764705882353 0.855 0.05941176470588235 0.042727272727272725
1 0.8382352941176471 0.9252272727272727 0.05058823529411765 0.04409090909090909
1 0.5597058823529412 0.6172727272727273 0.16176470588235295 0.03727272727272727
1 0.41352941176470587 0.9220454545454545 0.06235294117647059 0.038636363636363635
1 0.8447058823529412 0.8575 0.052941176470588235 0.042272727272727274
1 0.3897058823529412 0.6070454545454546 0.15941176470588236 0.035
1 0.4597058823529412 0.4031818181818182 0.31 0.038181818181818185
1 0.3938235294117647 0.4565909090909091 0.1711764705882353 0.028636363636363637
1 0.3855882352941176 0.7622727272727273 0.15941176470588236 0.03636363636363636
1 0.4717647058823529 0.35863636363636364 0.2964705882352941 0.04
1 0.11176470588235295 0.6752272727272727 0.1011764705882353 0.03954545454545454
1 0.11058823529411765 0.45022727272727275 0.08588235294117647 0.03681818181818182
1 0.435 0.7195454545454546 0.25941176470588234 0.038181818181818185
1 0.10911764705882353 0.35863636363636364 0.09352941176470589 0.03636363636363636
1 0.15441176470588236 0.9204545454545454 0.05352941176470588 0.038181818181818185
1 0.3247058823529412 0.9206818181818182 0.052941176470588235 0.03954545454545454
1 0.1511764705882353 0.8506818181818182 0.047058823529411764 0.038636363636363635
1 0.7032352941176471 0.7656818181818181 0.08294117647058824 0.03409090909090909
1 0.1111764705882353 0.5175 0.08588235294117647 0.03954545454545454
1 0.6547058823529411 0.7209090909090909 0.19294117647058823 0.03727272727272727
1 0.24088235294117646 0.8527272727272728 0.05352941176470588 0.03909090909090909
1 0.24323529411764705 0.9206818181818182 0.057058823529411766 0.03772727272727273
1 0.7544117647058823 0.9240909090909091 0.051176470588235295 0.04181818181818182
1 0.5485294117647059 0.7636363636363637 0.1511764705882353 0.035454545454545454
1 0.7038235294117647 0.4052272727272727 0.15823529411764706 0.03681818181818182
1 0.7047058823529412 0.36454545454545456 0.1564705882352941 0.038181818181818185
1 0.41441176470588237 0.8538636363636364 0.05823529411764706 0.03772727272727273
1 0.5847058823529412 0.9218181818181819 0.06 0.04090909090909091
1 0.11352941176470588 0.40954545454545455 0.10352941176470588 0.04363636363636364
1 0.4476470588235294 0.5638636363636363 0.2858823529411765 0.03409090909090909
1 0.4426470588235294 0.5170454545454546 0.2664705882352941 0.03954545454545454
1 0.5847058823529412 0.8554545454545455 0.05764705882352941 0.04090909090909091
1 0.11058823529411765 0.5602272727272727 0.08823529411764706 0.03681818181818182
1 0.49911764705882355 0.9227272727272727 0.0488235294117647 0.04
1 0.8614705882352941 0.6813636363636364 0.11823529411764706 0.038181818181818185
1 0.6711764705882353 0.855909090909091 0.05647058823529412 0.04181818181818182
1 0.8482352941176471 0.7227272727272728 0.1011764705882353 0.03363636363636364
1 0.11323529411764706 0.7575 0.10058823529411764 0.03681818181818182
1 0.5579411764705883 0.45636363636363636 0.12529411764705883 0.031818181818181815
1 0.6470588235294118 0.7654545454545455 0.03411764705882353 0.038181818181818185
1 0.5029411764705882 0.8531818181818182 0.06470588235294118 0.03909090909090909
1 0.7205882352941176 0.5188636363636364 0.2635294117647059 0.04318181818181818
1 0.6464705882352941 0.6829545454545455 0.20588235294117646 0.038636363636363635
1 0.115 0.6020454545454546 0.09705882352941177 0.03681818181818182
1 0.673235294117647 0.9270454545454545 0.05823529411764706 0.03954545454545454
1 0.32382352941176473 0.8527272727272728 0.0488235294117647 0.03909090909090909
1 0.7426470588235294 0.5640909090909091 0.2852941176470588 0.04181818181818182
1 0.7735294117647059 0.678409090909091 0.03529411764705882 0.03681818181818182
1 0.11 0.7195454545454546 0.1 0.03727272727272727
1 0.28794117647058826 0.03363636363636364 0.03588235294117647 0.023636363636363636
1 0.5738235294117647 0.03386363636363637 0.11470588235294117 0.026818181818181817
1 0.7794117647058824 0.7225 0.036470588235294116 0.03227272727272727