1 0.395 0.6952272727272727 0.1688235294117647 0.03590909090909091
1 0.5438235294117647 0.6854545454545454 0.11470588235294117 0.03272727272727273
1 0.763235294117647 0.8618181818181818 0.05588235294117647 0.03727272727272727
1 0.8470588235294118 0.9281818181818182 0.05176470588235294 0.03909090909090909
1 0.5305882352941177 0.615909090909091 0.08235294117647059 0.031818181818181815
1 0.4164705882352941 0.9288636363636363 0.05529411764705883 0.03681818181818182
1 0.5564705882352942 0.5309090909090909 0.09647058823529411 0.03272727272727273
1 0.8473529411764706 0.8613636363636363 0.05941176470588235 0.038181818181818185
1 0.3847058823529412 0.6127272727272727 0.14470588235294118 0.03363636363636364
1 0.6629411764705883 0.774090909090909 0.05529411764705883 0.031818181818181815
1 0.44176470588235295 0.41659090909090907 0.23176470588235293 0.03590909090909091
1 0.696764705882353 0.6815909090909091 0.06411764705882353 0.03318181818181818
1 0.41 0.73 0.21176470588235294 0.03727272727272727
1 0.7635294117647059 0.4125 0.03411764705882353 0.035
1 0.10794117647058823 0.685 0.07352941176470588 0.03363636363636364
1 0.10911764705882353 0.37204545454545457 0.07352941176470588 0.03409090909090909
1 0.11088235294117647 0.4484090909090909 0.08058823529411764 0.03590909090909091
1 0.6188235294117647 0.7318181818181818 0.19411764705882353 0.03636363636363636
1 0.16588235294117648 0.9293181818181818 0.0611764705882353 0.03681818181818182
1 0.3352941176470588 0.9304545454545454 0.06235294117647059 0.03727272727272727
1 0.15970588235294117 0.8611363636363636 0.051176470588235295 0.03772727272727273
1 0.7602941176470588 0.7275 0.039411764705882354 0.03318181818181818
1 0.40558823529411764 0.5277272727272727 0.16294117647058823 0.035454545454545454
1 0.10470588235294118 0.5304545454545454 0.0811764705882353 0.035454545454545454
1 0.24382352941176472 0.8618181818181818 0.04764705882352941 0.035454545454545454
1 0.24794117647058825 0.9288636363636363 0.05588235294117647 0.03772727272727273
1 0.3738235294117647 0.774090909090909 0.13352941176470587 0.031818181818181815
1 0.7617647058823529 0.9263636363636364 0.058823529411764705 0.03727272727272727
1 0.5141176470588236 0.7731818181818182 0.11058823529411765 0.031818181818181815
1 0.6429411764705882 0.4138636363636364 0.1635294117647059 0.03590909090909091
1 0.6085294117647059 0.37136363636363634 0.1476470588235294 0.035454545454545454
1 0.415 0.8613636363636363 0.04647058823529412 0.03636363636363636
1 0.591764705882353 0.9265909090909091 0.058823529411764705 0.03590909090909091
1 0.43470588235294116 0.5738636363636364 0.2576470588235294 0.030454545454545453
1 0.5929411764705882 0.8588636363636364 0.06235294117647059 0.03772727272727273
1 0.5685294117647058 0.04090909090909091 0.11823529411764706 0.025454545454545455
1 0.7570588235294118 0.4536363636363636 0.05764705882352941 0.031818181818181815
1 0.5073529411764706 0.9302272727272727 0.061764705882352944 0.03681818181818182
1 0.6767647058823529 0.8604545454545455 0.051176470588235295 0.03727272727272727
1 0.7794117647058824 0.36977272727272725 0.06352941176470588 0.031363636363636364
1 0.8408823529411765 0.7288636363636364 0.09 0.03590909090909091
1 0.4202941176470588 0.45795454545454545 0.16294117647058823 0.03681818181818182
1 0.10323529411764706 0.7695454545454545 0.07 0.03272727272727273
1 0.7214705882352941 0.375 0.03823529411764706 0.031818181818181815
1 0.5832352941176471 0.4556818181818182 0.1264705882352941 0.035
1 0.5064705882352941 0.8595454545454545 0.0611764705882353 0.038181818181818185
1 0.6929411764705883 0.4606818181818182 0.03176470588235294 0.03318181818181818
1 0.8305882352941176 0.4118181818181818 0.06941176470588235 0.03272727272727273
1 0.43323529411764705 0.36886363636363634 0.1888235294117647 0.03681818181818182
1 0.11411764705882353 0.6127272727272727 0.08235294117647059 0.03636363636363636
1 0.6723529411764706 0.9288636363636363 0.05411764705882353 0.03954545454545454
1 0.3335294117647059 0.8627272727272727 0.05764705882352941 0.035454545454545454
1 0.6594117647058824 0.5731818181818182 0.13294117647058823 0.034545454545454546
1 0.3111764705882353 0.03931818181818182 0.03058823529411765 0.020454545454545454
1 0.11323529411764706 0.41295454545454546 0.0688235294117647 0.030454545454545453
1 0.11235294117647059 0.5711363636363637 0.07058823529411765 0.03772727272727273
1 0.6426470588235295 0.6947727272727273 0.028823529411764706 0.02409090909090909
1 0.10882352941176471 0.7320454545454546 0.06470588235294118 0.026818181818181817
1 0.6002941176470589 0.7877272727272727 0.022941176470588236 0.02909090909090909