1 0.3770588235294118 0.678409090909091 0.14588235294117646 0.03681818181818182
1 0.5202941176470588 0.6775 0.12058823529411765 0.03681818181818182
1 0.7558823529411764 0.8556818181818182 0.05764705882352941 0.03772727272727273
1 0.8352941176470589 0.9256818181818182 0.052941176470588235 0.04045454545454545
1 0.4126470588235294 0.9236363636363636 0.05823529411764706 0.03909090909090909
1 0.5061764705882353 0.5204545454545455 0.09 0.034545454545454546
1 0.36970588235294116 0.6065909090909091 0.13 0.03590909090909091
1 0.47558823529411764 0.40795454545454546 0.03823529411764706 0.03409090909090909
1 0.38176470588235295 0.4052272727272727 0.15764705882352942 0.03681818181818182
1 0.09970588235294117 0.6768181818181818 0.07588235294117647 0.034545454545454546
1 0.39941176470588236 0.7218181818181818 0.1952941176470588 0.038181818181818185
1 0.10352941176470588 0.36477272727272725 0.05058823529411765 0.03590909090909091
1 0.095 0.4470454545454545 0.05941176470588235 0.03681818181818182
1 0.5770588235294117 0.7204545454545455 0.18941176470588236 0.038181818181818185
1 0.14882352941176472 0.9227272727272727 0.04941176470588235 0.04
1 0.325 0.9247727272727273 0.05823529411764706 0.038636363636363635
1 0.14852941176470588 0.8577272727272728 0.045294117647058825 0.03727272727272727
1 0.38176470588235295 0.5193181818181818 0.14823529411764705 0.03681818181818182
1 0.10294117647058823 0.52 0.06823529411764706 0.03363636363636364
1 0.23852941176470588 0.8563636363636363 0.045294117647058825 0.03727272727272727
1 0.24029411764705882 0.9222727272727272 0.05235294117647059 0.038181818181818185
1 0.3735294117647059 0.7665909090909091 0.14588235294117646 0.03590909090909091
1 0.7544117647058823 0.9245454545454546 0.05235294117647059 0.04
1 0.5244117647058824 0.7665909090909091 0.13705882352941176 0.03590909090909091
1 0.5720588235294117 0.03840909090909091 0.1111764705882353 0.025
1 0.47294117647058825 0.3675 0.03529411764705882 0.035
1 0.41558823529411765 0.8575 0.057058823529411766 0.038636363636363635
1 0.5785294117647058 0.9240909090909091 0.054705882352941174 0.042727272727272725
1 0.39176470588235296 0.5652272727272727 0.16705882352941176 0.03772727272727273
1 0.4964705882352941 0.6086363636363636 0.08823529411764706 0.03363636363636364
1 0.44676470588235295 0.45454545454545453 0.03705882352941176 0.034545454545454546
1 0.09588235294117647 0.40545454545454546 0.05529411764705883 0.035454545454545454
1 0.10088235294117646 0.5638636363636363 0.07 0.035
1 0.5544117647058824 0.5645454545454546 0.1264705882352941 0.034545454545454546
1 0.5405882352941176 0.4068181818181818 0.0811764705882353 0.035454545454545454
1 0.5 0.9236363636363636 0.06235294117647059 0.04090909090909091
1 0.8388235294117647 0.8552272727272727 0.05764705882352941 0.03954545454545454
1 0.6726470588235294 0.855909090909091 0.057058823529411766 0.03636363636363636
1 0.3629411764705882 0.4481818181818182 0.11529411764705882 0.03636363636363636
1 0.09323529411764706 0.7634090909090909 0.07823529411764706 0.03590909090909091
1 0.09411764705882353 0.7215909090909091 0.07764705882352942 0.03590909090909091
1 0.5079411764705882 0.44931818181818184 0.061764705882352944 0.03227272727272727
1 0.586764705882353 0.8577272727272728 0.05823529411764706 0.038181818181818185
1 0.49323529411764705 0.8581818181818182 0.039411764705882354 0.04
1 0.3814705882352941 0.36863636363636365 0.14411764705882352 0.03727272727272727
1 0.0961764705882353 0.605 0.07352941176470588 0.035454545454545454
1 0.6647058823529411 0.9256818181818182 0.047058823529411764 0.04045454545454545
1 0.3241176470588235 0.8568181818181818 0.04941176470588235 0.03727272727272727
1 0.30470588235294116 0.03409090909090909 0.041176470588235294 0.022727272727272728
1 0.5288235294117647 0.3665909090909091 0.0611764705882353 0.035