1 0.3914705882352941 0.6831818181818182 0.18294117647058825 0.03909090909090909
1 0.5429411764705883 0.6884090909090909 0.11176470588235295 0.030454545454545453
1 0.7623529411764706 0.8606818181818182 0.05529411764705883 0.041363636363636366
1 0.8461764705882353 0.9290909090909091 0.06411764705882353 0.04363636363636364
1 0.5511764705882353 0.5729545454545455 0.07764705882352942 0.03681818181818182
1 0.4108823529411765 0.9202272727272728 0.051176470588235295 0.04409090909090909
1 0.5411764705882353 0.5284090909090909 0.08235294117647059 0.03772727272727273
1 0.37441176470588233 0.62 0.14647058823529413 0.038181818181818185
1 0.6426470588235295 0.7802272727272728 0.027647058823529413 0.030454545454545453
1 0.3644117647058824 0.45545454545454545 0.12294117647058823 0.035454545454545454
1 0.658235294117647 0.6865909090909091 0.042352941176470586 0.02409090909090909
1 0.37676470588235295 0.36863636363636365 0.1535294117647059 0.03909090909090909
1 0.3988235294117647 0.4109090909090909 0.1976470588235294 0.04181818181818182
1 0.09558823529411764 0.6838636363636363 0.07588235294117647 0.03772727272727273
1 0.10617647058823529 0.45181818181818184 0.07 0.04
1 0.6041176470588235 0.7236363636363636 0.16470588235294117 0.04363636363636364
1 0.16147058823529412 0.9195454545454546 0.051176470588235295 0.04
1 0.7585294117647059 0.7275 0.0888235294117647 0.03681818181818182
1 0.3323529411764706 0.9181818181818182 0.06352941176470588 0.03909090909090909
1 0.155 0.8552272727272727 0.054705882352941174 0.041363636363636366
1 0.6932352941176471 0.7738636363636363 0.06647058823529411 0.03227272727272727
1 0.3973529411764706 0.5256818181818181 0.1935294117647059 0.03954545454545454
1 0.10617647058823529 0.5247727272727273 0.08647058823529412 0.04045454545454545
1 0.596764705882353 0.6193181818181818 0.07588235294117647 0.026818181818181817
1 0.24 0.8534090909090909 0.04941176470588235 0.04045454545454545
1 0.2447058823529412 0.9218181818181819 0.06235294117647059 0.04363636363636364
1 0.3926470588235294 0.7693181818181818 0.18529411764705883 0.04045454545454545
1 0.7658823529411765 0.9263636363636364 0.06823529411764706 0.046363636363636364
1 0.1038235294117647 0.36704545454545456 0.0688235294117647 0.04045454545454545
1 0.5914705882352941 0.4109090909090909 0.09235294117647058 0.04090909090909091
1 0.4161764705882353 0.8595454545454545 0.05941176470588235 0.04363636363636364
1 0.5958823529411764 0.9263636363636364 0.058823529411764705 0.042727272727272725
1 0.40058823529411763 0.5693181818181818 0.1988235294117647 0.03954545454545454
1 0.4464705882352941 0.4636363636363636 0.02823529411764706 0.028181818181818183
1 0.5870588235294117 0.8586363636363636 0.06 0.04363636363636364
1 0.10705882352941176 0.4097727272727273 0.06352941176470588 0.04045454545454545
1 0.10558823529411765 0.5670454545454545 0.10058823529411764 0.042272727272727274
1 0.6114705882352941 0.5759090909090909 0.027647058823529413 0.034545454545454546
1 0.513235294117647 0.3740909090909091 0.08058823529411764 0.025454545454545455
1 0.6020588235294118 0.5345454545454545 0.025294117647058825 0.034545454545454546
1 0.5044117647058823 0.923409090909091 0.05941176470588235 0.041363636363636366
1 0.85 0.8595454545454545 0.0611764705882353 0.03909090909090909
1 0.6785294117647059 0.8586363636363636 0.06764705882352941 0.038181818181818185
1 0.5247058823529411 0.4106818181818182 0.03411764705882353 0.04318181818181818
1 0.10352941176470588 0.7654545454545455 0.07764705882352942 0.038181818181818185
1 0.10029411764705883 0.7236363636363636 0.08411764705882353 0.04
1 0.49970588235294117 0.4547727272727273 0.06764705882352941 0.03590909090909091
1 0.4973529411764706 0.86 0.045294117647058825 0.04090909090909091
1 0.6491176470588236 0.5345454545454545 0.05941176470588235 0.02727272727272727
1 0.5414705882352941 0.6245454545454545 0.025294117647058825 0.026363636363636363
1 0.10794117647058823 0.6120454545454546 0.09588235294117647 0.04045454545454545
1 0.6811764705882353 0.9225 0.07176470588235294 0.042272727272727274
1 0.33294117647058824 0.8565909090909091 0.058823529411764705 0.04045454545454545
1 0.6691176470588235 0.5718181818181818 0.08529411764705883 0.03636363636363636
1 0.27058823529411763 0.03431818181818182 0.03058823529411765 0.020454545454545454
1 0.5494117647058824 0.03681818181818182 0.08470588235294117 0.025454545454545455
1 0.4626470588235294 0.37386363636363634 0.02176470588235294 0.026818181818181817
1 0.48705882352941177 0.6186363636363637 0.06588235294117648 0.02909090909090909
1 0.40911764705882353 0.7240909090909091 0.21941176470588236 0.04
1 0.6185294117647059 0.6938636363636363 0.028823529411764706 0.02590909090909091
1 0.701764705882353 0.7243181818181819 0.027058823529411764 0.04045454545454545
1 0.5558823529411765 0.769090909090909 0.13647058823529412 0.038181818181818185