1 0.4123529411764706 0.6838636363636363 0.21764705882352942 0.035
1 0.5744117647058824 0.6854545454545454 0.07705882352941176 0.034545454545454546
1 0.7514705882352941 0.86 0.060588235294117644 0.03636363636363636
1 0.8335294117647059 0.9270454545454545 0.05764705882352941 0.038636363636363635
1 0.5611764705882353 0.6138636363636364 0.10823529411764705 0.03318181818181818
1 0.40852941176470586 0.9254545454545454 0.05941176470588235 0.04
1 0.5185294117647059 0.53 0.028823529411764706 0.03272727272727273
1 0.8408823529411765 0.8620454545454546 0.060588235294117644 0.03772727272727273
1 0.3761764705882353 0.6122727272727273 0.14294117647058824 0.03727272727272727
1 0.44029411764705884 0.4088636363636364 0.26294117647058823 0.038636363636363635
1 0.4147058823529412 0.7272727272727273 0.22823529411764706 0.034545454545454546
1 0.10617647058823529 0.6759090909090909 0.07823529411764706 0.035454545454545454
1 0.07970588235294118 0.44363636363636366 0.0711764705882353 0.034545454545454546
1 0.08676470588235294 0.36477272727272725 0.07588235294117647 0.035
1 0.5802941176470588 0.7234090909090909 0.10411764705882352 0.03318181818181818
1 0.15235294117647058 0.9220454545454545 0.06 0.038636363636363635
1 0.8191176470588235 0.41204545454545455 0.10411764705882352 0.03590909090909091
1 0.32529411764705884 0.9238636363636363 0.07294117647058823 0.03954545454545454
1 0.15294117647058825 0.8545454545454545 0.06470588235294118 0.03727272727272727
1 0.3997058823529412 0.5204545454545455 0.15705882352941178 0.03909090909090909
1 0.10441176470588236 0.5197727272727273 0.06529411764705882 0.035
1 0.2338235294117647 0.8590909090909091 0.05588235294117647 0.03727272727272727
1 0.6082352941176471 0.5275 0.12588235294117647 0.03681818181818182
1 0.23529411764705882 0.9229545454545455 0.06352941176470588 0.038636363636363635
1 0.3997058823529412 0.7693181818181818 0.2088235294117647 0.03409090909090909
1 0.7479411764705882 0.9270454545454545 0.05352941176470588 0.03772727272727273
1 0.2973529411764706 0.03727272727272727 0.03705882352941176 0.026363636363636363
1 0.5544117647058824 0.7713636363636364 0.08176470588235295 0.031818181818181815
1 0.6544117647058824 0.4127272727272727 0.13117647058823528 0.03636363636363636
1 0.5823529411764706 0.36863636363636365 0.11647058823529412 0.034545454545454546
1 0.40794117647058825 0.8595454545454545 0.04764705882352941 0.03727272727272727
1 0.5782352941176471 0.9263636363636364 0.04941176470588235 0.03727272727272727
1 0.10411764705882352 0.6054545454545455 0.07058823529411765 0.03636363636363636
1 0.5723529411764706 0.4527272727272727 0.02588235294117647 0.035454545454545454
1 0.41411764705882353 0.5679545454545455 0.19294117647058823 0.03772727272727273
1 0.5864705882352941 0.8584090909090909 0.06 0.03772727272727273
1 0.09323529411764706 0.40295454545454545 0.08058823529411764 0.035
1 0.10470588235294118 0.5627272727272727 0.06588235294117648 0.03636363636363636
1 0.5626470588235294 0.038863636363636364 0.10647058823529412 0.022272727272727274
1 0.4979411764705882 0.9245454545454546 0.061764705882352944 0.038181818181818185
1 0.6652941176470588 0.8684090909090909 0.05647058823529412 0.03772727272727273
1 0.11647058823529412 0.76 0.09529411764705882 0.03636363636363636
1 0.10852941176470589 0.7197727272727272 0.08529411764705883 0.03590909090909091
1 0.5055882352941177 0.4490909090909091 0.09235294117647058 0.034545454545454546
1 0.49470588235294116 0.8588636363636364 0.05411764705882353 0.038636363636363635
1 0.4117647058823529 0.3638636363636364 0.2 0.03681818181818182
1 0.48176470588235293 0.6220454545454546 0.036470588235294116 0.03409090909090909
1 0.6711764705882353 0.9259090909090909 0.06352941176470588 0.03727272727272727
1 0.33 0.8577272727272728 0.06352941176470588 0.038181818181818185
1 0.3770588235294118 0.4536363636363636 0.1411764705882353 0.03727272727272727
1 0.6461764705882352 0.5670454545454545 0.15705882352941178 0.03590909090909091
1 0.6794117647058824 0.37477272727272726 0.036470588235294116 0.025
1 0.736764705882353 0.3718181818181818 0.06529411764705882 0.023636363636363636
1 0.7467647058823529 0.4172727272727273 0.03235294117647059 0.028181818181818183
1 0.6217647058823529 0.45704545454545453 0.06588235294117648 0.021363636363636362
1 0.5508823529411765 0.5731818181818182 0.027647058823529413 0.028181818181818183