1 0.643362831858407 0.7182937956204379 0.30383480825958703 0.0406021897810219
1 0.4495575221238938 0.39803832116788324 0.2938053097345133 0.038777372262773724
1 0.7710914454277286 0.8515054744525548 0.06253687315634218 0.03968978102189781
1 0.8507374631268436 0.9210766423357665 0.07079646017699115 0.03832116788321168
1 0.41858407079646015 0.9199361313868614 0.061946902654867256 0.03968978102189781
1 0.8463126843657817 0.8531021897810219 0.06312684365781711 0.04105839416058394
1 0.415929203539823 0.4450273722627737 0.21474926253687315 0.03695255474452555
1 0.543952802359882 0.7677919708029197 0.2312684365781711 0.04105839416058394
1 0.31386430678466076 0.022125912408759125 0.058997050147492625 0.027828467153284672
1 0.7955752212389381 0.40031934306569344 0.03126843657817109 0.03604014598540146
1 0.11268436578171091 0.676094890510949 0.08967551622418879 0.037408759124087594
1 0.11622418879056047 0.4425182481751825 0.11091445427728613 0.037408759124087594
1 0.41061946902654867 0.7173813868613139 0.1710914454277286 0.03695255474452555
1 0.11209439528023599 0.35697992700729925 0.11209439528023599 0.038777372262773724
1 0.15368731563421828 0.9203923357664233 0.052507374631268436 0.03968978102189781
1 0.7648967551622419 0.5579379562043796 0.1457227138643068 0.035583941605839414
1 0.32831858407079645 0.9199361313868614 0.06430678466076696 0.038777372262773724
1 0.15988200589970503 0.8489963503649635 0.06371681415929203 0.040145985401459854
1 0.6129793510324484 0.4450273722627737 0.12035398230088495 0.03604014598540146
1 0.4539823008849557 0.5166514598540146 0.26135693215339234 0.0406021897810219
1 0.11592920353982301 0.5134580291970803 0.1056047197640118 0.03968978102189781
1 0.848377581120944 0.3592609489051095 0.0943952802359882 0.034215328467153285
1 0.2448377581120944 0.8528740875912408 0.06135693215339233 0.0406021897810219
1 0.6581120943952803 0.5171076642335767 0.1256637168141593 0.03512773722627737
1 0.2448377581120944 0.9194799270072993 0.05191740412979351 0.038777372262773724
1 0.371976401179941 0.7648266423357665 0.11622418879056047 0.03512773722627737
1 0.7713864306784661 0.9206204379562044 0.07728613569321534 0.037408759124087594
1 0.6973451327433628 0.44913321167883213 0.03303834808259587 0.031478102189781025
1 0.6616519174041298 0.3572080291970803 0.1657817109144543 0.037408759124087594
1 0.42684365781710915 0.8517335766423357 0.07020648967551622 0.0364963503649635
1 0.5893805309734513 0.9190237226277372 0.06253687315634218 0.038777372262773724
1 0.38908554572271387 0.6729014598540146 0.13156342182890857 0.040145985401459854
1 0.49911504424778763 0.5609032846715328 0.37404129793510327 0.04425182481751825
1 0.5911504424778761 0.8517335766423357 0.06017699115044248 0.040145985401459854
1 0.11769911504424779 0.39758211678832117 0.09734513274336283 0.03786496350364964
1 0.11740412979351032 0.5581660583941606 0.10147492625368731 0.03786496350364964
1 0.556047197640118 0.024635036496350366 0.05368731563421829 0.030109489051094892
1 0.6911504424778762 0.39963503649635035 0.18230088495575222 0.03923357664233577
1 0.7722713864306785 0.44844890510948904 0.08731563421828908 0.032846715328467155
1 0.508259587020649 0.9210766423357665 0.057227138643067846 0.041970802919708027
1 0.6690265486725664 0.8521897810218978 0.05663716814159292 0.03923357664233577
1 0.780825958702065 0.3597171532846715 0.03716814159292035 0.03239051094890511
1 0.5448377581120945 0.6744981751824818 0.20235988200589972 0.03968978102189781
1 0.4631268436578171 0.6088047445255474 0.30914454277286135 0.03604014598540146
1 0.11592920353982301 0.7595802919708029 0.09616519174041298 0.037408759124087594
1 0.5109144542772861 0.8533302919708029 0.06017699115044248 0.03695255474452555
1 0.868141592920354 0.40031934306569344 0.1079646017699115 0.03786496350364964
1 0.4433628318584071 0.35766423357664234 0.2424778761061947 0.03832116788321168
1 0.11445427728613569 0.6012773722627737 0.09793510324483776 0.037408759124087594
1 0.6823008849557523 0.9210766423357665 0.06312684365781711 0.03923357664233577
1 0.3256637168141593 0.853558394160584 0.054277286135693215 0.040145985401459854
1 0.6805309734513274 0.6108576642335767 0.11268436578171091 0.03375912408759124
1 0.11150442477876106 0.7166970802919708 0.08849557522123894 0.0364963503649635