1 0.365 0.6922727272727273 0.12294117647058823 0.026363636363636363
1 0.5632352941176471 0.6272727272727273 0.018235294117647058 0.02
1 0.3770588235294118 0.37363636363636366 0.14705882352941177 0.03727272727272727
1 0.7467647058823529 0.8636363636363636 0.039411764705882354 0.02909090909090909
1 0.8382352941176471 0.935 0.05176470588235294 0.02727272727272727
1 0.5761764705882353 0.5788636363636364 0.14529411764705882 0.02409090909090909
1 0.4047058823529412 0.93 0.042352941176470586 0.026363636363636363
1 0.5105882352941177 0.5368181818181819 0.10470588235294118 0.02909090909090909
1 0.8358823529411765 0.8647727272727272 0.042352941176470586 0.026818181818181817
1 0.37441176470588233 0.6170454545454546 0.13470588235294118 0.023181818181818182
1 0.5088235294117647 0.37772727272727274 0.10352941176470588 0.03636363636363636
1 0.6614705882352941 0.8625 0.03588235294117647 0.030454545454545453
1 0.40794117647058825 0.4143181818181818 0.2088235294117647 0.03954545454545454
1 0.3664705882352941 0.7306818181818182 0.12588235294117647 0.03590909090909091
1 0.09176470588235294 0.6870454545454545 0.04823529411764706 0.029545454545454545
1 0.6723529411764706 0.5809090909090909 0.021176470588235293 0.025454545454545455
1 0.09676470588235295 0.4431818181818182 0.08529411764705883 0.03727272727272727
1 0.15176470588235294 0.9322727272727273 0.05411764705882353 0.03272727272727273
1 0.7258823529411764 0.5802272727272727 0.06941176470588235 0.026818181818181817
1 0.32029411764705884 0.9295454545454546 0.04764705882352941 0.03090909090909091
1 0.14941176470588236 0.8629545454545454 0.04 0.030454545454545453
1 0.09352941176470589 0.5336363636363637 0.07176470588235294 0.02909090909090909
1 0.61 0.62 0.058823529411764705 0.02090909090909091
1 0.23470588235294118 0.8622727272727273 0.04470588235294118 0.03090909090909091
1 0.6241176470588236 0.5379545454545455 0.047058823529411764 0.029545454545454545
1 0.23705882352941177 0.9331818181818182 0.05647058823529412 0.026363636363636363
1 0.3438235294117647 0.77 0.09588235294117647 0.03272727272727273
1 0.7605882352941177 0.9338636363636363 0.05764705882352941 0.02772727272727273
1 0.1011764705882353 0.3659090909090909 0.07529411764705882 0.03727272727272727
1 0.6435294117647059 0.3806818181818182 0.07529411764705882 0.03318181818181818
1 0.5982352941176471 0.4193181818181818 0.15294117647058825 0.038636363636363635
1 0.40058823529411763 0.8652272727272727 0.041176470588235294 0.031363636363636364
1 0.5779411764705882 0.9331818181818182 0.051176470588235295 0.03090909090909091
1 0.36970588235294116 0.5395454545454546 0.13352941176470587 0.03090909090909091
1 0.5764705882352941 0.8645454545454545 0.05647058823529412 0.03
1 0.09352941176470589 0.4059090909090909 0.08705882352941176 0.03909090909090909
1 0.5958823529411764 0.4668181818181818 0.058823529411764705 0.02
1 0.5497058823529412 0.0425 0.09117647058823529 0.02409090909090909
1 0.5802941176470588 0.38272727272727275 0.033529411764705884 0.03909090909090909
1 0.7691176470588236 0.4202272727272727 0.09588235294117647 0.03409090909090909
1 0.4938235294117647 0.9315909090909091 0.04764705882352941 0.021363636363636362
1 0.37058823529411766 0.46136363636363636 0.13529411764705881 0.022727272727272728
1 0.08911764705882352 0.7668181818181818 0.0488235294117647 0.034545454545454546
1 0.5464705882352942 0.4690909090909091 0.02235294117647059 0.02181818181818182
1 0.08852941176470588 0.7281818181818182 0.04764705882352941 0.03
1 0.49441176470588233 0.865909090909091 0.045294117647058825 0.02909090909090909
1 0.58 0.5468181818181819 0.021176470588235293 0.026363636363636363
1 0.49970588235294117 0.6213636363636363 0.09705882352941177 0.02090909090909091
1 0.10794117647058823 0.6147727272727272 0.06529411764705882 0.031363636363636364
1 0.6720588235294118 0.9315909090909091 0.06294117647058824 0.03318181818181818
1 0.31529411764705884 0.8631818181818182 0.04352941176470588 0.03
1 0.4888235294117647 0.4659090909090909 0.09294117647058824 0.028181818181818183
1 0.6979411764705883 0.4218181818181818 0.04058823529411765 0.03727272727272727
1 0.40176470588235297 0.5788636363636364 0.19058823529411764 0.028636363636363637
1 0.2726470588235294 0.03931818181818182 0.03470588235294118 0.025
1 0.10147058823529412 0.5745454545454546 0.07352941176470588 0.031818181818181815