1 0.7694117647058824 0.8563636363636363 0.06470588235294118 0.038181818181818185
1 0.856764705882353 0.9240909090909091 0.06647058823529411 0.04
1 0.6120588235294118 0.5713636363636364 0.16176470588235295 0.03636363636363636
1 0.42205882352941176 0.9259090909090909 0.05235294117647059 0.038181818181818185
1 0.5129411764705882 0.5225 0.1 0.03227272727272727
1 0.8608823529411764 0.8568181818181818 0.0711764705882353 0.04
1 0.3658823529411765 0.610909090909091 0.1188235294117647 0.034545454545454546
1 0.485 0.6859090909090909 0.060588235294117644 0.03636363636363636
1 0.3985294117647059 0.7245454545454545 0.16411764705882353 0.03727272727272727
1 0.3941176470588235 0.4097727272727273 0.16941176470588235 0.03318181818181818
1 0.09941176470588235 0.6829545454545455 0.05529411764705883 0.035
1 0.10647058823529412 0.45136363636363636 0.07882352941176471 0.03636363636363636
1 0.10147058823529412 0.36772727272727274 0.07352941176470588 0.034545454545454546
1 0.47441176470588237 0.7720454545454546 0.05941176470588235 0.031363636363636364
1 0.17147058823529412 0.9245454545454546 0.07 0.04
1 0.7885294117647059 0.5686363636363636 0.11352941176470588 0.03636363636363636
1 0.33705882352941174 0.9259090909090909 0.06352941176470588 0.03727272727272727
1 0.16647058823529412 0.8568181818181818 0.05647058823529412 0.04
1 0.3841176470588235 0.5272727272727272 0.14352941176470588 0.031818181818181815
1 0.10176470588235294 0.5220454545454546 0.07176470588235294 0.03409090909090909
1 0.6220588235294118 0.7245454545454545 0.10764705882352942 0.03272727272727273
1 0.25470588235294117 0.8563636363636363 0.06352941176470588 0.03909090909090909
1 0.25323529411764706 0.9247727272727273 0.06411764705882353 0.038636363636363635
1 0.36264705882352943 0.7713636363636364 0.09941176470588235 0.034545454545454546
1 0.7694117647058824 0.9256818181818182 0.05764705882352941 0.04045454545454545
1 0.6717647058823529 0.40863636363636363 0.08235294117647059 0.03090909090909091
1 0.6691176470588235 0.36613636363636365 0.0888235294117647 0.03227272727272727
1 0.4229411764705882 0.8579545454545454 0.052941176470588235 0.04045454545454545
1 0.5938235294117648 0.9243181818181818 0.060588235294117644 0.03772727272727273
1 0.3635294117647059 0.6840909090909091 0.10823529411764705 0.03363636363636364
1 0.4823529411764706 0.6106818181818182 0.11529411764705882 0.03409090909090909
1 0.596764705882353 0.8568181818181818 0.05823529411764706 0.03909090909090909
1 0.10235294117647059 0.4084090909090909 0.07176470588235294 0.03681818181818182
1 0.10411764705882352 0.5675 0.07176470588235294 0.03409090909090909
1 0.5347058823529411 0.03272727272727273 0.04352941176470588 0.02
1 0.58 0.525 0.02588235294117647 0.03090909090909091
1 0.5067647058823529 0.9247727272727273 0.05588235294117647 0.04045454545454545
1 0.6826470588235294 0.8556818181818182 0.061764705882352944 0.04045454545454545
1 0.5055882352941177 0.36886363636363634 0.10764705882352942 0.03772727272727273
1 0.10294117647058823 0.7688636363636364 0.05529411764705883 0.03681818181818182
1 0.46205882352941174 0.45181818181818184 0.07235294117647059 0.031818181818181815
1 0.09941176470588235 0.7209090909090909 0.05529411764705883 0.03272727272727273
1 0.5017647058823529 0.8572727272727273 0.042352941176470586 0.04
1 0.6408823529411765 0.5225 0.09588235294117647 0.03227272727272727
1 0.6123529411764705 0.6102272727272727 0.06 0.03681818181818182
1 0.37823529411764706 0.3665909090909091 0.13411764705882354 0.03681818181818182
1 0.5223529411764706 0.7240909090909091 0.03411764705882353 0.035454545454545454
1 0.11411764705882353 0.6063636363636363 0.09058823529411765 0.03909090909090909
1 0.6788235294117647 0.9245454545454546 0.06235294117647059 0.03909090909090909
1 0.3373529411764706 0.8575 0.057058823529411766 0.04045454545454545
1 0.36411764705882355 0.44636363636363635 0.11176470588235295 0.035454545454545454
1 0.7114705882352941 0.5693181818181818 0.025294117647058825 0.03681818181818182
1 0.3 0.03568181818181818 0.03882352941176471 0.02590909090909091
1 0.6023529411764705 0.36977272727272725 0.03411764705882353 0.035
1 0.616764705882353 0.4047727272727273 0.022941176470588236 0.029545454545454545
1 0.5405882352941176 0.41113636363636363 0.11176470588235295 0.03590909090909091
1 0.5091176470588236 0.465 0.018235294117647058 0.03
1 0.5520588235294117 0.45431818181818184 0.06411764705882353 0.035
1 0.4194117647058824 0.5706818181818182 0.2188235294117647 0.03318181818181818
1 0.5623529411764706 0.6222727272727273 0.03411764705882353 0.04363636363636364
1 0.43470588235294116 0.6927272727272727 0.023529411764705882 0.028181818181818183
1 0.42823529411764705 0.7804545454545454 0.024705882352941175 0.03909090909090909