1 0.36676470588235294 0.6811363636363637 0.13470588235294118 0.03681818181818182
1 0.7573529411764706 0.8590909090909091 0.05941176470588235 0.038181818181818185
1 0.8479411764705882 0.9261363636363636 0.07941176470588235 0.041363636363636366
1 0.5617647058823529 0.6140909090909091 0.13294117647058823 0.03272727272727273
1 0.4117647058823529 0.9247727272727273 0.05411764705882353 0.03954545454545454
1 0.5244117647058824 0.5370454545454545 0.11705882352941177 0.02772727272727273
1 0.3897058823529412 0.6127272727272727 0.18411764705882352 0.04454545454545455
1 0.5164705882352941 0.4168181818181818 0.21294117647058824 0.03090909090909091
1 0.6991176470588235 0.7386363636363636 0.03 0.03272727272727273
1 0.40088235294117647 0.7238636363636364 0.19941176470588234 0.03681818181818182
1 0.3561764705882353 0.4093181818181818 0.10882352941176471 0.03681818181818182
1 0.7126470588235294 0.62 0.08294117647058824 0.031818181818181815
1 0.09441176470588235 0.3654545454545455 0.08294117647058824 0.03636363636363636
1 0.08647058823529412 0.4495454545454545 0.10235294117647059 0.038181818181818185
1 0.16117647058823528 0.9229545454545455 0.07058823529411765 0.041363636363636366
1 0.3323529411764706 0.923409090909091 0.07529411764705882 0.04045454545454545
1 0.15705882352941178 0.8563636363636363 0.058823529411764705 0.038181818181818185
1 0.09441176470588235 0.5236363636363637 0.10411764705882352 0.03727272727272727
1 0.5835294117647059 0.7320454545454546 0.1635294117647059 0.029545454545454545
1 0.2373529411764706 0.8570454545454546 0.04764705882352941 0.03681818181818182
1 0.6570588235294118 0.53 0.07294117647058823 0.031818181818181815
1 0.24294117647058824 0.9229545454545455 0.06823529411764706 0.04045454545454545
1 0.3855882352941176 0.774090909090909 0.17352941176470588 0.02727272727272727
1 0.768235294117647 0.9277272727272727 0.08 0.04090909090909091
1 0.3064705882352941 0.028181818181818183 0.04823529411764706 0.024545454545454544
1 0.5597058823529412 0.7718181818181818 0.15470588235294117 0.028181818181818183
1 0.5902941176470589 0.36954545454545457 0.06647058823529411 0.03272727272727273
1 0.4061764705882353 0.8575 0.04764705882352941 0.03772727272727273
1 0.5873529411764706 0.923409090909091 0.07 0.038636363636363635
1 0.3770588235294118 0.5356818181818181 0.1588235294117647 0.03590909090909091
1 0.5102941176470588 0.46386363636363637 0.20294117647058824 0.025
1 0.5791176470588235 0.8593181818181819 0.04647058823529412 0.03954545454545454
1 0.09 0.4093181818181818 0.08470588235294117 0.03681818181818182
1 0.095 0.57 0.11470588235294117 0.035454545454545454
1 0.6458823529411765 0.5713636363636364 0.18 0.035454545454545454
1 0.5729411764705883 0.034545454545454546 0.11294117647058824 0.02727272727272727
1 0.7561764705882353 0.5731818181818182 0.031176470588235295 0.03272727272727273
1 0.745 0.7711363636363636 0.08058823529411764 0.031363636363636364
1 0.5029411764705882 0.9268181818181818 0.0811764705882353 0.038181818181818185
1 0.7735294117647059 0.7320454545454546 0.09176470588235294 0.03318181818181818
1 0.6685294117647059 0.8602272727272727 0.057058823529411766 0.03954545454545454
1 0.46294117647058824 0.37454545454545457 0.0988235294117647 0.025454545454545455
1 0.5147058823529411 0.6906818181818182 0.10941176470588235 0.025
1 0.8405882352941176 0.5725 0.11176470588235295 0.03590909090909091
1 0.35205882352941176 0.4597727272727273 0.10529411764705883 0.03681818181818182
1 0.09852941176470588 0.7654545454545455 0.09235294117647058 0.038181818181818185
1 0.10264705882352941 0.7243181818181819 0.10764705882352942 0.03954545454545454
1 0.6544117647058824 0.6884090909090909 0.0688235294117647 0.028636363636363637
1 0.4935294117647059 0.8584090909090909 0.05411764705882353 0.03954545454545454
1 0.3511764705882353 0.3684090909090909 0.0976470588235294 0.03590909090909091
1 0.10617647058823529 0.6077272727272728 0.11 0.04181818181818182
1 0.6688235294117647 0.9279545454545455 0.07647058823529412 0.03318181818181818
1 0.3235294117647059 0.8575 0.05176470588235294 0.03772727272727273
1 0.5335294117647059 0.37636363636363634 0.024705882352941175 0.024545454545454544
1 0.6052941176470589 0.5425 0.02823529411764706 0.02590909090909091
1 0.42911764705882355 0.5752272727272727 0.2641176470588235 0.03227272727272727
1 0.6511764705882352 0.6268181818181818 0.03529411764705882 0.034545454545454546
1 0.5832352941176471 0.6956818181818182 0.026470588235294117 0.02590909090909091
1 0.6705882352941176 0.7840909090909091 0.03529411764705882 0.03272727272727273
1 0.09823529411764706 0.6827272727272727 0.12470588235294118 0.034545454545454546
1 0.8423529411764706 0.8604545454545455 0.06823529411764706 0.04