1 0.3935294117647059 0.6909090909090909 0.16941176470588235 0.03727272727272727
1 0.5785294117647058 0.6915909090909091 0.13470588235294118 0.030454545454545453
1 0.7755882352941177 0.8588636363636364 0.06411764705882353 0.041363636363636366
1 0.8494117647058823 0.9263636363636364 0.05764705882352941 0.042727272727272725
1 0.4576470588235294 0.5768181818181818 0.3129411764705882 0.035454545454545454
1 0.42676470588235293 0.9270454545454545 0.061764705882352944 0.03772727272727273
1 0.856764705882353 0.8581818181818182 0.06411764705882353 0.04181818181818182
1 0.3914705882352941 0.6206818181818182 0.18764705882352942 0.035
1 0.40911764705882353 0.3734090909090909 0.20411764705882354 0.03681818181818182
1 0.6608823529411765 0.7322727272727273 0.14529411764705882 0.03727272727272727
1 0.43411764705882355 0.4177272727272727 0.25176470588235295 0.038181818181818185
1 0.4361764705882353 0.7325 0.2605882352941176 0.03772727272727273
1 0.793235294117647 0.5318181818181819 0.07941176470588235 0.03636363636363636
1 0.11058823529411765 0.4634090909090909 0.09294117647058824 0.03590909090909091
1 0.11029411764705882 0.41454545454545455 0.0888235294117647 0.035454545454545454
1 0.17029411764705882 0.9295454545454546 0.06764705882352941 0.03636363636363636
1 0.8238235294117647 0.5720454545454545 0.033529411764705884 0.035
1 0.335 0.9293181818181818 0.06294117647058824 0.03772727272727273
1 0.73 0.6184090909090909 0.07176470588235294 0.029545454545454545
1 0.09676470588235295 0.5313636363636364 0.07705882352941176 0.03636363636363636
1 0.24735294117647058 0.865 0.05235294117647059 0.03636363636363636
1 0.6164705882352941 0.5313636363636364 0.13176470588235295 0.034545454545454546
1 0.24823529411764705 0.9265909090909091 0.05411764705882353 0.038636363636363635
1 0.37676470588235295 0.7736363636363637 0.14058823529411765 0.03363636363636364
1 0.765 0.9252272727272727 0.05823529411764706 0.03954545454545454
1 0.2911764705882353 0.03931818181818182 0.04352941176470588 0.02409090909090909
1 0.5179411764705882 0.774090909090909 0.09705882352941177 0.03090909090909091
1 0.6658823529411765 0.41204545454545455 0.14705882352941177 0.03681818181818182
1 0.4244117647058824 0.8625 0.060588235294117644 0.03772727272727273
1 0.5855882352941176 0.9281818181818182 0.04176470588235294 0.04
1 0.4223529411764706 0.5309090909090909 0.2411764705882353 0.03909090909090909
1 0.5620588235294117 0.6188636363636364 0.12764705882352942 0.03772727272727273
1 0.5852941176470589 0.8602272727272727 0.047058823529411764 0.04045454545454545
1 0.115 0.37272727272727274 0.09705882352941177 0.03636363636363636
1 0.5611764705882353 0.03704545454545455 0.1223529411764706 0.023181818181818182
1 0.5929411764705882 0.37545454545454543 0.11764705882352941 0.034545454545454546
1 0.5070588235294118 0.9288636363636363 0.052941176470588235 0.04045454545454545
1 0.6741176470588235 0.8570454545454546 0.05058823529411765 0.042272727272727274
1 0.9052941176470588 0.5693181818181818 0.10941176470588235 0.041363636363636366
1 0.39029411764705885 0.4634090909090909 0.1864705882352941 0.03409090909090909
1 0.09676470588235295 0.7793181818181818 0.07235294117647059 0.03409090909090909
1 0.10205882352941177 0.7334090909090909 0.07823529411764706 0.03681818181818182
1 0.5576470588235294 0.4636363636363636 0.08352941176470588 0.031818181818181815
1 0.5102941176470588 0.8668181818181818 0.05941176470588235 0.04727272727272727
1 0.7235294117647059 0.5327272727272727 0.04 0.031818181818181815
1 0.09470588235294118 0.6220454545454546 0.07529411764705882 0.035
1 0.6744117647058824 0.9265909090909091 0.05588235294117647 0.038636363636363635
1 0.3388235294117647 0.860909090909091 0.058823529411764705 0.038181818181818185
1 0.7091176470588235 0.5713636363636364 0.19 0.034545454545454546
1 0.10882352941176471 0.6920454545454545 0.07294117647058823 0.03318181818181818
1 0.6705882352941176 0.6231818181818182 0.03411764705882353 0.02727272727272727
1 0.09794117647058824 0.5809090909090909 0.07705882352941176 0.038181818181818185
1 0.15941176470588236 0.8654545454545455 0.06352941176470588 0.038181818181818185