1 0.5688235294117647 0.6261363636363636 0.027058823529411764 0.031363636363636364
1 0.7585294117647059 0.8613636363636363 0.06294117647058824 0.03909090909090909
1 0.841764705882353 0.9277272727272727 0.0611764705882353 0.03909090909090909
1 0.5732352941176471 0.5770454545454545 0.12411764705882353 0.03318181818181818
1 0.5776470588235294 0.5245454545454545 0.13058823529411764 0.03636363636363636
1 0.8414705882352941 0.8611363636363636 0.06411764705882353 0.041363636363636366
1 0.3726470588235294 0.6086363636363636 0.14294117647058824 0.03636363636363636
1 0.665 0.7840909090909091 0.08647058823529412 0.03090909090909091
1 0.6670588235294118 0.6963636363636364 0.041176470588235294 0.031818181818181815
1 0.3841176470588235 0.7297727272727272 0.17529411764705882 0.03681818181818182
1 0.4 0.36613636363636365 0.18 0.03772727272727273
1 0.7435294117647059 0.5368181818181819 0.08941176470588236 0.035454545454545454
1 0.39588235294117646 0.4056818181818182 0.18235294117647058 0.03681818181818182
1 0.0961764705882353 0.6768181818181818 0.07352941176470588 0.035454545454545454
1 0.10764705882352942 0.3597727272727273 0.09647058823529411 0.03681818181818182
1 0.10352941176470588 0.4470454545454545 0.08941176470588236 0.035
1 0.5167647058823529 0.7763636363636364 0.10294117647058823 0.034545454545454546
1 0.5511764705882353 0.7345454545454545 0.14352941176470588 0.03
1 0.15058823529411763 0.9227272727272727 0.05764705882352941 0.04090909090909091
1 0.7567647058823529 0.6927272727272727 0.10882352941176471 0.03363636363636364
1 0.40588235294117647 0.9259090909090909 0.052941176470588235 0.04090909090909091
1 0.15088235294117647 0.8529545454545454 0.054705882352941174 0.03954545454545454
1 0.7191176470588235 0.7361363636363636 0.11 0.03318181818181818
1 0.40558823529411764 0.5263636363636364 0.20411764705882354 0.034545454545454546
1 0.0961764705882353 0.5227272727272727 0.08058823529411764 0.034545454545454546
1 0.6144117647058823 0.6252272727272727 0.05941176470588235 0.030454545454545453
1 0.6638235294117647 0.5313636363636364 0.05 0.03363636363636364
1 0.23705882352941177 0.9240909090909091 0.047058823529411764 0.04
1 0.3714705882352941 0.7752272727272728 0.15470588235294117 0.03590909090909091
1 0.7573529411764706 0.9265909090909091 0.05823529411764706 0.04045454545454545
1 0.6847058823529412 0.4634090909090909 0.0811764705882353 0.03409090909090909
1 0.6747058823529412 0.37113636363636365 0.05176470588235294 0.03318181818181818
1 0.6223529411764706 0.4634090909090909 0.03764705882352941 0.03681818181818182
1 0.41147058823529414 0.8590909090909091 0.05588235294117647 0.04
1 0.40088235294117647 0.5702272727272727 0.20294117647058824 0.03409090909090909
1 0.4961764705882353 0.6113636363636363 0.10176470588235294 0.034545454545454546
1 0.5270588235294118 0.45431818181818184 0.11647058823529412 0.03681818181818182
1 0.5841176470588235 0.8631818181818182 0.06470588235294118 0.03909090909090909
1 0.10852941176470589 0.4027272727272727 0.09941176470588235 0.034545454545454546
1 0.09794117647058824 0.5625 0.07941176470588235 0.03409090909090909
1 0.6523529411764706 0.5745454545454546 0.02823529411764706 0.03090909090909091
1 0.5597058823529412 0.038181818181818185 0.09588235294117647 0.022727272727272728
1 0.6564705882352941 0.4113636363636364 0.029411764705882353 0.035454545454545454
1 0.731764705882353 0.41204545454545455 0.12823529411764706 0.03681818181818182
1 0.49529411764705883 0.9265909090909091 0.05764705882352941 0.04045454545454545
1 0.6702941176470588 0.8647727272727272 0.06294117647058824 0.042272727272727274
1 0.5670588235294117 0.37136363636363634 0.14470588235294118 0.038181818181818185
1 0.57 0.6815909090909091 0.14352941176470588 0.03772727272727273
1 0.3814705882352941 0.44727272727272727 0.1511764705882353 0.03909090909090909
1 0.09294117647058824 0.7625 0.07529411764705882 0.035
1 0.09352941176470589 0.7213636363636363 0.07411764705882352 0.035454545454545454
1 0.6420588235294118 0.7345454545454545 0.03 0.03272727272727273
1 0.4961764705882353 0.8645454545454545 0.06411764705882353 0.04181818181818182
1 0.7644117647058823 0.37272727272727274 0.11235294117647059 0.034545454545454546
1 0.09411764705882353 0.6084090909090909 0.07882352941176471 0.035
1 0.6673529411764706 0.9268181818181818 0.057058823529411766 0.04090909090909091
1 0.32323529411764707 0.8561363636363636 0.054705882352941174 0.03954545454545454
1 0.7226470588235294 0.5788636363636364 0.07823529411764706 0.03318181818181818
1 0.285 0.03340909090909091 0.04294117647058823 0.023181818181818182
1 0.5570588235294117 0.4113636363636364 0.14 0.038181818181818185
1 0.395 0.6831818181818182 0.19823529411764707 0.038181818181818185
1 0.5929411764705882 0.7836363636363637 0.03764705882352941 0.034545454545454546
1 0.24088235294117646 0.8579545454545454 0.06764705882352941 0.03590909090909091
1 0.3191176470588235 0.9254545454545454 0.05352941176470588 0.03636363636363636
1 0.5802941176470588 0.9281818181818182 0.057058823529411766 0.03727272727272727