1 0.4167647058823529 0.6909090909090909 0.23 0.03727272727272727
1 0.755 0.8613636363636363 0.054705882352941174 0.035454545454545454
1 0.8397058823529412 0.9327272727272727 0.051176470588235295 0.042727272727272725
1 0.4097058823529412 0.9270454545454545 0.06294117647058824 0.03954545454545454
1 0.8364705882352941 0.8629545454545454 0.06 0.041363636363636366
1 0.36264705882352943 0.6202272727272727 0.13588235294117648 0.031363636363636364
1 0.6602941176470588 0.7727272727272727 0.07 0.03090909090909091
1 0.6358823529411765 0.69 0.17294117647058824 0.03636363636363636
1 0.4258823529411765 0.735 0.26 0.035454545454545454
1 0.40205882352941175 0.3684090909090909 0.19823529411764707 0.03772727272727273
1 0.3861764705882353 0.4184090909090909 0.1864705882352941 0.035
1 0.09647058823529411 0.6802272727272727 0.07764705882352942 0.03590909090909091
1 0.09735294117647059 0.4536363636363636 0.07823529411764706 0.03727272727272727
1 0.1526470588235294 0.9270454545454545 0.05823529411764706 0.03954545454545454
1 0.3255882352941176 0.9277272727272727 0.061764705882352944 0.04
1 0.15294117647058825 0.8572727272727273 0.058823529411764705 0.038181818181818185
1 0.7661764705882353 0.735909090909091 0.03588235294117647 0.034545454545454546
1 0.0838235294117647 0.5286363636363637 0.07470588235294118 0.03090909090909091
1 0.6517647058823529 0.7370454545454546 0.17411764705882352 0.030454545454545453
1 0.24029411764705882 0.9272727272727272 0.06411764705882353 0.038181818181818185
1 0.38088235294117645 0.7788636363636363 0.1711764705882353 0.035
1 0.7579411764705882 0.9261363636363636 0.05823529411764706 0.03954545454545454
1 0.09323529411764706 0.36863636363636365 0.08529411764705883 0.034545454545454546
1 0.5205882352941177 0.7802272727272728 0.09529411764705882 0.031363636363636364
1 0.6558823529411765 0.4586363636363636 0.08235294117647059 0.03272727272727273
1 0.5632352941176471 0.41295454545454546 0.13588235294117648 0.03681818181818182
1 0.4073529411764706 0.8611363636363636 0.05941176470588235 0.038636363636363635
1 0.5873529411764706 0.9279545454545455 0.05823529411764706 0.03954545454545454
1 0.4 0.5336363636363637 0.21529411764705883 0.034545454545454546
1 0.523235294117647 0.4636363636363636 0.10529411764705883 0.035454545454545454
1 0.6023529411764705 0.7854545454545454 0.03176470588235294 0.03272727272727273
1 0.0988235294117647 0.4097727272727273 0.09294117647058824 0.03590909090909091
1 0.5870588235294117 0.5729545454545455 0.10470588235294118 0.03409090909090909
1 0.5658823529411765 0.03954545454545454 0.11764705882352941 0.022727272727272728
1 0.7441176470588236 0.41545454545454547 0.12352941176470589 0.035454545454545454
1 0.4973529411764706 0.9277272727272727 0.06647058823529411 0.04
1 0.8385294117647059 0.6881818181818182 0.09117647058823529 0.035454545454545454
1 0.6697058823529412 0.8604545454545455 0.05588235294117647 0.03909090909090909
1 0.5826470588235294 0.3740909090909091 0.14529411764705882 0.038181818181818185
1 0.8370588235294117 0.7311363636363636 0.0976470588235294 0.035
1 0.3735294117647059 0.4606818181818182 0.15764705882352942 0.035
1 0.09382352941176471 0.7661363636363636 0.08294117647058824 0.03681818181818182
1 0.09205882352941176 0.7263636363636363 0.07823529411764706 0.03636363636363636
1 0.6882352941176471 0.3834090909090909 0.03882352941176471 0.03590909090909091
1 0.49470588235294116 0.8638636363636364 0.058823529411764705 0.042272727272727274
1 0.6605882352941177 0.4159090909090909 0.03058823529411765 0.034545454545454546
1 0.7785294117647059 0.3770454545454546 0.11823529411764706 0.035
1 0.5670588235294117 0.5295454545454545 0.09411764705882353 0.03272727272727273
1 0.4885294117647059 0.6138636363636364 0.0688235294117647 0.03227272727272727
1 0.08823529411764706 0.6097727272727272 0.06823529411764706 0.03954545454545454
1 0.6744117647058824 0.9270454545454545 0.06764705882352941 0.03954545454545454
1 0.3197058823529412 0.8581818181818182 0.05 0.038181818181818185
1 0.7670588235294118 0.6934090909090909 0.042352941176470586 0.035
1 0.5961764705882353 0.46886363636363637 0.02411764705882353 0.02409090909090909
1 0.40558823529411764 0.5738636363636364 0.23 0.03772727272727273
1 0.08764705882352941 0.5677272727272727 0.07529411764705882 0.035454545454545454
1 0.5858823529411765 0.8615909090909091 0.06823529411764706 0.042272727272727274
1 0.23441176470588235 0.8593181818181819 0.06294117647058824 0.03681818181818182
1 0.29470588235294115 0.03772727272727273 0.036470588235294116 0.03090909090909091