1 0.36676470588235294 0.6811363636363637 0.13470588235294118 0.03681818181818182
1 0.7579411764705882 0.8613636363636363 0.05941176470588235 0.038181818181818185
1 0.8479411764705882 0.9261363636363636 0.07941176470588235 0.041363636363636366
1 0.5617647058823529 0.6140909090909091 0.13294117647058823 0.03272727272727273
1 0.4117647058823529 0.9247727272727273 0.05411764705882353 0.03954545454545454
1 0.5264705882352941 0.535 0.10941176470588235 0.035454545454545454
1 0.3961764705882353 0.6138636363636364 0.18764705882352942 0.03681818181818182
1 0.5217647058823529 0.41409090909090907 0.2235294117647059 0.03909090909090909
1 0.6982352941176471 0.7252272727272727 0.03058823529411765 0.03227272727272727
1 0.40088235294117647 0.7238636363636364 0.19941176470588234 0.03681818181818182
1 0.3561764705882353 0.4093181818181818 0.10882352941176471 0.03681818181818182
1 0.7114705882352941 0.6218181818181818 0.08294117647058824 0.031818181818181815
1 0.09441176470588235 0.3654545454545455 0.08294117647058824 0.03636363636363636
1 0.09823529411764706 0.4556818181818182 0.09411764705882353 0.03318181818181818
1 0.16117647058823528 0.9229545454545455 0.07058823529411765 0.041363636363636366
1 0.3323529411764706 0.923409090909091 0.07529411764705882 0.04045454545454545
1 0.15705882352941178 0.8563636363636363 0.058823529411764705 0.038181818181818185
1 0.09176470588235294 0.5261363636363636 0.09529411764705882 0.03590909090909091
1 0.5823529411764706 0.7306818181818182 0.1588235294117647 0.028636363636363637
1 0.2373529411764706 0.8570454545454546 0.04764705882352941 0.03681818181818182
1 0.6617647058823529 0.5322727272727272 0.07294117647058823 0.031818181818181815
1 0.24294117647058824 0.9229545454545455 0.06823529411764706 0.04045454545454545
1 0.3811764705882353 0.77 0.16470588235294117 0.035454545454545454
1 0.7676470588235295 0.9252272727272727 0.08 0.04045454545454545
1 0.3064705882352941 0.028181818181818183 0.04823529411764706 0.024545454545454544
1 0.56 0.7765909090909091 0.15529411764705883 0.026818181818181817
1 0.5902941176470589 0.36954545454545457 0.06647058823529411 0.03272727272727273
1 0.4061764705882353 0.8575 0.04764705882352941 0.03772727272727273
1 0.5873529411764706 0.923409090909091 0.07 0.038636363636363635
1 0.3835294117647059 0.5320454545454546 0.1623529411764706 0.03681818181818182
1 0.505 0.4602272727272727 0.19823529411764707 0.038636363636363635
1 0.5791176470588235 0.8593181818181819 0.04647058823529412 0.03954545454545454
1 0.09382352941176471 0.4072727272727273 0.08529411764705883 0.03727272727272727
1 0.09323529411764706 0.5688636363636363 0.09823529411764706 0.03772727272727273
1 0.6458823529411765 0.5713636363636364 0.18 0.035454545454545454
1 0.5729411764705883 0.034545454545454546 0.11294117647058824 0.02727272727272727
1 0.7561764705882353 0.5731818181818182 0.031176470588235295 0.03272727272727273
1 0.7479411764705882 0.7779545454545455 0.08058823529411764 0.031363636363636364
1 0.5008823529411764 0.9243181818181818 0.07 0.03954545454545454
1 0.773235294117647 0.7313636363636363 0.09470588235294118 0.03363636363636364
1 0.6691176470588235 0.8584090909090909 0.057058823529411766 0.03954545454545454
1 0.5367647058823529 0.3756818181818182 0.03235294117647059 0.02772727272727273
1 0.5111764705882353 0.6890909090909091 0.11294117647058824 0.03
1 0.8405882352941176 0.5725 0.11176470588235295 0.03590909090909091
1 0.35205882352941176 0.45045454545454544 0.10529411764705883 0.03727272727272727
1 0.09852941176470588 0.7654545454545455 0.09235294117647058 0.038181818181818185
1 0.1038235294117647 0.7256818181818182 0.10411764705882352 0.038636363636363635
1 0.655 0.6911363636363637 0.07823529411764706 0.029545454545454545
1 0.4935294117647059 0.8584090909090909 0.05411764705882353 0.03954545454545454
1 0.3511764705882353 0.3684090909090909 0.0976470588235294 0.03590909090909091
1 0.0976470588235294 0.6095454545454545 0.0988235294117647 0.03636363636363636
1 0.6735294117647059 0.9290909090909091 0.06588235294117648 0.03727272727272727
1 0.3235294117647059 0.8575 0.05176470588235294 0.03772727272727273
1 0.4588235294117647 0.37386363636363634 0.11411764705882353 0.023181818181818182
1 0.6055882352941176 0.5409090909090909 0.03235294117647059 0.022727272727272728
1 0.4244117647058824 0.5722727272727273 0.25588235294117645 0.03090909090909091
1 0.5876470588235294 0.6952272727272727 0.02823529411764706 0.020454545454545454
1 0.6664705882352941 0.785 0.03882352941176471 0.03363636363636364
1 0.09558823529411764 0.6804545454545454 0.1111764705882353 0.03272727272727273
1 0.8485294117647059 0.8629545454545454 0.061764705882352944 0.04409090909090909
1 0.6552941176470588 0.6261363636363636 0.027058823529411764 0.028636363636363637