1 0.851764705882353 0.9295454545454546 0.07529411764705882 0.03909090909090909
1 0.5211764705882352 0.6168181818181818 0.1 0.03363636363636364
1 0.4111764705882353 0.9272727272727272 0.058823529411764705 0.03727272727272727
1 0.37058823529411766 0.6172727272727273 0.13176470588235295 0.035454545454545454
1 0.4117647058823529 0.5695454545454546 0.23294117647058823 0.046363636363636364
1 0.4520588235294118 0.41113636363636363 0.3076470588235294 0.04045454545454545
1 0.105 0.68 0.12176470588235294 0.03909090909090909
1 0.10264705882352941 0.3659090909090909 0.1111764705882353 0.04
1 0.09823529411764706 0.4531818181818182 0.09529411764705882 0.04
1 0.16 0.9236363636363636 0.06705882352941177 0.04
1 0.3288235294117647 0.9272727272727272 0.06 0.038181818181818185
1 0.1564705882352941 0.8595454545454545 0.05764705882352941 0.03909090909090909
1 0.6252941176470588 0.4625 0.15058823529411763 0.026818181818181817
1 0.10029411764705883 0.5243181818181818 0.1111764705882353 0.03590909090909091
1 0.2411764705882353 0.86 0.058823529411764705 0.038181818181818185
1 0.24823529411764705 0.9247727272727273 0.06588235294117648 0.038636363636363635
1 0.7611764705882353 0.9256818181818182 0.06705882352941177 0.038636363636363635
1 0.41794117647058826 0.8627272727272727 0.08529411764705883 0.04090909090909091
1 0.5832352941176471 0.9240909090909091 0.051176470588235295 0.03727272727272727
1 0.10058823529411764 0.5668181818181818 0.10235294117647059 0.04090909090909091
1 0.5841176470588235 0.8643181818181818 0.05764705882352941 0.03409090909090909
1 0.09970588235294117 0.4077272727272727 0.09941176470588235 0.03909090909090909
1 0.6120588235294118 0.5686363636363636 0.14411764705882352 0.042727272727272725
1 0.8205882352941176 0.4618181818181818 0.09058823529411765 0.031818181818181815
1 0.4988235294117647 0.9265909090909091 0.05647058823529412 0.03681818181818182
1 0.7605882352941177 0.8613636363636363 0.06588235294117648 0.038181818181818185
1 0.41205882352941176 0.45954545454545453 0.2311764705882353 0.03272727272727273
1 0.09970588235294117 0.7681818181818182 0.10764705882352942 0.03909090909090909
1 0.10205882352941177 0.7252272727272727 0.1111764705882353 0.03590909090909091
1 0.7194117647058823 0.4138636363636364 0.18470588235294116 0.04409090909090909
1 0.5105882352941177 0.8595454545454545 0.07294117647058823 0.04454545454545455
1 0.7402941176470588 0.4659090909090909 0.03235294117647059 0.028181818181818183
1 0.8458823529411764 0.4168181818181818 0.04823529411764706 0.04909090909090909
1 0.09941176470588235 0.6122727272727273 0.1011764705882353 0.038181818181818185
1 0.67 0.9297727272727273 0.06 0.038636363636363635
1 0.33176470588235296 0.8584090909090909 0.06235294117647059 0.03772727272727273
1 0.9685294117647059 0.7290909090909091 0.05588235294117647 0.04181818181818182
1 0.673235294117647 0.8656818181818182 0.06411764705882353 0.03409090909090909
1 0.29676470588235293 0.03409090909090909 0.039411764705882354 0.02727272727272727
1 0.5735294117647058 0.03681818181818182 0.11058823529411765 0.025454545454545455
1 0.9061764705882352 0.4115909090909091 0.08058823529411764 0.049545454545454545
1 0.49264705882352944 0.7277272727272728 0.40294117647058825 0.045454545454545456
1 0.44058823529411767 0.7725 0.3035294117647059 0.049545454545454545
1 0.8017647058823529 0.7268181818181818 0.2211764705882353 0.04727272727272727
1 0.6902941176470588 0.7736363636363637 0.19588235294117648 0.04454545454545455
1 0.9255882352941176 0.7268181818181818 0.033529411764705884 0.038181818181818185
1 0.8111764705882353 0.7806818181818181 0.05176470588235294 0.038636363636363635
1 0.8697058823529412 0.7813636363636364 0.060588235294117644 0.02909090909090909
1 0.8535294117647059 0.8629545454545454 0.09529411764705882 0.038636363636363635