1 0.365 0.68 0.09235294117647058 0.03636363636363636
1 0.7597058823529412 0.8588636363636364 0.0488235294117647 0.035
1 0.8447058823529412 0.9275 0.05529411764705883 0.03681818181818182
1 0.4152941176470588 0.9277272727272727 0.052941176470588235 0.03363636363636364
1 0.4497058823529412 0.45704545454545453 0.03235294117647059 0.025
1 0.37 0.6081818181818182 0.12 0.03363636363636364
1 0.675 0.925 0.05588235294117647 0.034545454545454546
1 0.4073529411764706 0.4118181818181818 0.18176470588235294 0.03727272727272727
1 0.6741176470588235 0.8577272727272728 0.05411764705882353 0.035454545454545454
1 0.3708823529411765 0.7256818181818182 0.12176470588235294 0.03409090909090909
1 0.10794117647058823 0.6775 0.05 0.03590909090909091
1 0.10088235294117646 0.4088636363636364 0.06411764705882353 0.03681818181818182
1 0.105 0.3643181818181818 0.07941176470588235 0.03590909090909091
1 0.5935294117647059 0.5702272727272727 0.15529411764705883 0.035
1 0.15705882352941178 0.9245454545454546 0.06352941176470588 0.03636363636363636
1 0.32529411764705884 0.9270454545454545 0.052941176470588235 0.035
1 0.15588235294117647 0.8563636363636363 0.05176470588235294 0.03636363636363636
1 0.39205882352941174 0.5268181818181819 0.1711764705882353 0.04
1 0.09941176470588235 0.5227272727272727 0.06941176470588235 0.03272727272727273
1 0.2461764705882353 0.8581818181818182 0.054705882352941174 0.03636363636363636
1 0.24029411764705882 0.9254545454545454 0.04764705882352941 0.034545454545454546
1 0.7570588235294118 0.9281818181818182 0.05058823529411765 0.035454545454545454
1 0.3052941176470588 0.03409090909090909 0.03882352941176471 0.022727272727272728
1 0.41705882352941176 0.8586363636363636 0.04941176470588235 0.035454545454545454
1 0.5870588235294117 0.9263636363636364 0.05411764705882353 0.035454545454545454
1 0.5258823529411765 0.4109090909090909 0.036470588235294116 0.034545454545454546
1 0.40911764705882353 0.571590909090909 0.18529411764705883 0.03681818181818182
1 0.6147058823529412 0.4125 0.11176470588235295 0.035
1 0.548235294117647 0.04068181818181818 0.08470588235294117 0.021363636363636362
1 0.5002941176470588 0.9270454545454545 0.05941176470588235 0.03590909090909091
1 0.8429411764705882 0.8590909090909091 0.058823529411764705 0.034545454545454546
1 0.5041176470588236 0.36954545454545457 0.05529411764705883 0.03363636363636364
1 0.11235294117647059 0.7254545454545455 0.041176470588235294 0.03272727272727273
1 0.5894117647058823 0.8581818181818182 0.05411764705882353 0.038181818181818185
1 0.5055882352941177 0.8579545454545454 0.05352941176470588 0.03772727272727273
1 0.5467647058823529 0.5245454545454545 0.10529411764705883 0.03272727272727273
1 0.3973529411764706 0.36704545454545456 0.13 0.03590909090909091
1 0.47941176470588237 0.6088636363636364 0.09529411764705882 0.03681818181818182
1 0.09941176470588235 0.5681818181818182 0.07294117647058823 0.034545454545454546
1 0.33147058823529413 0.8579545454545454 0.0488235294117647 0.03681818181818182
1 0.11 0.4481818181818182 0.05529411764705883 0.026363636363636363
1 0.5797058823529412 0.3675 0.08176470588235295 0.028636363636363637
1 0.5008823529411764 0.45454545454545453 0.05823529411764706 0.024545454545454544
1 0.3685294117647059 0.4506818181818182 0.10882352941176471 0.03227272727272727
1 0.10176470588235294 0.605909090909091 0.04941176470588235 0.024545454545454544
1 0.12 0.7629545454545454 0.03294117647058824 0.030454545454545453
1 0.3458823529411765 0.7684090909090909 0.08352941176470588 0.026818181818181817