1 0.3941176470588235 0.6822727272727273 0.18705882352941178 0.03909090909090909
1 0.763235294117647 0.8586363636363636 0.06647058823529411 0.042727272727272725
1 0.845 0.9290909090909091 0.06764705882352941 0.042727272727272725
1 0.405 0.9259090909090909 0.05588235294117647 0.04090909090909091
1 0.8423529411764706 0.8561363636363636 0.0611764705882353 0.03954545454545454
1 0.37588235294117645 0.6140909090909091 0.17294117647058824 0.035454545454545454
1 0.6729411764705883 0.785 0.047058823529411764 0.035454545454545454
1 0.3729411764705882 0.45704545454545453 0.16 0.035
1 0.4673529411764706 0.4156818181818182 0.33 0.042272727272727274
1 0.09441176470588235 0.6788636363636363 0.08764705882352941 0.03772727272727273
1 0.7105882352941176 0.5734090909090909 0.029411764705882353 0.03409090909090909
1 0.09470588235294118 0.36318181818181816 0.08588235294117647 0.03636363636363636
1 0.09441176470588235 0.445 0.09117647058823529 0.03727272727272727
1 0.6085294117647059 0.7240909090909091 0.16058823529411764 0.03636363636363636
1 0.1476470588235294 0.9215909090909091 0.05529411764705883 0.04409090909090909
1 0.3261764705882353 0.9238636363636363 0.06764705882352941 0.04045454545454545
1 0.14558823529411766 0.8572727272727273 0.04764705882352941 0.042727272727272725
1 0.7164705882352941 0.7261363636363637 0.03411764705882353 0.03409090909090909
1 0.40058823529411763 0.5247727272727273 0.21764705882352942 0.041363636363636366
1 0.09205882352941176 0.5215909090909091 0.07941176470588235 0.03681818181818182
1 0.2361764705882353 0.8588636363636364 0.0488235294117647 0.03954545454545454
1 0.6514705882352941 0.6165909090909091 0.03588235294117647 0.029545454545454545
1 0.2361764705882353 0.9227272727272727 0.05588235294117647 0.04
1 0.38794117647058823 0.7731818181818182 0.18411764705882352 0.031818181818181815
1 0.7617647058823529 0.9245454545454546 0.07294117647058823 0.042727272727272725
1 0.5770588235294117 0.7709090909090909 0.14 0.03363636363636364
1 0.41147058823529414 0.8581818181818182 0.06529411764705882 0.04181818181818182
1 0.09058823529411765 0.5647727272727273 0.08 0.03590909090909091
1 0.5514705882352942 0.6163636363636363 0.14058823529411765 0.03090909090909091
1 0.3997058823529412 0.5675 0.23705882352941177 0.03772727272727273
1 0.585 0.8593181818181819 0.07352941176470588 0.041363636363636366
1 0.09235294117647058 0.405 0.08823529411764706 0.03636363636363636
1 0.5985294117647059 0.5688636363636363 0.16058823529411764 0.03409090909090909
1 0.5479411764705883 0.03727272727272727 0.08058823529411764 0.024545454545454544
1 0.6191176470588236 0.5259090909090909 0.17941176470588235 0.03727272727272727
1 0.7964705882352942 0.5731818181818182 0.14941176470588236 0.03727272727272727
1 0.7585294117647059 0.7729545454545454 0.11941176470588236 0.03409090909090909
1 0.4902941176470588 0.9281818181818182 0.05588235294117647 0.046363636363636364
1 0.6720588235294118 0.86 0.060588235294117644 0.04454545454545455
1 0.5814705882352941 0.6815909090909091 0.13941176470588235 0.03772727272727273
1 0.8197058823529412 0.7302272727272727 0.1652941176470588 0.03318181818181818
1 0.09176470588235294 0.7672727272727272 0.08705882352941176 0.038181818181818185
1 0.09382352941176471 0.7227272727272728 0.09 0.038181818181818185
1 0.7508823529411764 0.5386363636363637 0.05 0.031818181818181815
1 0.4958823529411765 0.8579545454545454 0.05411764705882353 0.04409090909090909
1 0.8344117647058824 0.5322727272727272 0.11705882352941177 0.03363636363636364
1 0.3726470588235294 0.3684090909090909 0.14411764705882352 0.03590909090909091
1 0.405 0.7268181818181818 0.23941176470588235 0.04090909090909091
1 0.08705882352941176 0.605 0.07647058823529412 0.03636363636363636
1 0.6738235294117647 0.9259090909090909 0.06764705882352941 0.042727272727272725
1 0.3191176470588235 0.8579545454545454 0.0488235294117647 0.04045454545454545
1 0.7155882352941176 0.615 0.10176470588235294 0.031818181818181815
1 0.7852941176470588 0.6847727272727273 0.1376470588235294 0.03681818181818182
1 0.2952941176470588 0.03340909090909091 0.041176470588235294 0.030454545454545453
1 0.6894117647058824 0.7011363636363637 0.041176470588235294 0.03409090909090909
1 0.5858823529411765 0.9309090909090909 0.07764705882352942 0.06181818181818182