1 0.34941176470588237 0.6806818181818182 0.08823529411764706 0.03318181818181818
1 0.38676470588235295 0.5215909090909091 0.14411764705882352 0.031363636363636364
1 0.7564705882352941 0.8556818181818182 0.06 0.03772727272727273
1 0.8455882352941176 0.9268181818181818 0.06294117647058824 0.04
1 0.5394117647058824 0.6143181818181818 0.02588235294117647 0.03590909090909091
1 0.4032352941176471 0.9265909090909091 0.05 0.03954545454545454
1 0.8414705882352941 0.8613636363636363 0.05588235294117647 0.03636363636363636
1 0.36823529411764705 0.6061363636363636 0.12705882352941175 0.03590909090909091
1 0.6644117647058824 0.8584090909090909 0.0488235294117647 0.038636363636363635
1 0.38058823529411767 0.4470454545454545 0.14941176470588236 0.03681818181818182
1 0.4364705882352941 0.678409090909091 0.06235294117647059 0.028636363636363637
1 0.44 0.7256818181818182 0.07882352941176471 0.02590909090909091
1 0.7205882352941176 0.40704545454545454 0.02588235294117647 0.03409090909090909
1 0.4229411764705882 0.4077272727272727 0.2188235294117647 0.03363636363636364
1 0.0888235294117647 0.675 0.06941176470588235 0.034545454545454546
1 0.09088235294117647 0.4475 0.06529411764705882 0.03590909090909091
1 0.15323529411764705 0.9225 0.06294117647058824 0.04045454545454545
1 0.3176470588235294 0.9238636363636363 0.052941176470588235 0.04045454545454545
1 0.14794117647058824 0.8536363636363636 0.051176470588235295 0.04
1 0.09029411764705883 0.5197727272727273 0.07 0.035
1 0.601764705882353 0.6120454545454546 0.07294117647058823 0.03227272727272727
1 0.2361764705882353 0.8554545454545455 0.04764705882352941 0.038181818181818185
1 0.6391176470588236 0.5677272727272727 0.03235294117647059 0.03272727272727273
1 0.2361764705882353 0.9225 0.0488235294117647 0.03954545454545454
1 0.4161764705882353 0.7688636363636364 0.05941176470588235 0.03318181818181818
1 0.7479411764705882 0.928409090909091 0.05235294117647059 0.03954545454545454
1 0.09352941176470589 0.36318181818181816 0.07294117647058823 0.035454545454545454
1 0.6444117647058824 0.4490909090909091 0.054705882352941174 0.028181818181818183
1 0.5752941176470588 0.3659090909090909 0.1223529411764706 0.038181818181818185
1 0.40294117647058825 0.8577272727272728 0.047058823529411764 0.03909090909090909
1 0.5852941176470589 0.9275 0.05647058823529412 0.03772727272727273
1 0.39558823529411763 0.5672727272727273 0.1676470588235294 0.03636363636363636
1 0.5479411764705883 0.5254545454545455 0.16058823529411764 0.034545454545454546
1 0.48058823529411765 0.6079545454545454 0.08705882352941176 0.03318181818181818
1 0.5758823529411765 0.8575 0.04470588235294118 0.03954545454545454
1 0.09235294117647058 0.4025 0.07176470588235294 0.035
1 0.08852941176470588 0.5620454545454545 0.0688235294117647 0.03409090909090909
1 0.5997058823529412 0.4531818181818182 0.02411764705882353 0.03636363636363636
1 0.5761764705882353 0.03681818181818182 0.11941176470588236 0.025454545454545455
1 0.7758823529411765 0.40613636363636363 0.06 0.030454545454545453
1 0.5008823529411764 0.9263636363636364 0.06529411764705882 0.03909090909090909
1 0.09147058823529412 0.7611363636363636 0.07705882352941176 0.03590909090909091
1 0.08823529411764706 0.7227272727272728 0.07294117647058823 0.035454545454545454
1 0.7135294117647059 0.37 0.05529411764705883 0.03363636363636364
1 0.5258823529411765 0.4490909090909091 0.1011764705882353 0.034545454545454546
1 0.49470588235294116 0.8565909090909091 0.041176470588235294 0.038636363636363635
1 0.6214705882352941 0.4018181818181818 0.1264705882352941 0.02909090909090909
1 0.5514705882352942 0.5659090909090909 0.11 0.03
1 0.39705882352941174 0.3618181818181818 0.17882352941176471 0.038181818181818185
1 0.0888235294117647 0.6034090909090909 0.07294117647058823 0.035
1 0.6614705882352941 0.9263636363636364 0.04411764705882353 0.04
1 0.32029411764705884 0.8570454545454546 0.0488235294117647 0.03772727272727273
1 0.7135294117647059 0.5702272727272727 0.11176470588235295 0.035
1 0.29911764705882354 0.0325 0.03705882352941176 0.028636363636363637
1 0.6611764705882353 0.36454545454545456 0.027058823529411764 0.03272727272727273
1 0.3488235294117647 0.7247727272727272 0.09176470588235294 0.028636363636363637
1 0.34147058823529414 0.7702272727272728 0.08411764705882353 0.029545454545454545