1 0.45647058823529413 0.6834090909090909 0.31058823529411766 0.04409090909090909
1 0.7694117647058824 0.8618181818181818 0.06352941176470588 0.04181818181818182
1 0.8573529411764705 0.9331818181818182 0.07352941176470588 0.05090909090909091
1 0.41852941176470587 0.9268181818181818 0.060588235294117644 0.04181818181818182
1 0.8594117647058823 0.8622727272727273 0.08 0.04454545454545455
1 0.39647058823529413 0.6211363636363636 0.15294117647058825 0.02409090909090909
1 0.4514705882352941 0.4093181818181818 0.27 0.038636363636363635
1 0.39941176470588236 0.4636363636363636 0.16 0.026363636363636363
1 0.4152941176470588 0.725909090909091 0.23058823529411765 0.03727272727272727
1 0.81 0.41795454545454547 0.03294117647058824 0.03772727272727273
1 0.11029411764705882 0.6870454545454545 0.07705882352941176 0.031363636363636364
1 0.09735294117647059 0.3663636363636364 0.08529411764705883 0.03636363636363636
1 0.12264705882352941 0.45045454545454544 0.08647058823529412 0.03727272727272727
1 0.15529411764705883 0.9265909090909091 0.052941176470588235 0.04318181818181818
1 0.3332352941176471 0.9277272727272727 0.05941176470588235 0.038181818181818185
1 0.15411764705882353 0.8597727272727272 0.058823529411764705 0.03954545454545454
1 0.7308823529411764 0.7284090909090909 0.2664705882352941 0.03954545454545454
1 0.5526470588235294 0.4634090909090909 0.1264705882352941 0.02772727272727273
1 0.43323529411764705 0.5281818181818182 0.24411764705882352 0.04090909090909091
1 0.11382352941176471 0.5225 0.10647058823529412 0.03681818181818182
1 0.8147058823529412 0.37272727272727274 0.10941176470588235 0.03363636363636364
1 0.24705882352941178 0.8577272727272728 0.06 0.04181818181818182
1 0.6435294117647059 0.5302272727272728 0.1 0.03590909090909091
1 0.2488235294117647 0.9265909090909091 0.06588235294117648 0.041363636363636366
1 0.3708823529411765 0.7729545454545454 0.1288235294117647 0.035
1 0.7614705882352941 0.9268181818181818 0.05941176470588235 0.03909090909090909
1 0.3035294117647059 0.03590909090909091 0.04470588235294118 0.023636363636363636
1 0.5614705882352942 0.7745454545454545 0.19941176470588234 0.03272727272727273
1 0.6985294117647058 0.4134090909090909 0.17941176470588235 0.03590909090909091
1 0.6497058823529411 0.3729545454545454 0.14294117647058824 0.03590909090909091
1 0.43970588235294117 0.36772727272727274 0.2535294117647059 0.042727272727272725
1 0.4188235294117647 0.8581818181818182 0.05647058823529412 0.04090909090909091
1 0.6002941176470589 0.9302272727272727 0.08058823529411764 0.042272727272727274
1 0.1111764705882353 0.5695454545454546 0.11058823529411765 0.03727272727272727
1 0.42558823529411766 0.57 0.23823529411764705 0.04090909090909091
1 0.5914705882352941 0.8640909090909091 0.0688235294117647 0.04363636363636364
1 0.10735294117647058 0.4090909090909091 0.10294117647058823 0.038181818181818185
1 0.64 0.5720454545454545 0.10823529411764705 0.035
1 0.5741176470588235 0.038863636363636364 0.12588235294117647 0.021363636363636362
1 0.6329411764705882 0.4697727272727273 0.027058823529411764 0.026818181818181817
1 0.5067647058823529 0.9254545454545454 0.0711764705882353 0.04090909090909091
1 0.6817647058823529 0.8679545454545454 0.07058823529411765 0.05954545454545455
1 0.11764705882352941 0.7656818181818181 0.07529411764705882 0.03318181818181818
1 0.10411764705882352 0.7275 0.08941176470588236 0.031363636363636364
1 0.5032352941176471 0.8586363636363636 0.05235294117647059 0.04
1 0.8852941176470588 0.4118181818181818 0.10823529411764705 0.03727272727272727
1 0.5244117647058824 0.62 0.07588235294117647 0.03090909090909091
1 0.11411764705882353 0.6077272727272728 0.08 0.035454545454545454
1 0.6838235294117647 0.9261363636363636 0.06411764705882353 0.04045454545454545
1 0.3338235294117647 0.8597727272727272 0.05352941176470588 0.03954545454545454
1 0.7470588235294118 0.6870454545454545 0.21529411764705883 0.03772727272727273
1 0.6894117647058824 0.4631818181818182 0.08352941176470588 0.024545454545454544