1 0.43911764705882356 0.6863636363636364 0.27941176470588236 0.03727272727272727
1 0.4041176470588235 0.36977272727272725 0.18941176470588236 0.03772727272727273
1 0.7617647058823529 0.865 0.05411764705882353 0.04181818181818182
1 0.8491176470588235 0.9231818181818182 0.06411764705882353 0.04090909090909091
1 0.41441176470588237 0.9268181818181818 0.05823529411764706 0.038181818181818185
1 0.8476470588235294 0.8629545454545454 0.05764705882352941 0.045909090909090906
1 0.36558823529411766 0.6147727272727272 0.1288235294117647 0.038636363636363635
1 0.4385294117647059 0.4152272727272727 0.27941176470588236 0.04318181818181818
1 0.7405882352941177 0.7797727272727273 0.10705882352941176 0.03318181818181818
1 0.4585294117647059 0.7286363636363636 0.3064705882352941 0.04363636363636364
1 0.2888235294117647 0.04068181818181818 0.04588235294117647 0.02409090909090909
1 0.08764705882352941 0.6831818181818182 0.07764705882352942 0.038181818181818185
1 0.8311764705882353 0.5295454545454545 0.10470588235294118 0.035454545454545454
1 0.7558823529411764 0.5377272727272727 0.041176470588235294 0.03909090909090909
1 0.0961764705882353 0.36818181818181817 0.07705882352941176 0.03636363636363636
1 0.09411764705882353 0.45545454545454545 0.08 0.038181818181818185
1 0.15441176470588236 0.9277272727272727 0.051176470588235295 0.038181818181818185
1 0.8555882352941176 0.5740909090909091 0.10176470588235294 0.03727272727272727
1 0.33176470588235296 0.9268181818181818 0.06588235294117648 0.04
1 0.15764705882352942 0.8602272727272727 0.04941176470588235 0.038636363636363635
1 0.42058823529411765 0.5722727272727273 0.2411764705882353 0.03272727272727273
1 0.09911764705882353 0.5263636363636364 0.07470588235294118 0.03727272727272727
1 0.6608823529411765 0.615909090909091 0.07 0.03272727272727273
1 0.24558823529411763 0.9275 0.057058823529411766 0.03772727272727273
1 0.3997058823529412 0.7754545454545455 0.19470588235294117 0.03636363636363636
1 0.7694117647058824 0.9268181818181818 0.07294117647058823 0.03909090909090909
1 0.5711764705882353 0.7786363636363637 0.10470588235294118 0.03363636363636364
1 0.7455882352941177 0.3806818181818182 0.03705882352941176 0.035
1 0.6911764705882353 0.4147727272727273 0.21058823529411766 0.041363636363636366
1 0.4202941176470588 0.860909090909091 0.05941176470588235 0.03909090909090909
1 0.5876470588235294 0.9247727272727273 0.05764705882352941 0.04045454545454545
1 0.41058823529411764 0.5295454545454545 0.21529411764705883 0.038181818181818185
1 0.6170588235294118 0.5270454545454546 0.15529411764705883 0.03681818181818182
1 0.5135294117647059 0.6147727272727272 0.1188235294117647 0.03409090909090909
1 0.5844117647058824 0.8584090909090909 0.051176470588235295 0.03954545454545454
1 0.09411764705882353 0.4088636363636364 0.08 0.03772727272727273
1 0.6467647058823529 0.5718181818181818 0.15 0.038181818181818185
1 0.5473529411764706 0.037954545454545456 0.0888235294117647 0.023181818181818182
1 0.7617647058823529 0.4606818181818182 0.0988235294117647 0.03318181818181818
1 0.7894117647058824 0.6970454545454545 0.04588235294117647 0.03590909090909091
1 0.508235294117647 0.9256818181818182 0.06470588235294118 0.041363636363636366
1 0.8876470588235295 0.6904545454545454 0.12941176470588237 0.03909090909090909
1 0.6747058823529412 0.86 0.05529411764705883 0.04090909090909091
1 0.6091176470588235 0.3756818181818182 0.18294117647058825 0.035
1 0.8405882352941176 0.3743181818181818 0.12 0.03590909090909091
1 0.8997058823529411 0.730909090909091 0.10647058823529412 0.03909090909090909
1 0.3761764705882353 0.45886363636363636 0.15941176470588236 0.04045454545454545
1 0.09411764705882353 0.7684090909090909 0.09058823529411765 0.04409090909090909
1 0.8276470588235294 0.41295454545454546 0.036470588235294116 0.041363636363636366
1 0.5597058823529412 0.4622727272727273 0.16058823529411764 0.03727272727272727
1 0.6764705882352942 0.6872727272727273 0.15764705882352942 0.03727272727272727
1 0.5020588235294118 0.8584090909090909 0.05352941176470588 0.03954545454545454
1 0.6826470588235294 0.46886363636363637 0.03470588235294118 0.03772727272727273
1 0.9079411764705883 0.4147727272727273 0.10294117647058823 0.04045454545454545
1 0.6008823529411764 0.6238636363636364 0.026470588235294117 0.031363636363636364
1 0.10647058823529412 0.6131818181818182 0.09058823529411765 0.04
1 0.6755882352941176 0.9247727272727273 0.0688235294117647 0.041363636363636366
1 0.32588235294117646 0.86 0.05176470588235294 0.03909090909090909
1 0.7635294117647059 0.5729545454545455 0.03176470588235294 0.03772727272727273
1 0.711764705882353 0.7306818181818182 0.16588235294117648 0.041363636363636366
1 0.105 0.5711363636363637 0.08529411764705883 0.03772727272727273
1 0.09088235294117647 0.7286363636363636 0.08647058823529412 0.038181818181818185
1 0.821764705882353 0.7315909090909091 0.027058823529411764 0.03227272727272727
1 0.6558823529411765 0.7877272727272727 0.029411764705882353 0.02727272727272727
1 0.2411764705882353 0.8615909090909091 0.052941176470588235 0.03681818181818182