1 0.38 0.7252272727272727 0.15176470588235294 0.038636363636363635
1 0.5267647058823529 0.6831818181818182 0.1476470588235294 0.03363636363636364
1 0.7561764705882353 0.8570454545454546 0.04647058823529412 0.03681818181818182
1 0.8408823529411765 0.9270454545454545 0.060588235294117644 0.03954545454545454
1 0.40176470588235297 0.9252272727272727 0.047058823529411764 0.03772727272727273
1 0.8394117647058823 0.8586363636363636 0.05176470588235294 0.04090909090909091
1 0.3976470588235294 0.6095454545454545 0.18705882352941178 0.038181818181818185
1 0.38941176470588235 0.45204545454545453 0.17058823529411765 0.03954545454545454
1 0.3947058823529412 0.4090909090909091 0.18941176470588236 0.038181818181818185
1 0.09 0.6813636363636364 0.06588235294117648 0.03636363636363636
1 0.08764705882352941 0.44886363636363635 0.07411764705882352 0.03590909090909091
1 0.09352941176470589 0.3659090909090909 0.08 0.035454545454545454
1 0.4823529411764706 0.7697727272727273 0.11764705882352941 0.035
1 0.5770588235294117 0.7254545454545455 0.20352941176470588 0.03636363636363636
1 0.15441176470588236 0.9254545454545454 0.05941176470588235 0.03727272727272727
1 0.7047058823529412 0.5684090909090909 0.24235294117647058 0.038636363636363635
1 0.3247058823529412 0.9268181818181818 0.05058823529411765 0.03727272727272727
1 0.1535294117647059 0.8575 0.05411764705882353 0.03590909090909091
1 0.08735294117647059 0.5236363636363637 0.0688235294117647 0.035454545454545454
1 0.6079411764705882 0.6111363636363636 0.21235294117647058 0.03227272727272727
1 0.23794117647058824 0.9261363636363636 0.054705882352941174 0.03681818181818182
1 0.3561764705882353 0.7695454545454545 0.11235294117647059 0.035454545454545454
1 0.7570588235294118 0.9261363636363636 0.06 0.03772727272727273
1 0.6885294117647058 0.37477272727272726 0.033529411764705884 0.03409090909090909
1 0.40647058823529414 0.8590909090909091 0.05058823529411765 0.03727272727272727
1 0.5835294117647059 0.9238636363636363 0.05411764705882353 0.03772727272727273
1 0.3952941176470588 0.5325 0.18470588235294116 0.028636363636363637
1 0.6052941176470589 0.5293181818181818 0.19647058823529412 0.026818181818181817
1 0.5829411764705882 0.8595454545454545 0.04823529411764706 0.03909090909090909
1 0.08970588235294118 0.4077272727272727 0.08058823529411764 0.03727272727272727
1 0.08676470588235294 0.565 0.06411764705882353 0.03636363636363636
1 0.6373529411764706 0.45227272727272727 0.031176470588235295 0.035454545454545454
1 0.5785294117647058 0.37136363636363634 0.13823529411764707 0.03727272727272727
1 0.7105882352941176 0.4552272727272727 0.09176470588235294 0.03409090909090909
1 0.4970588235294118 0.9240909090909091 0.06 0.038181818181818185
1 0.6673529411764706 0.8590909090909091 0.054705882352941174 0.034545454545454546
1 0.576764705882353 0.4097727272727273 0.1476470588235294 0.038636363636363635
1 0.7655882352941177 0.36977272727272725 0.09705882352941177 0.035
1 0.09352941176470589 0.7677272727272727 0.07176470588235294 0.03636363636363636
1 0.09058823529411765 0.7272727272727273 0.06705882352941177 0.03636363636363636
1 0.5476470588235294 0.45204545454545453 0.11411764705882353 0.03772727272727273
1 0.4985294117647059 0.8586363636363636 0.05352941176470588 0.038181818181818185
1 0.6870588235294117 0.4113636363636364 0.03764705882352941 0.035454545454545454
1 0.7697058823529411 0.4106818181818182 0.09470588235294118 0.035
1 0.39941176470588236 0.36886363636363634 0.18705882352941178 0.03772727272727273
1 0.08705882352941176 0.6045454545454545 0.06588235294117648 0.03727272727272727
1 0.6697058823529412 0.925 0.04764705882352941 0.03909090909090909
1 0.32088235294117645 0.8577272727272728 0.0488235294117647 0.03727272727272727
1 0.23411764705882354 0.8568181818181818 0.05411764705882353 0.04
1 0.3658823529411765 0.6843181818181818 0.12941176470588237 0.03590909090909091
1 0.43058823529411766 0.5672727272727273 0.2611764705882353 0.031818181818181815
1 0.27147058823529413 0.035 0.033529411764705884 0.01818181818181818
1 0.3226470588235294 0.03636363636363636 0.057058823529411766 0.02090909090909091
1 0.5558823529411765 0.03727272727272727 0.12 0.022727272727272728