1 0.3614705882352941 0.6777272727272727 0.11588235294117646 0.03727272727272727
1 0.3679411764705882 0.5204545454545455 0.12058823529411765 0.035454545454545454
1 0.7623529411764706 0.8584090909090909 0.05411764705882353 0.03772727272727273
1 0.8458823529411764 0.9286363636363636 0.05176470588235294 0.03727272727272727
1 0.5685294117647058 0.5661363636363637 0.07823529411764706 0.03318181818181818
1 0.42 0.9270454545454545 0.05176470588235294 0.03681818181818182
1 0.4697058823529412 0.52 0.06529411764705882 0.035454545454545454
1 0.3820588235294118 0.6111363636363636 0.15470588235294117 0.03227272727272727
1 0.4188235294117647 0.44977272727272727 0.2011764705882353 0.038636363636363635
1 0.5023529411764706 0.678409090909091 0.1388235294117647 0.03681818181818182
1 0.10470588235294118 0.6761363636363636 0.0811764705882353 0.03590909090909091
1 0.38676470588235295 0.7197727272727272 0.1688235294117647 0.03681818181818182
1 0.10823529411764705 0.44636363636363635 0.09058823529411765 0.03727272727272727
1 0.15735294117647058 0.9229545454545455 0.05352941176470588 0.03772727272727273
1 0.7802941176470588 0.4552272727272727 0.09117647058823529 0.03318181818181818
1 0.3341176470588235 0.9252272727272727 0.04941176470588235 0.03772727272727273
1 0.16323529411764706 0.8554545454545455 0.05 0.038181818181818185
1 0.6191176470588236 0.7229545454545454 0.28411764705882353 0.03590909090909091
1 0.6105882352941177 0.45022727272727275 0.17411764705882352 0.04045454545454545
1 0.10588235294117647 0.5195454545454545 0.07294117647058823 0.034545454545454546
1 0.24205882352941177 0.8552272727272727 0.0488235294117647 0.03681818181818182
1 0.2426470588235294 0.923409090909091 0.045294117647058825 0.038636363636363635
1 0.3738235294117647 0.7654545454545455 0.14529411764705882 0.03636363636363636
1 0.7567647058823529 0.9261363636363636 0.05941176470588235 0.03772727272727273
1 0.10882352941176471 0.36204545454545456 0.08588235294117647 0.03590909090909091
1 0.5223529411764706 0.7677272727272727 0.16588235294117648 0.034545454545454546
1 0.635 0.37136363636363634 0.03823529411764706 0.031818181818181815
1 0.4161764705882353 0.8584090909090909 0.05588235294117647 0.038636363636363635
1 0.59 0.9261363636363636 0.05647058823529412 0.03772727272727273
1 0.4173529411764706 0.5656818181818182 0.2111764705882353 0.03681818181818182
1 0.10705882352941176 0.4043181818181818 0.09176470588235294 0.03590909090909091
1 0.10676470588235294 0.5643181818181818 0.08294117647058824 0.035
1 0.5632352941176471 0.0375 0.10764705882352942 0.02409090909090909
1 0.5058823529411764 0.9265909090909091 0.06 0.03772727272727273
1 0.8482352941176471 0.8631818181818182 0.06705882352941177 0.03636363636363636
1 0.6758823529411765 0.8579545454545454 0.05764705882352941 0.03954545454545454
1 0.5444117647058824 0.36886363636363634 0.1264705882352941 0.03681818181818182
1 0.2752941176470588 0.03409090909090909 0.03764705882352941 0.02181818181818182
1 0.10205882352941177 0.7629545454545454 0.08294117647058824 0.03590909090909091
1 0.10088235294117646 0.7204545454545455 0.08294117647058824 0.03636363636363636
1 0.6988235294117647 0.3709090909090909 0.07176470588235294 0.03272727272727273
1 0.5905882352941176 0.8577272727272728 0.05529411764705883 0.04
1 0.5073529411764706 0.8570454545454546 0.05352941176470588 0.038636363636363635
1 0.6320588235294118 0.4097727272727273 0.19 0.03772727272727273
1 0.8223529411764706 0.4106818181818182 0.10705882352941176 0.03590909090909091
1 0.38323529411764706 0.3704545454545455 0.14294117647058824 0.038181818181818185
1 0.4908823529411765 0.6102272727272727 0.05823529411764706 0.03227272727272727
1 0.10676470588235294 0.6056818181818182 0.0888235294117647 0.03590909090909091
1 0.6761764705882353 0.9252272727272727 0.06294117647058824 0.038636363636363635
1 0.3323529411764706 0.8586363636363636 0.047058823529411764 0.03727272727272727
1 0.7132352941176471 0.45295454545454544 0.03470588235294118 0.03590909090909091
1 0.7497058823529412 0.4131818181818182 0.03823529411764706 0.03727272727272727
1 0.42058823529411765 0.4084090909090909 0.22705882352941176 0.035