1 0.39794117647058824 0.685 0.1935294117647059 0.03909090909090909
1 0.5585294117647058 0.6829545454545455 0.11 0.03590909090909091
1 0.8423529411764706 0.8620454545454546 0.04588235294117647 0.038636363636363635
1 0.4126470588235294 0.9261363636363636 0.060588235294117644 0.03590909090909091
1 0.758235294117647 0.860909090909091 0.04588235294117647 0.03727272727272727
1 0.39088235294117646 0.615 0.16647058823529412 0.031818181818181815
1 0.6376470588235295 0.7684090909090909 0.06588235294117648 0.028636363636363637
1 0.39029411764705885 0.4547727272727273 0.1711764705882353 0.03681818181818182
1 0.6885294117647058 0.6847727272727273 0.0711764705882353 0.03409090909090909
1 0.42058823529411765 0.7284090909090909 0.23529411764705882 0.038636363636363635
1 0.7355882352941177 0.5238636363636363 0.0888235294117647 0.03318181818181818
1 0.4279411764705882 0.4127272727272727 0.2488235294117647 0.03727272727272727
1 0.09264705882352942 0.6856818181818182 0.07 0.03590909090909091
1 0.09205882352941176 0.45636363636363636 0.08529411764705883 0.038181818181818185
1 0.09147058823529412 0.3684090909090909 0.07470588235294118 0.03318181818181818
1 0.6126470588235294 0.7252272727272727 0.13352941176470587 0.035
1 0.1461764705882353 0.925 0.04764705882352941 0.04090909090909091
1 0.3264705882352941 0.9272727272727272 0.058823529411764705 0.03727272727272727
1 0.1526470588235294 0.8570454545454546 0.04764705882352941 0.03772727272727273
1 0.40294117647058825 0.5270454545454546 0.20352941176470588 0.041363636363636366
1 0.08588235294117647 0.5277272727272727 0.06941176470588235 0.034545454545454546
1 0.6555882352941177 0.6161363636363636 0.07 0.03227272727272727
1 0.23852941176470588 0.8572727272727273 0.04647058823529412 0.03727272727272727
1 0.24382352941176472 0.9268181818181818 0.05823529411764706 0.03636363636363636
1 0.3897058823529412 0.77 0.17823529411764705 0.03636363636363636
1 0.673235294117647 0.9256818181818182 0.06294117647058824 0.03772727272727273
1 0.2858823529411765 0.03954545454545454 0.03411764705882353 0.02181818181818182
1 0.5258823529411765 0.7709090909090909 0.1011764705882353 0.03727272727272727
1 0.6270588235294118 0.4088636363636364 0.14 0.03681818181818182
1 0.40794117647058825 0.8584090909090909 0.04764705882352941 0.038636363636363635
1 0.5847058823529412 0.9281818181818182 0.05176470588235294 0.038181818181818185
1 0.43 0.5718181818181818 0.26235294117647057 0.035454545454545454
1 0.5826470588235294 0.8613636363636363 0.05 0.03909090909090909
1 0.08441176470588235 0.5679545454545455 0.06764705882352941 0.03590909090909091
1 0.6355882352941177 0.57 0.15235294117647058 0.03727272727272727
1 0.8014705882352942 0.5688636363636363 0.12411764705882353 0.035
1 0.7617647058823529 0.7254545454545455 0.09058823529411765 0.03090909090909091
1 0.49970588235294117 0.9261363636363636 0.061764705882352944 0.03772727272727273
1 0.6747058823529412 0.8588636363636364 0.04941176470588235 0.03681818181818182
1 0.5379411764705883 0.37022727272727274 0.08058823529411764 0.03227272727272727
1 0.09294117647058824 0.7675 0.06941176470588235 0.03590909090909091
1 0.09323529411764706 0.7243181818181819 0.07235294117647059 0.03590909090909091
1 0.5208823529411765 0.4536363636363636 0.08647058823529412 0.03636363636363636
1 0.49529411764705883 0.8590909090909091 0.04352941176470588 0.038181818181818185
1 0.6758823529411765 0.53 0.02823529411764706 0.03636363636363636
1 0.39558823529411763 0.37 0.1888235294117647 0.04181818181818182
1 0.5276470588235294 0.6122727272727273 0.10470588235294118 0.03363636363636364
1 0.08470588235294117 0.6106818181818182 0.07176470588235294 0.03590909090909091
1 0.32294117647058823 0.8575 0.047058823529411764 0.03772727272727273
1 0.5691176470588235 0.04068181818181818 0.13470588235294118 0.02409090909090909
1 0.09058823529411765 0.41045454545454546 0.08235294117647059 0.03727272727272727
1 0.5835294117647059 0.5286363636363637 0.15764705882352942 0.03636363636363636
1 0.726764705882353 0.5693181818181818 0.03588235294117647 0.04318181818181818
1 0.6038235294117648 0.6181818181818182 0.03705882352941176 0.035454545454545454
1 0.6320588235294118 0.6877272727272727 0.033529411764705884 0.03636363636363636
1 0.7023529411764706 0.7275 0.03529411764705882 0.029545454545454545
1 0.5914705882352941 0.7731818181818182 0.03235294117647059 0.03636363636363636