1 0.4673529411764706 0.6838636363636363 0.23352941176470587 0.035
1 0.40441176470588236 0.41204545454545455 0.13941176470588235 0.03772727272727273
1 0.7558823529411764 0.8661363636363636 0.058823529411764705 0.04409090909090909
1 0.8473529411764706 0.9293181818181818 0.06764705882352941 0.03954545454545454
1 0.4126470588235294 0.9277272727272727 0.06294117647058824 0.03727272727272727
1 0.5735294117647058 0.5272727272727272 0.12941176470588237 0.03636363636363636
1 0.8420588235294117 0.8656818181818182 0.060588235294117644 0.03954545454545454
1 0.4238235294117647 0.6127272727272727 0.20176470588235293 0.03272727272727273
1 0.4935294117647059 0.7277272727272728 0.26941176470588235 0.035454545454545454
1 0.7623529411764706 0.5288636363636363 0.11294117647058824 0.035
1 0.10529411764705883 0.6815909090909091 0.08235294117647059 0.035
1 0.10970588235294118 0.4506818181818182 0.08529411764705883 0.03681818181818182
1 0.7297058823529412 0.5718181818181818 0.03823529411764706 0.03272727272727273
1 0.5858823529411765 0.6127272727272727 0.09411764705882353 0.03363636363636364
1 0.14735294117647058 0.9263636363636364 0.057058823529411766 0.03636363636363636
1 0.3291176470588235 0.9247727272727273 0.0711764705882353 0.035
1 0.15176470588235294 0.8602272727272727 0.0611764705882353 0.03409090909090909
1 0.7320588235294118 0.6143181818181818 0.07588235294117647 0.031363636363636364
1 0.4052941176470588 0.5275 0.18 0.03409090909090909
1 0.10823529411764705 0.5265909090909091 0.08235294117647059 0.03409090909090909
1 0.6676470588235294 0.6165909090909091 0.027058823529411764 0.03409090909090909
1 0.23558823529411765 0.860909090909091 0.06411764705882353 0.035454545454545454
1 0.665 0.5325 0.03588235294117647 0.03590909090909091
1 0.2388235294117647 0.9265909090909091 0.0611764705882353 0.03409090909090909
1 0.4373529411764706 0.7697727272727273 0.19705882352941176 0.03318181818181818
1 0.7535294117647059 0.928409090909091 0.05647058823529412 0.038636363636363635
1 0.11088235294117647 0.36568181818181816 0.07941176470588235 0.03590909090909091
1 0.6752941176470588 0.37772727272727274 0.04 0.035454545454545454
1 0.5823529411764706 0.4125 0.16117647058823528 0.03772727272727273
1 0.41058823529411764 0.8602272727272727 0.05764705882352941 0.03681818181818182
1 0.5844117647058824 0.93 0.06529411764705882 0.045454545454545456
1 0.43411764705882355 0.5713636363636364 0.23176470588235293 0.03363636363636364
1 0.5747058823529412 0.46136363636363636 0.03411764705882353 0.034545454545454546
1 0.4879411764705882 0.45340909090909093 0.10529411764705883 0.03590909090909091
1 0.5826470588235294 0.8586363636363636 0.05941176470588235 0.04
1 0.10647058823529412 0.40704545454545454 0.07764705882352942 0.03681818181818182
1 0.10470588235294118 0.5677272727272727 0.0811764705882353 0.034545454545454546
1 0.6552941176470588 0.45636363636363636 0.08235294117647059 0.034545454545454546
1 0.5729411764705883 0.038181818181818185 0.10588235294117647 0.02181818181818182
1 0.7776470588235294 0.4143181818181818 0.10235294117647059 0.035
1 0.4973529411764706 0.9236363636363636 0.05823529411764706 0.042727272727272725
1 0.6708823529411765 0.8602272727272727 0.061764705882352944 0.04045454545454545
1 0.5664705882352942 0.37227272727272726 0.15411764705882353 0.04
1 0.8302941176470588 0.5709090909090909 0.11705882352941177 0.03090909090909091
1 0.36970588235294116 0.4536363636363636 0.09705882352941177 0.035454545454545454
1 0.11823529411764706 0.7661363636363636 0.0811764705882353 0.03590909090909091
1 0.115 0.7231818181818181 0.08058823529411764 0.035454545454545454
1 0.4938235294117647 0.8597727272727272 0.05588235294117647 0.038636363636363635
1 0.6926470588235294 0.4147727272727273 0.039411764705882354 0.03590909090909091
1 0.6255882352941177 0.5702272727272727 0.1323529411764706 0.03590909090909091
1 0.40352941176470586 0.36886363636363634 0.13176470588235295 0.03590909090909091
1 0.11529411764705882 0.610909090909091 0.09529411764705882 0.03727272727272727
1 0.6702941176470588 0.9329545454545455 0.05352941176470588 0.045909090909090906
1 0.32235294117647056 0.8604545454545455 0.06 0.034545454545454546
1 0.32941176470588235 0.03636363636363636 0.027058823529411764 0.023636363636363636
1 0.7476470588235294 0.3725 0.09058823529411765 0.038636363636363635