1 0.43941176470588234 0.4134090909090909 0.2823529411764706 0.04045454545454545
1 0.7673529411764706 0.8625 0.07352941176470588 0.041363636363636366
1 0.8397058823529412 0.9313636363636364 0.05235294117647059 0.04181818181818182
1 0.5361764705882353 0.6215909090909091 0.09352941176470589 0.031363636363636364
1 0.4123529411764706 0.9295454545454546 0.0611764705882353 0.04363636363636364
1 0.8511764705882353 0.8663636363636363 0.07647058823529412 0.04
1 0.43676470588235294 0.7286363636363636 0.2817647058823529 0.04181818181818182
1 0.0861764705882353 0.6865909090909091 0.07 0.03409090909090909
1 0.09676470588235295 0.3679545454545455 0.06764705882352941 0.03409090909090909
1 0.08941176470588236 0.4540909090909091 0.06823529411764706 0.034545454545454546
1 0.16 0.9293181818181818 0.05647058823529412 0.03954545454545454
1 0.32529411764705884 0.9281818181818182 0.05529411764705883 0.03909090909090909
1 0.16647058823529412 0.8561363636363636 0.07647058823529412 0.041363636363636366
1 0.08588235294117647 0.5304545454545454 0.06823529411764706 0.03363636363636364
1 0.2514705882352941 0.8584090909090909 0.06647058823529411 0.041363636363636366
1 0.2511764705882353 0.928409090909091 0.07058823529411765 0.045909090909090906
1 0.3791176470588235 0.775 0.17 0.03727272727272727
1 0.7605882352941177 0.9313636363636364 0.05764705882352941 0.03909090909090909
1 0.658235294117647 0.4125 0.13411764705882354 0.038636363636363635
1 0.4211764705882353 0.8602272727272727 0.07176470588235294 0.04045454545454545
1 0.595 0.9279545454545455 0.06764705882352941 0.03954545454545454
1 0.3891176470588235 0.6209090909090909 0.18764705882352942 0.04
1 0.4379411764705882 0.5718181818181818 0.28647058823529414 0.03909090909090909
1 0.5897058823529412 0.8631818181818182 0.06764705882352941 0.04454545454545455
1 0.09588235294117647 0.41113636363636363 0.07176470588235294 0.035
1 0.5091176470588236 0.9290909090909091 0.0688235294117647 0.038181818181818185
1 0.6791176470588235 0.8634090909090909 0.07588235294117647 0.04318181818181818
1 0.38676470588235295 0.46204545454545454 0.1864705882352941 0.029545454545454545
1 0.08911764705882352 0.7768181818181819 0.07235294117647059 0.034545454545454546
1 0.09029411764705883 0.7327272727272728 0.07235294117647059 0.03363636363636364
1 0.538235294117647 0.4631818181818182 0.0988235294117647 0.02909090909090909
1 0.5070588235294118 0.8593181818181819 0.06705882352941177 0.041363636363636366
1 0.07941176470588235 0.5731818181818182 0.06470588235294118 0.035454545454545454
1 0.6767647058823529 0.9295454545454546 0.07470588235294118 0.04090909090909091
1 0.33558823529411763 0.8581818181818182 0.06529411764705882 0.04090909090909091
1 0.6523529411764706 0.5727272727272728 0.14 0.03727272727272727
1 0.08441176470588235 0.6170454545454546 0.06764705882352941 0.028636363636363637
1 0.2938235294117647 0.035454545454545454 0.04176470588235294 0.024545454545454544
1 0.558235294117647 0.03840909090909091 0.11411764705882353 0.022272727272727274
1 0.5647058823529412 0.7756818181818181 0.1952941176470588 0.03681818181818182
1 0.7397058823529412 0.7311363636363636 0.3276470588235294 0.045