1 0.7588235294117647 0.8613636363636363 0.05058823529411765 0.035454545454545454
1 0.8532352941176471 0.9275 0.05235294117647059 0.03772727272727273
1 0.41970588235294115 0.9259090909090909 0.0488235294117647 0.038181818181818185
1 0.8482352941176471 0.8620454545454546 0.04823529411764706 0.03590909090909091
1 0.37823529411764706 0.6106818181818182 0.1388235294117647 0.035
1 0.4379411764705882 0.40704545454545454 0.26176470588235295 0.03590909090909091
1 0.6844117647058824 0.7775 0.03588235294117647 0.03409090909090909
1 0.4002941176470588 0.45295454545454544 0.1723529411764706 0.03681818181818182
1 0.40941176470588236 0.7329545454545454 0.21294117647058824 0.03772727272727273
1 0.10176470588235294 0.6793181818181818 0.08235294117647059 0.03590909090909091
1 0.1111764705882353 0.44886363636363635 0.08705882352941176 0.03681818181818182
1 0.5052941176470588 0.8590909090909091 0.047058823529411764 0.03636363636363636
1 0.6397058823529411 0.7270454545454546 0.20176470588235293 0.041363636363636366
1 0.15676470588235294 0.9240909090909091 0.0488235294117647 0.03727272727272727
1 0.32676470588235296 0.9256818181818182 0.04647058823529412 0.03772727272727273
1 0.15705882352941178 0.855909090909091 0.04470588235294118 0.03636363636363636
1 0.4097058823529412 0.5654545454545454 0.20058823529411765 0.038181818181818185
1 0.10882352941176471 0.5222727272727272 0.08941176470588236 0.035454545454545454
1 0.24735294117647058 0.8568181818181818 0.04411764705882353 0.03636363636363636
1 0.2426470588235294 0.923409090909091 0.04411764705882353 0.03681818181818182
1 0.37941176470588234 0.7720454545454546 0.14941176470588236 0.03409090909090909
1 0.7611764705882353 0.9261363636363636 0.052941176470588235 0.03772727272727273
1 0.10852941176470589 0.3668181818181818 0.08647058823529412 0.034545454545454546
1 0.5688235294117647 0.7702272727272728 0.18941176470588236 0.03318181818181818
1 0.6517647058823529 0.4084090909090909 0.12941176470588237 0.03590909090909091
1 0.4258823529411765 0.8602272727272727 0.058823529411764705 0.03681818181818182
1 0.5908823529411765 0.9254545454545454 0.05 0.038181818181818185
1 0.11088235294117647 0.5665909090909091 0.09235294117647058 0.03772727272727273
1 0.5311764705882352 0.6113636363636363 0.12941176470588237 0.03363636363636364
1 0.5982352941176471 0.8629545454545454 0.06352941176470588 0.035
1 0.10647058823529412 0.4056818181818182 0.08705882352941176 0.03590909090909091
1 0.6 0.5652272727272727 0.14470588235294118 0.03590909090909091
1 0.5747058823529412 0.04386363636363636 0.07882352941176471 0.022272727272727274
1 0.7826470588235294 0.5729545454545455 0.12764705882352942 0.03227272727272727
1 0.763235294117647 0.7743181818181818 0.09588235294117647 0.031363636363636364
1 0.5020588235294118 0.9272727272727272 0.04058823529411765 0.03909090909090909
1 0.6752941176470588 0.8622727272727273 0.047058823529411764 0.035454545454545454
1 0.841764705882353 0.7297727272727272 0.0988235294117647 0.035
1 0.10823529411764705 0.7663636363636364 0.09294117647058824 0.035454545454545454
1 0.10735294117647058 0.7254545454545455 0.09235294117647058 0.038181818181818185
1 0.5752941176470588 0.45545454545454545 0.12470588235294118 0.035454545454545454
1 0.6279411764705882 0.6131818181818182 0.026470588235294117 0.034545454545454546
1 0.11 0.6047727272727272 0.08705882352941176 0.03954545454545454
1 0.6814705882352942 0.928409090909091 0.04647058823529412 0.038636363636363635
1 0.33441176470588235 0.8577272727272728 0.04764705882352941 0.035454545454545454
1 0.6941176470588235 0.6140909090909091 0.09529411764705882 0.03272727272727273
1 0.7655882352941177 0.7356818181818182 0.03235294117647059 0.03318181818181818
1 0.3079411764705882 0.038181818181818185 0.04058823529411765 0.025454545454545455
1 0.7061764705882353 0.5684090909090909 0.026470588235294117 0.028636363636363637