1 0.5894117647058823 0.6765909090909091 0.12 0.03590909090909091
1 0.7538235294117647 0.8577272727272728 0.05235294117647059 0.04
1 0.8397058823529412 0.9206818181818182 0.054705882352941174 0.041363636363636366
1 0.5691176470588235 0.6036363636363636 0.11 0.034545454545454546
1 0.4076470588235294 0.9213636363636364 0.058823529411764705 0.03909090909090909
1 0.8379411764705882 0.8554545454545455 0.051176470588235295 0.038181818181818185
1 0.40588235294117647 0.6061363636363636 0.2023529411764706 0.030454545454545453
1 0.6755882352941176 0.7634090909090909 0.03588235294117647 0.03681818181818182
1 0.3870588235294118 0.4465909090909091 0.17411764705882352 0.030454545454545453
1 0.4088235294117647 0.6738636363636363 0.20705882352941177 0.038636363636363635
1 0.6670588235294118 0.6768181818181818 0.03411764705882353 0.03636363636363636
1 0.40088235294117647 0.7622727272727273 0.20058823529411765 0.03636363636363636
1 0.7467647058823529 0.5209090909090909 0.07470588235294118 0.03090909090909091
1 0.4338235294117647 0.40545454545454546 0.2605882352941176 0.02909090909090909
1 0.09411764705882353 0.6756818181818182 0.07411764705882352 0.03590909090909091
1 0.09823529411764706 0.4406818181818182 0.08352941176470588 0.035
1 0.4491176470588235 0.7175 0.29823529411764704 0.038636363636363635
1 0.6838235294117647 0.5645454545454546 0.14647058823529413 0.03
1 0.10264705882352941 0.3584090909090909 0.07941176470588235 0.03409090909090909
1 0.5885294117647059 0.7629545454545454 0.13823529411764707 0.035
1 0.1538235294117647 0.9204545454545454 0.060588235294117644 0.04
1 0.8302941176470588 0.5631818181818182 0.0888235294117647 0.034545454545454546
1 0.3226470588235294 0.9202272727272728 0.05941176470588235 0.03772727272727273
1 0.15029411764705883 0.8497727272727272 0.051176470588235295 0.03681818181818182
1 0.7432352941176471 0.764090909090909 0.07823529411764706 0.03272727272727273
1 0.415 0.5156818181818181 0.21235294117647058 0.03772727272727273
1 0.09970588235294117 0.5165909090909091 0.07823529411764706 0.035
1 0.8285294117647058 0.40545454545454546 0.10647058823529412 0.034545454545454546
1 0.24205882352941177 0.8527272727272728 0.061764705882352944 0.03909090909090909
1 0.23970588235294119 0.9193181818181818 0.054705882352941174 0.038636363636363635
1 0.7520588235294118 0.9213636363636364 0.05823529411764706 0.04090909090909091
1 0.6644117647058824 0.44545454545454544 0.07 0.02727272727272727
1 0.6508823529411765 0.3634090909090909 0.039411764705882354 0.03227272727272727
1 0.6141176470588235 0.45340909090909093 0.027058823529411764 0.02590909090909091
1 0.415 0.8522727272727273 0.0688235294117647 0.03909090909090909
1 0.5770588235294117 0.9213636363636364 0.04941176470588235 0.04090909090909091
1 0.45029411764705884 0.5620454545454545 0.30176470588235293 0.038636363636363635
1 0.6073529411764705 0.5181818181818182 0.12294117647058823 0.034545454545454546
1 0.5832352941176471 0.8547727272727272 0.054705882352941174 0.042272727272727274
1 0.10470588235294118 0.40045454545454545 0.08588235294117647 0.034545454545454546
1 0.09647058823529411 0.56 0.07647058823529412 0.034545454545454546
1 0.6444117647058824 0.6043181818181819 0.031176470588235295 0.03409090909090909
1 0.5732352941176471 0.36204545454545456 0.11235294117647059 0.03409090909090909
1 0.75 0.4056818181818182 0.03058823529411765 0.03318181818181818
1 0.4961764705882353 0.9215909090909091 0.061764705882352944 0.03954545454545454
1 0.7914705882352941 0.7245454545454545 0.039411764705882354 0.035454545454545454
1 0.668235294117647 0.8538636363636364 0.05647058823529412 0.041363636363636366
1 0.6470588235294118 0.4059090909090909 0.16 0.03
1 0.7208823529411764 0.3663636363636364 0.09588235294117647 0.031818181818181815
1 0.8676470588235294 0.7220454545454545 0.1188235294117647 0.03681818181818182
1 0.08970588235294118 0.7563636363636363 0.07823529411764706 0.034545454545454546
1 0.5411764705882353 0.44727272727272727 0.11411764705882353 0.03363636363636364
1 0.6873529411764706 0.7206818181818182 0.18411764705882352 0.03772727272727273
1 0.5017647058823529 0.8525 0.058823529411764705 0.038636363636363635
1 0.6823529411764706 0.5222727272727272 0.036470588235294116 0.034545454545454546
1 0.4123529411764706 0.3593181818181818 0.1952941176470588 0.03681818181818182
1 0.09294117647058824 0.5993181818181819 0.0811764705882353 0.03409090909090909
1 0.6647058823529411 0.9215909090909091 0.05764705882352941 0.041363636363636366
1 0.32588235294117646 0.8513636363636363 0.05647058823529412 0.038181818181818185
1 0.6908823529411765 0.6040909090909091 0.07235294117647059 0.03272727272727273
1 0.7329411764705882 0.675 0.08352941176470588 0.035454545454545454
1 0.27 0.026818181818181817 0.047058823529411764 0.02727272727272727
1 0.5452941176470588 0.03068181818181818 0.08823529411764706 0.022272727272727274
1 0.08911764705882352 0.7165909090909091 0.07235294117647059 0.030454545454545453
1 0.7741176470588236 0.5631818181818182 0.02588235294117647 0.04181818181818182