1 0.3764705882352941 0.6831818181818182 0.15764705882352942 0.03909090909090909
1 0.7647058823529411 0.8631818181818182 0.06588235294117648 0.04
1 0.8488235294117648 0.9281818181818182 0.07529411764705882 0.03909090909090909
1 0.40705882352941175 0.9259090909090909 0.05764705882352941 0.03909090909090909
1 0.40558823529411764 0.6165909090909091 0.2252941176470588 0.03409090909090909
1 0.4447058823529412 0.4122727272727273 0.29058823529411765 0.04
1 0.6861764705882353 0.7295454545454545 0.19117647058823528 0.04090909090909091
1 0.4061764705882353 0.45386363636363636 0.21588235294117647 0.04045454545454545
1 0.44058823529411767 0.7275 0.2858823529411765 0.04045454545454545
1 0.40176470588235297 0.37068181818181817 0.2 0.03772727272727273
1 0.7564705882352941 0.5377272727272727 0.08941176470588236 0.025454545454545455
1 0.1011764705882353 0.6804545454545454 0.10470588235294118 0.038181818181818185
1 0.7214705882352941 0.6279545454545454 0.028823529411764706 0.03772727272727273
1 0.10294117647058823 0.4506818181818182 0.1011764705882353 0.03772727272727273
1 0.611764705882353 0.6179545454545454 0.1623529411764706 0.03409090909090909
1 0.1526470588235294 0.9225 0.05941176470588235 0.041363636363636366
1 0.7955882352941176 0.6218181818181818 0.0888235294117647 0.03272727272727273
1 0.3226470588235294 0.9236363636363636 0.05588235294117647 0.03909090909090909
1 0.1535294117647059 0.8565909090909091 0.05529411764705883 0.04045454545454545
1 0.5908823529411765 0.4572727272727273 0.13941176470588235 0.03636363636363636
1 0.3973529411764706 0.5270454545454546 0.19588235294117648 0.042272727272727274
1 0.10205882352941177 0.524090909090909 0.09705882352941177 0.038181818181818185
1 0.23794117647058824 0.8568181818181818 0.051176470588235295 0.03909090909090909
1 0.23294117647058823 0.9211363636363636 0.04941176470588235 0.03954545454545454
1 0.4002941176470588 0.7722727272727272 0.1923529411764706 0.03636363636363636
1 0.7573529411764706 0.9290909090909091 0.06411764705882353 0.03909090909090909
1 0.10911764705882353 0.36727272727272725 0.10058823529411764 0.03636363636363636
1 0.5785294117647058 0.7743181818181818 0.12176470588235294 0.03409090909090909
1 0.41441176470588237 0.8590909090909091 0.060588235294117644 0.04
1 0.5832352941176471 0.9279545454545455 0.05235294117647059 0.038636363636363635
1 0.5838235294117647 0.5345454545454545 0.14176470588235293 0.03272727272727273
1 0.43588235294117644 0.571590909090909 0.27647058823529413 0.04045454545454545
1 0.5820588235294117 0.86 0.06294117647058824 0.038181818181818185
1 0.10411764705882352 0.40636363636363637 0.10235294117647059 0.03636363636363636
1 0.09705882352941177 0.565 0.0988235294117647 0.03727272727272727
1 0.6941176470588235 0.4138636363636364 0.20470588235294118 0.042272727272727274
1 0.4979411764705882 0.9304545454545454 0.06647058823529411 0.04
1 0.8405882352941176 0.8636363636363636 0.06352941176470588 0.04090909090909091
1 0.6714705882352942 0.8625 0.06294117647058824 0.04045454545454545
1 0.5588235294117647 0.37136363636363634 0.08705882352941176 0.034545454545454546
1 0.5144117647058823 0.6886363636363636 0.1111764705882353 0.03
1 0.8914705882352941 0.5731818181818182 0.10294117647058823 0.03727272727272727
1 0.10352941176470588 0.7672727272727272 0.10470588235294118 0.03636363636363636
1 0.10176470588235294 0.7247727272727272 0.11294117647058824 0.038636363636363635
1 0.49911764705882355 0.86 0.060588235294117644 0.04181818181818182
1 0.8191176470588235 0.5759090909090909 0.03470588235294118 0.035454545454545454
1 0.095 0.6118181818181818 0.09470588235294118 0.03727272727272727
1 0.6611764705882353 0.9272727272727272 0.04823529411764706 0.038181818181818185
1 0.3241176470588235 0.8575 0.052941176470588235 0.03954545454545454
1 0.6861764705882353 0.5743181818181818 0.21941176470588236 0.03681818181818182
1 0.28352941176470586 0.03409090909090909 0.03882352941176471 0.02181818181818182
1 0.5611764705882353 0.038636363636363635 0.10823529411764705 0.02181818181818182
1 0.6720588235294118 0.5436363636363636 0.04176470588235294 0.02909090909090909