1 0.39794117647058824 0.6827272727272727 0.1923529411764706 0.031818181818181815
1 0.5826470588235294 0.6872727272727273 0.16058823529411764 0.02727272727272727
1 0.7644117647058823 0.8606818181818182 0.07705882352941176 0.04045454545454545
1 0.845 0.9254545454545454 0.07705882352941176 0.04090909090909091
1 0.4123529411764706 0.9220454545454545 0.07058823529411765 0.04045454545454545
1 0.85 0.8552272727272727 0.08 0.042272727272727274
1 0.39441176470588235 0.615 0.18529411764705883 0.02909090909090909
1 0.6608823529411765 0.774090909090909 0.09352941176470589 0.03
1 0.6867647058823529 0.6979545454545455 0.03 0.02772727272727273
1 0.40852941176470586 0.7220454545454545 0.22058823529411764 0.03681818181818182
1 0.3402941176470588 0.03340909090909091 0.07941176470588235 0.02409090909090909
1 0.4164705882352941 0.4106818181818182 0.22588235294117648 0.031363636363636364
1 0.09588235294117647 0.6777272727272727 0.06823529411764706 0.034545454545454546
1 0.09676470588235295 0.4486363636363636 0.07941176470588235 0.034545454545454546
1 0.10558823529411765 0.36272727272727273 0.08411764705882353 0.03363636363636364
1 0.5020588235294118 0.8561363636363636 0.06764705882352941 0.04045454545454545
1 0.6097058823529412 0.7295454545454545 0.1711764705882353 0.025454545454545455
1 0.16058823529411764 0.9204545454545454 0.07882352941176471 0.042727272727272725
1 0.8038235294117647 0.7263636363636363 0.13588235294117648 0.034545454545454546
1 0.3241176470588235 0.9218181818181819 0.06235294117647059 0.04090909090909091
1 0.15823529411764706 0.8538636363636364 0.06823529411764706 0.04045454545454545
1 0.7108823529411765 0.7275 0.03588235294117647 0.03227272727272727
1 0.41970588235294115 0.5197727272727273 0.23352941176470587 0.038636363636363635
1 0.095 0.5195454545454545 0.07705882352941176 0.034545454545454546
1 0.2411764705882353 0.8547727272727272 0.0611764705882353 0.042272727272727274
1 0.24294117647058824 0.9204545454545454 0.06823529411764706 0.04090909090909091
1 0.758235294117647 0.9247727272727273 0.07058823529411765 0.04045454545454545
1 0.5035294117647059 0.7752272727272728 0.11764705882352941 0.026818181818181817
1 0.6502941176470588 0.4134090909090909 0.21470588235294116 0.03772727272727273
1 0.41823529411764704 0.855909090909091 0.07294117647058823 0.04181818181818182
1 0.5855882352941176 0.9265909090909091 0.06529411764705882 0.04045454545454545
1 0.08970588235294118 0.5663636363636364 0.06764705882352941 0.03272727272727273
1 0.43558823529411766 0.5697727272727273 0.27 0.031363636363636364
1 0.5891176470588235 0.8543181818181819 0.07235294117647059 0.04045454545454545
1 0.10058823529411764 0.40386363636363637 0.08352941176470588 0.035
1 0.5973529411764706 0.3693181818181818 0.1888235294117647 0.03318181818181818
1 0.5038235294117647 0.9225 0.07352941176470588 0.04045454545454545
1 0.673235294117647 0.8579545454545454 0.07588235294117647 0.03954545454545454
1 0.38088235294117645 0.45545454545454545 0.15941176470588236 0.02909090909090909
1 0.09058823529411765 0.7625 0.06588235294117648 0.03409090909090909
1 0.09323529411764706 0.7211363636363637 0.0688235294117647 0.03409090909090909
1 0.5279411764705882 0.4509090909090909 0.12058823529411765 0.034545454545454546
1 0.6320588235294118 0.5234090909090909 0.13352941176470587 0.03409090909090909
1 0.3935294117647059 0.36954545454545457 0.19411764705882353 0.03
1 0.5476470588235294 0.6188636363636364 0.11529411764705882 0.025
1 0.08735294117647059 0.6040909090909091 0.0688235294117647 0.035454545454545454
1 0.6705882352941176 0.9259090909090909 0.07176470588235294 0.04
1 0.32529411764705884 0.8534090909090909 0.0611764705882353 0.04045454545454545
1 0.6514705882352941 0.5693181818181818 0.14529411764705882 0.03409090909090909
1 0.7864705882352941 0.6875 0.13529411764705881 0.02772727272727273
1 0.5576470588235294 0.03363636363636364 0.1 0.02909090909090909
1 0.2782352941176471 0.03068181818181818 0.042352941176470586 0.028636363636363637
1 0.36617647058823527 0.7715909090909091 0.14176470588235293 0.038636363636363635
1 0.5920588235294117 0.7861363636363636 0.028823529411764706 0.025