1 0.3952941176470588 0.6877272727272727 0.18823529411764706 0.03727272727272727
1 0.7608823529411765 0.8668181818181818 0.061764705882352944 0.038181818181818185
1 0.8441176470588235 0.9302272727272727 0.05529411764705883 0.038636363636363635
1 0.40852941176470586 0.9293181818181818 0.051176470588235295 0.03590909090909091
1 0.5567647058823529 0.5329545454545455 0.13352941176470587 0.035
1 0.8497058823529412 0.8684090909090909 0.06529411764705882 0.038636363636363635
1 0.38176470588235295 0.6195454545454545 0.17176470588235293 0.03272727272727273
1 0.6511764705882352 0.7745454545454545 0.07529411764705882 0.03
1 0.4385294117647059 0.41954545454545455 0.2723529411764706 0.038181818181818185
1 0.6829411764705883 0.696590909090909 0.1 0.02590909090909091
1 0.415 0.7256818181818182 0.2311764705882353 0.03772727272727273
1 0.6923529411764706 0.5336363636363637 0.07882352941176471 0.03272727272727273
1 0.09088235294117647 0.6886363636363636 0.0711764705882353 0.034545454545454546
1 0.095 0.4577272727272727 0.0711764705882353 0.03636363636363636
1 0.7161764705882353 0.5761363636363637 0.027647058823529413 0.035
1 0.09470588235294118 0.3725 0.07882352941176471 0.03681818181818182
1 0.6147058823529412 0.7295454545454545 0.17294117647058824 0.03636363636363636
1 0.14882352941176472 0.9256818181818182 0.04588235294117647 0.038636363636363635
1 0.7920588235294118 0.5759090909090909 0.11941176470588236 0.035454545454545454
1 0.3270588235294118 0.9281818181818182 0.052941176470588235 0.03636363636363636
1 0.1526470588235294 0.8595454545454545 0.045294117647058825 0.038181818181818185
1 0.7185294117647059 0.7368181818181818 0.031176470588235295 0.03636363636363636
1 0.3938235294117647 0.5336363636363637 0.1923529411764706 0.03090909090909091
1 0.0976470588235294 0.5297727272727273 0.07529411764705882 0.035
1 0.6558823529411765 0.6231818181818182 0.06941176470588235 0.02909090909090909
1 0.2376470588235294 0.8606818181818182 0.04588235294117647 0.03681818181818182
1 0.24088235294117646 0.9261363636363636 0.05352941176470588 0.03681818181818182
1 0.3729411764705882 0.7793181818181818 0.16117647058823528 0.031363636363636364
1 0.76 0.9288636363636363 0.06352941176470588 0.03772727272727273
1 0.3120588235294118 0.03636363636363636 0.03823529411764706 0.025454545454545455
1 0.5188235294117647 0.7795454545454545 0.11058823529411765 0.03090909090909091
1 0.6341176470588236 0.41863636363636364 0.0976470588235294 0.03727272727272727
1 0.40911764705882353 0.8686363636363637 0.05 0.03636363636363636
1 0.5820588235294117 0.9306818181818182 0.05941176470588235 0.03772727272727273
1 0.5244117647058824 0.6193181818181818 0.11705882352941177 0.031363636363636364
1 0.5914705882352941 0.7777272727272727 0.028823529411764706 0.03363636363636364
1 0.09411764705882353 0.4156818181818182 0.07411764705882352 0.03590909090909091
1 0.09676470588235295 0.5706818181818182 0.07352941176470588 0.035
1 0.6214705882352941 0.5788636363636364 0.1476470588235294 0.035
1 0.5605882352941176 0.04068181818181818 0.10470588235294118 0.023181818181818182
1 0.4985294117647059 0.9293181818181818 0.05941176470588235 0.03772727272727273
1 0.6679411764705883 0.8636363636363636 0.05235294117647059 0.038181818181818185
1 0.555 0.37681818181818183 0.07705882352941176 0.03363636363636364
1 0.8085294117647058 0.7356818181818182 0.13588235294117648 0.03590909090909091
1 0.38676470588235295 0.4652272727272727 0.16176470588235295 0.03227272727272727
1 0.075 0.7745454545454545 0.06411764705882353 0.034545454545454546
1 0.0838235294117647 0.7302272727272727 0.07 0.03409090909090909
1 0.5011764705882353 0.4636363636363636 0.06352941176470588 0.031818181818181815
1 0.4958823529411765 0.8625 0.05058823529411765 0.03681818181818182
1 0.6385294117647059 0.5318181818181819 0.03 0.03272727272727273
1 0.6076470588235294 0.6272727272727273 0.02588235294117647 0.03
1 0.40705882352941175 0.37636363636363634 0.2023529411764706 0.03727272727272727
1 0.5391176470588235 0.6925 0.10882352941176471 0.03318181818181818
1 0.09264705882352942 0.6134090909090909 0.07235294117647059 0.03590909090909091
1 0.6708823529411765 0.9279545454545455 0.05823529411764706 0.03772727272727273
1 0.32588235294117646 0.8602272727272727 0.05058823529411765 0.03590909090909091
1 0.42058823529411765 0.5752272727272727 0.2447058823529412 0.035
1 0.6164705882352941 0.7 0.02588235294117647 0.025454545454545455
1 0.5858823529411765 0.8668181818181818 0.052941176470588235 0.031818181818181815