1 0.3561764705882353 0.5627272727272727 0.11823529411764706 0.02181818181818182
1 0.8420588235294117 0.9265909090909091 0.045294117647058825 0.03681818181818182
1 0.4902941176470588 0.4445454545454545 0.07352941176470588 0.02727272727272727
1 0.665 0.8688636363636364 0.04058823529411765 0.035
1 0.41323529411764703 0.9261363636363636 0.05 0.035
1 0.4164705882352941 0.7602272727272728 0.05529411764705883 0.021363636363636362
1 0.49529411764705883 0.8618181818181818 0.03764705882352941 0.038181818181818185
1 0.14852941176470588 0.9240909090909091 0.045294117647058825 0.03727272727272727
1 0.32441176470588234 0.9256818181818182 0.045294117647058825 0.035
1 0.7547058823529412 0.8622727272727273 0.04352941176470588 0.035454545454545454
1 0.09029411764705883 0.5254545454545455 0.061764705882352944 0.031818181818181815
1 0.6529411764705882 0.5602272727272727 0.08235294117647059 0.028636363636363637
1 0.24176470588235294 0.8595454545454545 0.04470588235294118 0.038181818181818185
1 0.2373529411764706 0.9247727272727273 0.04411764705882353 0.03681818181818182
1 0.7567647058823529 0.9279545454545455 0.04411764705882353 0.03590909090909091
1 0.09176470588235294 0.3668181818181818 0.06 0.03363636363636364
1 0.41147058823529414 0.8586363636363636 0.03823529411764706 0.035454545454545454
1 0.5802941176470588 0.9252272727272727 0.04411764705882353 0.03590909090909091
1 0.4861764705882353 0.6047727272727272 0.03588235294117647 0.019545454545454546
1 0.5773529411764706 0.8604545454545455 0.04058823529411765 0.03727272727272727
1 0.09029411764705883 0.41113636363636363 0.06294117647058824 0.03318181818181818
1 0.1011764705882353 0.6820454545454545 0.06588235294117648 0.03409090909090909
1 0.5438235294117647 0.03931818181818182 0.07705882352941176 0.017727272727272727
1 0.7414705882352941 0.4081818181818182 0.11823529411764706 0.03636363636363636
1 0.49323529411764705 0.9240909090909091 0.039411764705882354 0.03727272727272727
1 0.8382352941176471 0.8568181818181818 0.04352941176470588 0.03363636363636364
1 0.3338235294117647 0.44295454545454543 0.06647058823529411 0.02590909090909091
1 0.09705882352941177 0.7704545454545455 0.06823529411764706 0.035454545454545454
1 0.0988235294117647 0.7243181818181819 0.06941176470588235 0.03409090909090909
1 0.5452941176470588 0.40545454545454546 0.16941176470588235 0.038181818181818185
1 0.6602941176470588 0.4072727272727273 0.025294117647058825 0.038181818181818185
1 0.0961764705882353 0.6072727272727273 0.06529411764705882 0.034545454545454546
1 0.6694117647058824 0.9236363636363636 0.04941176470588235 0.03636363636363636
1 0.32794117647058824 0.8590909090909091 0.04058823529411765 0.035454545454545454
1 0.3773529411764706 0.40204545454545454 0.15823529411764706 0.03772727272727273
1 0.26588235294117646 0.03386363636363637 0.03529411764705882 0.021363636363636362
1 0.4470588235294118 0.44931818181818184 0.02823529411764706 0.023181818181818182
1 0.08764705882352941 0.4561363636363636 0.0611764705882353 0.03227272727272727
1 0.09352941176470589 0.5727272727272728 0.06470588235294118 0.025454545454545455
1 0.4497058823529412 0.6054545454545455 0.02411764705882353 0.025454545454545455
1 0.49911764705882355 0.5625 0.15470588235294117 0.02772727272727273
1 0.5958823529411764 0.5647727272727273 0.03058823529411765 0.03227272727272727
1 0.3311764705882353 0.6011363636363637 0.06470588235294118 0.020454545454545454
1 0.40441176470588236 0.5981818181818181 0.07823529411764706 0.017272727272727273
1 0.3432352941176471 0.7602272727272728 0.10058823529411764 0.019545454545454546
1 0.37823529411764706 0.7127272727272728 0.17176470588235293 0.02181818181818182
1 0.49323529411764705 0.7127272727272728 0.06764705882352941 0.02181818181818182
1 0.14205882352941177 0.8606818181818182 0.04647058823529412 0.03227272727272727
1 0.4038235294117647 0.4445454545454545 0.06411764705882353 0.02181818181818182