1 0.3941176470588235 0.6834090909090909 0.18352941176470589 0.038636363636363635
1 0.7570588235294118 0.8645454545454545 0.05647058823529412 0.035454545454545454
1 0.8470588235294118 0.9304545454545454 0.06941176470588235 0.035454545454545454
1 0.5573529411764706 0.6138636363636364 0.025294117647058825 0.03590909090909091
1 0.4126470588235294 0.9259090909090909 0.06647058823529411 0.03909090909090909
1 0.5429411764705883 0.5295454545454545 0.12352941176470589 0.03727272727272727
1 0.3588235294117647 0.6104545454545455 0.1188235294117647 0.03
1 0.6470588235294118 0.7304545454545455 0.22823529411764706 0.03636363636363636
1 0.4117647058823529 0.7268181818181818 0.2235294117647059 0.03636363636363636
1 0.7082352941176471 0.5295454545454545 0.09294117647058824 0.03363636363636364
1 0.4 0.4090909090909091 0.18470588235294116 0.03636363636363636
1 0.0988235294117647 0.678409090909091 0.07411764705882352 0.035
1 0.10588235294117647 0.44795454545454544 0.08470588235294117 0.03590909090909091
1 0.1564705882352941 0.9225 0.06470588235294118 0.038636363636363635
1 0.3226470588235294 0.9243181818181818 0.06294117647058824 0.03954545454545454
1 0.1514705882352941 0.855 0.05941176470588235 0.04090909090909091
1 0.38 0.5268181818181819 0.16117647058823528 0.03636363636363636
1 0.10588235294117647 0.5213636363636364 0.08705882352941176 0.03363636363636364
1 0.6102941176470589 0.6118181818181818 0.07588235294117647 0.03090909090909091
1 0.24058823529411766 0.8575 0.058823529411764705 0.03772727272727273
1 0.633235294117647 0.5340909090909091 0.031176470588235295 0.03272727272727273
1 0.23852941176470588 0.9245454545454546 0.05352941176470588 0.038181818181818185
1 0.7641176470588236 0.9315909090909091 0.07176470588235294 0.03772727272727273
1 0.10470588235294118 0.36613636363636365 0.07411764705882352 0.03409090909090909
1 0.5261764705882352 0.7715909090909091 0.14647058823529413 0.03681818181818182
1 0.585 0.4097727272727273 0.13823529411764707 0.03590909090909091
1 0.5270588235294118 0.3679545454545455 0.11176470588235295 0.03409090909090909
1 0.415 0.8611363636363636 0.060588235294117644 0.03772727272727273
1 0.5829411764705882 0.9290909090909091 0.058823529411764705 0.03363636363636364
1 0.10176470588235294 0.5647727272727273 0.08470588235294117 0.035
1 0.3952941176470588 0.5686363636363636 0.18235294117647058 0.03727272727272727
1 0.47823529411764704 0.6129545454545454 0.11058823529411765 0.03409090909090909
1 0.4723529411764706 0.44931818181818184 0.09176470588235294 0.035
1 0.585 0.8620454545454546 0.05941176470588235 0.03590909090909091
1 0.10235294117647059 0.40545454545454546 0.07764705882352942 0.035454545454545454
1 0.576764705882353 0.5713636363636364 0.15470588235294117 0.03636363636363636
1 0.5438235294117647 0.038863636363636364 0.05588235294117647 0.021363636363636362
1 0.75 0.5727272727272728 0.0976470588235294 0.03272727272727273
1 0.5023529411764706 0.9293181818181818 0.07294117647058823 0.03772727272727273
1 0.8461764705882353 0.8645454545454545 0.06411764705882353 0.03636363636363636
1 0.6758823529411765 0.8622727272727273 0.0611764705882353 0.03636363636363636
1 0.5852941176470589 0.6847727272727273 0.1776470588235294 0.035
1 0.3635294117647059 0.4475 0.1188235294117647 0.03772727272727273
1 0.0976470588235294 0.7661363636363636 0.07764705882352942 0.035
1 0.0988235294117647 0.7204545454545455 0.0811764705882353 0.035454545454545454
1 0.49823529411764705 0.8588636363636364 0.04823529411764706 0.03772727272727273
1 0.38529411764705884 0.3679545454545455 0.16117647058823528 0.035
1 0.10323529411764706 0.6040909090909091 0.0888235294117647 0.035454545454545454
1 0.6758823529411765 0.9315909090909091 0.06941176470588235 0.03772727272727273
1 0.32676470588235296 0.8618181818181818 0.05941176470588235 0.038181818181818185
1 0.678235294117647 0.5725 0.027058823529411764 0.03227272727272727
1 0.28647058823529414 0.03636363636363636 0.027058823529411764 0.02
1 0.3673529411764706 0.7697727272727273 0.14882352941176472 0.03590909090909091