1 0.7620588235294118 0.8625 0.06411764705882353 0.03681818181818182
1 0.8488235294117648 0.9270454545454545 0.06823529411764706 0.038636363636363635
1 0.5497058823529412 0.6102272727272727 0.13352941176470587 0.035
1 0.41323529411764703 0.9256818181818182 0.05941176470588235 0.03590909090909091
1 0.3891176470588235 0.6104545454545455 0.17352941176470588 0.03909090909090909
1 0.4147058823529412 0.40795454545454546 0.22705882352941176 0.038636363636363635
1 0.4176470588235294 0.7252272727272727 0.2388235294117647 0.03772727272727273
1 0.3079411764705882 0.03227272727272727 0.04294117647058823 0.028181818181818183
1 0.10823529411764705 0.678409090909091 0.07058823529411765 0.03409090909090909
1 0.11588235294117646 0.44931818181818184 0.06823529411764706 0.03409090909090909
1 0.6211764705882353 0.7254545454545455 0.1376470588235294 0.03636363636363636
1 0.15676470588235294 0.9213636363636364 0.060588235294117644 0.03727272727272727
1 0.3335294117647059 0.9236363636363636 0.06705882352941177 0.03727272727272727
1 0.155 0.8547727272727272 0.054705882352941174 0.03590909090909091
1 0.11676470588235294 0.5206818181818181 0.07941176470588235 0.03318181818181818
1 0.24088235294117646 0.855909090909091 0.054705882352941174 0.035454545454545454
1 0.24058823529411766 0.9231818181818182 0.05529411764705883 0.03636363636363636
1 0.38382352941176473 0.7702272727272728 0.17352941176470588 0.038636363636363635
1 0.7579411764705882 0.9261363636363636 0.057058823529411766 0.03772727272727273
1 0.10617647058823529 0.36477272727272725 0.0711764705882353 0.03318181818181818
1 0.5241176470588236 0.7718181818181818 0.08588235294117647 0.026363636363636363
1 0.6547058823529411 0.4572727272727273 0.06941176470588235 0.03090909090909091
1 0.596764705882353 0.4625 0.027647058823529413 0.035
1 0.415 0.8579545454545454 0.061764705882352944 0.03590909090909091
1 0.5882352941176471 0.9272727272727272 0.06235294117647059 0.03909090909090909
1 0.11029411764705882 0.5643181818181818 0.08176470588235295 0.03409090909090909
1 0.43323529411764705 0.5679545454545455 0.2535294117647059 0.035
1 0.11558823529411764 0.4065909090909091 0.0711764705882353 0.03409090909090909
1 0.5594117647058824 0.038863636363636364 0.08235294117647059 0.023181818181818182
1 0.6223529411764706 0.40954545454545455 0.1811764705882353 0.034545454545454546
1 0.5029411764705882 0.9227272727272727 0.06 0.038181818181818185
1 0.8488235294117648 0.8570454545454546 0.06235294117647059 0.03681818181818182
1 0.6802941176470588 0.86 0.07470588235294118 0.04090909090909091
1 0.10941176470588235 0.7597727272727273 0.07411764705882352 0.03409090909090909
1 0.10676470588235294 0.7197727272727272 0.07470588235294118 0.035
1 0.731764705882353 0.41363636363636364 0.03176470588235294 0.035454545454545454
1 0.5202941176470588 0.455 0.11588235294117646 0.035454545454545454
1 0.59 0.8565909090909091 0.06941176470588235 0.038636363636363635
1 0.5 0.8584090909090909 0.05647058823529412 0.03772727272727273
1 0.8105882352941176 0.41204545454545455 0.08 0.03409090909090909
1 0.11029411764705882 0.6047727272727272 0.07823529411764706 0.035
1 0.6767647058823529 0.923409090909091 0.06529411764705882 0.03954545454545454
1 0.335 0.8563636363636363 0.061764705882352944 0.035454545454545454
1 0.38176470588235295 0.4547727272727273 0.14705882352941177 0.03409090909090909
1 0.6647058823529411 0.5706818181818182 0.19058823529411764 0.038636363636363635