1 0.39588235294117646 0.6829545454545455 0.18941176470588236 0.03954545454545454
1 0.5926470588235294 0.6854545454545454 0.15941176470588236 0.03636363636363636
1 0.7605882352941177 0.8604545454545455 0.06705882352941177 0.04090909090909091
1 0.8447058823529412 0.9277272727272727 0.07058823529411765 0.04363636363636364
1 0.6276470588235294 0.6172727272727273 0.13529411764705881 0.03636363636363636
1 0.4111764705882353 0.9270454545454545 0.06235294117647059 0.038636363636363635
1 0.8441176470588235 0.7779545454545455 0.09176470588235294 0.03409090909090909
1 0.4194117647058824 0.6125 0.23058823529411765 0.038636363636363635
1 0.645 0.7775 0.1864705882352941 0.035
1 0.39 0.44772727272727275 0.16470588235294117 0.03909090909090909
1 0.7088235294117647 0.6918181818181818 0.042352941176470586 0.03363636363636364
1 0.4379411764705882 0.7272727272727273 0.2747058823529412 0.04090909090909091
1 0.7667647058823529 0.5270454545454546 0.09235294117647058 0.03409090909090909
1 0.4273529411764706 0.4118181818181818 0.23470588235294118 0.03636363636363636
1 0.08794117647058823 0.6811363636363637 0.07588235294117647 0.03590909090909091
1 0.09588235294117647 0.4509090909090909 0.0811764705882353 0.03636363636363636
1 0.15294117647058825 0.9263636363636364 0.05411764705882353 0.03909090909090909
1 0.8017647058823529 0.6095454545454545 0.09294117647058824 0.03363636363636364
1 0.33088235294117646 0.9259090909090909 0.06647058823529411 0.04
1 0.15764705882352942 0.8577272727272728 0.06470588235294118 0.04
1 0.7697058823529411 0.79 0.039411764705882354 0.04181818181818182
1 0.3947058823529412 0.524090909090909 0.18352941176470589 0.03636363636363636
1 0.09117647058823529 0.5222727272727272 0.08 0.035454545454545454
1 0.685 0.7302272727272727 0.20529411764705882 0.03590909090909091
1 0.24176470588235294 0.8579545454545454 0.058823529411764705 0.04045454545454545
1 0.2411764705882353 0.9270454545454545 0.058823529411764705 0.038636363636363635
1 0.41970588235294115 0.7734090909090909 0.23823529411764705 0.04045454545454545
1 0.7585294117647059 0.9263636363636364 0.061764705882352944 0.04
1 0.09205882352941176 0.36704545454545456 0.08058823529411764 0.035
1 0.6255882352941177 0.4097727272727273 0.11588235294117646 0.03772727272727273
1 0.4188235294117647 0.8593181818181819 0.06823529411764706 0.03954545454545454
1 0.43911764705882356 0.5693181818181818 0.2723529411764706 0.03772727272727273
1 0.5735294117647058 0.5284090909090909 0.15294117647058825 0.03772727272727273
1 0.5861764705882353 0.8586363636363636 0.06294117647058824 0.04
1 0.09676470588235295 0.4072727272727273 0.09352941176470589 0.03727272727272727
1 0.09441176470588235 0.5663636363636364 0.08058823529411764 0.03636363636363636
1 0.6591176470588235 0.5713636363636364 0.14882352941176472 0.038181818181818185
1 0.5673529411764706 0.03954545454545454 0.12294117647058823 0.023636363636363636
1 0.7526470588235294 0.5731818181818182 0.03470588235294118 0.03636363636363636
1 0.5023529411764706 0.9252272727272727 0.06941176470588235 0.04318181818181818
1 0.808235294117647 0.7304545454545455 0.04 0.03363636363636364
1 0.6758823529411765 0.8611363636363636 0.06588235294117648 0.038636363636363635
1 0.5679411764705883 0.37113636363636365 0.12176470588235294 0.03681818181818182
1 0.8805882352941177 0.7297727272727272 0.10705882352941176 0.03681818181818182
1 0.0988235294117647 0.7602272727272728 0.08823529411764706 0.038636363636363635
1 0.09735294117647059 0.7254545454545455 0.08176470588235295 0.03727272727272727
1 0.5464705882352942 0.44977272727272727 0.10823529411764705 0.03681818181818182
1 0.49529411764705883 0.8584090909090909 0.04588235294117647 0.04045454545454545
1 0.691764705882353 0.5340909090909091 0.04588235294117647 0.03363636363636364
1 0.83 0.571590909090909 0.1 0.03590909090909091
1 0.4047058823529412 0.3643181818181818 0.18352941176470589 0.038636363636363635
1 0.09323529411764706 0.610909090909091 0.08176470588235295 0.03636363636363636
1 0.6741176470588235 0.9265909090909091 0.07058823529411765 0.03954545454545454
1 0.3288235294117647 0.8579545454545454 0.06352941176470588 0.03954545454545454
1 0.7364705882352941 0.6136363636363636 0.03176470588235294 0.035454545454545454
1 0.7747058823529411 0.6861363636363637 0.08352941176470588 0.035
1 0.3088235294117647 0.034772727272727275 0.03411764705882353 0.025
1 0.5855882352941176 0.9286363636363636 0.06411764705882353 0.04181818181818182
1 0.8482352941176471 0.8634090909090909 0.07647058823529412 0.03954545454545454