1 0.43558823529411766 0.7229545454545454 0.25941176470588234 0.03681818181818182
1 0.85 0.9268181818181818 0.07176470588235294 0.03909090909090909
1 0.3897058823529412 0.5645454545454546 0.17 0.03727272727272727
1 0.415 0.9256818181818182 0.05352941176470588 0.03590909090909091
1 0.5264705882352941 0.6127272727272727 0.06705882352941177 0.025454545454545455
1 0.6723529411764706 0.8593181818181819 0.05647058823529412 0.03954545454545454
1 0.12029411764705883 0.6770454545454545 0.0711764705882353 0.03681818181818182
1 0.10911764705882353 0.44886363636363635 0.0888235294117647 0.03772727272727273
1 0.8414705882352941 0.7238636363636364 0.13823529411764707 0.03772727272727273
1 0.16147058823529412 0.8556818181818182 0.06529411764705882 0.03954545454545454
1 0.1188235294117647 0.5218181818181818 0.06588235294117648 0.034545454545454546
1 0.655 0.7254545454545455 0.1676470588235294 0.03636363636363636
1 0.24705882352941178 0.8570454545454546 0.04823529411764706 0.038636363636363635
1 0.23588235294117646 0.9245454545454546 0.05058823529411765 0.03727272727272727
1 0.41823529411764704 0.7675 0.23294117647058823 0.03681818181818182
1 0.7561764705882353 0.9290909090909091 0.05941176470588235 0.03909090909090909
1 0.10970588235294118 0.3675 0.09 0.03772727272727273
1 0.44176470588235295 0.40795454545454546 0.2823529411764706 0.03954545454545454
1 0.4108823529411765 0.8595454545454545 0.045294117647058825 0.03727272727272727
1 0.5879411764705882 0.9254545454545454 0.05941176470588235 0.038181818181818185
1 0.38529411764705884 0.6088636363636364 0.15764705882352942 0.030454545454545453
1 0.10852941176470589 0.405 0.09117647058823529 0.03727272727272727
1 0.11 0.5652272727272727 0.06823529411764706 0.03590909090909091
1 0.6729411764705883 0.4088636363636364 0.18352941176470589 0.03954545454545454
1 0.4961764705882353 0.925 0.057058823529411766 0.03909090909090909
1 0.1223529411764706 0.7618181818181818 0.08470588235294117 0.03636363636363636
1 0.12058823529411765 0.7209090909090909 0.09058823529411765 0.03636363636363636
1 0.576764705882353 0.45181818181818184 0.1323529411764706 0.035454545454545454
1 0.49676470588235294 0.8584090909090909 0.05352941176470588 0.03954545454545454
1 0.10794117647058823 0.6081818181818182 0.0711764705882353 0.03636363636363636
1 0.3332352941176471 0.8570454545454546 0.05941176470588235 0.03590909090909091
1 0.40558823529411764 0.45045454545454544 0.19705882352941176 0.035454545454545454
1 0.7111764705882353 0.4525 0.08705882352941176 0.031363636363636364
1 0.2788235294117647 0.03363636363636364 0.041176470588235294 0.023636363636363636
1 0.33441176470588235 0.03363636363636364 0.0688235294117647 0.022727272727272728
1 0.5705882352941176 0.03590909090909091 0.12705882352941175 0.02181818181818182
1 0.6541176470588236 0.45954545454545453 0.02588235294117647 0.02727272727272727
1 0.8332352941176471 0.4093181818181818 0.10176470588235294 0.041363636363636366
1 0.7729411764705882 0.40636363636363637 0.03058823529411765 0.035454545454545454
1 0.48764705882352943 0.5643181818181818 0.036470588235294116 0.03954545454545454
1 0.5555882352941176 0.5670454545454545 0.10411764705882352 0.03590909090909091
1 0.47352941176470587 0.610909090909091 0.027058823529411764 0.026363636363636363
1 0.755 0.7238636363636364 0.033529411764705884 0.03590909090909091
1 0.6038235294117648 0.7697727272727273 0.13705882352941176 0.030454545454545453
1 0.6852941176470588 0.7720454545454546 0.024705882352941175 0.028636363636363637
1 0.7591176470588236 0.77 0.12176470588235294 0.034545454545454546