1 0.38058823529411767 0.3729545454545454 0.1635294117647059 0.041363636363636366
1 0.7617647058823529 0.8684090909090909 0.07411764705882352 0.045
1 0.8408823529411765 0.9288636363636363 0.05941176470588235 0.04318181818181818
1 0.4370588235294118 0.5756818181818182 0.28352941176470586 0.03318181818181818
1 0.40558823529411764 0.9297727272727273 0.05352941176470588 0.03954545454545454
1 0.8423529411764706 0.8722727272727273 0.06470588235294118 0.05090909090909091
1 0.39794117647058824 0.6202272727272727 0.20529411764705882 0.03409090909090909
1 0.7485294117647059 0.7795454545454545 0.08058823529411764 0.03090909090909091
1 0.4061764705882353 0.4188636363636364 0.21 0.04045454545454545
1 0.10029411764705883 0.45795454545454545 0.05823529411764706 0.03772727272727273
1 0.6623529411764706 0.6918181818181818 0.1564705882352941 0.04090909090909091
1 0.4455882352941177 0.7322727272727273 0.3052941176470588 0.03909090909090909
1 0.09411764705882353 0.6868181818181818 0.07882352941176471 0.03727272727272727
1 0.10764705882352942 0.5734090909090909 0.09058823529411765 0.03681818181818182
1 0.09588235294117647 0.3675 0.05529411764705883 0.03590909090909091
1 0.1538235294117647 0.9315909090909091 0.06411764705882353 0.03954545454545454
1 0.7817647058823529 0.6231818181818182 0.08470588235294117 0.03090909090909091
1 0.3220588235294118 0.9322727272727273 0.054705882352941174 0.04
1 0.14852941176470588 0.8634090909090909 0.05352941176470588 0.04045454545454545
1 0.5788235294117647 0.4677272727272727 0.07529411764705882 0.03090909090909091
1 0.10588235294117647 0.5288636363636363 0.08705882352941176 0.035
1 0.7044117647058824 0.7386363636363636 0.17705882352941177 0.03636363636363636
1 0.8626470588235294 0.5347727272727273 0.10058823529411764 0.03409090909090909
1 0.2426470588235294 0.9320454545454545 0.06411764705882353 0.038636363636363635
1 0.3926470588235294 0.7765909090909091 0.19588235294117648 0.03590909090909091
1 0.7573529411764706 0.9336363636363636 0.060588235294117644 0.04090909090909091
1 0.2723529411764706 0.03977272727272727 0.03411764705882353 0.021363636363636362
1 0.5676470588235294 0.7770454545454546 0.13411764705882354 0.03681818181818182
1 0.6641176470588235 0.41795454545454547 0.10588235294117647 0.03590909090909091
1 0.5894117647058823 0.37863636363636366 0.10352941176470588 0.03363636363636364
1 0.5611764705882353 0.42 0.03411764705882353 0.03363636363636364
1 0.4108823529411765 0.865 0.061764705882352944 0.04090909090909091
1 0.5847058823529412 0.9293181818181818 0.06235294117647059 0.041363636363636366
1 0.41794117647058826 0.5320454545454546 0.24411764705882352 0.04045454545454545
1 0.4858823529411765 0.4756818181818182 0.03529411764705882 0.035
1 0.5873529411764706 0.8652272727272727 0.07470588235294118 0.04409090909090909
1 0.10058823529411764 0.4143181818181818 0.0611764705882353 0.03772727272727273
1 0.5379411764705883 0.0425 0.07235294117647059 0.023181818181818182
1 0.8120588235294117 0.5843181818181818 0.03470588235294118 0.030454545454545453
1 0.8282352941176471 0.7411363636363636 0.04 0.035
1 0.49529411764705883 0.9334090909090909 0.06470588235294118 0.04045454545454545
1 0.8520588235294118 0.6927272727272727 0.08764705882352941 0.034545454545454546
1 0.6747058823529412 0.8720454545454546 0.06588235294117648 0.056818181818181816
1 0.49823529411764705 0.38545454545454544 0.04941176470588235 0.03636363636363636
1 0.8997058823529411 0.7375 0.08294117647058824 0.03409090909090909
1 0.3685294117647059 0.4631818181818182 0.14176470588235293 0.038181818181818185
1 0.11352941176470588 0.7734090909090909 0.07882352941176471 0.03590909090909091
1 0.10882352941176471 0.7281818181818182 0.08705882352941176 0.03636363636363636
1 0.49941176470588233 0.8652272727272727 0.06470588235294118 0.04045454545454545
1 0.6491176470588236 0.5331818181818182 0.19 0.042727272727272725
1 0.8917647058823529 0.5818181818181818 0.09411764705882353 0.035454545454545454
1 0.5979411764705882 0.6211363636363636 0.13823529411764707 0.03409090909090909
1 0.11294117647058824 0.6179545454545454 0.09647058823529411 0.03590909090909091
1 0.6691176470588235 0.9338636363636363 0.054705882352941174 0.042272727272727274
1 0.3291176470588235 0.8668181818181818 0.06529411764705882 0.04090909090909091
1 0.6823529411764706 0.5806818181818182 0.18235294117647058 0.029545454545454545
1 0.7694117647058824 0.7052272727272727 0.04470588235294118 0.03954545454545454
1 0.33147058823529413 0.03772727272727273 0.07823529411764706 0.025454545454545455
1 0.7797058823529411 0.5479545454545455 0.045294117647058825 0.03227272727272727
1 0.7029411764705882 0.6322727272727273 0.036470588235294116 0.034545454545454546
1 0.43117647058823527 0.6893181818181818 0.2752941176470588 0.04318181818181818
1 0.6661764705882353 0.7913636363636364 0.03823529411764706 0.04
1 0.23676470588235293 0.8636363636363636 0.05941176470588235 0.04090909090909091