1 0.3523529411764706 0.6793181818181818 0.1011764705882353 0.035
1 0.5682352941176471 0.7156818181818182 0.029411764705882353 0.035
1 0.7608823529411765 0.8540909090909091 0.07823529411764706 0.042727272727272725
1 0.8376470588235294 0.9229545454545455 0.06588235294117648 0.03954545454545454
1 0.4152941176470588 0.9195454545454546 0.06705882352941177 0.04
1 0.5588235294117647 0.5609090909090909 0.13176470588235295 0.035454545454545454
1 0.8485294117647059 0.8552272727272727 0.07352941176470588 0.04045454545454545
1 0.3726470588235294 0.6015909090909091 0.12764705882352942 0.03409090909090909
1 0.3738235294117647 0.4440909090909091 0.1264705882352941 0.034545454545454546
1 0.4697058823529412 0.6775 0.11941176470588236 0.038636363636363635
1 0.6294117647058823 0.6834090909090909 0.10588235294117647 0.03590909090909091
1 0.4597058823529412 0.759090909090909 0.12176470588235294 0.035454545454545454
1 0.10852941176470589 0.7134090909090909 0.0711764705882353 0.03318181818181818
1 0.10882352941176471 0.43977272727272726 0.06941176470588235 0.03318181818181818
1 0.6058823529411764 0.7602272727272728 0.08235294117647059 0.03227272727272727
1 0.15941176470588236 0.9186363636363636 0.07647058823529412 0.04
1 0.32588235294117646 0.9181818181818182 0.06823529411764706 0.04
1 0.155 0.8490909090909091 0.07 0.03909090909090909
1 0.3982352941176471 0.5231818181818182 0.17882352941176471 0.028181818181818183
1 0.11088235294117647 0.5125 0.07470588235294118 0.03318181818181818
1 0.6361764705882353 0.7177272727272728 0.09588235294117647 0.03363636363636364
1 0.24088235294117646 0.9181818181818182 0.06294117647058824 0.03909090909090909
1 0.3514705882352941 0.7588636363636364 0.09823529411764706 0.035
1 0.7555882352941177 0.9215909090909091 0.06529411764705882 0.03954545454545454
1 0.3247058823529412 0.026363636363636363 0.03294117647058824 0.026363636363636363
1 0.5423529411764706 0.7634090909090909 0.03294117647058824 0.035
1 0.5714705882352941 0.03363636363636364 0.1111764705882353 0.025454545454545455
1 0.5591176470588235 0.5209090909090909 0.11588235294117646 0.03636363636363636
1 0.39294117647058824 0.36363636363636365 0.16705882352941176 0.038181818181818185
1 0.4158823529411765 0.8522727272727273 0.07294117647058823 0.04
1 0.5841176470588235 0.9211363636363636 0.07529411764705882 0.038636363636363635
1 0.38029411764705884 0.5665909090909091 0.15470588235294117 0.03590909090909091
1 0.5044117647058823 0.6025 0.10764705882352942 0.03318181818181818
1 0.5914705882352941 0.8529545454545454 0.08176470588235295 0.04045454545454545
1 0.11764705882352941 0.3975 0.058823529411764705 0.028636363636363637
1 0.10588235294117647 0.5565909090909091 0.06941176470588235 0.03409090909090909
1 0.5838235294117647 0.6063636363636363 0.027647058823529413 0.03272727272727273
1 0.7158823529411765 0.5629545454545455 0.08705882352941176 0.03227272727272727
1 0.4988235294117647 0.9197727272727273 0.06941176470588235 0.04045454545454545
1 0.6764705882352942 0.8561363636363636 0.06823529411764706 0.04045454545454545
1 0.10647058823529412 0.7563636363636363 0.06470588235294118 0.03272727272727273
1 0.1126470588235294 0.6747727272727273 0.07941176470588235 0.03772727272727273
1 0.7179411764705882 0.5238636363636363 0.09823529411764706 0.03318181818181818
1 0.49911764705882355 0.8518181818181818 0.0688235294117647 0.038181818181818185
1 0.6494117647058824 0.5609090909090909 0.02823529411764706 0.035454545454545454
1 0.5491176470588235 0.6929545454545455 0.039411764705882354 0.030454545454545453
1 0.4773529411764706 0.7179545454545454 0.13823529411764707 0.035
1 0.10882352941176471 0.5954545454545455 0.07764705882352942 0.03272727272727273
1 0.6691176470588235 0.9211363636363636 0.07 0.04045454545454545
1 0.32529411764705884 0.8511363636363637 0.06705882352941177 0.04045454545454545
1 0.395 0.3986363636363636 0.17705882352941177 0.03636363636363636
1 0.6476470588235295 0.6027272727272728 0.08235294117647059 0.03272727272727273
1 0.11147058823529411 0.355 0.057058823529411766 0.02
1 0.6417647058823529 0.5368181818181819 0.03058823529411765 0.03090909090909091
1 0.35058823529411764 0.7172727272727273 0.10705882352941176 0.03272727272727273
1 0.23411764705882354 0.8488636363636364 0.06705882352941177 0.03772727272727273