1 0.5120588235294118 0.7279545454545454 0.42764705882352944 0.041363636363636366
1 0.7655882352941177 0.8643181818181818 0.07235294117647059 0.042272727272727274
1 0.8570588235294118 0.9297727272727273 0.07294117647058823 0.042272727272727274
1 0.5841176470588235 0.6213636363636363 0.07647058823529412 0.03272727272727273
1 0.42323529411764704 0.9277272727272727 0.060588235294117644 0.04090909090909091
1 0.42617647058823527 0.5709090909090909 0.2535294117647059 0.04363636363636364
1 0.8482352941176471 0.8654545454545455 0.05764705882352941 0.04454545454545455
1 0.38941176470588235 0.6156818181818182 0.17882352941176471 0.03772727272727273
1 0.6211764705882353 0.7768181818181819 0.08705882352941176 0.03363636363636364
1 0.29205882352941176 0.03681818181818182 0.045294117647058825 0.025454545454545455
1 0.10852941176470589 0.6854545454545454 0.09 0.04363636363636364
1 0.09529411764705882 0.4547727272727273 0.0811764705882353 0.038636363636363635
1 0.7264705882352941 0.5290909090909091 0.12352941176470589 0.03727272727272727
1 0.095 0.36863636363636365 0.08176470588235295 0.03727272727272727
1 0.4320588235294118 0.7747727272727273 0.26176470588235295 0.04045454545454545
1 0.16 0.9293181818181818 0.05176470588235294 0.04045454545454545
1 0.831764705882353 0.7268181818181818 0.17529411764705882 0.045454545454545456
1 0.34294117647058825 0.9293181818181818 0.06 0.041363636363636366
1 0.15735294117647058 0.8618181818181818 0.057058823529411766 0.04
1 0.09323529411764706 0.5290909090909091 0.06529411764705882 0.04
1 0.24411764705882352 0.8638636363636364 0.06352941176470588 0.041363636363636366
1 0.2526470588235294 0.9293181818181818 0.05941176470588235 0.041363636363636366
1 0.7655882352941177 0.9293181818181818 0.07352941176470588 0.045
1 0.6788235294117647 0.45840909090909093 0.07764705882352942 0.03318181818181818
1 0.6394117647058823 0.4138636363636364 0.21294117647058824 0.041363636363636366
1 0.42176470588235293 0.865 0.06705882352941177 0.04090909090909091
1 0.5926470588235294 0.9268181818181818 0.061764705882352944 0.04090909090909091
1 0.45235294117647057 0.5259090909090909 0.29411764705882354 0.03909090909090909
1 0.5873529411764706 0.5688636363636363 0.04294117647058823 0.03409090909090909
1 0.5941176470588235 0.8618181818181818 0.06352941176470588 0.03909090909090909
1 0.09352941176470589 0.41 0.08352941176470588 0.03909090909090909
1 0.6188235294117647 0.4611363636363636 0.03058823529411765 0.035
1 0.5629411764705883 0.038636363636363635 0.11058823529411765 0.022727272727272728
1 0.6294117647058823 0.5284090909090909 0.04470588235294118 0.03772727272727273
1 0.7773529411764706 0.4113636363636364 0.04058823529411765 0.03727272727272727
1 0.5035294117647059 0.9302272727272727 0.06705882352941177 0.04045454545454545
1 0.68 0.8625 0.05529411764705883 0.041363636363636366
1 0.8608823529411764 0.3690909090909091 0.2641176470588235 0.038181818181818185
1 0.5085294117647059 0.6847727272727273 0.4147058823529412 0.03954545454545454
1 0.3870588235294118 0.4615909090909091 0.17058823529411765 0.03772727272727273
1 0.115 0.7706818181818181 0.09705882352941177 0.04318181818181818
1 0.115 0.7311363636363636 0.10529411764705883 0.041363636363636366
1 0.5429411764705883 0.4602272727272727 0.11176470588235295 0.035
1 0.5047058823529412 0.8615909090909091 0.07058823529411765 0.042272727272727274
1 0.8697058823529412 0.41204545454545455 0.11352941176470588 0.038636363636363635
1 0.5138235294117647 0.6175 0.03588235294117647 0.035
1 0.09588235294117647 0.6147727272727272 0.07529411764705882 0.03772727272727273
1 0.6723529411764706 0.9279545454545455 0.05529411764705883 0.04318181818181818
1 0.49970588235294117 0.3725 0.40294117647058825 0.038636363636363635
1 0.3297058823529412 0.8647727272727272 0.06294117647058824 0.042272727272727274
1 0.6929411764705883 0.5725 0.13529411764705881 0.038636363636363635
1 0.8226470588235294 0.6863636363636364 0.16176470588235295 0.035454545454545454
1 0.40558823529411764 0.41204545454545455 0.21470588235294116 0.038636363636363635
1 0.0976470588235294 0.5702272727272727 0.06823529411764706 0.03590909090909091