1 0.38058823529411767 0.6831818181818182 0.14588235294117646 0.03727272727272727
1 0.5308823529411765 0.6825 0.09941176470588235 0.035
1 0.7561764705882353 0.8615909090909091 0.0488235294117647 0.035
1 0.8438235294117648 0.9268181818181818 0.051176470588235295 0.04
1 0.4138235294117647 0.9265909090909091 0.05352941176470588 0.04045454545454545
1 0.8411764705882353 0.8613636363636363 0.04588235294117647 0.038181818181818185
1 0.3855882352941176 0.6175 0.16058823529411764 0.035
1 0.4238235294117647 0.4143181818181818 0.22176470588235295 0.038636363636363635
1 0.6511764705882352 0.7645454545454545 0.08235294117647059 0.03363636363636364
1 0.3864705882352941 0.7295454545454545 0.17058823529411765 0.03636363636363636
1 0.08470588235294117 0.6847727272727273 0.06941176470588235 0.03681818181818182
1 0.6776470588235294 0.6806818181818182 0.0811764705882353 0.035
1 0.09911764705882353 0.3679545454545455 0.07470588235294118 0.035
1 0.09176470588235294 0.45454545454545453 0.07882352941176471 0.038181818181818185
1 0.5664705882352942 0.7295454545454545 0.14941176470588236 0.035454545454545454
1 0.1538235294117647 0.9256818181818182 0.05352941176470588 0.041363636363636366
1 0.32794117647058824 0.9277272727272727 0.054705882352941174 0.038181818181818185
1 0.15676470588235294 0.8575 0.05352941176470588 0.03772727272727273
1 0.6888235294117647 0.7284090909090909 0.03058823529411765 0.03318181818181818
1 0.5335294117647059 0.45454545454545453 0.07529411764705882 0.031818181818181815
1 0.3864705882352941 0.5275 0.17294117647058824 0.038636363636363635
1 0.08970588235294118 0.5290909090909091 0.0711764705882353 0.03636363636363636
1 0.24735294117647058 0.8581818181818182 0.05588235294117647 0.03909090909090909
1 0.6064705882352941 0.6861363636363637 0.029411764705882353 0.03409090909090909
1 0.2373529411764706 0.9279545454545455 0.04411764705882353 0.03772727272727273
1 0.36058823529411765 0.7684090909090909 0.12588235294117647 0.035
1 0.7529411764705882 0.9277272727272727 0.05058823529411765 0.03727272727272727
1 0.28852941176470587 0.038863636363636364 0.04411764705882353 0.023181818181818182
1 0.6294117647058823 0.4097727272727273 0.10470588235294118 0.03590909090909091
1 0.41147058823529414 0.86 0.05 0.038181818181818185
1 0.5820588235294117 0.9270454545454545 0.04764705882352941 0.03954545454545454
1 0.4388235294117647 0.5684090909090909 0.2788235294117647 0.03772727272727273
1 0.5791176470588235 0.7747727272727273 0.03 0.03318181818181818
1 0.0976470588235294 0.40863636363636363 0.0811764705882353 0.03727272727272727
1 0.5576470588235294 0.04045454545454545 0.1 0.02
1 0.8058823529411765 0.7277272727272728 0.16823529411764707 0.042727272727272725
1 0.5008823529411764 0.9290909090909091 0.054705882352941174 0.04
1 0.6629411764705883 0.8620454545454546 0.04352941176470588 0.04045454545454545
1 0.5047058823529412 0.3668181818181818 0.07058823529411765 0.03363636363636364
1 0.38676470588235295 0.4552272727272727 0.15823529411764706 0.03772727272727273
1 0.08 0.774090909090909 0.06470588235294118 0.03727272727272727
1 0.085 0.7297727272727272 0.07 0.03681818181818182
1 0.4988235294117647 0.8622727272727273 0.05176470588235294 0.038181818181818185
1 0.37441176470588233 0.36704545454545456 0.13823529411764707 0.03681818181818182
1 0.08205882352941177 0.6161363636363636 0.06529411764705882 0.038636363636363635
1 0.6664705882352941 0.9277272727272727 0.04823529411764706 0.04
1 0.33088235294117646 0.8584090909090909 0.054705882352941174 0.038636363636363635
1 0.08441176470588235 0.5690909090909091 0.0688235294117647 0.03636363636363636
1 0.48911764705882355 0.7688636363636364 0.10294117647058823 0.028636363636363637
1 0.5864705882352941 0.8622727272727273 0.0611764705882353 0.038181818181818185