1 0.4368731563421829 0.7045040946314831 0.25073746312684364 0.04049135577797998
1 0.5306784660766962 0.5896269335759782 0.07138643067846608 0.03184713375796178
1 0.771976401179941 0.8755686988171064 0.08200589970501475 0.03958143767060965
1 0.8501474926253687 0.9419927206551411 0.07669616519174041 0.04049135577797998
1 0.5238938053097345 0.6346678798908099 0.0743362831858407 0.03184713375796178
1 0.42035398230088494 0.9415377616014559 0.06312684365781711 0.03958143767060965
1 0.4778761061946903 0.591901728844404 0.030678466076696165 0.03275705186533212
1 0.8471976401179941 0.8771610555050046 0.06607669616519174 0.04094631483166515
1 0.3911504424778761 0.632393084622384 0.1215339233038348 0.034576888080072796
1 0.47935103244837757 0.4383530482256597 0.03008849557522124 0.033212010919017286
1 0.6861356932153392 0.7893539581437671 0.030678466076696165 0.03366696997270246
1 0.4174041297935103 0.7873066424021838 0.2 0.03503184713375796
1 0.7542772861356932 0.7088262056414922 0.04424778761061947 0.04094631483166515
1 0.3902654867256637 0.4349408553230209 0.1433628318584071 0.03366696997270246
1 0.128023598820059 0.704049135577798 0.07905604719764012 0.03503184713375796
1 0.4289085545722714 0.7481801637852593 0.22890855457227138 0.0359417652411283
1 0.12094395280235988 0.3921747042766151 0.0696165191740413 0.0373066424021838
1 0.12300884955752213 0.48111919927206553 0.06784660766961652 0.0359417652411283
1 0.5926253687315635 0.7870791628753412 0.14454277286135694 0.03366696997270246
1 0.1696165191740413 0.9408553230209281 0.06430678466076696 0.03821656050955414
1 0.779646017699115 0.7465878070973613 0.0855457227138643 0.030937215650591446
1 0.3448377581120944 0.9419927206551411 0.06902654867256637 0.03776160145586897
1 0.1672566371681416 0.8755686988171064 0.06666666666666667 0.03867151956323931
1 0.41238938053097346 0.5473157415832575 0.1887905604719764 0.042766151046405826
1 0.1224188790560472 0.5470882620564149 0.06548672566371681 0.03503184713375796
1 0.25014749262536873 0.8762511373976342 0.06253687315634218 0.03821656050955414
1 0.6448377581120944 0.7042766151046406 0.16755162241887905 0.040036396724294813
1 0.2542772861356932 0.9408553230209281 0.06489675516224189 0.0373066424021838
1 0.7634218289085546 0.9417652411282984 0.07079646017699115 0.039126478616924476
1 0.5873156342182891 0.39308462238398545 0.10324483775811209 0.039126478616924476
1 0.4271386430678466 0.876933575978162 0.06607669616519174 0.03776160145586897
1 0.5899705014749262 0.944722474977252 0.06725663716814159 0.042311191992720654
1 0.39469026548672564 0.591901728844404 0.1415929203539823 0.03548680618744313
1 0.5404129793510325 0.5500454959053686 0.04837758112094395 0.03821656050955414
1 0.47404129793510325 0.6344404003639672 0.0359882005899705 0.03230209281164695
1 0.471976401179941 0.4802092811646952 0.03185840707964602 0.034121929026387623
1 0.5988200589970502 0.8755686988171064 0.07669616519174041 0.042311191992720654
1 0.12448377581120944 0.43471337579617836 0.071976401179941 0.03503184713375796
1 0.12300884955752213 0.5903093721565059 0.06430678466076696 0.034121929026387623
1 0.6106194690265486 0.5452684258416742 0.08967551622418879 0.041401273885350316
1 0.511504424778761 0.39331210191082805 0.0471976401179941 0.036851683348498636
1 0.5309734513274337 0.43425841674249316 0.071976401179941 0.03139217470427662
1 0.7454277286135693 0.7870791628753412 0.08908554572271386 0.03184713375796178
1 0.5056047197640118 0.9424476797088263 0.06017699115044248 0.04049135577797998
1 0.6787610619469027 0.8760236578707916 0.06784660766961652 0.03958143767060965
1 0.8398230088495575 0.7074613284804367 0.12920353982300886 0.03366696997270246
1 0.3967551622418879 0.4767970882620564 0.13156342182890857 0.036396724294813464
1 0.12920353982300886 0.7866242038216561 0.07551622418879056 0.03548680618744313
1 0.1271386430678466 0.7449954504094631 0.07846607669616519 0.034121929026387623
1 0.5274336283185841 0.47634212920837127 0.07315634218289085 0.03184713375796178
1 0.6238938053097345 0.7459053685168335 0.16932153392330385 0.034121929026387623
1 0.5097345132743363 0.8778434940855323 0.0743362831858407 0.042311191992720654
1 0.40353982300884955 0.3935395814376706 0.16755162241887905 0.040036396724294813
1 0.12743362831858407 0.6310282074613285 0.07079646017699115 0.034576888080072796
1 0.6778761061946903 0.9413102820746133 0.06843657817109144 0.040036396724294813
1 0.33716814159292036 0.8771610555050046 0.06548672566371681 0.0373066424021838
1 0.7215339233038348 0.7479526842584168 0.029498525073746312 0.03184713375796178