1 0.3508823529411765 0.6836363636363636 0.09588235294117647 0.035454545454545454
1 0.5408823529411765 0.6204545454545455 0.026470588235294117 0.04090909090909091
1 0.7558823529411764 0.8625 0.06235294117647059 0.035
1 0.8482352941176471 0.9309090909090909 0.06470588235294118 0.04090909090909091
1 0.4041176470588235 0.9311363636363637 0.04941176470588235 0.038636363636363635
1 0.5555882352941176 0.5295454545454545 0.1888235294117647 0.035454545454545454
1 0.8426470588235294 0.8665909090909091 0.054705882352941174 0.03590909090909091
1 0.36823529411764705 0.6134090909090909 0.13529411764705881 0.03681818181818182
1 0.6655882352941176 0.8629545454545454 0.0488235294117647 0.03681818181818182
1 0.38382352941176473 0.44977272727272727 0.15588235294117647 0.038636363636363635
1 0.4379411764705882 0.7254545454545455 0.08294117647058824 0.034545454545454546
1 0.4223529411764706 0.405 0.22705882352941176 0.03636363636363636
1 0.08529411764705883 0.6822727272727273 0.06941176470588235 0.034545454545454546
1 0.09147058823529412 0.45454545454545453 0.07352941176470588 0.03727272727272727
1 0.1535294117647059 0.9268181818181818 0.06235294117647059 0.04
1 0.31823529411764706 0.9295454545454546 0.052941176470588235 0.03909090909090909
1 0.14911764705882352 0.8588636363636364 0.05 0.03954545454545454
1 0.3847058823529412 0.5265909090909091 0.14588235294117646 0.03772727272727273
1 0.08558823529411765 0.5261363636363636 0.0688235294117647 0.03409090909090909
1 0.6014705882352941 0.6172727272727273 0.07588235294117647 0.031818181818181815
1 0.24029411764705882 0.8604545454545455 0.045294117647058825 0.03636363636363636
1 0.638235294117647 0.5679545454545455 0.029411764705882353 0.038636363636363635
1 0.2361764705882353 0.9275 0.0488235294117647 0.038636363636363635
1 0.34294117647058825 0.7720454545454546 0.08352941176470588 0.028636363636363637
1 0.7485294117647059 0.9331818181818182 0.05235294117647059 0.04
1 0.09294117647058824 0.3665909090909091 0.07058823529411765 0.03590909090909091
1 0.5741176470588235 0.3638636363636364 0.12588235294117647 0.038636363636363635
1 0.40441176470588236 0.8618181818181818 0.04764705882352941 0.03727272727272727
1 0.5852941176470589 0.9327272727272727 0.05647058823529412 0.03727272727272727
1 0.548235294117647 0.5672727272727273 0.11058823529411765 0.034545454545454546
1 0.4852941176470588 0.6134090909090909 0.08 0.03409090909090909
1 0.5755882352941176 0.8618181818181818 0.045294117647058825 0.03727272727272727
1 0.09205882352941176 0.4068181818181818 0.07470588235294118 0.038181818181818185
1 0.08441176470588235 0.5690909090909091 0.0688235294117647 0.035454545454545454
1 0.571764705882353 0.03931818181818182 0.11764705882352941 0.022272727272727274
1 0.5991176470588235 0.45454545454545453 0.025294117647058825 0.03727272727272727
1 0.7726470588235295 0.4043181818181818 0.0688235294117647 0.035
1 0.5008823529411764 0.9304545454545454 0.06294117647058824 0.03909090909090909
1 0.09117647058823529 0.769090909090909 0.07411764705882352 0.035454545454545454
1 0.0888235294117647 0.725909090909091 0.07176470588235294 0.035454545454545454
1 0.7064705882352941 0.36727272727272725 0.058823529411764705 0.031818181818181815
1 0.5273529411764706 0.4525 0.10176470588235294 0.035
1 0.495 0.8604545454545455 0.04058823529411765 0.038181818181818185
1 0.3973529411764706 0.36454545454545456 0.17705882352941177 0.038181818181818185
1 0.0861764705882353 0.6097727272727272 0.07235294117647059 0.03681818181818182
1 0.6620588235294118 0.9359090909090909 0.045294117647058825 0.04090909090909091
1 0.3205882352941177 0.8611363636363636 0.04588235294117647 0.03772727272727273
1 0.7173529411764706 0.5675 0.11 0.035
1 0.2938235294117647 0.03431818181818182 0.031176470588235295 0.02409090909090909
1 0.6597058823529411 0.36045454545454547 0.026470588235294117 0.03090909090909091
1 0.6205882352941177 0.4022727272727273 0.14352941176470588 0.03727272727272727
1 0.7152941176470589 0.40386363636363637 0.041176470588235294 0.04045454545454545
1 0.6461764705882352 0.44977272727272727 0.05823529411764706 0.028636363636363637
1 0.3947058823529412 0.5695454545454546 0.18352941176470589 0.035454545454545454
1 0.34794117647058825 0.7265909090909091 0.09941176470588235 0.03590909090909091
1 0.41911764705882354 0.7727272727272727 0.06764705882352941 0.03090909090909091