1 0.375 0.7038216560509554 0.13652482269503546 0.03821656050955414
1 0.49940898345153667 0.7120109190172884 0.08628841607565012 0.034576888080072796
1 0.8516548463356974 0.9397179253867152 0.06501182033096926 0.04049135577797998
1 0.4190307328605201 0.943130118289354 0.04964539007092199 0.03821656050955414
1 0.5100472813238771 0.5466333030027297 0.1276595744680851 0.03776160145586897
1 0.7689125295508275 0.9385805277525022 0.0673758865248227 0.03821656050955414
1 0.366725768321513 0.6335304822565969 0.11997635933806147 0.034121929026387623
1 0.44562647754137114 0.43471337579617836 0.2777777777777778 0.03503184713375796
1 0.6312056737588653 0.7463603275705186 0.1347517730496454 0.03503184713375796
1 0.375 0.7914012738853503 0.13770685579196218 0.03503184713375796
1 0.116725768321513 0.705186533212011 0.08687943262411348 0.036396724294813464
1 0.10490543735224586 0.477024567788899 0.08333333333333333 0.0359417652411283
1 0.42907801418439717 0.7463603275705186 0.23995271867612294 0.0359417652411283
1 0.10608747044917258 0.39262966333030025 0.07387706855791962 0.03548680618744313
1 0.17257683215130024 0.9424476797088263 0.054373522458628844 0.03776160145586897
1 0.3389479905437352 0.943130118289354 0.051418439716312055 0.0373066424021838
1 0.16666666666666666 0.8771610555050046 0.05200945626477541 0.03821656050955414
1 0.3690898345153664 0.5477707006369427 0.12234042553191489 0.036396724294813464
1 0.116725768321513 0.5486806187443131 0.09042553191489362 0.03548680618744313
1 0.25443262411347517 0.8776160145586898 0.05969267139479906 0.03821656050955414
1 0.25384160756501184 0.9424476797088263 0.05260047281323877 0.03776160145586897
1 0.6876477541371159 0.9417652411282984 0.06205673758865248 0.039126478616924476
1 0.28221040189125296 0.06847133757961783 0.04314420803782506 0.022292993630573247
1 0.5094562647754137 0.7925386715195633 0.08865248226950355 0.03275705186533212
1 0.5833333333333334 0.3937670609645132 0.15484633569739953 0.03867151956323931
1 0.42700945626477543 0.876933575978162 0.060874704491725766 0.03776160145586897
1 0.599290780141844 0.9433575978161965 0.057919621749408984 0.03958143767060965
1 0.41164302600472813 0.5900818926296634 0.22044917257683216 0.034576888080072796
1 0.49674940898345155 0.6339854413102821 0.11879432624113476 0.033212010919017286
1 0.10667848699763594 0.4324385805277525 0.08333333333333333 0.033212010919017286
1 0.116725768321513 0.5923566878980892 0.09042553191489362 0.034576888080072796
1 0.5605791962174941 0.06915377616014559 0.10815602836879433 0.02183803457688808
1 0.716903073286052 0.4353958143767061 0.23877068557919623 0.0373066424021838
1 0.5106382978723404 0.944722474977252 0.06028368794326241 0.03958143767060965
1 0.5910165484633569 0.8792083712465878 0.05673758865248227 0.04413102820746133
1 0.37884160756501184 0.47793448589626936 0.14657210401891252 0.0359417652411283
1 0.11790780141843972 0.7918562329390355 0.08451536643026004 0.03230209281164695
1 0.5283687943262412 0.4783894449499545 0.13711583924349882 0.034121929026387623
1 0.5127068557919622 0.8782984531392175 0.050236406619385346 0.042311191992720654
1 0.40070921985815605 0.39103730664240216 0.1773049645390071 0.03958143767060965
1 0.11495271867612293 0.6319381255686988 0.09042553191489362 0.034576888080072796
1 0.33835697399527187 0.8771610555050046 0.0549645390070922 0.0373066424021838
1 0.6660756501182034 0.5896269335759782 0.23522458628841608 0.0373066424021838
1 0.11938534278959811 0.7459053685168335 0.07565011820330969 0.03503184713375796