1 0.4497058823529412 0.4125 0.28294117647058825 0.023181818181818182
1 0.7411764705882353 0.7290909090909091 0.15764705882352942 0.035454545454545454
1 0.4097058823529412 0.4515909090909091 0.20411764705882354 0.030454545454545453
1 0.4061764705882353 0.610909090909091 0.19705882352941176 0.03727272727272727
1 0.13323529411764706 0.7238636363636364 0.06764705882352941 0.03227272727272727
1 0.7208823529411764 0.5668181818181818 0.03235294117647059 0.035454545454545454
1 0.1223529411764706 0.4486363636363636 0.08705882352941176 0.035454545454545454
1 0.8191176470588235 0.5693181818181818 0.14294117647058824 0.03772727272727273
1 0.40441176470588236 0.7738636363636363 0.19117647058823528 0.03590909090909091
1 0.1388235294117647 0.7652272727272728 0.07294117647058823 0.03590909090909091
1 0.1223529411764706 0.40545454545454546 0.08823529411764706 0.03363636363636364
1 0.6658823529411765 0.6113636363636363 0.10352941176470588 0.034545454545454546
1 0.6361764705882353 0.5706818181818182 0.1323529411764706 0.030454545454545453
1 0.45529411764705885 0.7304545454545455 0.28823529411764703 0.02727272727272727
1 0.7091176470588235 0.45340909090909093 0.05588235294117647 0.04045454545454545
1 0.5779411764705882 0.7759090909090909 0.10529411764705883 0.034545454545454546
1 0.43058823529411766 0.5670454545454545 0.26823529411764707 0.03590909090909091
1 0.11235294117647059 0.5677272727272727 0.09411764705882353 0.035454545454545454
1 0.7085294117647059 0.41 0.21823529411764706 0.028181818181818183
1 0.6273529411764706 0.7238636363636364 0.03705882352941176 0.03409090909090909
1 0.8991176470588236 0.4065909090909091 0.09 0.03772727272727273
1 0.6105882352941177 0.6154545454545455 0.029411764705882353 0.034545454545454546
1 0.5541176470588235 0.6172727272727273 0.07882352941176471 0.035454545454545454
1 0.1302941176470588 0.6102272727272727 0.09352941176470589 0.03681818181818182
1 0.32941176470588235 0.03704545454545455 0.03529411764705882 0.03772727272727273
1 0.5608823529411765 0.03318181818181818 0.10176470588235294 0.02727272727272727
1 0.8397058823529412 0.4102272727272727 0.04058823529411765 0.03954545454545454
1 0.6664705882352941 0.4672727272727273 0.03294117647058824 0.03363636363636364
1 0.5785294117647058 0.45704545454545453 0.12764705882352942 0.03409090909090909
1 0.51 0.7781818181818182 0.027058823529411764 0.023636363636363636