1 0.3976470588235294 0.6861363636363637 0.1976470588235294 0.038636363636363635
1 0.5808823529411765 0.69 0.13705882352941176 0.035454545454545454
1 0.7541176470588236 0.8595454545454545 0.05647058823529412 0.03727272727272727
1 0.84 0.9259090909090909 0.058823529411764705 0.04090909090909091
1 0.8408823529411765 0.8622727272727273 0.05235294117647059 0.04
1 0.37823529411764706 0.6225 0.14941176470588236 0.028636363636363637
1 0.6814705882352942 0.7347727272727272 0.033529411764705884 0.03772727272727273
1 0.6835294117647058 0.6990909090909091 0.03411764705882353 0.03727272727272727
1 0.39294117647058824 0.7327272727272728 0.18941176470588236 0.03727272727272727
1 0.09411764705882353 0.6797727272727273 0.06941176470588235 0.03590909090909091
1 0.8291176470588235 0.5338636363636363 0.09823529411764706 0.03681818181818182
1 0.08794117647058823 0.36477272727272725 0.0711764705882353 0.035
1 0.09823529411764706 0.4515909090909091 0.07294117647058823 0.03590909090909091
1 0.46647058823529414 0.7804545454545454 0.09176470588235294 0.022727272727272728
1 0.5841176470588235 0.7318181818181818 0.15411764705882353 0.035454545454545454
1 0.14794117647058824 0.9229545454545455 0.05235294117647059 0.03954545454545454
1 0.7823529411764706 0.5756818181818182 0.03764705882352941 0.03227272727272727
1 0.40647058823529414 0.9263636363636364 0.05647058823529412 0.03909090909090909
1 0.15058823529411763 0.8545454545454545 0.052941176470588235 0.03909090909090909
1 0.4173529411764706 0.5261363636363636 0.22294117647058823 0.038636363636363635
1 0.09794117647058824 0.5209090909090909 0.07470588235294118 0.034545454545454546
1 0.6570588235294118 0.6240909090909091 0.06588235294117648 0.03
1 0.8594117647058823 0.37204545454545457 0.08 0.03227272727272727
1 0.24088235294117646 0.8577272727272728 0.05352941176470588 0.03727272727272727
1 0.6273529411764706 0.5313636363636364 0.17 0.03727272727272727
1 0.2273529411764706 0.9236363636363636 0.04647058823529412 0.04090909090909091
1 0.7620588235294118 0.9261363636363636 0.0711764705882353 0.038636363636363635
1 0.2985294117647059 0.03386363636363637 0.04647058823529412 0.025
1 0.7052941176470588 0.41454545454545455 0.16705882352941176 0.038181818181818185
1 0.7114705882352941 0.3715909090909091 0.1323529411764706 0.035
1 0.4511764705882353 0.4118181818181818 0.2964705882352941 0.042727272727272725
1 0.4117647058823529 0.8590909090909091 0.0611764705882353 0.03909090909090909
1 0.5764705882352941 0.9268181818181818 0.047058823529411764 0.03909090909090909
1 0.4258823529411765 0.5745454545454546 0.24588235294117647 0.035454545454545454
1 0.585 0.86 0.061764705882352944 0.038181818181818185
1 0.09676470588235295 0.40795454545454546 0.07823529411764706 0.035
1 0.09911764705882353 0.5654545454545454 0.07352941176470588 0.035454545454545454
1 0.6655882352941176 0.5770454545454545 0.1864705882352941 0.03954545454545454
1 0.5820588235294117 0.038636363636363635 0.10882352941176471 0.022727272727272728
1 0.81 0.4152272727272727 0.03529411764705882 0.03409090909090909
1 0.7620588235294118 0.7347727272727272 0.12176470588235294 0.035
1 0.4976470588235294 0.925 0.06470588235294118 0.038181818181818185
1 0.6697058823529412 0.8575 0.057058823529411766 0.03954545454545454
1 0.4935294117647059 0.3690909090909091 0.30470588235294116 0.04
1 0.8479411764705882 0.5754545454545454 0.09470588235294118 0.03636363636363636
1 0.38941176470588235 0.4615909090909091 0.1811764705882353 0.028636363636363637
1 0.0961764705882353 0.7665909090909091 0.06529411764705882 0.035
1 0.09382352941176471 0.7263636363636363 0.07 0.035454545454545454
1 0.7944117647058824 0.37454545454545457 0.03588235294117647 0.035454545454545454
1 0.5391176470588235 0.46545454545454545 0.08529411764705883 0.023636363636363636
1 0.49911764705882355 0.8602272727272727 0.057058823529411766 0.03772727272727273
1 0.7467647058823529 0.5354545454545454 0.03705882352941176 0.03272727272727273
1 0.8711764705882353 0.4188636363636364 0.07647058823529412 0.03590909090909091
1 0.6029411764705882 0.6290909090909091 0.02588235294117647 0.03363636363636364
1 0.5247058823529411 0.6240909090909091 0.11058823529411765 0.023636363636363636
1 0.09852941176470588 0.605 0.07588235294117647 0.03636363636363636
1 0.6694117647058824 0.9245454545454546 0.06 0.03909090909090909
1 0.32088235294117645 0.8563636363636363 0.051176470588235295 0.038181818181818185
1 0.765 0.6931818181818182 0.11941176470588236 0.034545454545454546
1 0.5952941176470589 0.46886363636363637 0.02235294117647059 0.02772727272727273
1 0.6314705882352941 0.465 0.0488235294117647 0.023636363636363636
1 0.355 0.7761363636363636 0.11705882352941177 0.031363636363636364
1 0.5879411764705882 0.7813636363636364 0.07588235294117647 0.024545454545454544
1 0.5308823529411765 0.7872727272727272 0.025294117647058825 0.025454545454545455
1 0.325 0.9265909090909091 0.057058823529411766 0.03590909090909091