1 0.37588235294117645 0.6781818181818182 0.1423529411764706 0.03727272727272727
1 0.5285294117647059 0.6793181818181818 0.13941176470588235 0.035
1 0.765 0.8534090909090909 0.05588235294117647 0.03590909090909091
1 0.8429411764705882 0.9222727272727272 0.052941176470588235 0.04181818181818182
1 0.5805882352941176 0.7218181818181818 0.14352941176470588 0.03636363636363636
1 0.4235294117647059 0.9252272727272727 0.05529411764705883 0.03681818181818182
1 0.8488235294117648 0.8525 0.05764705882352941 0.03954545454545454
1 0.3558823529411765 0.6079545454545454 0.10470588235294118 0.03590909090909091
1 0.6208823529411764 0.7643181818181818 0.06411764705882353 0.03318181818181818
1 0.3973529411764706 0.7213636363636363 0.19117647058823528 0.038181818181818185
1 0.38323529411764706 0.40454545454545454 0.16411764705882353 0.03727272727272727
1 0.11441176470588235 0.6786363636363636 0.06529411764705882 0.03636363636363636
1 0.6979411764705883 0.6768181818181818 0.07470588235294118 0.03636363636363636
1 0.1011764705882353 0.3634090909090909 0.08 0.03681818181818182
1 0.10176470588235294 0.4456818181818182 0.08 0.03681818181818182
1 0.5808823529411765 0.7663636363636364 0.03 0.03727272727272727
1 0.1652941176470588 0.9236363636363636 0.058823529411764705 0.038181818181818185
1 0.3376470588235294 0.9238636363636363 0.058823529411764705 0.038636363636363635
1 0.16441176470588234 0.8565909090909091 0.05588235294117647 0.03954545454545454
1 0.3611764705882353 0.5204545454545455 0.1188235294117647 0.03727272727272727
1 0.09911764705882353 0.5231818181818182 0.0488235294117647 0.03636363636363636
1 0.24588235294117647 0.8561363636363636 0.052941176470588235 0.03590909090909091
1 0.6282352941176471 0.6804545454545454 0.03411764705882353 0.03909090909090909
1 0.2461764705882353 0.923409090909091 0.054705882352941174 0.03772727272727273
1 0.37 0.7677272727272727 0.1376470588235294 0.03636363636363636
1 0.7626470588235295 0.9220454545454545 0.0488235294117647 0.03954545454545454
1 0.3073529411764706 0.035454545454545454 0.03588235294117647 0.02727272727272727
1 0.4976470588235294 0.7654545454545455 0.11176470588235295 0.034545454545454546
1 0.525 0.3665909090909091 0.14411764705882352 0.03772727272727273
1 0.41852941176470587 0.8552272727272727 0.04647058823529412 0.03590909090909091
1 0.5929411764705882 0.9245454545454546 0.05176470588235294 0.03727272727272727
1 0.3723529411764706 0.5665909090909091 0.13647058823529412 0.03772727272727273
1 0.5479411764705883 0.4068181818181818 0.1711764705882353 0.04
1 0.5944117647058823 0.855 0.057058823529411766 0.03636363636363636
1 0.10294117647058823 0.4040909090909091 0.08352941176470588 0.03636363636363636
1 0.5020588235294118 0.9240909090909091 0.04764705882352941 0.04
1 0.6755882352941176 0.8522727272727273 0.0488235294117647 0.035454545454545454
1 0.3688235294117647 0.44977272727272727 0.13294117647058823 0.03954545454545454
1 0.12382352941176471 0.7618181818181818 0.07470588235294118 0.03727272727272727
1 0.12 0.7243181818181819 0.06705882352941177 0.03681818181818182
1 0.49411764705882355 0.44931818181818184 0.13176470588235295 0.03681818181818182
1 0.5038235294117647 0.8545454545454545 0.05588235294117647 0.03909090909090909
1 0.37441176470588233 0.3675 0.13117647058823528 0.03681818181818182
1 0.10147058823529412 0.6090909090909091 0.051176470588235295 0.038181818181818185
1 0.6755882352941176 0.9222727272727272 0.05235294117647059 0.03909090909090909
1 0.3332352941176471 0.855909090909091 0.05588235294117647 0.035454545454545454
1 0.7282352941176471 0.7204545454545455 0.058823529411764705 0.038181818181818185
1 0.68 0.7256818181818182 0.03058823529411765 0.041363636363636366
1 0.0988235294117647 0.5681818181818182 0.05411764705882353 0.04181818181818182
1 0.558235294117647 0.03659090909090909 0.1223529411764706 0.023181818181818182