1 0.36970588235294116 0.7684090909090909 0.14882352941176472 0.03590909090909091
1 0.5052941176470588 0.7709090909090909 0.10705882352941176 0.035454545454545454
1 0.33647058823529413 0.6131818181818182 0.07529411764705882 0.03090909090909091
1 0.08705882352941176 0.5209090909090909 0.08352941176470588 0.03727272727272727
1 0.5464705882352942 0.6161363636363636 0.07882352941176471 0.02772727272727273
1 0.08676470588235294 0.5636363636363636 0.08176470588235295 0.03727272727272727
1 0.8432352941176471 0.8627272727272727 0.0688235294117647 0.04090909090909091
1 0.3558823529411765 0.5243181818181818 0.11176470588235295 0.03681818181818182
1 0.7547058823529412 0.8638636363636364 0.06235294117647059 0.03954545454545454
1 0.3673529411764706 0.4531818181818182 0.1323529411764706 0.03272727272727273
1 0.3547058823529412 0.5677272727272727 0.11176470588235295 0.03909090909090909
1 0.4123529411764706 0.9259090909090909 0.0611764705882353 0.03909090909090909
1 0.09588235294117647 0.7647727272727273 0.08352941176470588 0.03772727272727273
1 0.08705882352941176 0.6809090909090909 0.0811764705882353 0.03727272727272727
1 0.4117647058823529 0.8611363636363636 0.06235294117647059 0.04045454545454545
1 0.09323529411764706 0.36227272727272725 0.08529411764705883 0.03727272727272727
1 0.5002941176470588 0.8602272727272727 0.07 0.03772727272727273
1 0.5661764705882353 0.7245454545454545 0.14411764705882352 0.034545454545454546
1 0.325 0.9270454545454545 0.061764705882352944 0.03772727272727273
1 0.0961764705882353 0.40613636363636363 0.08764705882352941 0.038636363636363635
1 0.23441176470588235 0.9277272727272727 0.05588235294117647 0.038181818181818185
1 0.6397058823529411 0.775 0.08411764705882353 0.031818181818181815
1 0.6567647058823529 0.5713636363636364 0.10294117647058823 0.03636363636363636
1 0.1511764705882353 0.9272727272727272 0.0611764705882353 0.038181818181818185
1 0.3276470588235294 0.8593181818181819 0.06823529411764706 0.03954545454545454
1 0.29470588235294115 0.034545454545454546 0.04 0.02
1 0.6667647058823529 0.4115909090909091 0.12058823529411765 0.035
1 0.6723529411764706 0.37022727272727274 0.11058823529411765 0.03772727272727273
1 0.3885294117647059 0.4084090909090909 0.17823529411764705 0.03227272727272727
1 0.6688235294117647 0.9304545454545454 0.06235294117647059 0.03909090909090909
1 0.09352941176470589 0.4506818181818182 0.09176470588235294 0.038636363636363635
1 0.3935294117647059 0.7252272727272727 0.19647058823529412 0.03590909090909091
1 0.5852941176470589 0.8618181818181818 0.06705882352941177 0.04090909090909091
1 0.08911764705882352 0.7225 0.08294117647058824 0.03681818181818182
1 0.6570588235294118 0.5261363636363636 0.08470588235294117 0.03409090909090909
1 0.566764705882353 0.04045454545454545 0.10764705882352942 0.02181818181818182
1 0.5847058823529412 0.4602272727272727 0.08470588235294117 0.026818181818181817
1 0.5832352941176471 0.9288636363636363 0.061764705882352944 0.038636363636363635
1 0.8382352941176471 0.9340909090909091 0.06470588235294118 0.03909090909090909
1 0.3935294117647059 0.6822727272727273 0.19294117647058823 0.035454545454545454
1 0.15176470588235294 0.8570454545454546 0.058823529411764705 0.03954545454545454
1 0.49 0.5247727272727273 0.14470588235294118 0.03409090909090909
1 0.6729411764705883 0.8622727272727273 0.06470588235294118 0.04090909090909091
1 0.09264705882352942 0.6054545454545455 0.09823529411764706 0.038181818181818185
1 0.4979411764705882 0.928409090909091 0.06294117647058824 0.03954545454545454
1 0.5597058823529412 0.6815909090909091 0.13823529411764707 0.03409090909090909
1 0.38735294117647057 0.36613636363636365 0.1711764705882353 0.03590909090909091
1 0.7538235294117647 0.9322727272727273 0.06529411764705882 0.04
1 0.53 0.3684090909090909 0.10941176470588235 0.038636363636363635
1 0.23676470588235293 0.8586363636363636 0.05941176470588235 0.03909090909090909
1 0.34294117647058825 0.034545454545454546 0.05529411764705883 0.02181818181818182
1 0.6035294117647059 0.3690909090909091 0.03411764705882353 0.04
1 0.5247058823529411 0.40954545454545455 0.09647058823529411 0.035454545454545454
1 0.5929411764705882 0.4109090909090909 0.03411764705882353 0.03727272727272727
1 0.47941176470588237 0.4565909090909091 0.07764705882352942 0.031363636363636364
1 0.5317647058823529 0.4577272727272727 0.023529411764705882 0.031818181818181815
1 0.5841176470588235 0.5238636363636363 0.03764705882352941 0.03318181818181818
1 0.49441176470588233 0.5686363636363636 0.15235294117647058 0.04
1 0.5885294117647059 0.57 0.033529411764705884 0.03363636363636364
1 0.4320588235294118 0.6131818181818182 0.09705882352941177 0.034545454545454546
1 0.4970588235294118 0.6163636363636363 0.027058823529411764 0.02727272727272727
1 0.6464705882352941 0.6854545454545454 0.03176470588235294 0.034545454545454546
1 0.7244117647058823 0.6845454545454546 0.11470588235294117 0.03363636363636364
1 0.6547058823529411 0.7284090909090909 0.029411764705882353 0.03590909090909091
1 0.7285294117647059 0.7290909090909091 0.11470588235294117 0.03636363636363636
1 0.5788235294117647 0.7725 0.03529411764705882 0.03590909090909091