1 0.4961764705882353 0.40454545454545454 0.3888235294117647 0.03272727272727273
1 0.758235294117647 0.8627272727272727 0.058823529411764705 0.03909090909090909
1 0.8461764705882353 0.9275 0.05941176470588235 0.041363636363636366
1 0.9094117647058824 0.4068181818181818 0.03294117647058824 0.02909090909090909
1 0.4176470588235294 0.9247727272727273 0.0611764705882353 0.03954545454545454
1 0.5570588235294117 0.5211363636363636 0.11647058823529412 0.028636363636363637
1 0.8476470588235294 0.8584090909090909 0.058823529411764705 0.04045454545454545
1 0.4273529411764706 0.5618181818181818 0.24764705882352941 0.031818181818181815
1 0.6626470588235294 0.7645454545454545 0.08764705882352941 0.02727272727272727
1 0.6932352941176471 0.6790909090909091 0.10882352941176471 0.025454545454545455
1 0.09735294117647059 0.6840909090909091 0.07235294117647059 0.035454545454545454
1 0.1 0.4515909090909091 0.07529411764705882 0.03681818181818182
1 0.4308823529411765 0.7227272727272728 0.2641176470588235 0.034545454545454546
1 0.5226470588235295 0.7647727272727273 0.10176470588235294 0.031363636363636364
1 0.5958823529411764 0.7736363636363637 0.02235294117647059 0.02090909090909091
1 0.16176470588235295 0.9231818181818182 0.05764705882352941 0.038181818181818185
1 0.8114705882352942 0.5609090909090909 0.08764705882352941 0.03363636363636364
1 0.3341176470588235 0.9256818181818182 0.07058823529411765 0.038636363636363635
1 0.15676470588235294 0.8588636363636364 0.05235294117647059 0.04045454545454545
1 0.11558823529411764 0.5279545454545455 0.08411764705882353 0.03318181818181818
1 0.6476470588235295 0.5625 0.1635294117647059 0.03318181818181818
1 0.24352941176470588 0.8581818181818182 0.05529411764705883 0.03727272727272727
1 0.24441176470588236 0.9240909090909091 0.05941176470588235 0.038181818181818185
1 0.38735294117647057 0.77 0.14882352941176472 0.03636363636363636
1 0.7644117647058823 0.9265909090909091 0.06411764705882353 0.03772727272727273
1 0.10735294117647058 0.3615909090909091 0.07470588235294118 0.03681818181818182
1 0.6411764705882353 0.3663636363636364 0.14588235294117646 0.034545454545454546
1 0.42058823529411765 0.8572727272727273 0.0611764705882353 0.038181818181818185
1 0.5902941176470589 0.9254545454545454 0.060588235294117644 0.038181818181818185
1 0.3776470588235294 0.6811363636363637 0.15411764705882353 0.03590909090909091
1 0.6335294117647059 0.5245454545454545 0.03058823529411765 0.031818181818181815
1 0.5902941176470589 0.8556818181818182 0.05941176470588235 0.038636363636363635
1 0.09794117647058824 0.4065909090909091 0.0888235294117647 0.03681818181818182
1 0.11558823529411764 0.5679545454545455 0.08058823529411764 0.035
1 0.5761764705882353 0.037954545454545456 0.12411764705882353 0.026818181818181817
1 0.793235294117647 0.4031818181818182 0.18058823529411766 0.03363636363636364
1 0.5044117647058823 0.9268181818181818 0.06529411764705882 0.038181818181818185
1 0.6785294117647059 0.8625 0.06647058823529411 0.04318181818181818
1 0.5279411764705882 0.6795454545454546 0.13705882352941176 0.03
1 0.8473529411764706 0.7168181818181818 0.10882352941176471 0.03363636363636364
1 0.3997058823529412 0.45136363636363636 0.17588235294117646 0.03272727272727273
1 0.11088235294117647 0.7620454545454546 0.08529411764705883 0.035
1 0.10176470588235294 0.725 0.07176470588235294 0.035454545454545454
1 0.7341176470588235 0.3718181818181818 0.03058823529411765 0.03090909090909091
1 0.5326470588235294 0.4509090909090909 0.09117647058823529 0.03272727272727273
1 0.6608823529411765 0.7165909090909091 0.17470588235294118 0.03227272727272727
1 0.51 0.8579545454545454 0.06823529411764706 0.03772727272727273
1 0.6852941176470588 0.5220454545454546 0.06352941176470588 0.028636363636363637
1 0.6147058823529412 0.6845454545454546 0.03411764705882353 0.03363636363636364
1 0.4302941176470588 0.3663636363636364 0.2570588235294118 0.04090909090909091
1 0.11411764705882353 0.6095454545454545 0.08588235294117647 0.035454545454545454
1 0.6726470588235294 0.9277272727272727 0.051176470588235295 0.03909090909090909
1 0.3270588235294118 0.8581818181818182 0.05411764705882353 0.038181818181818185
1 0.27941176470588236 0.03386363636363637 0.03176470588235294 0.023181818181818182
1 0.3220588235294118 0.034772727272727275 0.05823529411764706 0.023181818181818182
1 0.8238235294117647 0.36568181818181816 0.14058823529411765 0.03227272727272727
1 0.633235294117647 0.4197727272727273 0.1288235294117647 0.023181818181818182
1 0.5873529411764706 0.46 0.02411764705882353 0.02
1 0.6344117647058823 0.4536363636363636 0.0688235294117647 0.034545454545454546
1 0.3988235294117647 0.5234090909090909 0.1988235294117647 0.03681818181818182
1 0.7517647058823529 0.5611363636363637 0.029411764705882353 0.03409090909090909
1 0.3688235294117647 0.6065909090909091 0.13647058823529412 0.03409090909090909
1 0.47823529411764704 0.6056818181818182 0.08470588235294117 0.03227272727272727
1 0.528235294117647 0.6104545454545455 0.02 0.022727272727272728
1 0.5558823529411765 0.6063636363636363 0.04 0.028181818181818183
1 0.7720588235294118 0.7184090909090909 0.033529411764705884 0.028636363636363637