1 0.5461764705882353 0.6818181818181818 0.12176470588235294 0.03727272727272727
1 0.37941176470588234 0.4077272727272727 0.16823529411764707 0.038181818181818185
1 0.7597058823529412 0.8606818181818182 0.06764705882352941 0.038636363636363635
1 0.841764705882353 0.9259090909090909 0.06235294117647059 0.04454545454545455
1 0.5591176470588235 0.6147727272727272 0.13705882352941176 0.03318181818181818
1 0.4123529411764706 0.9259090909090909 0.06352941176470588 0.038181818181818185
1 0.8394117647058823 0.8604545454545455 0.0611764705882353 0.04
1 0.3885294117647059 0.6093181818181819 0.17 0.03772727272727273
1 0.44088235294117645 0.6829545454545455 0.051176470588235295 0.038636363636363635
1 0.09970588235294117 0.6795454545454546 0.05235294117647059 0.03727272727272727
1 0.08441176470588235 0.4506818181818182 0.06764705882352941 0.035
1 0.8585294117647059 0.5281818181818182 0.10529411764705883 0.03636363636363636
1 0.7547058823529412 0.5320454545454546 0.041176470588235294 0.03954545454545454
1 0.095 0.3625 0.08294117647058824 0.03681818181818182
1 0.5032352941176471 0.7675 0.09823529411764706 0.03590909090909091
1 0.1511764705882353 0.9225 0.06 0.042272727272727274
1 0.3311764705882353 0.9254545454545454 0.06470588235294118 0.03909090909090909
1 0.1535294117647059 0.8545454545454545 0.06352941176470588 0.04090909090909091
1 0.7388235294117647 0.6125 0.09058823529411765 0.03318181818181818
1 0.4158823529411765 0.5209090909090909 0.22588235294117648 0.04090909090909091
1 0.10617647058823529 0.5209090909090909 0.09235294117647058 0.03636363636363636
1 0.6611764705882353 0.6111363636363636 0.029411764705882353 0.035
1 0.6376470588235295 0.5245454545454545 0.1635294117647059 0.03909090909090909
1 0.2361764705882353 0.923409090909091 0.061764705882352944 0.038636363636363635
1 0.33705882352941174 0.7670454545454546 0.09294117647058824 0.03681818181818182
1 0.7647058823529411 0.9256818181818182 0.058823529411764705 0.042272727272727274
1 0.648235294117647 0.3690909090909091 0.33647058823529413 0.04181818181818182
1 0.4147058823529412 0.8575 0.06588235294117648 0.042272727272727274
1 0.5908823529411765 0.9252272727272727 0.06529411764705882 0.03954545454545454
1 0.09264705882352942 0.565 0.08764705882352941 0.03727272727272727
1 0.5994117647058823 0.45840909090909093 0.28823529411764703 0.03318181818181818
1 0.5841176470588235 0.8570454545454546 0.06588235294117648 0.041363636363636366
1 0.0888235294117647 0.4056818181818182 0.08235294117647059 0.035
1 0.6538235294117647 0.5665909090909091 0.15470588235294117 0.03772727272727273
1 0.5605882352941176 0.03613636363636363 0.12117647058823529 0.02772727272727273
1 0.5073529411764706 0.9243181818181818 0.06647058823529411 0.041363636363636366
1 0.6764705882352942 0.8595454545454545 0.07058823529411765 0.03909090909090909
1 0.6488235294117647 0.4088636363636364 0.34705882352941175 0.045909090909090906
1 0.8591176470588235 0.5706818181818182 0.10411764705882352 0.03681818181818182
1 0.3608823529411765 0.4577272727272727 0.11823529411764706 0.03909090909090909
1 0.10147058823529412 0.7675 0.06411764705882353 0.03772727272727273
1 0.10147058823529412 0.7222727272727273 0.057058823529411766 0.03727272727272727
1 0.5023529411764706 0.8579545454545454 0.07176470588235294 0.03954545454545454
1 0.38676470588235295 0.36727272727272725 0.1535294117647059 0.04
1 0.5344117647058824 0.7236363636363636 0.13 0.03727272727272727
1 0.09470588235294118 0.61 0.08352941176470588 0.038181818181818185
1 0.6694117647058824 0.9254545454545454 0.058823529411764705 0.04181818181818182
1 0.3235294117647059 0.8577272727272728 0.05176470588235294 0.04
1 0.7655882352941177 0.5677272727272727 0.03705882352941176 0.034545454545454546
1 0.30117647058823527 0.035 0.05058823529411765 0.025454545454545455
1 0.35823529411764704 0.6847727272727273 0.11411764705882353 0.03681818181818182
1 0.3523529411764706 0.7254545454545455 0.1011764705882353 0.03909090909090909
1 0.40088235294117647 0.7768181818181819 0.027647058823529413 0.035454545454545454
1 0.4385294117647059 0.7243181818181819 0.039411764705882354 0.038636363636363635
1 0.24058823529411766 0.8604545454545455 0.06235294117647059 0.034545454545454546
1 0.42176470588235293 0.5684090909090909 0.2647058823529412 0.03772727272727273