1 0.37823529411764706 0.68 0.13411764705882354 0.03636363636363636
1 0.4108823529411765 0.4075 0.2076470588235294 0.03772727272727273
1 0.765 0.8575 0.06764705882352941 0.03772727272727273
1 0.8458823529411764 0.9272727272727272 0.06235294117647059 0.03909090909090909
1 0.4117647058823529 0.9256818181818182 0.05529411764705883 0.03772727272727273
1 0.3788235294117647 0.6077272727272728 0.13529411764705881 0.035454545454545454
1 0.38176470588235295 0.7252272727272727 0.14 0.03590909090909091
1 0.0988235294117647 0.6790909090909091 0.047058823529411764 0.034545454545454546
1 0.08911764705882352 0.4531818181818182 0.06647058823529411 0.03636363636363636
1 0.09441176470588235 0.3625 0.07823529411764706 0.03681818181818182
1 0.5135294117647059 0.8565909090909091 0.08352941176470588 0.04045454545454545
1 0.16 0.9227272727272727 0.06588235294117648 0.04
1 0.33029411764705885 0.925 0.061764705882352944 0.038181818181818185
1 0.1638235294117647 0.8561363636363636 0.0711764705882353 0.03954545454545454
1 0.42470588235294116 0.524090909090909 0.22588235294117648 0.04
1 0.09147058823529412 0.5220454545454546 0.0688235294117647 0.035
1 0.6341176470588236 0.5656818181818182 0.15764705882352942 0.03772727272727273
1 0.24764705882352941 0.8584090909090909 0.06235294117647059 0.03772727272727273
1 0.6255882352941177 0.5215909090909091 0.15941176470588236 0.038636363636363635
1 0.24205882352941177 0.9238636363636363 0.057058823529411766 0.038636363636363635
1 0.35676470588235293 0.7697727272727273 0.09470588235294118 0.03318181818181818
1 0.755 0.9268181818181818 0.05352941176470588 0.04
1 0.6138235294117647 0.3693181818181818 0.15470588235294117 0.038636363636363635
1 0.4202941176470588 0.3668181818181818 0.22058823529411764 0.038181818181818185
1 0.4194117647058824 0.8595454545454545 0.06823529411764706 0.03909090909090909
1 0.09205882352941176 0.5656818181818182 0.07 0.03590909090909091
1 0.42205882352941176 0.5672727272727273 0.23823529411764705 0.03727272727272727
1 0.5864705882352941 0.41 0.15058823529411763 0.038181818181818185
1 0.5194117647058824 0.6097727272727272 0.10588235294117647 0.03409090909090909
1 0.085 0.4102272727272727 0.0711764705882353 0.03772727272727273
1 0.6035294117647059 0.45431818181818184 0.027058823529411764 0.03590909090909091
1 0.5523529411764706 0.03954545454545454 0.09058823529411765 0.02181818181818182
1 0.7502941176470588 0.41 0.09235294117647058 0.035454545454545454
1 0.49470588235294116 0.9263636363636364 0.052941176470588235 0.04
1 0.85 0.8634090909090909 0.06470588235294118 0.03954545454545454
1 0.6797058823529412 0.8584090909090909 0.06764705882352941 0.038636363636363635
1 0.3905882352941176 0.4495454545454545 0.16470588235294117 0.04090909090909091
1 0.0988235294117647 0.765 0.04352941176470588 0.03363636363636364
1 0.1 0.7256818181818182 0.04352941176470588 0.03409090909090909
1 0.7029411764705882 0.37113636363636365 0.04 0.03409090909090909
1 0.5308823529411765 0.4525 0.10647058823529412 0.03681818181818182
1 0.5938235294117648 0.8584090909090909 0.06529411764705882 0.03772727272727273
1 0.6820588235294117 0.4115909090909091 0.027647058823529413 0.03681818181818182
1 0.7835294117647059 0.37318181818181817 0.13058823529411764 0.035454545454545454
1 0.09235294117647058 0.6072727272727273 0.07176470588235294 0.03636363636363636
1 0.6694117647058824 0.9256818181818182 0.05764705882352941 0.03954545454545454
1 0.3352941176470588 0.8563636363636363 0.06470588235294118 0.03909090909090909
1 0.6655882352941176 0.45295454545454544 0.07588235294117647 0.03227272727272727
1 0.28852941176470587 0.034545454545454546 0.028823529411764706 0.019090909090909092
1 0.33147058823529413 0.035454545454545454 0.05235294117647059 0.02090909090909091