1 0.7570588235294118 0.865 0.05411764705882353 0.03727272727272727
1 0.8429411764705882 0.9263636363636364 0.058823529411764705 0.04090909090909091
1 0.42176470588235293 0.9252272727272727 0.07058823529411765 0.03954545454545454
1 0.8432352941176471 0.8643181818181818 0.05352941176470588 0.03772727272727273
1 0.44029411764705884 0.4077272727272727 0.2676470588235294 0.03909090909090909
1 0.7241176470588235 0.7781818181818182 0.11764705882352941 0.031818181818181815
1 0.4147058823529412 0.45704545454545453 0.2211764705882353 0.041363636363636366
1 0.43470588235294116 0.7277272727272728 0.2811764705882353 0.04363636363636364
1 0.12323529411764705 0.5236363636363637 0.11235294117647059 0.03909090909090909
1 0.11 0.68 0.10352941176470588 0.03727272727272727
1 0.10088235294117646 0.4475 0.08294117647058824 0.03772727272727273
1 0.15470588235294117 0.9240909090909091 0.06588235294117648 0.04181818181818182
1 0.7447058823529412 0.5738636363636364 0.22941176470588234 0.04681818181818182
1 0.32941176470588235 0.9254545454545454 0.06823529411764706 0.04181818181818182
1 0.1561764705882353 0.8577272727272728 0.06411764705882353 0.04
1 0.46147058823529413 0.57 0.31941176470588234 0.04363636363636364
1 0.6058823529411764 0.6220454545454546 0.15411764705882353 0.029545454545454545
1 0.25470588235294117 0.8606818181818182 0.06705882352941177 0.03772727272727273
1 0.24058823529411766 0.9243181818181818 0.06352941176470588 0.041363636363636366
1 0.4002941176470588 0.7777272727272727 0.20529411764705882 0.034545454545454546
1 0.7641176470588236 0.9277272727272727 0.06705882352941177 0.03909090909090909
1 0.10088235294117646 0.36454545454545456 0.08529411764705883 0.035454545454545454
1 0.58 0.7754545454545455 0.14941176470588236 0.03636363636363636
1 0.7326470588235294 0.4122727272727273 0.30411764705882355 0.04454545454545455
1 0.41205882352941176 0.860909090909091 0.05588235294117647 0.03727272727272727
1 0.5908823529411765 0.9277272727272727 0.0711764705882353 0.038181818181818185
1 0.5864705882352941 0.8604545454545455 0.058823529411764705 0.038181818181818185
1 0.1 0.4034090909090909 0.08 0.03590909090909091
1 0.13117647058823528 0.5656818181818182 0.11058823529411765 0.038636363636363635
1 0.6644117647058824 0.46136363636363636 0.20058823529411765 0.04090909090909091
1 0.5685294117647058 0.03931818181818182 0.11352941176470588 0.022272727272727274
1 0.6635294117647059 0.7265909090909091 0.17294117647058824 0.041363636363636366
1 0.5014705882352941 0.9247727272727273 0.07235294117647059 0.041363636363636366
1 0.6705882352941176 0.8622727272727273 0.05411764705882353 0.03909090909090909
1 0.8435294117647059 0.7284090909090909 0.1376470588235294 0.04045454545454545
1 0.10529411764705883 0.7684090909090909 0.10705882352941176 0.045909090909090906
1 0.10235294117647059 0.7209090909090909 0.09647058823529411 0.03909090909090909
1 0.4973529411764706 0.8604545454545455 0.05588235294117647 0.03727272727272727
1 0.1264705882352941 0.6097727272727272 0.12 0.04045454545454545
1 0.6714705882352942 0.9270454545454545 0.061764705882352944 0.041363636363636366
1 0.3211764705882353 0.8602272727272727 0.05764705882352941 0.03772727272727273
1 0.2911764705882353 0.034545454545454546 0.02588235294117647 0.022727272727272728
1 0.9247058823529412 0.5759090909090909 0.11058823529411765 0.04909090909090909
1 0.4088235294117647 0.6209090909090909 0.2188235294117647 0.03363636363636364
1 0.74 0.6234090909090909 0.08823529411764706 0.028636363636363637