1 0.45229681978798586 0.706378132118451 0.1790341578327444 0.03963553530751709
1 0.7606007067137809 0.8783599088838269 0.059481743227326266 0.03644646924829157
1 0.8415783274440518 0.9482915717539864 0.06007067137809187 0.04601366742596811
1 0.7720848056537103 0.7104783599088839 0.06949352179034157 0.03325740318906606
1 0.5983510011778563 0.6394077448747153 0.07773851590106007 0.03234624145785877
1 0.4202002355712603 0.9425968109339408 0.06301531213191991 0.03644646924829157
1 0.5335689045936396 0.5605922551252848 0.04122497055359246 0.04145785876993166
1 0.8492343934040048 0.876993166287016 0.06478209658421673 0.03826879271070615
1 0.43963486454652534 0.6403189066059225 0.12426383981154299 0.03416856492027335
1 0.7084805653710248 0.7990888382687927 0.03651354534746761 0.03917995444191344
1 0.4202002355712603 0.4806378132118451 0.15724381625441697 0.03644646924829157
1 0.44846878680800945 0.7927107061503417 0.1607773851590106 0.03553530751708428
1 0.43404004711425204 0.438496583143508 0.21201413427561838 0.03416856492027335
1 0.11513545347467609 0.7086560364464692 0.0712603062426384 0.03325740318906606
1 0.11454652532391048 0.47927107061503416 0.06654888103651355 0.03280182232346242
1 0.4537691401648999 0.7482915717539863 0.1972909305064782 0.03507972665148064
1 0.11690223792697291 0.3958997722095672 0.06654888103651355 0.03280182232346242
1 0.6086572438162544 0.7938496583143508 0.12779740871613662 0.03416856492027335
1 0.16519434628975266 0.9428246013667426 0.05830388692579505 0.03690205011389522
1 0.3286219081272085 0.9464692482915718 0.04946996466431095 0.03599088838268793
1 0.16755005889281507 0.8767653758542141 0.05830388692579505 0.0387243735763098
1 0.44817432273262664 0.5505694760820046 0.12956419316843346 0.0387243735763098
1 0.11454652532391048 0.5494305239179954 0.06065959952885748 0.0337129840546697
1 0.24823321554770317 0.8783599088838269 0.052414605418138985 0.03553530751708428
1 0.25323910482921086 0.9439635535307517 0.05653710247349823 0.03644646924829157
1 0.7608951707891637 0.9416856492027335 0.06595995288574794 0.03917995444191344
1 0.303886925795053 0.0683371298405467 0.0447585394581861 0.021867881548974944
1 0.6828621908127208 0.39863325740318906 0.08657243816254417 0.0337129840546697
1 0.6224970553592462 0.4029612756264237 0.030624263839811542 0.0387243735763098
1 0.5530035335689046 0.40159453302961273 0.1071849234393404 0.03507972665148064
1 0.4255005889281508 0.878132118451025 0.05594817432273263 0.03599088838268793
1 0.5851001177856302 0.9423690205011389 0.059481743227326266 0.03781321184510251
1 0.464075382803298 0.5933940774487472 0.1696113074204947 0.03690205011389522
1 0.6030624263839811 0.5505694760820046 0.09540636042402827 0.03507972665148064
1 0.5880447585394581 0.8774487471526196 0.06537102473498234 0.03917995444191344
1 0.11749116607773852 0.437129840546697 0.07008244994110718 0.03234624145785877
1 0.11690223792697291 0.592255125284738 0.06065959952885748 0.03280182232346242
1 0.6604829210836278 0.4911161731207289 0.035924617196702 0.04100227790432802
1 0.5556537102473498 0.07038724373576309 0.044169611307420496 0.023234624145785875
1 0.627208480565371 0.44031890660592254 0.14605418138987045 0.03507972665148064
1 0.7282096584216725 0.4808656036446469 0.08539458186101295 0.03234624145785877
1 0.7608951707891637 0.7915717539863326 0.06595995288574794 0.03325740318906606
1 0.5053003533568905 0.9423690205011389 0.05889281507656066 0.03781321184510251
1 0.765017667844523 0.7496583143507972 0.03297997644287397 0.03052391799544419
1 0.6743227326266196 0.8801822323462415 0.06007067137809187 0.04373576309794989
1 0.6325088339222615 0.7068337129840546 0.14487632508833923 0.03781321184510251
1 0.8336277974087162 0.7503416856492028 0.08775029446407538 0.030979498861047835
1 0.11955241460541814 0.7890660592255125 0.071849234393404 0.0337129840546697
1 0.7276207302709069 0.4369020501138952 0.03356890459363958 0.030979498861047835
1 0.5744994110718492 0.4799544419134396 0.11955241460541814 0.03416856492027335
1 0.6531213191990577 0.74874715261959 0.1707891637220259 0.03416856492027335
1 0.5076560659599529 0.8779043280182233 0.06478209658421673 0.03735763097949886
1 0.7997644287396938 0.43895216400911163 0.09187279151943463 0.03234624145785877
1 0.5948174322732627 0.593621867881549 0.0353356890459364 0.0337129840546697
1 0.4034157832744405 0.3968109339407745 0.160188457008245 0.03826879271070615
1 0.5312131919905771 0.6407744874715262 0.03415783274440518 0.03599088838268793
1 0.11690223792697291 0.639635535307517 0.05830388692579505 0.03280182232346242
1 0.6734393404004712 0.9435079726651481 0.06301531213191991 0.04009111617312073
1 0.3327444051825677 0.8788154897494306 0.050647820965842166 0.03644646924829157
1 0.6887514723203769 0.5938496583143508 0.11837455830388692 0.03234624145785877
1 0.7211425206124853 0.7157175398633258 0.03356890459363958 0.03826879271070615
1 0.1154299175500589 0.7535307517084282 0.07420494699646643 0.03189066059225513