1 0.40352941176470586 0.6811363636363637 0.1976470588235294 0.03954545454545454
1 0.7614705882352941 0.8622727272727273 0.060588235294117644 0.03909090909090909
1 0.845 0.9290909090909091 0.06529411764705882 0.03363636363636364
1 0.5438235294117647 0.5252272727272728 0.14294117647058824 0.038636363636363635
1 0.8432352941176471 0.8640909090909091 0.061764705882352944 0.03909090909090909
1 0.35705882352941176 0.6106818181818182 0.11058823529411765 0.03590909090909091
1 0.6197058823529412 0.7720454545454546 0.07705882352941176 0.03318181818181818
1 0.39941176470588236 0.45704545454545453 0.17647058823529413 0.029545454545454545
1 0.6958823529411765 0.6897727272727273 0.03294117647058824 0.035
1 0.4244117647058824 0.7254545454545455 0.25823529411764706 0.03636363636363636
1 0.4138235294117647 0.3640909090909091 0.21235294117647058 0.04
1 0.7238235294117648 0.53 0.08058823529411764 0.034545454545454546
1 0.4505882352941176 0.41363636363636364 0.2776470588235294 0.028181818181818183
1 0.10441176470588236 0.6759090909090909 0.09235294117647058 0.035454545454545454
1 0.10147058823529412 0.45022727272727275 0.09117647058823529 0.03681818181818182
1 0.48205882352941176 0.7715909090909091 0.11470588235294117 0.03590909090909091
1 0.6388235294117647 0.7313636363636363 0.16941176470588235 0.02727272727272727
1 0.14705882352941177 0.9213636363636364 0.05764705882352941 0.03909090909090909
1 0.7444117647058823 0.5734090909090909 0.09235294117647058 0.03318181818181818
1 0.40794117647058825 0.9254545454545454 0.0688235294117647 0.034545454545454546
1 0.14941176470588236 0.8556818181818182 0.052941176470588235 0.03954545454545454
1 0.38823529411764707 0.5261363636363636 0.1411764705882353 0.03954545454545454
1 0.10852941176470589 0.5213636363636364 0.08176470588235295 0.03636363636363636
1 0.8111764705882353 0.37636363636363634 0.12 0.034545454545454546
1 0.2361764705882353 0.8543181818181819 0.04647058823529412 0.03772727272727273
1 0.648235294117647 0.53 0.042352941176470586 0.03363636363636364
1 0.23823529411764705 0.923409090909091 0.05764705882352941 0.03409090909090909
1 0.3623529411764706 0.769090909090909 0.13058823529411764 0.03636363636363636
1 0.7576470588235295 0.928409090909091 0.06588235294117648 0.03409090909090909
1 0.10441176470588236 0.36113636363636364 0.09470588235294118 0.03681818181818182
1 0.7020588235294117 0.46454545454545454 0.0888235294117647 0.03363636363636364
1 0.6758823529411765 0.42204545454545456 0.16470588235294117 0.02590909090909091
1 0.4111764705882353 0.86 0.05529411764705883 0.03909090909090909
1 0.5814705882352941 0.8631818181818182 0.05235294117647059 0.03909090909090909
1 0.39205882352941174 0.5670454545454545 0.16411764705882353 0.038636363636363635
1 0.47294117647058825 0.6156818181818182 0.10705882352941176 0.03227272727272727
1 0.5576470588235294 0.7772727272727272 0.036470588235294116 0.03363636363636364
1 0.0976470588235294 0.4043181818181818 0.09411764705882353 0.03681818181818182
1 0.1038235294117647 0.5627272727272727 0.08294117647058824 0.035454545454545454
1 0.5694117647058824 0.5740909090909091 0.1811764705882353 0.03272727272727273
1 0.56 0.03931818181818182 0.08588235294117647 0.02409090909090909
1 0.6370588235294118 0.4643181818181818 0.029411764705882353 0.03590909090909091
1 0.7797058823529411 0.4222727272727273 0.031176470588235295 0.034545454545454546
1 0.7482352941176471 0.7322727272727273 0.042352941176470586 0.03272727272727273
1 0.4979411764705882 0.9256818181818182 0.06764705882352941 0.038636363636363635
1 0.6714705882352942 0.8584090909090909 0.06411764705882353 0.041363636363636366
1 0.5932352941176471 0.6881818181818182 0.14882352941176472 0.038181818181818185
1 0.826764705882353 0.7343181818181819 0.1111764705882353 0.03681818181818182
1 0.09176470588235294 0.7638636363636364 0.09176470588235294 0.03681818181818182
1 0.09970588235294117 0.7197727272727272 0.09588235294117647 0.03681818181818182
1 0.725 0.37454545454545457 0.04058823529411765 0.03272727272727273
1 0.5588235294117647 0.4615909090909091 0.12 0.035
1 0.4976470588235294 0.8593181818181819 0.06588235294117648 0.03954545454545454
1 0.8626470588235294 0.4222727272727273 0.11588235294117646 0.03636363636363636
1 0.5929411764705882 0.6152272727272727 0.07647058823529412 0.03318181818181818
1 0.5444117647058824 0.6188636363636364 0.03 0.035
1 0.10441176470588236 0.6102272727272727 0.07823529411764706 0.03681818181818182
1 0.6676470588235294 0.9290909090909091 0.0611764705882353 0.04
1 0.6170588235294118 0.3704545454545455 0.15411764705882353 0.03727272727272727
1 0.3214705882352941 0.8595454545454545 0.057058823529411766 0.03909090909090909
1 0.6808823529411765 0.5745454545454546 0.03 0.03272727272727273
1 0.77 0.6915909090909091 0.08705882352941176 0.035
1 0.3079411764705882 0.031363636363636364 0.03823529411764706 0.024545454545454544
1 0.32029411764705884 0.9236363636363636 0.06411764705882353 0.034545454545454546
1 0.5858823529411765 0.9281818181818182 0.06705882352941177 0.03363636363636364