1 0.40794117647058825 0.6865909090909091 0.21588235294117647 0.041363636363636366
1 0.5929411764705882 0.6886363636363636 0.1388235294117647 0.03727272727272727
1 0.3776470588235294 0.3684090909090909 0.1635294117647059 0.03681818181818182
1 0.7567647058823529 0.8654545454545455 0.06294117647058824 0.038181818181818185
1 0.8441176470588235 0.9340909090909091 0.06 0.04363636363636364
1 0.4758823529411765 0.5731818181818182 0.34823529411764703 0.038181818181818185
1 0.41205882352941176 0.9275 0.060588235294117644 0.038636363636363635
1 0.8423529411764706 0.8645454545454545 0.058823529411764705 0.04
1 0.4161764705882353 0.6177272727272727 0.2288235294117647 0.03636363636363636
1 0.6764705882352942 0.7859090909090909 0.03294117647058824 0.035454545454545454
1 0.41 0.4175 0.22823529411764706 0.035
1 0.6835294117647058 0.7002272727272727 0.03176470588235294 0.029545454545454545
1 0.42058823529411765 0.7286363636363636 0.24941176470588236 0.04
1 0.07852941176470589 0.6834090909090909 0.07235294117647059 0.03681818181818182
1 0.08970588235294118 0.4525 0.07705882352941176 0.03681818181818182
1 0.6305882352941177 0.7318181818181818 0.15764705882352942 0.034545454545454546
1 0.14794117647058824 0.9295454545454546 0.04411764705882353 0.04363636363636364
1 0.7864705882352941 0.5788636363636364 0.25176470588235295 0.035
1 0.3255882352941176 0.9268181818181818 0.05823529411764706 0.03909090909090909
1 0.16029411764705884 0.8588636363636364 0.06411764705882353 0.038636363636363635
1 0.08823529411764706 0.5256818181818181 0.07529411764705882 0.035
1 0.23852941176470588 0.9270454545454545 0.04764705882352941 0.03954545454545454
1 0.40176470588235297 0.7759090909090909 0.20705882352941177 0.03727272727272727
1 0.7629411764705882 0.9290909090909091 0.06823529411764706 0.038181818181818185
1 0.2902941176470588 0.03727272727272727 0.04176470588235294 0.02
1 0.5826470588235294 0.7772727272727272 0.1264705882352941 0.034545454545454546
1 0.6288235294117647 0.41659090909090907 0.2023529411764706 0.035
1 0.6573529411764706 0.37454545454545457 0.05352941176470588 0.02727272727272727
1 0.5891176470588235 0.9329545454545455 0.060588235294117644 0.03954545454545454
1 0.08441176470588235 0.3634090909090909 0.07705882352941176 0.035
1 0.3952941176470588 0.5295454545454545 0.18588235294117647 0.04090909090909091
1 0.576764705882353 0.5304545454545454 0.1723529411764706 0.04
1 0.59 0.8606818181818182 0.07294117647058823 0.03772727272727273
1 0.08823529411764706 0.4077272727272727 0.07176470588235294 0.03272727272727273
1 0.08647058823529412 0.5679545454545455 0.07529411764705882 0.035
1 0.5720588235294117 0.042045454545454546 0.11588235294117646 0.022272727272727274
1 0.6129411764705882 0.3781818181818182 0.027058823529411764 0.03363636363636364
1 0.7352941176470589 0.46295454545454545 0.06705882352941177 0.028636363636363637
1 0.7588235294117647 0.7768181818181819 0.11529411764705882 0.031818181818181815
1 0.5017647058823529 0.9286363636363636 0.05411764705882353 0.04
1 0.8067647058823529 0.7336363636363636 0.11941176470588236 0.038181818181818185
1 0.6691176470588235 0.865909090909091 0.051176470588235295 0.04181818181818182
1 0.5323529411764706 0.37022727272727274 0.13294117647058823 0.03681818181818182
1 0.3841176470588235 0.4552272727272727 0.17529411764705882 0.03681818181818182
1 0.08205882352941177 0.7706818181818181 0.07588235294117647 0.035
1 0.07941176470588235 0.7270454545454546 0.07411764705882352 0.03590909090909091
1 0.7514705882352941 0.42068181818181816 0.039411764705882354 0.03409090909090909
1 0.5691176470588235 0.4561363636363636 0.1723529411764706 0.03409090909090909
1 0.5008823529411764 0.8613636363636363 0.06411764705882353 0.03727272727272727
1 0.8141176470588235 0.4197727272727273 0.07764705882352942 0.03590909090909091
1 0.6205882352941177 0.6213636363636363 0.16823529411764707 0.03363636363636364
1 0.08735294117647059 0.6111363636363636 0.07470588235294118 0.03681818181818182
1 0.6741176470588235 0.9309090909090909 0.05411764705882353 0.04
1 0.3270588235294118 0.8597727272727272 0.06352941176470588 0.03954545454545454
1 0.7476470588235294 0.6922727272727273 0.09294117647058824 0.035454545454545454
1 0.6852941176470588 0.4668181818181818 0.03411764705882353 0.03090909090909091
1 0.7276470588235294 0.7315909090909091 0.03411764705882353 0.03954545454545454
1 0.2388235294117647 0.8622727272727273 0.06823529411764706 0.04181818181818182