1 0.40941176470588236 0.6888636363636363 0.22705882352941176 0.04045454545454545
1 0.7629411764705882 0.8615909090909091 0.06823529411764706 0.03954545454545454
1 0.8452941176470589 0.9313636363636364 0.07294117647058823 0.03909090909090909
1 0.5597058823529412 0.5718181818181818 0.12411764705882353 0.034545454545454546
1 0.4167647058823529 0.93 0.06647058823529411 0.03909090909090909
1 0.8482352941176471 0.865 0.06588235294117648 0.045454545454545456
1 0.3679411764705882 0.6147727272727272 0.1476470588235294 0.03772727272727273
1 0.4041176470588235 0.36977272727272725 0.21411764705882352 0.035
1 0.7255882352941176 0.5322727272727272 0.04294117647058823 0.03363636363636364
1 0.3888235294117647 0.4134090909090909 0.18588235294117647 0.03772727272727273
1 0.09088235294117647 0.6840909090909091 0.06647058823529411 0.035454545454545454
1 0.0976470588235294 0.4577272727272727 0.08 0.03727272727272727
1 0.1038235294117647 0.3709090909090909 0.07823529411764706 0.035454545454545454
1 0.49558823529411766 0.7727272727272727 0.08058823529411764 0.031818181818181815
1 0.5688235294117647 0.7281818181818182 0.09411764705882353 0.03272727272727273
1 0.15470588235294117 0.9297727272727273 0.05647058823529412 0.04045454545454545
1 0.8158823529411765 0.5320454545454546 0.12470588235294118 0.035
1 0.3338235294117647 0.9293181818181818 0.06647058823529411 0.04045454545454545
1 0.15529411764705883 0.8597727272727272 0.05764705882352941 0.03681818181818182
1 0.1011764705882353 0.5247727272727273 0.07882352941176471 0.035
1 0.6367647058823529 0.6127272727272727 0.07588235294117647 0.03272727272727273
1 0.24382352941176472 0.8620454545454546 0.05823529411764706 0.03681818181818182
1 0.24911764705882353 0.9290909090909091 0.0688235294117647 0.03909090909090909
1 0.3711764705882353 0.7711363636363636 0.14470588235294118 0.03227272727272727
1 0.7620588235294118 0.9302272727272727 0.07235294117647059 0.041363636363636366
1 0.29823529411764704 0.03931818181818182 0.036470588235294116 0.02590909090909091
1 0.6526470588235294 0.45431818181818184 0.06764705882352941 0.03227272727272727
1 0.6152941176470588 0.3756818181818182 0.19058823529411764 0.03590909090909091
1 0.5729411764705883 0.4118181818181818 0.15058823529411763 0.03727272727272727
1 0.41058823529411764 0.860909090909091 0.058823529411764705 0.04090909090909091
1 0.5782352941176471 0.9325 0.052941176470588235 0.041363636363636366
1 0.4088235294117647 0.5295454545454545 0.22 0.03272727272727273
1 0.6158823529411764 0.5325 0.16588235294117648 0.03590909090909091
1 0.4985294117647059 0.6131818181818182 0.09705882352941177 0.031818181818181815
1 0.5826470588235294 0.8636363636363636 0.05352941176470588 0.04090909090909091
1 0.09970588235294117 0.41295454545454546 0.07470588235294118 0.03772727272727273
1 0.5988235294117648 0.45636363636363636 0.027058823529411764 0.03636363636363636
1 0.5458823529411765 0.04022727272727273 0.07058823529411765 0.022272727272727274
1 0.7470588235294118 0.4131818181818182 0.08235294117647059 0.03363636363636364
1 0.5017647058823529 0.9309090909090909 0.06 0.04363636363636364
1 0.6705882352941176 0.8638636363636364 0.058823529411764705 0.041363636363636366
1 0.8194117647058824 0.3790909090909091 0.08352941176470588 0.034545454545454546
1 0.3673529411764706 0.4565909090909091 0.13823529411764707 0.03227272727272727
1 0.09264705882352942 0.7695454545454545 0.06294117647058824 0.034545454545454546
1 0.7408823529411764 0.37613636363636366 0.03823529411764706 0.03227272727272727
1 0.5117647058823529 0.4552272727272727 0.12 0.035
1 0.5941176470588235 0.6868181818181818 0.11529411764705882 0.034545454545454546
1 0.5005882352941177 0.8631818181818182 0.06705882352941177 0.04
1 0.6547058823529411 0.5713636363636364 0.03529411764705882 0.031818181818181815
1 0.5741176470588235 0.6163636363636363 0.02588235294117647 0.03272727272727273
1 0.09441176470588235 0.6154545454545455 0.07941176470588235 0.035454545454545454
1 0.6747058823529412 0.9388636363636363 0.0611764705882353 0.05136363636363636
1 0.32676470588235296 0.8613636363636363 0.05823529411764706 0.03909090909090909
1 0.7391176470588235 0.5734090909090909 0.09588235294117647 0.03227272727272727
1 0.09323529411764706 0.7254545454545455 0.06411764705882353 0.035454545454545454
1 0.6791176470588235 0.41295454545454546 0.028823529411764706 0.028636363636363637
1 0.39 0.5713636363636364 0.18352941176470589 0.03
1 0.09941176470588235 0.5690909090909091 0.07411764705882352 0.03363636363636364
1 0.4 0.7293181818181819 0.20823529411764705 0.029545454545454545