1 0.44676470588235295 0.7313636363636363 0.3111764705882353 0.03636363636363636
1 0.7570588235294118 0.8602272727272727 0.047058823529411764 0.03772727272727273
1 0.8491176470588235 0.9265909090909091 0.06764705882352941 0.038636363636363635
1 0.41294117647058826 0.9279545454545455 0.06352941176470588 0.03772727272727273
1 0.5835294117647059 0.5338636363636363 0.1776470588235294 0.031363636363636364
1 0.8482352941176471 0.8611363636363636 0.06470588235294118 0.038636363636363635
1 0.37676470588235295 0.6115909090909091 0.14529411764705882 0.03590909090909091
1 0.6808823529411765 0.7763636363636364 0.027647058823529413 0.034545454545454546
1 0.4279411764705882 0.6913636363636364 0.27 0.03636363636363636
1 0.38235294117647056 0.3659090909090909 0.1564705882352941 0.03727272727272727
1 0.6788235294117647 0.4209090909090909 0.04 0.03636363636363636
1 0.3938235294117647 0.41545454545454547 0.19588235294117648 0.038181818181818185
1 0.06705882352941177 0.6845454545454546 0.06823529411764706 0.03727272727272727
1 0.08088235294117647 0.45886363636363636 0.07235294117647059 0.03590909090909091
1 0.08441176470588235 0.36886363636363634 0.07235294117647059 0.03409090909090909
1 0.145 0.9268181818181818 0.045294117647058825 0.03909090909090909
1 0.8141176470588235 0.6895454545454546 0.12470588235294118 0.03636363636363636
1 0.3291176470588235 0.925 0.06411764705882353 0.03909090909090909
1 0.15411764705882353 0.8584090909090909 0.05411764705882353 0.038636363636363635
1 0.09 0.5245454545454545 0.06823529411764706 0.035454545454545454
1 0.6882352941176471 0.7331818181818182 0.17411764705882352 0.035454545454545454
1 0.23911764705882352 0.8602272727272727 0.05941176470588235 0.03954545454545454
1 0.2388235294117647 0.9270454545454545 0.05529411764705883 0.03681818181818182
1 0.41411764705882353 0.7770454545454546 0.2388235294117647 0.035
1 0.7594117647058823 0.9268181818181818 0.05411764705882353 0.038181818181818185
1 0.2914705882352941 0.03636363636363636 0.05352941176470588 0.025454545454545455
1 0.6032352941176471 0.7765909090909091 0.12058823529411765 0.035
1 0.6891176470588235 0.4586363636363636 0.08176470588235295 0.03272727272727273
1 0.6276470588235294 0.3765909090909091 0.02823529411764706 0.03227272727272727
1 0.5744117647058824 0.4197727272727273 0.17352941176470588 0.03409090909090909
1 0.4138235294117647 0.8597727272727272 0.05588235294117647 0.03954545454545454
1 0.5861764705882353 0.9256818181818182 0.05823529411764706 0.03681818181818182
1 0.39088235294117646 0.5336363636363637 0.19117647058823528 0.03727272727272727
1 0.5585294117647058 0.6181818181818182 0.1676470588235294 0.03727272727272727
1 0.591764705882353 0.8622727272727273 0.06470588235294118 0.03909090909090909
1 0.0838235294117647 0.4097727272727273 0.07235294117647059 0.035
1 0.5502941176470588 0.038863636363636364 0.09352941176470589 0.02409090909090909
1 0.6258823529411764 0.4625 0.02823529411764706 0.03409090909090909
1 0.7482352941176471 0.4197727272727273 0.10941176470588235 0.03318181818181818
1 0.7576470588235295 0.7768181818181819 0.11647058823529412 0.034545454545454546
1 0.49441176470588233 0.9268181818181818 0.057058823529411766 0.038181818181818185
1 0.6714705882352942 0.8613636363636363 0.0488235294117647 0.04
1 0.5338235294117647 0.37272727272727274 0.14647058823529413 0.03727272727272727
1 0.8732352941176471 0.73 0.13823529411764707 0.03727272727272727
1 0.37441176470588233 0.46295454545454545 0.1535294117647059 0.03318181818181818
1 0.07882352941176471 0.7684090909090909 0.07058823529411765 0.03681818181818182
1 0.07617647058823529 0.7288636363636364 0.06764705882352941 0.038636363636363635
1 0.5347058823529411 0.46204545454545454 0.14470588235294118 0.03409090909090909
1 0.6364705882352941 0.6922727272727273 0.13294117647058823 0.035454545454545454
1 0.5 0.8604545454545455 0.05176470588235294 0.03909090909090909
1 0.07558823529411765 0.6120454545454546 0.06411764705882353 0.03772727272727273
1 0.6711764705882353 0.9254545454545454 0.05529411764705883 0.03909090909090909
1 0.32794117647058824 0.8597727272727272 0.05941176470588235 0.03954545454545454
1 0.6476470588235295 0.5756818181818182 0.24235294117647058 0.03681818181818182
1 0.7241176470588235 0.6893181818181818 0.03294117647058824 0.03318181818181818
1 0.07647058823529412 0.5752272727272727 0.06588235294117648 0.03954545454545454
1 0.69 0.37613636363636366 0.10470588235294118 0.03318181818181818
1 0.7914705882352941 0.7422727272727273 0.031176470588235295 0.03363636363636364
1 0.4032352941176471 0.5756818181818182 0.2252941176470588 0.03772727272727273