1 0.7594117647058823 0.8606818181818182 0.05647058823529412 0.03772727272727273
1 0.8435294117647059 0.9270454545454545 0.06 0.038636363636363635
1 0.5752941176470588 0.6143181818181818 0.17058823529411765 0.03409090909090909
1 0.4108823529411765 0.9268181818181818 0.06294117647058824 0.038181818181818185
1 0.8441176470588235 0.8575 0.0611764705882353 0.03954545454545454
1 0.3841176470588235 0.6097727272727272 0.17529411764705882 0.03590909090909091
1 0.3870588235294118 0.4511363636363636 0.18235294117647058 0.03318181818181818
1 0.39 0.6818181818181818 0.1952941176470588 0.03727272727272727
1 0.8061764705882353 0.4125 0.03235294117647059 0.03772727272727273
1 0.4364705882352941 0.41045454545454546 0.26588235294117646 0.03272727272727273
1 0.09529411764705882 0.6797727272727273 0.06470588235294118 0.035
1 0.10558823529411765 0.4486363636363636 0.08647058823529412 0.03636363636363636
1 0.14735294117647058 0.9243181818181818 0.05 0.041363636363636366
1 0.3255882352941176 0.9247727272727273 0.061764705882352944 0.03772727272727273
1 0.15411764705882353 0.8554545454545455 0.05647058823529412 0.03909090909090909
1 0.4032352941176471 0.5259090909090909 0.22176470588235295 0.03727272727272727
1 0.09088235294117647 0.5213636363636364 0.07941176470588235 0.035454545454545454
1 0.8802941176470588 0.36772727272727274 0.08764705882352941 0.03090909090909091
1 0.2388235294117647 0.8579545454545454 0.05411764705882353 0.038636363636363635
1 0.6585294117647059 0.5259090909090909 0.2511764705882353 0.035454545454545454
1 0.23941176470588235 0.9238636363636363 0.06 0.03772727272727273
1 0.39235294117647057 0.7686363636363637 0.18470588235294116 0.03272727272727273
1 0.7620588235294118 0.9261363636363636 0.06647058823529411 0.03772727272727273
1 0.1302941176470588 0.3629545454545455 0.08058823529411764 0.035
1 0.44441176470588234 0.7245454545454545 0.29705882352941176 0.03272727272727273
1 0.6770588235294117 0.41113636363636363 0.20823529411764705 0.03954545454545454
1 0.675 0.3679545454545455 0.19705882352941176 0.035
1 0.4161764705882353 0.8579545454545454 0.06294117647058824 0.03954545454545454
1 0.586764705882353 0.9263636363636364 0.05941176470588235 0.03909090909090909
1 0.41205882352941176 0.5702272727272727 0.22764705882352942 0.03590909090909091
1 0.5876470588235294 0.8584090909090909 0.06823529411764706 0.03954545454545454
1 0.11088235294117647 0.4043181818181818 0.09705882352941177 0.03590909090909091
1 0.08823529411764706 0.5656818181818182 0.0811764705882353 0.03590909090909091
1 0.706764705882353 0.5695454545454546 0.32529411764705884 0.03272727272727273
1 0.7517647058823529 0.4556818181818182 0.07882352941176471 0.03318181818181818
1 0.4985294117647059 0.9270454545454545 0.05941176470588235 0.03772727272727273
1 0.6779411764705883 0.8575 0.06294117647058824 0.04045454545454545
1 0.8058823529411765 0.36727272727272725 0.041176470588235294 0.031818181818181815
1 0.095 0.7654545454545455 0.06294117647058824 0.03636363636363636
1 0.095 0.7234090909090909 0.06294117647058824 0.03681818181818182
1 0.5747058823529412 0.45386363636363636 0.15411764705882353 0.03681818181818182
1 0.5029411764705882 0.8581818181818182 0.06 0.03909090909090909
1 0.6920588235294117 0.46795454545454546 0.031176470588235295 0.03318181818181818
1 0.8741176470588236 0.4106818181818182 0.10705882352941176 0.03772727272727273
1 0.4288235294117647 0.3663636363636364 0.24705882352941178 0.03272727272727273
1 0.08676470588235294 0.6079545454545454 0.08058823529411764 0.03318181818181818
1 0.6702941176470588 0.9238636363636363 0.06294117647058824 0.04045454545454545
1 0.32529411764705884 0.8575 0.05764705882352941 0.03954545454545454
1 0.2876470588235294 0.03272727272727273 0.042352941176470586 0.019090909090909092
1 0.5441176470588235 0.03772727272727273 0.07529411764705882 0.02181818181818182