1 0.30970588235294116 0.037954545454545456 0.028823529411764706 0.021363636363636362
1 0.5576470588235294 0.04090909090909091 0.09411764705882353 0.02181818181818182
1 0.0976470588235294 0.3740909090909091 0.08705882352941176 0.034545454545454546
1 0.105 0.41363636363636364 0.08764705882352941 0.03636363636363636
1 0.10470588235294118 0.45545454545454545 0.08823529411764706 0.03727272727272727
1 0.35911764705882354 0.38113636363636366 0.10647058823529412 0.03227272727272727
1 0.43411764705882355 0.4193181818181818 0.25176470588235295 0.038636363636363635
1 0.38323529411764706 0.4656818181818182 0.1711764705882353 0.029545454545454545
1 0.47205882352941175 0.3795454545454545 0.09470588235294118 0.02727272727272727
1 0.5470588235294118 0.38272727272727275 0.03058823529411765 0.02181818181818182
1 0.543235294117647 0.46704545454545454 0.12176470588235294 0.03227272727272727
1 0.6223529411764706 0.3820454545454545 0.07058823529411765 0.030454545454545453
1 0.6602941176470588 0.42068181818181816 0.16647058823529412 0.03318181818181818
1 0.6329411764705882 0.47113636363636363 0.02823529411764706 0.02590909090909091
1 0.6952941176470588 0.4684090909090909 0.07882352941176471 0.026818181818181817
1 0.7726470588235295 0.42295454545454547 0.03470588235294118 0.030454545454545453
1 0.8579411764705882 0.4225 0.1264705882352941 0.03227272727272727
1 0.09323529411764706 0.5279545454545455 0.0711764705882353 0.03409090909090909
1 0.09794117647058824 0.571590909090909 0.07235294117647059 0.03681818181818182
1 0.09205882352941176 0.6131818181818182 0.0688235294117647 0.03363636363636364
1 0.37558823529411767 0.5356818181818181 0.14529411764705882 0.031363636363636364
1 0.4111764705882353 0.5781818181818181 0.21294117647058824 0.03272727272727273
1 0.3885294117647059 0.6231818181818182 0.1711764705882353 0.02909090909090909
1 0.5264705882352941 0.54 0.11411764705882353 0.02909090909090909
1 0.5961764705882353 0.5784090909090909 0.14647058823529413 0.03409090909090909
1 0.5405882352941176 0.6245454545454545 0.11411764705882353 0.02727272727272727
1 0.1011764705882353 0.6852272727272727 0.07764705882352942 0.03318181818181818
1 0.09941176470588235 0.7275 0.07882352941176471 0.031363636363636364
1 0.10323529411764706 0.769090909090909 0.08294117647058824 0.035454545454545454
1 0.37676470588235295 0.6938636363636363 0.1476470588235294 0.03318181818181818
1 0.4320588235294118 0.7306818181818182 0.2641176470588235 0.03681818181818182
1 0.3914705882352941 0.7790909090909091 0.17705882352941177 0.02727272727272727
1 0.5264705882352941 0.6956818181818182 0.12941176470588237 0.029545454545454545
1 0.5561764705882353 0.7825 0.13823529411764707 0.02772727272727273
1 0.6076470588235294 0.7002272727272727 0.027058823529411764 0.018636363636363635
1 0.6514705882352941 0.6990909090909091 0.057058823529411766 0.02
1 0.6661764705882353 0.7334090909090909 0.19941176470588234 0.03681818181818182
1 0.6485294117647059 0.7875 0.026470588235294117 0.026818181818181817
1 0.6955882352941176 0.785 0.05941176470588235 0.022727272727272728
1 0.7902941176470588 0.7386363636363636 0.033529411764705884 0.03727272727272727
1 0.8547058823529412 0.7370454545454546 0.0811764705882353 0.03227272727272727
1 0.15588235294117647 0.8595454545454545 0.04823529411764706 0.04090909090909091
1 0.15794117647058822 0.9254545454545454 0.0688235294117647 0.04181818181818182
1 0.24911764705882353 0.8586363636363636 0.05588235294117647 0.04181818181818182
1 0.24588235294117647 0.925 0.06235294117647059 0.03727272727272727
1 0.3341176470588235 0.8575 0.06235294117647059 0.038636363636363635
1 0.33852941176470586 0.9243181818181818 0.057058823529411766 0.03772727272727273
1 0.42264705882352943 0.8597727272727272 0.061764705882352944 0.04045454545454545
1 0.41970588235294115 0.9259090909090909 0.07 0.03909090909090909
1 0.5061764705882353 0.8570454545454546 0.05941176470588235 0.041363636363636366
1 0.5002941176470588 0.9270454545454545 0.05588235294117647 0.042272727272727274
1 0.596764705882353 0.8606818181818182 0.0711764705882353 0.04318181818181818
1 0.595 0.9259090909090909 0.057058823529411766 0.04090909090909091
1 0.6823529411764706 0.8584090909090909 0.06352941176470588 0.04045454545454545
1 0.673235294117647 0.9268181818181818 0.061764705882352944 0.03909090909090909
1 0.7655882352941177 0.8611363636363636 0.0688235294117647 0.041363636363636366
1 0.7667647058823529 0.9297727272727273 0.060588235294117644 0.03681818181818182
1 0.8526470588235294 0.860909090909091 0.08058823529411764 0.038181818181818185
1 0.8505882352941176 0.9295454545454546 0.06470588235294118 0.03909090909090909