1 0.4 0.7084282460136674 0.18705882352941178 0.03826879271070615
1 0.5458823529411765 0.7056947608200456 0.08941176470588236 0.03553530751708428
1 0.41 0.43416856492027334 0.21176470588235294 0.0337129840546697
1 0.7579411764705882 0.8808656036446469 0.06294117647058824 0.0387243735763098
1 0.8429411764705882 0.9469248291571754 0.05647058823529412 0.04601366742596811
1 0.5726470588235294 0.634624145785877 0.15588235294117647 0.03462414578587699
1 0.3961764705882353 0.6371298405466971 0.17 0.03416856492027335
1 0.6567647058823529 0.7489749430523918 0.11235294117647059 0.03280182232346242
1 0.40647058823529414 0.47790432801822325 0.2023529411764706 0.03462414578587699
1 0.41558823529411765 0.7890660592255125 0.1888235294117647 0.03462414578587699
1 0.11294117647058824 0.706378132118451 0.08 0.03507972665148064
1 0.12 0.48041002277904327 0.09294117647058824 0.03507972665148064
1 0.4497058823529412 0.7489749430523918 0.2676470588235294 0.03462414578587699
1 0.11676470588235294 0.3908883826879271 0.09117647058823529 0.03735763097949886
1 0.15794117647058822 0.9441913439635535 0.05352941176470588 0.03690205011389522
1 0.32794117647058824 0.9412300683371299 0.051176470588235295 0.03644646924829157
1 0.16470588235294117 0.8822323462414579 0.06470588235294118 0.03690205011389522
1 0.3897058823529412 0.5507972665148064 0.1711764705882353 0.03826879271070615
1 0.11323529411764706 0.5526195899772209 0.09117647058823529 0.03553530751708428
1 0.6320588235294118 0.596127562642369 0.20529411764705882 0.03690205011389522
1 0.23970588235294119 0.879498861047836 0.05352941176470588 0.03690205011389522
1 0.2447058823529412 0.9462414578587699 0.04823529411764706 0.03644646924829157
1 0.7588235294117647 0.9419134396355353 0.06352941176470588 0.03781321184510251
1 0.2985294117647059 0.06947608200455581 0.045294117647058825 0.0214123006833713
1 0.5611764705882353 0.7915717539863326 0.07882352941176471 0.03234624145785877
1 0.6123529411764705 0.3968109339407745 0.029411764705882353 0.03553530751708428
1 0.5420588235294118 0.39134396355353074 0.12176470588235294 0.03735763097949886
1 0.42205882352941176 0.878132118451025 0.05823529411764706 0.03781321184510251
1 0.5870588235294117 0.9464692482915718 0.05411764705882353 0.04419134396355353
1 0.4138235294117647 0.592255125284738 0.22294117647058823 0.03644646924829157
1 0.5591176470588235 0.5535307517084282 0.16176470588235295 0.03917995444191344
1 0.5876470588235294 0.8790432801822323 0.0611764705882353 0.04054669703872437
1 0.11794117647058823 0.4366742596810934 0.09352941176470589 0.03416856492027335
1 0.11088235294117647 0.5915717539863325 0.09117647058823529 0.03416856492027335
1 0.6347058823529412 0.4810933940774487 0.02823529411764706 0.030979498861047835
1 0.5835294117647059 0.43530751708428245 0.13294117647058823 0.03325740318906606
1 0.6873529411764706 0.4785876993166287 0.07823529411764706 0.03143507972665148
1 0.5032352941176471 0.9464692482915718 0.05352941176470588 0.04419134396355353
1 0.8352941176470589 0.879498861047836 0.052941176470588235 0.04419134396355353
1 0.6620588235294118 0.8806378132118451 0.05 0.03917995444191344
1 0.668235294117647 0.39339407744874716 0.09294117647058824 0.03143507972665148
1 0.12323529411764705 0.7908883826879272 0.09 0.03462414578587699
1 0.5647058823529412 0.4760820045558087 0.11058823529411765 0.0337129840546697
1 0.5064705882352941 0.8767653758542141 0.06 0.0387243735763098
1 0.6644117647058824 0.43644646924829156 0.025294117647058825 0.03189066059225513
1 0.7355882352941177 0.43257403189066057 0.12176470588235294 0.03143507972665148
1 0.3952941176470588 0.3917995444191344 0.1776470588235294 0.03735763097949886
1 0.1111764705882353 0.6348519362186789 0.09529411764705882 0.03507972665148064
1 0.6667647058823529 0.9457858769931663 0.04764705882352941 0.04100227790432802
1 0.32382352941176473 0.8804100227790432 0.054705882352941174 0.03781321184510251
1 0.11323529411764706 0.7485193621867882 0.07823529411764706 0.03280182232346242
1 0.5567647058823529 0.06993166287015945 0.11470588235294117 0.0214123006833713
1 0.42205882352941176 0.9446469248291571 0.061764705882352944 0.03234624145785877