1 0.3770588235294118 0.685 0.12588235294117647 0.042727272727272725
1 0.3861764705882353 0.4125 0.13823529411764707 0.03227272727272727
1 0.7702941176470588 0.8606818181818182 0.07235294117647059 0.04045454545454545
1 0.8482352941176471 0.9354545454545454 0.06352941176470588 0.05545454545454546
1 0.5958823529411764 0.5711363636363637 0.15764705882352942 0.03590909090909091
1 0.4238235294117647 0.9268181818181818 0.06529411764705882 0.04
1 0.8544117647058823 0.8615909090909091 0.07 0.04045454545454545
1 0.39088235294117646 0.6111363636363636 0.1723529411764706 0.03772727272727273
1 0.6385294117647059 0.7284090909090909 0.07470588235294118 0.02590909090909091
1 0.6561764705882352 0.6993181818181818 0.04764705882352941 0.03227272727272727
1 0.49970588235294117 0.7275 0.11941176470588236 0.02590909090909091
1 0.3738235294117647 0.3684090909090909 0.13588235294117648 0.03772727272727273
1 0.7408823529411764 0.5445454545454546 0.05235294117647059 0.035454545454545454
1 0.10235294117647059 0.6872727272727273 0.08 0.035454545454545454
1 0.6876470588235294 0.5727272727272728 0.03764705882352941 0.03272727272727273
1 0.09058823529411765 0.3684090909090909 0.08 0.03590909090909091
1 0.08970588235294118 0.4506818181818182 0.07588235294117647 0.03590909090909091
1 0.46441176470588236 0.7756818181818181 0.10764705882352942 0.02772727272727273
1 0.5929411764705882 0.7765909090909091 0.06941176470588235 0.03227272727272727
1 0.16205882352941176 0.9259090909090909 0.06647058823529411 0.04090909090909091
1 0.755 0.5720454545454545 0.09470588235294118 0.03227272727272727
1 0.3305882352941176 0.9272727272727272 0.0611764705882353 0.04
1 0.16470588235294117 0.8579545454545454 0.06705882352941177 0.038636363636363635
1 0.7426470588235294 0.6947727272727273 0.09941176470588235 0.03318181818181818
1 0.09558823529411764 0.5247727272727273 0.07588235294117647 0.03318181818181818
1 0.6658823529411765 0.6129545454545454 0.06705882352941177 0.029545454545454545
1 0.24794117647058825 0.8579545454545454 0.060588235294117644 0.03954545454545454
1 0.6164705882352941 0.5347727272727273 0.18470588235294116 0.03772727272727273
1 0.24941176470588236 0.9261363636363636 0.0611764705882353 0.04045454545454545
1 0.3538235294117647 0.7754545454545455 0.10058823529411764 0.03272727272727273
1 0.7567647058823529 0.9325 0.05352941176470588 0.041363636363636366
1 0.30823529411764705 0.035454545454545454 0.041176470588235294 0.023636363636363636
1 0.6923529411764706 0.4118181818181818 0.08823529411764706 0.028181818181818183
1 0.6623529411764706 0.3759090909090909 0.03411764705882353 0.03363636363636364
1 0.42176470588235293 0.8584090909090909 0.0611764705882353 0.041363636363636366
1 0.5902941176470589 0.9388636363636363 0.057058823529411766 0.05863636363636364
1 0.4038235294117647 0.5309090909090909 0.20647058823529413 0.03909090909090909
1 0.558235294117647 0.46204545454545454 0.03411764705882353 0.026818181818181817
1 0.5405882352941176 0.6145454545454545 0.12117647058823529 0.02727272727272727
1 0.48058823529411765 0.45590909090909093 0.1223529411764706 0.03272727272727273
1 0.5973529411764706 0.8652272727272727 0.07470588235294118 0.056818181818181816
1 0.08941176470588236 0.40954545454545455 0.08235294117647059 0.03636363636363636
1 0.6179411764705882 0.4597727272727273 0.08647058823529412 0.025
1 0.5576470588235294 0.037954545454545456 0.09058823529411765 0.021363636363636362
1 0.6335294117647059 0.41909090909090907 0.03176470588235294 0.03363636363636364
1 0.5070588235294118 0.9340909090909091 0.05529411764705883 0.045454545454545456
1 0.6805882352941176 0.8661363636363636 0.06235294117647059 0.05590909090909091
1 0.5508823529411765 0.37272727272727274 0.17705882352941177 0.03636363636363636
1 0.5326470588235294 0.6870454545454545 0.16647058823529412 0.03772727272727273
1 0.36558823529411766 0.45545454545454545 0.10647058823529412 0.03636363636363636
1 0.10617647058823529 0.7670454545454546 0.08764705882352941 0.03590909090909091
1 0.10058823529411764 0.7272727272727273 0.0811764705882353 0.035454545454545454
1 0.7547058823529412 0.36772727272727274 0.1423529411764706 0.038181818181818185
1 0.5414705882352941 0.41545454545454547 0.14058823529411765 0.03363636363636364
1 0.5070588235294118 0.8593181818181819 0.06 0.04045454545454545
1 0.8235294117647058 0.5302272727272728 0.09647058823529411 0.03409090909090909
1 0.5797058823529412 0.7277272727272728 0.031176470588235295 0.031818181818181815
1 0.09705882352941177 0.6138636363636364 0.07647058823529412 0.035
1 0.6797058823529412 0.9420454545454545 0.06764705882352941 0.05954545454545455
1 0.33852941176470586 0.8579545454545454 0.05588235294117647 0.038636363636363635
1 0.09647058823529411 0.5688636363636363 0.08235294117647059 0.03681818181818182
1 0.41058823529411764 0.5713636363636364 0.20823529411764705 0.03272727272727273
1 0.6161764705882353 0.6170454545454546 0.03 0.031363636363636364
1 0.37058823529411766 0.7279545454545454 0.11411764705882353 0.030454545454545453
1 0.5405882352941176 0.7772727272727272 0.03294117647058824 0.03363636363636364