1 0.41823529411764704 0.6845454545454546 0.22588235294117648 0.03636363636363636
1 0.7558823529411764 0.8625 0.06705882352941177 0.03590909090909091
1 0.8432352941176471 0.9325 0.07 0.038636363636363635
1 0.40941176470588236 0.9265909090909091 0.05647058823529412 0.03772727272727273
1 0.8423529411764706 0.8613636363636363 0.04941176470588235 0.03727272727272727
1 0.3876470588235294 0.6081818181818182 0.18823529411764706 0.03090909090909091
1 0.41352941176470587 0.45454545454545453 0.2188235294117647 0.03363636363636364
1 0.415 0.730909090909091 0.23705882352941177 0.03727272727272727
1 0.7814705882352941 0.4118181818181818 0.03235294117647059 0.03636363636363636
1 0.42764705882352944 0.4084090909090909 0.2576470588235294 0.03409090909090909
1 0.10941176470588235 0.6786363636363636 0.08705882352941176 0.035454545454545454
1 0.09911764705882353 0.3659090909090909 0.07588235294117647 0.035454545454545454
1 0.09852941176470588 0.4509090909090909 0.07823529411764706 0.03636363636363636
1 0.6232352941176471 0.6095454545454545 0.23470588235294118 0.03727272727272727
1 0.14823529411764705 0.9277272727272727 0.05411764705882353 0.04363636363636364
1 0.3323529411764706 0.9265909090909091 0.07411764705882352 0.03772727272727273
1 0.15823529411764706 0.8581818181818182 0.06235294117647059 0.038181818181818185
1 0.6144117647058823 0.4556818181818182 0.14529411764705882 0.02772727272727273
1 0.39676470588235296 0.5256818181818181 0.19588235294117648 0.03772727272727273
1 0.1111764705882353 0.5211363636363636 0.0988235294117647 0.03681818181818182
1 0.2388235294117647 0.8597727272727272 0.06 0.03772727272727273
1 0.23794117647058824 0.9281818181818182 0.05823529411764706 0.04
1 0.4011764705882353 0.7725 0.2011764705882353 0.03318181818181818
1 0.7544117647058823 0.9306818181818182 0.061764705882352944 0.03772727272727273
1 0.6626470588235294 0.4122727272727273 0.17941176470588235 0.03727272727272727
1 0.6129411764705882 0.36977272727272725 0.17529411764705882 0.03681818181818182
1 0.41794117647058826 0.8593181818181819 0.06411764705882353 0.038636363636363635
1 0.5908823529411765 0.9265909090909091 0.06647058823529411 0.03772727272727273
1 0.11205882352941177 0.5656818181818182 0.10176470588235294 0.03590909090909091
1 0.40058823529411763 0.5654545454545454 0.21058823529411766 0.031818181818181815
1 0.5941176470588235 0.86 0.07647058823529412 0.03909090909090909
1 0.0961764705882353 0.40795454545454546 0.07941176470588235 0.03590909090909091
1 0.5508823529411765 0.04113636363636364 0.08294117647058824 0.02590909090909091
1 0.7667647058823529 0.45704545454545453 0.06764705882352941 0.031363636363636364
1 0.495 0.9256818181818182 0.057058823529411766 0.04045454545454545
1 0.6738235294117647 0.8602272727272727 0.06529411764705882 0.03772727272727273
1 0.7947058823529412 0.3734090909090909 0.08941176470588236 0.03227272727272727
1 0.11852941176470588 0.7636363636363637 0.08411764705882353 0.03636363636363636
1 0.11470588235294117 0.7220454545454545 0.08823529411764706 0.03681818181818182
1 0.7232352941176471 0.37545454545454543 0.033529411764705884 0.03363636363636364
1 0.5011764705882353 0.8590909090909091 0.06941176470588235 0.038181818181818185
1 0.7123529411764706 0.4586363636363636 0.03529411764705882 0.035454545454545454
1 0.8564705882352941 0.41113636363636363 0.0976470588235294 0.03590909090909091
1 0.6085294117647059 0.5277272727272727 0.21352941176470588 0.03909090909090909
1 0.4097058823529412 0.36772727272727274 0.22647058823529412 0.03909090909090909
1 0.11852941176470588 0.6111363636363636 0.10647058823529412 0.03772727272727273
1 0.6744117647058824 0.9297727272727273 0.06294117647058824 0.038636363636363635
1 0.32823529411764707 0.860909090909091 0.06823529411764706 0.03727272727272727
1 0.6373529411764706 0.5681818181818182 0.25470588235294117 0.03636363636363636
1 0.2817647058823529 0.03409090909090909 0.036470588235294116 0.02727272727272727