1 0.42558823529411766 0.6809090909090909 0.25 0.04090909090909091
1 0.43676470588235294 0.4065909090909091 0.2511764705882353 0.03318181818181818
1 0.7611764705882353 0.8638636363636364 0.06588235294117648 0.04318181818181818
1 0.8447058823529412 0.9322727272727273 0.07058823529411765 0.05181818181818182
1 0.405 0.9215909090909091 0.061764705882352944 0.04045454545454545
1 0.8447058823529412 0.8584090909090909 0.07058823529411765 0.03590909090909091
1 0.38529411764705884 0.605 0.14588235294117646 0.035454545454545454
1 0.3926470588235294 0.44795454545454544 0.16647058823529412 0.03681818181818182
1 0.6252941176470588 0.68 0.10235294117647059 0.035454545454545454
1 0.3785294117647059 0.7631818181818182 0.15470588235294117 0.03636363636363636
1 0.11 0.6727272727272727 0.08588235294117647 0.03636363636363636
1 0.10735294117647058 0.4434090909090909 0.09117647058823529 0.03681818181818182
1 0.4285294117647059 0.7215909090909091 0.25823529411764706 0.03772727272727273
1 0.09588235294117647 0.35795454545454547 0.08 0.03590909090909091
1 0.6297058823529412 0.7240909090909091 0.10764705882352942 0.03636363636363636
1 0.1564705882352941 0.9193181818181818 0.07294117647058823 0.04409090909090909
1 0.3270588235294118 0.9204545454545454 0.06823529411764706 0.04
1 0.15411764705882353 0.850909090909091 0.06235294117647059 0.042727272727272725
1 0.4373529411764706 0.5202272727272728 0.25941176470588234 0.03681818181818182
1 0.11470588235294117 0.5122727272727273 0.09058823529411765 0.038181818181818185
1 0.24235294117647058 0.8531818181818182 0.06588235294117648 0.04181818181818182
1 0.24058823529411766 0.9195454545454546 0.0611764705882353 0.04
1 0.7573529411764706 0.923409090909091 0.07235294117647059 0.03954545454545454
1 0.6502941176470588 0.40863636363636363 0.16058823529411764 0.035454545454545454
1 0.6479411764705882 0.3659090909090909 0.15 0.038181818181818185
1 0.4167647058823529 0.8552272727272727 0.07 0.041363636363636366
1 0.5864705882352941 0.9225 0.07176470588235294 0.041363636363636366
1 0.4379411764705882 0.5615909090909091 0.2488235294117647 0.038636363636363635
1 0.5738235294117647 0.610909090909091 0.2111764705882353 0.03363636363636364
1 0.5829411764705882 0.8570454545454546 0.07529411764705882 0.05136363636363636
1 0.10588235294117647 0.4011363636363636 0.08705882352941176 0.03590909090909091
1 0.11294117647058824 0.56 0.09529411764705882 0.035454545454545454
1 0.7208823529411764 0.5672727272727273 0.2888235294117647 0.034545454545454546
1 0.49970588235294117 0.9215909090909091 0.0711764705882353 0.04318181818181818
1 0.6785294117647059 0.8611363636363636 0.07941176470588235 0.045
1 0.10088235294117646 0.7586363636363637 0.08294117647058824 0.035454545454545454
1 0.10676470588235294 0.7152272727272727 0.09352941176470589 0.03590909090909091
1 0.5514705882352942 0.4536363636363636 0.10058823529411764 0.04090909090909091
1 0.5029411764705882 0.8547727272727272 0.06470588235294118 0.04045454545454545
1 0.7420588235294118 0.5238636363636363 0.2994117647058824 0.035
1 0.4329411764705882 0.3634090909090909 0.24823529411764705 0.041363636363636366
1 0.505 0.7638636363636364 0.06647058823529411 0.03681818181818182
1 0.09911764705882353 0.6025 0.08411764705882353 0.03590909090909091
1 0.6747058823529412 0.9261363636363636 0.06941176470588235 0.038636363636363635
1 0.3255882352941176 0.8552272727272727 0.060588235294117644 0.041363636363636366
1 0.3205882352941177 0.030454545454545453 0.041176470588235294 0.01818181818181818
1 0.5676470588235294 0.030227272727272728 0.1 0.021363636363636362