1 0.39294117647058824 0.6863636363636364 0.18470588235294116 0.03909090909090909
1 0.5694117647058824 0.6897727272727273 0.13058823529411764 0.03681818181818182
1 0.7567647058823529 0.8577272727272728 0.05941176470588235 0.04
1 0.8508823529411764 0.9290909090909091 0.06764705882352941 0.04
1 0.4097058823529412 0.9261363636363636 0.05352941176470588 0.03772727272727273
1 0.8544117647058823 0.8570454545454546 0.07352941176470588 0.041363636363636366
1 0.37588235294117645 0.615 0.16 0.03727272727272727
1 0.6941176470588235 0.7772727272727272 0.08470588235294117 0.03090909090909091
1 0.3976470588235294 0.7265909090909091 0.18705882352941178 0.03227272727272727
1 0.375 0.4122727272727273 0.14411764705882352 0.03727272727272727
1 0.10441176470588236 0.6825 0.07352941176470588 0.03409090909090909
1 0.09558823529411764 0.4561363636363636 0.07235294117647059 0.028636363636363637
1 0.6714705882352942 0.6963636363636364 0.033529411764705884 0.03
1 0.09411764705882353 0.36863636363636365 0.06823529411764706 0.034545454545454546
1 0.095 0.4168181818181818 0.07470588235294118 0.03636363636363636
1 0.5673529411764706 0.7245454545454545 0.13705882352941176 0.035454545454545454
1 0.15470588235294117 0.9279545454545455 0.047058823529411764 0.03954545454545454
1 0.7244117647058823 0.7231818181818181 0.10176470588235294 0.03363636363636364
1 0.3297058823529412 0.9277272727272727 0.06411764705882353 0.03909090909090909
1 0.1561764705882353 0.8640909090909091 0.05 0.03909090909090909
1 0.4076470588235294 0.53 0.21764705882352942 0.03909090909090909
1 0.09352941176470589 0.5252272727272728 0.06941176470588235 0.035
1 0.6538235294117647 0.7234090909090909 0.03 0.03318181818181818
1 0.24 0.8595454545454545 0.04588235294117647 0.03909090909090909
1 0.2461764705882353 0.9277272727272727 0.060588235294117644 0.038181818181818185
1 0.3861764705882353 0.7738636363636363 0.15823529411764706 0.03954545454545454
1 0.7647058823529411 0.9265909090909091 0.06235294117647059 0.042272727272727274
1 0.28147058823529414 0.0375 0.03705882352941176 0.02409090909090909
1 0.5341176470588235 0.7770454545454546 0.10470588235294118 0.03772727272727273
1 0.643235294117647 0.4525 0.08764705882352941 0.035
1 0.6476470588235295 0.3759090909090909 0.03058823529411765 0.03272727272727273
1 0.42 0.8618181818181818 0.06 0.038181818181818185
1 0.5935294117647059 0.9259090909090909 0.0611764705882353 0.03909090909090909
1 0.5702941176470588 0.46 0.03470588235294118 0.03272727272727273
1 0.40852941176470586 0.5713636363636364 0.20411764705882354 0.03727272727272727
1 0.4964705882352941 0.4561363636363636 0.10941176470588235 0.03590909090909091
1 0.5935294117647059 0.86 0.07176470588235294 0.04
1 0.5635294117647058 0.04068181818181818 0.10705882352941176 0.022272727272727274
1 0.6135294117647059 0.40954545454545455 0.02588235294117647 0.035454545454545454
1 0.6873529411764706 0.40954545454545455 0.09352941176470589 0.03363636363636364
1 0.5044117647058823 0.9261363636363636 0.06529411764705882 0.03954545454545454
1 0.673235294117647 0.8597727272727272 0.05588235294117647 0.04045454545454545
1 0.5579411764705883 0.37636363636363634 0.13588235294117648 0.03727272727272727
1 0.7064705882352941 0.37477272727272726 0.09294117647058824 0.03227272727272727
1 0.3611764705882353 0.4561363636363636 0.12588235294117647 0.03954545454545454
1 0.10205882352941177 0.7709090909090909 0.0711764705882353 0.034545454545454546
1 0.10205882352941177 0.7261363636363637 0.07588235294117647 0.03409090909090909
1 0.523235294117647 0.41295454545454546 0.14647058823529413 0.03681818181818182
1 0.6238235294117647 0.7836363636363637 0.03 0.03727272727272727
1 0.5017647058823529 0.8606818181818182 0.06 0.04045454545454545
1 0.3914705882352941 0.3729545454545454 0.18058823529411766 0.042272727272727274
1 0.09235294117647058 0.575 0.06588235294117648 0.03636363636363636
1 0.6785294117647059 0.925 0.07 0.04
1 0.3285294117647059 0.8590909090909091 0.05352941176470588 0.038181818181818185
1 0.7414705882352941 0.6918181818181818 0.09823529411764706 0.034545454545454546
1 0.0838235294117647 0.6177272727272727 0.05823529411764706 0.03272727272727273