1 0.76 0.8618181818181818 0.06352941176470588 0.035454545454545454
1 0.8473529411764706 0.9275 0.060588235294117644 0.03681818181818182
1 0.5855882352941176 0.6134090909090909 0.16411764705882353 0.030454545454545453
1 0.40794117647058825 0.9256818181818182 0.05235294117647059 0.03590909090909091
1 0.8458823529411764 0.8625 0.05529411764705883 0.03590909090909091
1 0.3841176470588235 0.6131818181818182 0.17647058823529413 0.02727272727272727
1 0.5158823529411765 0.41045454545454546 0.14941176470588236 0.03727272727272727
1 0.6920588235294117 0.6129545454545454 0.031176470588235295 0.03227272727272727
1 0.4264705882352941 0.7227272727272728 0.25176470588235295 0.03727272727272727
1 0.7908823529411765 0.5711363636363637 0.03235294117647059 0.03409090909090909
1 0.36617647058823527 0.4084090909090909 0.12764705882352942 0.03590909090909091
1 0.0976470588235294 0.6777272727272727 0.07529411764705882 0.035454545454545454
1 0.08941176470588236 0.4475 0.06823529411764706 0.035
1 0.6741176470588235 0.7270454545454546 0.22705882352941176 0.029545454545454545
1 0.14529411764705882 0.9240909090909091 0.04941176470588235 0.038181818181818185
1 0.8652941176470588 0.5706818181818182 0.10705882352941176 0.035
1 0.32323529411764707 0.9247727272727273 0.05 0.03590909090909091
1 0.14941176470588236 0.855 0.04941176470588235 0.038181818181818185
1 0.7723529411764706 0.7706818181818181 0.08470588235294117 0.03227272727272727
1 0.42970588235294116 0.5681818181818182 0.26529411764705885 0.035454545454545454
1 0.09323529411764706 0.5202272727272728 0.07470588235294118 0.03318181818181818
1 0.2376470588235294 0.8568181818181818 0.047058823529411764 0.035454545454545454
1 0.2388235294117647 0.9243181818181818 0.047058823529411764 0.03590909090909091
1 0.38088235294117645 0.7670454545454546 0.1652941176470588 0.03681818181818182
1 0.7605882352941177 0.9263636363636364 0.06352941176470588 0.03727272727272727
1 0.09705882352941177 0.36613636363636365 0.07058823529411765 0.03409090909090909
1 0.5797058823529412 0.7711363636363636 0.17 0.03409090909090909
1 0.6902941176470588 0.4097727272727273 0.09823529411764706 0.03409090909090909
1 0.586764705882353 0.4515909090909091 0.06647058823529411 0.03318181818181818
1 0.41352941176470587 0.8588636363636364 0.052941176470588235 0.03681818181818182
1 0.5858823529411765 0.9252272727272727 0.052941176470588235 0.03681818181818182
1 0.4447058823529412 0.44931818181818184 0.10352941176470588 0.03681818181818182
1 0.5811764705882353 0.8597727272727272 0.04941176470588235 0.03772727272727273
1 0.09323529411764706 0.40545454545454546 0.07823529411764706 0.034545454545454546
1 0.09470588235294118 0.5652272727272727 0.07411764705882352 0.03409090909090909
1 0.6755882352941176 0.5684090909090909 0.19705882352941176 0.03318181818181818
1 0.5629411764705883 0.041363636363636366 0.1011764705882353 0.02181818181818182
1 0.6123529411764705 0.4113636363636364 0.024705882352941175 0.034545454545454546
1 0.49676470588235294 0.9263636363636364 0.05 0.03727272727272727
1 0.6729411764705883 0.8602272727272727 0.047058823529411764 0.038636363636363635
1 0.8764705882352941 0.7252272727272727 0.10941176470588235 0.03590909090909091
1 0.3488235294117647 0.44727272727272727 0.09529411764705882 0.03727272727272727
1 0.0961764705882353 0.7631818181818182 0.07823529411764706 0.035454545454545454
1 0.09441176470588235 0.7218181818181818 0.08058823529411764 0.035454545454545454
1 0.5352941176470588 0.4577272727272727 0.02823529411764706 0.035454545454545454
1 0.7014705882352941 0.7731818181818182 0.03 0.03272727272727273
1 0.4935294117647059 0.8597727272727272 0.04 0.03954545454545454
1 0.09147058823529412 0.6047727272727272 0.07470588235294118 0.035
1 0.673235294117647 0.9272727272727272 0.060588235294117644 0.03727272727272727
1 0.32382352941176473 0.8556818181818182 0.04764705882352941 0.03681818181818182
1 0.7558823529411764 0.6113636363636363 0.07764705882352942 0.03272727272727273
1 0.8147058823529412 0.7313636363636363 0.03764705882352941 0.028181818181818183
1 0.3008823529411765 0.03636363636363636 0.03705882352941176 0.02