1 0.38294117647058823 0.6820454545454545 0.17529411764705882 0.045
1 0.3508823529411765 0.5247727272727273 0.09941176470588235 0.04045454545454545
1 0.763235294117647 0.8627272727272727 0.07823529411764706 0.042727272727272725
1 0.8429411764705882 0.93 0.06705882352941177 0.04
1 0.5529411764705883 0.6143181818181818 0.06588235294117648 0.031363636363636364
1 0.4052941176470588 0.9277272727272727 0.05529411764705883 0.04181818181818182
1 0.8364705882352941 0.8636363636363636 0.058823529411764705 0.05
1 0.3326470588235294 0.6181818181818182 0.08411764705882353 0.034545454545454546
1 0.4588235294117647 0.5236363636363637 0.10588235294117647 0.04
1 0.6429411764705882 0.7725 0.06588235294117648 0.031363636363636364
1 0.42264705882352943 0.4118181818181818 0.25941176470588234 0.03909090909090909
1 0.6705882352941176 0.6884090909090909 0.03882352941176471 0.035
1 0.43970588235294117 0.7261363636363637 0.2958823529411765 0.045909090909090906
1 0.10588235294117647 0.6779545454545455 0.08588235294117647 0.03590909090909091
1 0.10205882352941177 0.36363636363636365 0.08294117647058824 0.03636363636363636
1 0.09705882352941177 0.4527272727272727 0.07529411764705882 0.03636363636363636
1 0.5120588235294118 0.7770454545454546 0.10058823529411764 0.03409090909090909
1 0.1511764705882353 0.9275 0.058823529411764705 0.041363636363636366
1 0.7794117647058824 0.5686363636363636 0.13529411764705881 0.046363636363636364
1 0.32 0.9322727272727273 0.06235294117647059 0.03909090909090909
1 0.15029411764705883 0.8618181818181818 0.060588235294117644 0.04090909090909091
1 0.6932352941176471 0.7245454545454545 0.20411764705882354 0.04
1 0.09529411764705882 0.5227272727272727 0.07176470588235294 0.035454545454545454
1 0.23470588235294118 0.8627272727272727 0.06470588235294118 0.04
1 0.23411764705882354 0.9256818181818182 0.05647058823529412 0.04045454545454545
1 0.3738235294117647 0.7709090909090909 0.15235294117647058 0.03636363636363636
1 0.7529411764705882 0.9286363636363636 0.07764705882352942 0.04454545454545455
1 0.275 0.03659090909090909 0.04058823529411765 0.026818181818181817
1 0.7044117647058824 0.4118181818181818 0.2570588235294118 0.04909090909090909
1 0.4082352941176471 0.865 0.06705882352941177 0.04181818181818182
1 0.58 0.9215909090909091 0.05764705882352941 0.041363636363636366
1 0.37323529411764705 0.5675 0.1688235294117647 0.041363636363636366
1 0.5508823529411765 0.5695454545454546 0.1711764705882353 0.042727272727272725
1 0.5567647058823529 0.6890909090909091 0.14882352941176472 0.042727272727272725
1 0.09558823529411764 0.4043181818181818 0.07823529411764706 0.03681818181818182
1 0.1 0.5672727272727273 0.07764705882352942 0.03636363636363636
1 0.5285294117647059 0.36977272727272725 0.1476470588235294 0.038636363636363635
1 0.63 0.5329545454545455 0.10470588235294118 0.04045454545454545
1 0.5017647058823529 0.9236363636363636 0.07176470588235294 0.04363636363636364
1 0.8285294117647058 0.7297727272727272 0.03 0.041363636363636366
1 0.673235294117647 0.8620454545454546 0.06294117647058824 0.045
1 0.5385294117647059 0.5381818181818182 0.03823529411764706 0.03363636363636364
1 0.8926470588235295 0.7320454545454546 0.09117647058823529 0.03954545454545454
1 0.365 0.45840909090909093 0.14882352941176472 0.03772727272727273
1 0.1038235294117647 0.7711363636363636 0.08529411764705883 0.03590909090909091
1 0.105 0.7218181818181818 0.08411764705882353 0.03636363636363636
1 0.5076470588235295 0.4622727272727273 0.11294117647058824 0.03363636363636364
1 0.5894117647058823 0.7827272727272727 0.03294117647058824 0.038181818181818185
1 0.5032352941176471 0.8570454545454546 0.07352941176470588 0.041363636363636366
1 0.3720588235294118 0.36704545454545456 0.15 0.045
1 0.5011764705882353 0.62 0.023529411764705882 0.03363636363636364
1 0.09647058823529411 0.6104545454545455 0.07882352941176471 0.03636363636363636
1 0.6694117647058824 0.9290909090909091 0.06588235294117648 0.042727272727272725
1 0.32323529411764707 0.8581818181818182 0.05941176470588235 0.04
1 0.665 0.5679545454545455 0.03588235294117647 0.03590909090909091
1 0.7511764705882353 0.6859090909090909 0.08 0.04
1 0.5541176470588235 0.03636363636363636 0.1011764705882353 0.031818181818181815
1 0.4314705882352941 0.6204545454545455 0.09705882352941177 0.02909090909090909
1 0.5879411764705882 0.860909090909091 0.06294117647058824 0.04727272727272727