1 0.3811764705882353 0.6761363636363636 0.17882352941176471 0.035
1 0.538235294117647 0.6806818181818182 0.10941176470588235 0.03590909090909091
1 0.7541176470588236 0.8577272727272728 0.05411764705882353 0.03909090909090909
1 0.8358823529411765 0.928409090909091 0.04470588235294118 0.038636363636363635
1 0.586764705882353 0.72 0.17352941176470588 0.035454545454545454
1 0.40088235294117647 0.9272727272727272 0.04176470588235294 0.038181818181818185
1 0.8423529411764706 0.8604545454545455 0.058823529411764705 0.03727272727272727
1 0.34441176470588236 0.6115909090909091 0.10411764705882352 0.03409090909090909
1 0.38823529411764707 0.4072727272727273 0.19058823529411764 0.038181818181818185
1 0.6329411764705882 0.7663636363636364 0.08 0.03363636363636364
1 0.39588235294117646 0.7236363636363636 0.2011764705882353 0.03363636363636364
1 0.09323529411764706 0.6806818181818182 0.07470588235294118 0.03590909090909091
1 0.08558823529411765 0.4547727272727273 0.07235294117647059 0.03681818181818182
1 0.665 0.6779545454545455 0.0711764705882353 0.03318181818181818
1 0.09411764705882353 0.365 0.07529411764705882 0.035454545454545454
1 0.4958823529411765 0.7652272727272728 0.12352941176470589 0.03681818181818182
1 0.14588235294117646 0.9263636363636364 0.047058823529411764 0.04
1 0.3247058823529412 0.9268181818181818 0.052941176470588235 0.03727272727272727
1 0.15088235294117647 0.8563636363636363 0.0488235294117647 0.03909090909090909
1 0.7035294117647058 0.7256818181818182 0.027058823529411764 0.03409090909090909
1 0.3573529411764706 0.5220454545454546 0.1264705882352941 0.03681818181818182
1 0.0888235294117647 0.5238636363636363 0.06470588235294118 0.03409090909090909
1 0.24058823529411766 0.8568181818181818 0.047058823529411764 0.038181818181818185
1 0.6191176470588236 0.6815909090909091 0.025294117647058825 0.03318181818181818
1 0.23470588235294118 0.9259090909090909 0.04823529411764706 0.03727272727272727
1 0.7511764705882353 0.9277272727272727 0.047058823529411764 0.04090909090909091
1 0.6661764705882353 0.4484090909090909 0.09352941176470589 0.03409090909090909
1 0.40911764705882353 0.8593181818181819 0.04411764705882353 0.03681818181818182
1 0.5755882352941176 0.9275 0.03705882352941176 0.03772727272727273
1 0.3941176470588235 0.5665909090909091 0.19647058823529412 0.038636363636363635
1 0.5820588235294117 0.860909090909091 0.04411764705882353 0.038181818181818185
1 0.09088235294117647 0.405 0.08058823529411764 0.035454545454545454
1 0.5976470588235294 0.44727272727272727 0.03058823529411765 0.034545454545454546
1 0.5461764705882353 0.038181818181818185 0.0888235294117647 0.022727272727272728
1 0.6029411764705882 0.4036363636363636 0.21294117647058824 0.03909090909090909
1 0.8285294117647058 0.4075 0.12176470588235294 0.04045454545454545
1 0.7773529411764706 0.7213636363636363 0.10294117647058823 0.034545454545454546
1 0.49676470588235294 0.9265909090909091 0.045294117647058825 0.038636363636363635
1 0.09294117647058824 0.7668181818181818 0.07764705882352942 0.03636363636363636
1 0.09088235294117647 0.7252272727272727 0.07588235294117647 0.03681818181818182
1 0.5058823529411764 0.44977272727272727 0.14470588235294118 0.035
1 0.6647058823529411 0.8606818181818182 0.04352941176470588 0.03954545454545454
1 0.49823529411764705 0.8597727272727272 0.04470588235294118 0.03772727272727273
1 0.09088235294117647 0.6181818181818182 0.06294117647058824 0.03636363636363636
1 0.6691176470588235 0.9259090909090909 0.05941176470588235 0.038181818181818185
1 0.32441176470588234 0.8575 0.04647058823529412 0.03772727272727273
1 0.3564705882352941 0.44727272727272727 0.1388235294117647 0.035454545454545454
1 0.27558823529411763 0.03613636363636363 0.03705882352941176 0.02409090909090909
1 0.7420588235294118 0.4034090909090909 0.03705882352941176 0.03318181818181818
1 0.3770588235294118 0.36272727272727273 0.17058823529411765 0.03272727272727273
1 0.5444117647058824 0.36113636363636364 0.12058823529411765 0.03227272727272727
1 0.6241176470588236 0.36363636363636365 0.03058823529411765 0.03090909090909091
1 0.6797058823529412 0.35954545454545456 0.07705882352941176 0.02909090909090909
1 0.08294117647058824 0.5681818181818182 0.04823529411764706 0.034545454545454546
1 0.5794117647058824 0.7711363636363636 0.024705882352941175 0.03318181818181818
1 0.3614705882352941 0.7645454545454545 0.14411764705882352 0.03363636363636364