1 0.43480825958702063 0.7031890660592255 0.23244837758112094 0.03963553530751709
1 0.7592920353982301 0.8760820045558086 0.06607669616519174 0.04100227790432802
1 0.8501474926253687 0.9437357630979499 0.07079646017699115 0.04328018223234624
1 0.5696165191740413 0.6302961275626424 0.09616519174041298 0.03234624145785877
1 0.42212389380530974 0.9425968109339408 0.06548672566371681 0.03917995444191344
1 0.8433628318584071 0.8767653758542141 0.061946902654867256 0.03963553530751709
1 0.41651917404129796 0.6318906605922551 0.14277286135693215 0.03462414578587699
1 0.5064896755162241 0.5501138952164009 0.05014749262536873 0.03690205011389522
1 0.6330383480825958 0.7881548974943052 0.14985250737463127 0.0337129840546697
1 0.4144542772861357 0.4765375854214123 0.17168141592920355 0.03644646924829157
1 0.5070796460176992 0.5929384965831435 0.032448377581120944 0.03234624145785877
1 0.7162241887905605 0.74874715261959 0.030678466076696165 0.03234624145785877
1 0.43805309734513276 0.7870159453302962 0.2247787610619469 0.03507972665148064
1 0.42212389380530974 0.43416856492027334 0.1882005899705015 0.03462414578587699
1 0.12300884955752213 0.7034168564920273 0.0831858407079646 0.03553530751708428
1 0.11445427728613569 0.4772209567198178 0.08731563421828908 0.03507972665148064
1 0.43716814159292033 0.7451025056947608 0.22536873156342183 0.03599088838268793
1 0.7197640117994101 0.7056947608200456 0.040117994100294985 0.03644646924829157
1 0.171976401179941 0.9428246013667426 0.05958702064896755 0.0387243735763098
1 0.8017699115044248 0.7059225512528474 0.12625368731563422 0.03599088838268793
1 0.33303834808259586 0.9414578587699317 0.0607669616519174 0.03781321184510251
1 0.1710914454277286 0.8751708428246013 0.06607669616519174 0.03826879271070615
1 0.727433628318584 0.7911161731207289 0.030678466076696165 0.03234624145785877
1 0.41622418879056045 0.5469248291571754 0.13274336283185842 0.0387243735763098
1 0.11740412979351032 0.5480637813211845 0.07079646017699115 0.03462414578587699
1 0.61976401179941 0.7045558086560364 0.1528023598820059 0.0387243735763098
1 0.25162241887905606 0.8767653758542141 0.06430678466076696 0.03781321184510251
1 0.2551622418879056 0.9403189066059225 0.06784660766961652 0.03735763097949886
1 0.7648967551622419 0.9403189066059225 0.06902654867256637 0.04009111617312073
1 0.1200589970501475 0.3908883826879271 0.08672566371681416 0.03644646924829157
1 0.6498525073746313 0.4785876993166287 0.02654867256637168 0.03143507972665148
1 0.6675516224188791 0.39476082004555807 0.04188790560471976 0.03416856492027335
1 0.42625368731563423 0.8776765375854214 0.06666666666666667 0.03781321184510251
1 0.5870206489675516 0.9423690205011389 0.06017699115044248 0.0387243735763098
1 0.41150442477876104 0.5902050113895216 0.1433628318584071 0.03599088838268793
1 0.5852507374631268 0.5444191343963554 0.10619469026548672 0.03735763097949886
1 0.5023598820058998 0.6353075170842825 0.03008849557522124 0.03143507972665148
1 0.5893805309734513 0.8772209567198178 0.06725663716814159 0.0387243735763098
1 0.11622418879056047 0.43394077448747154 0.08613569321533923 0.03416856492027335
1 0.11651917404129794 0.5902050113895216 0.07020648967551622 0.03507972665148064
1 0.5852507374631268 0.3904328018223235 0.12271386430678466 0.04009111617312073
1 0.7846607669616519 0.7867881548974943 0.07669616519174041 0.03189066059225513
1 0.5073746312684366 0.9419134396355353 0.06489675516224189 0.03963553530751709
1 0.7802359882005899 0.7457858769931663 0.10088495575221239 0.03189066059225513
1 0.6743362831858407 0.8758542141230068 0.058997050147492625 0.04054669703872437
1 0.5817109144542773 0.43211845102505697 0.11563421828908554 0.03599088838268793
1 0.7498525073746313 0.3915717539863326 0.1215339233038348 0.03599088838268793
1 0.12743362831858407 0.7876993166287016 0.08731563421828908 0.03462414578587699
1 0.7150442477876107 0.43394077448747154 0.0920353982300885 0.03234624145785877
1 0.5728613569321533 0.4735763097949886 0.12507374631268436 0.03507972665148064
1 0.6271386430678466 0.7451025056947608 0.13805309734513274 0.03416856492027335
1 0.5029498525073747 0.8779043280182233 0.06430678466076696 0.04009111617312073
1 0.6554572271386431 0.43644646924829156 0.024778761061946902 0.030979498861047835
1 0.58023598820059 0.5888382687927107 0.10088495575221239 0.03325740318906606
1 0.42359882005899707 0.39225512528473805 0.18761061946902655 0.04100227790432802
1 0.11297935103244838 0.6332574031890661 0.07020648967551622 0.0337129840546697
1 0.6764011799410029 0.9403189066059225 0.06784660766961652 0.04009111617312073
1 0.33539823008849556 0.8765375854214122 0.061946902654867256 0.03735763097949886
1 0.7091445427728613 0.4758542141230068 0.09793510324483776 0.03325740318906606
1 0.12359882005899706 0.7462414578587699 0.08672566371681416 0.03280182232346242