1 0.7588235294117647 0.8613636363636363 0.05058823529411765 0.035454545454545454
1 0.8532352941176471 0.9275 0.05235294117647059 0.03772727272727273
1 0.41970588235294115 0.9259090909090909 0.0488235294117647 0.038181818181818185
1 0.8482352941176471 0.8620454545454546 0.04823529411764706 0.03590909090909091
1 0.3770588235294118 0.6134090909090909 0.15529411764705883 0.03590909090909091
1 0.4385294117647059 0.4077272727272727 0.2711764705882353 0.04090909090909091
1 0.6873529411764706 0.7854545454545454 0.03588235294117647 0.03363636363636364
1 0.40088235294117647 0.4572727272727273 0.19 0.042727272727272725
1 0.4126470588235294 0.73 0.21235294117647058 0.038181818181818185
1 0.0988235294117647 0.6825 0.08235294117647059 0.03590909090909091
1 0.1111764705882353 0.4527272727272727 0.08705882352941176 0.03727272727272727
1 0.5052941176470588 0.8590909090909091 0.047058823529411764 0.03636363636363636
1 0.6385294117647059 0.7322727272727273 0.2111764705882353 0.031818181818181815
1 0.15676470588235294 0.9240909090909091 0.0488235294117647 0.03727272727272727
1 0.32676470588235296 0.9256818181818182 0.04647058823529412 0.03772727272727273
1 0.15705882352941178 0.855909090909091 0.04470588235294118 0.03636363636363636
1 0.4108823529411765 0.5679545454545455 0.21588235294117647 0.038636363636363635
1 0.10882352941176471 0.5222727272727272 0.08941176470588236 0.035454545454545454
1 0.24735294117647058 0.8568181818181818 0.04411764705882353 0.03636363636363636
1 0.2426470588235294 0.923409090909091 0.04411764705882353 0.03681818181818182
1 0.3811764705882353 0.7759090909090909 0.15529411764705883 0.03363636363636364
1 0.7611764705882353 0.9261363636363636 0.052941176470588235 0.03772727272727273
1 0.10264705882352941 0.3668181818181818 0.08647058823529412 0.034545454545454546
1 0.5697058823529412 0.7763636363636364 0.1888235294117647 0.03636363636363636
1 0.6488235294117647 0.41 0.12941176470588237 0.03636363636363636
1 0.4258823529411765 0.8602272727272727 0.058823529411764705 0.03681818181818182
1 0.5908823529411765 0.9254545454545454 0.05 0.038181818181818185
1 0.11088235294117647 0.5665909090909091 0.09235294117647058 0.03772727272727273
1 0.5379411764705883 0.6170454545454546 0.14294117647058824 0.035
1 0.5982352941176471 0.8629545454545454 0.06352941176470588 0.035
1 0.10441176470588236 0.4088636363636364 0.08764705882352941 0.03590909090909091
1 0.6008823529411764 0.5668181818181818 0.15705882352941178 0.03909090909090909
1 0.5747058823529412 0.04386363636363636 0.07882352941176471 0.022272727272727274
1 0.7811764705882352 0.5684090909090909 0.12588235294117647 0.035
1 0.763235294117647 0.7802272727272728 0.09588235294117647 0.031363636363636364
1 0.5020588235294118 0.9272727272727272 0.04058823529411765 0.03909090909090909
1 0.6752941176470588 0.8622727272727273 0.047058823529411764 0.035454545454545454
1 0.30970588235294116 0.035227272727272725 0.045294117647058825 0.022272727272727274
1 0.8411764705882353 0.7345454545454545 0.0988235294117647 0.034545454545454546
1 0.10823529411764705 0.7663636363636364 0.09294117647058824 0.035454545454545454
1 0.10735294117647058 0.7254545454545455 0.09235294117647058 0.038181818181818185
1 0.5752941176470588 0.45954545454545453 0.12470588235294118 0.035454545454545454
1 0.6276470588235294 0.6238636363636364 0.036470588235294116 0.038636363636363635
1 0.11088235294117647 0.6111363636363636 0.08647058823529412 0.03954545454545454
1 0.6814705882352942 0.928409090909091 0.04647058823529412 0.038636363636363635
1 0.33441176470588235 0.8577272727272728 0.04764705882352941 0.035454545454545454
1 0.6929411764705883 0.6172727272727273 0.09529411764705882 0.03272727272727273
1 0.7685294117647059 0.7347727272727272 0.03235294117647059 0.03318181818181818
1 0.7044117647058824 0.5693181818181818 0.03705882352941176 0.03409090909090909