1 0.41852941176470587 0.6934090909090909 0.21705882352941178 0.030454545454545453
1 0.5788235294117647 0.6320454545454546 0.02 0.020454545454545454
1 0.41411764705882353 0.37727272727272726 0.22823529411764706 0.03272727272727273
1 0.7655882352941177 0.8675 0.06411764705882353 0.03954545454545454
1 0.8338235294117647 0.9395454545454546 0.051176470588235295 0.038181818181818185
1 0.5805882352941176 0.5802272727272727 0.13176470588235295 0.028636363636363637
1 0.40911764705882353 0.9372727272727273 0.05352941176470588 0.03727272727272727
1 0.566764705882353 0.5397727272727273 0.12058823529411765 0.028636363636363637
1 0.8526470588235294 0.8677272727272727 0.07705882352941176 0.04181818181818182
1 0.3776470588235294 0.6261363636363636 0.1588235294117647 0.02590909090909091
1 0.6241176470588236 0.7393181818181818 0.08470588235294117 0.029545454545454545
1 0.5123529411764706 0.6261363636363636 0.10470588235294118 0.02409090909090909
1 0.42617647058823527 0.7386363636363636 0.25823529411764706 0.031818181818181815
1 0.07558823529411765 0.41863636363636364 0.05235294117647059 0.023636363636363636
1 0.7008823529411765 0.5420454545454545 0.10058823529411764 0.021363636363636362
1 0.38294117647058823 0.4681818181818182 0.16470588235294117 0.024545454545454544
1 0.08029411764705882 0.6918181818181818 0.05 0.02727272727272727
1 0.08058823529411764 0.46 0.052941176470588235 0.028181818181818183
1 0.668235294117647 0.5843181818181818 0.02588235294117647 0.025
1 0.0838235294117647 0.375 0.05941176470588235 0.028181818181818183
1 0.5258823529411765 0.7854545454545454 0.06235294117647059 0.025454545454545455
1 0.16 0.9309090909090909 0.06 0.03909090909090909
1 0.7520588235294118 0.581590909090909 0.1264705882352941 0.028636363636363637
1 0.32441176470588234 0.9452272727272727 0.05 0.04045454545454545
1 0.165 0.8672727272727273 0.060588235294117644 0.03090909090909091
1 0.6505882352941177 0.6284090909090909 0.09647058823529411 0.021363636363636362
1 0.25 0.9311363636363637 0.06823529411764706 0.038636363636363635
1 0.3876470588235294 0.7827272727272727 0.1811764705882353 0.025454545454545455
1 0.7523529411764706 0.9356818181818182 0.05176470588235294 0.03954545454545454
1 0.3073529411764706 0.03840909090909091 0.03235294117647059 0.018636363636363635
1 0.6273529411764706 0.42477272727272725 0.13588235294117648 0.026818181818181817
1 0.41441176470588237 0.8654545454545455 0.06294117647058824 0.04090909090909091
1 0.5835294117647059 0.9365909090909091 0.052941176470588235 0.03772727272727273
1 0.405 0.5338636363636363 0.1864705882352941 0.03409090909090909
1 0.4026470588235294 0.5795454545454546 0.21 0.02909090909090909
1 0.5876470588235294 0.8654545454545455 0.06352941176470588 0.03909090909090909
1 0.08529411764705883 0.5347727272727273 0.06235294117647059 0.028636363636363637
1 0.5644117647058824 0.042272727272727274 0.09941176470588235 0.02090909090909091
1 0.5961764705882353 0.47454545454545455 0.02411764705882353 0.02090909090909091
1 0.7255882352941176 0.42772727272727273 0.025294117647058825 0.028181818181818183
1 0.49558823529411766 0.9372727272727273 0.054705882352941174 0.03727272727272727
1 0.6729411764705883 0.8665909090909091 0.06235294117647059 0.03954545454545454
1 0.586764705882353 0.37886363636363635 0.10294117647058823 0.026818181818181817
1 0.09529411764705882 0.7765909090909091 0.058823529411764705 0.03227272727272727
1 0.08823529411764706 0.7345454545454545 0.05529411764705883 0.02727272727272727
1 0.5238235294117647 0.4672727272727273 0.10058823529411764 0.023636363636363636
1 0.5814705882352941 0.696590909090909 0.09352941176470589 0.026818181818181817
1 0.5014705882352941 0.8672727272727273 0.06647058823529411 0.04090909090909091
1 0.6376470588235295 0.4702272727272727 0.042352941176470586 0.020454545454545454
1 0.7861764705882353 0.4243181818181818 0.05823529411764706 0.02590909090909091
1 0.0811764705882353 0.6202272727272727 0.05411764705882353 0.028636363636363637
1 0.6717647058823529 0.9381818181818182 0.05411764705882353 0.03909090909090909
1 0.33647058823529413 0.8631818181818182 0.07647058823529412 0.04181818181818182
1 0.42323529411764704 0.42318181818181816 0.24411764705882352 0.03
1 0.6726470588235294 0.38022727272727275 0.0488235294117647 0.026818181818181817
1 0.07764705882352942 0.5759090909090909 0.05411764705882353 0.02909090909090909
1 0.64 0.5465909090909091 0.024705882352941175 0.025
1 0.24147058823529413 0.8634090909090909 0.060588235294117644 0.03954545454545454