1 0.40558823529411764 0.6729545454545455 0.20058823529411765 0.03954545454545454
1 0.39205882352941174 0.4002272727272727 0.18058823529411766 0.03772727272727273
1 0.7588235294117647 0.8581818181818182 0.06823529411764706 0.03909090909090909
1 0.8447058823529412 0.9209090909090909 0.06823529411764706 0.042727272727272725
1 0.405 0.9186363636363636 0.05352941176470588 0.04181818181818182
1 0.8564705882352941 0.8529545454545454 0.08941176470588236 0.042272727272727274
1 0.3841176470588235 0.600909090909091 0.15764705882352942 0.03727272727272727
1 0.38058823529411767 0.4440909090909091 0.15176470588235294 0.03727272727272727
1 0.3952941176470588 0.7613636363636364 0.19411764705882353 0.038181818181818185
1 0.10352941176470588 0.6743181818181818 0.07294117647058823 0.038636363636363635
1 0.095 0.44181818181818183 0.07705882352941176 0.035454545454545454
1 0.3841176470588235 0.7168181818181818 0.16823529411764707 0.03636363636363636
1 0.6947058823529412 0.5604545454545454 0.03764705882352941 0.03727272727272727
1 0.09911764705882353 0.36227272727272725 0.08058823529411764 0.038181818181818185
1 0.1476470588235294 0.9172727272727272 0.05176470588235294 0.04090909090909091
1 0.7614705882352941 0.5606818181818182 0.10764705882352942 0.03409090909090909
1 0.32323529411764707 0.9186363636363636 0.054705882352941174 0.03909090909090909
1 0.14794117647058824 0.8502272727272727 0.0488235294117647 0.04045454545454545
1 0.41058823529411764 0.515 0.20941176470588235 0.04
1 0.09911764705882353 0.5143181818181818 0.07 0.03772727272727273
1 0.23970588235294119 0.850909090909091 0.051176470588235295 0.038181818181818185
1 0.24 0.9170454545454545 0.052941176470588235 0.03772727272727273
1 0.755 0.9286363636363636 0.06411764705882353 0.04
1 0.2964705882352941 0.027045454545454546 0.04588235294117647 0.026818181818181817
1 0.5738235294117647 0.7613636363636364 0.15235294117647058 0.03727272727272727
1 0.4073529411764706 0.8513636363636363 0.057058823529411766 0.03909090909090909
1 0.586764705882353 0.92 0.060588235294117644 0.04
1 0.40352941176470586 0.5577272727272727 0.20352941176470588 0.038181818181818185
1 0.5344117647058824 0.6022727272727273 0.11235294117647059 0.035454545454545454
1 0.59 0.8531818181818182 0.07176470588235294 0.04
1 0.09852941176470588 0.39636363636363636 0.08176470588235295 0.03727272727272727
1 0.0988235294117647 0.5575 0.06588235294117648 0.03772727272727273
1 0.6158823529411764 0.6077272727272728 0.02588235294117647 0.03636363636363636
1 0.5629411764705883 0.3613636363636364 0.15176470588235294 0.03909090909090909
1 0.596764705882353 0.5163636363636364 0.1476470588235294 0.04
1 0.49529411764705883 0.9213636363636364 0.04941176470588235 0.04181818181818182
1 0.6676470588235294 0.8572727272727273 0.058823529411764705 0.045454545454545456
1 0.5788235294117647 0.40136363636363637 0.1976470588235294 0.03909090909090909
1 0.10088235294117646 0.7570454545454546 0.07823529411764706 0.03590909090909091
1 0.6932352941176471 0.5211363636363636 0.04294117647058823 0.03409090909090909
1 0.5320588235294118 0.445 0.13823529411764707 0.03636363636363636
1 0.49911764705882355 0.8581818181818182 0.06647058823529411 0.04181818181818182
1 0.7817647058823529 0.5184090909090909 0.11647058823529412 0.03590909090909091
1 0.5923529411764706 0.5593181818181818 0.14823529411764705 0.03772727272727273
1 0.3905882352941176 0.35954545454545456 0.17058823529411765 0.038181818181818185
1 0.5352941176470588 0.7179545454545454 0.10470588235294118 0.03590909090909091
1 0.0988235294117647 0.5981818181818181 0.07411764705882352 0.035454545454545454
1 0.6738235294117647 0.92 0.06411764705882353 0.03909090909090909
1 0.3261764705882353 0.8520454545454546 0.060588235294117644 0.04045454545454545
1 0.6576470588235294 0.6054545454545455 0.06588235294117648 0.03272727272727273
1 0.10147058823529412 0.7145454545454546 0.07705882352941176 0.03727272727272727
1 0.5567647058823529 0.031363636363636364 0.09941176470588235 0.025454545454545455
1 0.5841176470588235 0.6740909090909091 0.13294117647058823 0.03272727272727273