1 0.37970588235294117 0.6902272727272727 0.14647058823529413 0.03590909090909091
1 0.38735294117647057 0.37227272727272726 0.17470588235294118 0.03727272727272727
1 0.7605882352941177 0.8611363636363636 0.05647058823529412 0.03681818181818182
1 0.8532352941176471 0.9272727272727272 0.06764705882352941 0.038181818181818185
1 0.5258823529411765 0.5756818181818182 0.02823529411764706 0.029545454545454545
1 0.4152941176470588 0.9277272727272727 0.05647058823529412 0.035454545454545454
1 0.5426470588235294 0.5359090909090909 0.03235294117647059 0.031818181818181815
1 0.335 0.6220454545454546 0.07352941176470588 0.03227272727272727
1 0.6535294117647059 0.7325 0.058823529411764705 0.030454545454545453
1 0.38294117647058823 0.415 0.16705882352941176 0.03636363636363636
1 0.4764705882352941 0.6186363636363637 0.02588235294117647 0.03
1 0.6279411764705882 0.6904545454545454 0.04176470588235294 0.034545454545454546
1 0.3835294117647059 0.730909090909091 0.1635294117647059 0.034545454545454546
1 0.10088235294117646 0.6875 0.06764705882352941 0.03409090909090909
1 0.09794117647058824 0.45840909090909093 0.07235294117647059 0.035
1 0.10411764705882352 0.3725 0.08235294117647059 0.035
1 0.4767647058823529 0.7827272727272727 0.10294117647058823 0.03
1 0.6088235294117647 0.7340909090909091 0.027058823529411764 0.03090909090909091
1 0.16 0.9304545454545454 0.05411764705882353 0.03636363636363636
1 0.33205882352941174 0.9297727272727273 0.05588235294117647 0.035
1 0.15676470588235294 0.8656818181818182 0.05235294117647059 0.035
1 0.10647058823529412 0.5336363636363637 0.06823529411764706 0.03363636363636364
1 0.24205882352941177 0.8618181818181818 0.04647058823529412 0.034545454545454546
1 0.5964705882352941 0.5306818181818181 0.06823529411764706 0.031363636363636364
1 0.245 0.9288636363636363 0.057058823529411766 0.03590909090909091
1 0.35911764705882354 0.7809090909090909 0.11352941176470588 0.03272727272727273
1 0.7585294117647059 0.9279545454545455 0.05352941176470588 0.038636363636363635
1 0.3073529411764706 0.03909090909090909 0.03470588235294118 0.024545454545454544
1 0.6547058823529411 0.3759090909090909 0.03058823529411765 0.031818181818181815
1 0.5502941176470588 0.41659090909090907 0.13352941176470587 0.031363636363636364
1 0.4194117647058824 0.86 0.05176470588235294 0.035454545454545454
1 0.5964705882352941 0.9272727272727272 0.06823529411764706 0.03727272727272727
1 0.3511764705882353 0.5318181818181819 0.08823529411764706 0.034545454545454546
1 0.5314705882352941 0.7297727272727272 0.11588235294117646 0.03318181818181818
1 0.5511764705882353 0.7886363636363637 0.02588235294117647 0.03363636363636364
1 0.5720588235294117 0.5736363636363636 0.05941176470588235 0.03
1 0.37058823529411766 0.4672727272727273 0.1411764705882353 0.031818181818181815
1 0.6088235294117647 0.4675 0.02588235294117647 0.030454545454545453
1 0.6941176470588235 0.4143181818181818 0.07647058823529412 0.03318181818181818
1 0.5014705882352941 0.9286363636363636 0.05235294117647059 0.03727272727272727
1 0.8502941176470589 0.8631818181818182 0.05588235294117647 0.034545454545454546
1 0.6726470588235294 0.8611363636363636 0.054705882352941174 0.03590909090909091
1 0.5652941176470588 0.37386363636363634 0.14588235294117646 0.03681818181818182
1 0.7123529411764706 0.3725 0.07882352941176471 0.030454545454545453
1 0.538235294117647 0.6852272727272727 0.12705882352941175 0.035
1 0.34411764705882353 0.5763636363636364 0.09058823529411765 0.02909090909090909
1 0.10352941176470588 0.774090909090909 0.06588235294117648 0.03272727272727273
1 0.1038235294117647 0.725 0.06764705882352941 0.03363636363636364
1 0.5002941176470588 0.8625 0.04411764705882353 0.03954545454545454
1 0.5235294117647059 0.4665909090909091 0.11647058823529412 0.03227272727272727
1 0.5564705882352942 0.041363636363636366 0.11294117647058824 0.02
1 0.0976470588235294 0.6204545454545455 0.06705882352941177 0.035454545454545454
1 0.6797058823529412 0.9261363636363636 0.057058823529411766 0.03681818181818182
1 0.33294117647058824 0.8618181818181818 0.05764705882352941 0.034545454545454546
1 0.6594117647058824 0.4665909090909091 0.06352941176470588 0.031363636363636364
1 0.6908823529411765 0.6865909090909091 0.06411764705882353 0.031363636363636364
1 0.0976470588235294 0.4143181818181818 0.07764705882352942 0.03681818181818182
1 0.1038235294117647 0.5759090909090909 0.07 0.03727272727272727
1 0.6391176470588236 0.41613636363636364 0.03235294117647059 0.03318181818181818
1 0.45294117647058824 0.5290909090909091 0.12 0.035454545454545454
1 0.4423529411764706 0.5738636363636364 0.11176470588235295 0.03227272727272727
1 0.4108823529411765 0.6240909090909091 0.08411764705882353 0.02909090909090909
1 0.5347058823529411 0.6243181818181818 0.05529411764705883 0.029545454545454545
1 0.5952941176470589 0.7829545454545455 0.05058823529411765 0.02772727272727273
1 0.5944117647058823 0.8652272727272727 0.07352941176470588 0.042272727272727274