1 0.39235294117647057 0.6843181818181818 0.1635294117647059 0.03681818181818182
1 0.5426470588235294 0.6856818181818182 0.11705882352941177 0.035
1 0.7591176470588236 0.8593181818181819 0.060588235294117644 0.04045454545454545
1 0.8544117647058823 0.9263636363636364 0.0711764705882353 0.04090909090909091
1 0.4102941176470588 0.9265909090909091 0.05 0.03772727272727273
1 0.5252941176470588 0.5284090909090909 0.10705882352941176 0.03318181818181818
1 0.3841176470588235 0.6118181818181818 0.1376470588235294 0.035454545454545454
1 0.40941176470588236 0.7256818181818182 0.21294117647058824 0.03681818181818182
1 0.40294117647058825 0.4090909090909091 0.19294117647058823 0.038181818181818185
1 0.095 0.6838636363636363 0.06294117647058824 0.035
1 0.09794117647058824 0.44772727272727275 0.060588235294117644 0.034545454545454546
1 0.4885294117647059 0.7745454545454545 0.09941176470588235 0.03272727272727273
1 0.5973529411764706 0.7252272727272727 0.15470588235294117 0.03590909090909091
1 0.1497058823529412 0.9268181818181818 0.05 0.03909090909090909
1 0.7567647058823529 0.7275 0.0888235294117647 0.03318181818181818
1 0.33029411764705885 0.9265909090909091 0.05941176470588235 0.03772727272727273
1 0.1535294117647059 0.8552272727272727 0.05176470588235294 0.038636363636363635
1 0.6935294117647058 0.7293181818181819 0.03058823529411765 0.03409090909090909
1 0.38735294117647057 0.5284090909090909 0.15705882352941178 0.03772727272727273
1 0.095 0.524090909090909 0.057058823529411766 0.03363636363636364
1 0.6229411764705882 0.6911363636363637 0.029411764705882353 0.03681818181818182
1 0.24088235294117646 0.9252272727272727 0.045294117647058825 0.03954545454545454
1 0.36676470588235294 0.7736363636363637 0.11941176470588236 0.03363636363636364
1 0.7567647058823529 0.9265909090909091 0.05823529411764706 0.041363636363636366
1 0.2908823529411765 0.037954545454545456 0.03588235294117647 0.019545454545454546
1 0.6155882352941177 0.40954545454545455 0.21470588235294116 0.04
1 0.4117647058823529 0.8588636363636364 0.05058823529411765 0.04045454545454545
1 0.5852941176470589 0.9295454545454546 0.05529411764705883 0.04
1 0.41441176470588237 0.5693181818181818 0.19588235294117648 0.038636363636363635
1 0.4888235294117647 0.45340909090909093 0.12117647058823529 0.03590909090909091
1 0.095 0.41045454545454546 0.060588235294117644 0.034545454545454546
1 0.5988235294117648 0.5706818181818182 0.14588235294117646 0.03590909090909091
1 0.5626470588235294 0.03681818181818182 0.11823529411764706 0.022727272727272728
1 0.4988235294117647 0.9261363636363636 0.05529411764705883 0.042272727272727274
1 0.8429411764705882 0.86 0.05411764705882353 0.04181818181818182
1 0.6714705882352942 0.8590909090909091 0.0488235294117647 0.03909090909090909
1 0.5461764705882353 0.3709090909090909 0.13941176470588235 0.038181818181818185
1 0.36617647058823527 0.4509090909090909 0.11941176470588236 0.038181818181818185
1 0.08235294117647059 0.7272727272727273 0.05647058823529412 0.034545454545454546
1 0.5938235294117648 0.7781818181818182 0.04647058823529412 0.03272727272727273
1 0.5026470588235294 0.8588636363636364 0.05352941176470588 0.04045454545454545
1 0.38794117647058823 0.3663636363636364 0.16411764705882353 0.03636363636363636
1 0.5035294117647059 0.6136363636363636 0.08588235294117647 0.03272727272727273
1 0.09911764705882353 0.6122727272727273 0.06294117647058824 0.03636363636363636
1 0.6764705882352942 0.9252272727272727 0.06470588235294118 0.038636363636363635
1 0.3288235294117647 0.8579545454545454 0.05176470588235294 0.038636363636363635
1 0.6785294117647059 0.6840909090909091 0.06529411764705882 0.03363636363636364
1 0.10176470588235294 0.36954545454545457 0.05176470588235294 0.022727272727272728
1 0.09264705882352942 0.5693181818181818 0.054705882352941174 0.03318181818181818
1 0.5558823529411765 0.7813636363636364 0.02 0.026363636363636363
1 0.24823529411764705 0.8579545454545454 0.052941176470588235 0.041363636363636366
1 0.5879411764705882 0.8615909090909091 0.05941176470588235 0.042272727272727274