1 0.7694117647058824 0.8563636363636363 0.06470588235294118 0.038181818181818185
1 0.856764705882353 0.9240909090909091 0.06647058823529411 0.04
1 0.4188235294117647 0.5702272727272727 0.21529411764705883 0.035
1 0.42205882352941176 0.9259090909090909 0.05235294117647059 0.038181818181818185
1 0.5114705882352941 0.5211363636363636 0.10294117647058823 0.035
1 0.8608823529411764 0.8568181818181818 0.0711764705882353 0.04
1 0.3679411764705882 0.615909090909091 0.12529411764705883 0.034545454545454546
1 0.48264705882352943 0.6863636363636364 0.05588235294117647 0.03363636363636364
1 0.40205882352941175 0.725909090909091 0.1711764705882353 0.04
1 0.39588235294117646 0.4125 0.17294117647058824 0.02772727272727273
1 0.09941176470588235 0.6829545454545455 0.05529411764705883 0.035
1 0.10647058823529412 0.45136363636363636 0.07882352941176471 0.03636363636363636
1 0.10147058823529412 0.36772727272727274 0.07352941176470588 0.034545454545454546
1 0.47441176470588237 0.7720454545454546 0.05941176470588235 0.031363636363636364
1 0.17147058823529412 0.9245454545454546 0.07 0.04
1 0.7885294117647059 0.5686363636363636 0.11352941176470588 0.03636363636363636
1 0.33705882352941174 0.9259090909090909 0.06352941176470588 0.03727272727272727
1 0.16647058823529412 0.8568181818181818 0.05647058823529412 0.04
1 0.38029411764705884 0.5277272727272727 0.1535294117647059 0.03363636363636364
1 0.10176470588235294 0.5220454545454546 0.07176470588235294 0.03409090909090909
1 0.6211764705882353 0.7252272727272727 0.10941176470588235 0.04318181818181818
1 0.25470588235294117 0.8563636363636363 0.06352941176470588 0.03909090909090909
1 0.25323529411764706 0.9247727272727273 0.06411764705882353 0.038636363636363635
1 0.36323529411764705 0.7729545454545454 0.10058823529411764 0.03409090909090909
1 0.7694117647058824 0.9256818181818182 0.05764705882352941 0.04045454545454545
1 0.6717647058823529 0.4084090909090909 0.08235294117647059 0.04045454545454545
1 0.6691176470588235 0.36477272727272725 0.0888235294117647 0.03590909090909091
1 0.4229411764705882 0.8579545454545454 0.052941176470588235 0.04045454545454545
1 0.5938235294117648 0.9243181818181818 0.060588235294117644 0.03772727272727273
1 0.36411764705882355 0.6868181818181818 0.11058823529411765 0.04
1 0.48676470588235293 0.6175 0.11588235294117646 0.03409090909090909
1 0.596764705882353 0.8568181818181818 0.05823529411764706 0.03909090909090909
1 0.10235294117647059 0.4084090909090909 0.07176470588235294 0.03681818181818182
1 0.10411764705882352 0.5675 0.07176470588235294 0.03409090909090909
1 0.5347058823529411 0.03272727272727273 0.04352941176470588 0.02
1 0.58 0.525 0.02588235294117647 0.03090909090909091
1 0.5067647058823529 0.9247727272727273 0.05588235294117647 0.04045454545454545
1 0.6826470588235294 0.8556818181818182 0.061764705882352944 0.04045454545454545
1 0.4964705882352941 0.3665909090909091 0.10823529411764705 0.03227272727272727
1 0.10294117647058823 0.7688636363636364 0.05529411764705883 0.03681818181818182
1 0.4632352941176471 0.4509090909090909 0.07470588235294118 0.03727272727272727
1 0.09941176470588235 0.7209090909090909 0.05529411764705883 0.03272727272727273
1 0.5017647058823529 0.8572727272727273 0.042352941176470586 0.04
1 0.6408823529411765 0.5225 0.09588235294117647 0.03227272727272727
1 0.6102941176470589 0.6197727272727273 0.06647058823529411 0.028636363636363637
1 0.37823529411764706 0.3665909090909091 0.13411764705882354 0.03681818181818182
1 0.5223529411764706 0.7240909090909091 0.03411764705882353 0.035454545454545454
1 0.11411764705882353 0.6063636363636363 0.09058823529411765 0.03909090909090909
1 0.6788235294117647 0.9245454545454546 0.06235294117647059 0.03909090909090909
1 0.3373529411764706 0.8575 0.057058823529411766 0.04045454545454545
1 0.3679411764705882 0.45386363636363636 0.1111764705882353 0.03590909090909091
1 0.7114705882352941 0.5704545454545454 0.033529411764705884 0.03363636363636364
1 0.5441176470588235 0.40863636363636363 0.11411764705882353 0.03
1 0.5526470588235294 0.4547727272727273 0.06529411764705882 0.022272727272727274
1 0.5102941176470588 0.46090909090909093 0.022941176470588236 0.031818181818181815
1 0.6135294117647059 0.5718181818181818 0.16705882352941176 0.03363636363636364
1 0.4376470588235294 0.6906818181818182 0.02823529411764706 0.03318181818181818
1 0.43058823529411766 0.7825 0.02823529411764706 0.030454545454545453
1 0.5641176470588235 0.6243181818181818 0.03764705882352941 0.031363636363636364
1 0.6191176470588236 0.4075 0.028823529411764706 0.03318181818181818
1 0.6108823529411764 0.37068181818181817 0.033529411764705884 0.035
1 0.3035294117647059 0.03772727272727273 0.042352941176470586 0.03636363636363636