1 0.4138235294117647 0.6815909090909091 0.21588235294117647 0.038636363636363635
1 0.7576470588235295 0.8652272727272727 0.06470588235294118 0.053181818181818184
1 0.8476470588235294 0.9286363636363636 0.06588235294117648 0.04
1 0.5711764705882353 0.6136363636363636 0.1952941176470588 0.03727272727272727
1 0.41323529411764703 0.9277272727272727 0.06529411764705882 0.03909090909090909
1 0.8488235294117648 0.8615909090909091 0.06 0.03954545454545454
1 0.3864705882352941 0.6125 0.16941176470588235 0.038636363636363635
1 0.5017647058823529 0.41409090909090907 0.029411764705882353 0.034545454545454546
1 0.6838235294117647 0.7695454545454545 0.10294117647058823 0.03272727272727273
1 0.3811764705882353 0.4565909090909091 0.12823529411764706 0.03590909090909091
1 0.6444117647058824 0.6884090909090909 0.20176470588235293 0.04045454545454545
1 0.41411764705882353 0.7275 0.22588235294117648 0.03409090909090909
1 0.3935294117647059 0.41204545454545455 0.16117647058823528 0.03590909090909091
1 0.11323529411764706 0.6829545454545455 0.09941176470588235 0.04045454545454545
1 0.10970588235294118 0.3659090909090909 0.06764705882352941 0.035454545454545454
1 0.10705882352941176 0.4527272727272727 0.06470588235294118 0.035454545454545454
1 0.6370588235294118 0.7293181818181819 0.1988235294117647 0.030454545454545453
1 0.155 0.9231818181818182 0.06294117647058824 0.04
1 0.3247058823529412 0.9281818181818182 0.06235294117647059 0.04
1 0.1588235294117647 0.8554545454545455 0.058823529411764705 0.038181818181818185
1 0.4123529411764706 0.5272727272727272 0.23176470588235293 0.04363636363636364
1 0.10352941176470588 0.5238636363636363 0.09529411764705882 0.03590909090909091
1 0.23911764705882352 0.8586363636363636 0.05823529411764706 0.04090909090909091
1 0.24029411764705882 0.9256818181818182 0.05941176470588235 0.03954545454545454
1 0.3708823529411765 0.7672727272727272 0.13941176470588235 0.035454545454545454
1 0.7588235294117647 0.9363636363636364 0.06470588235294118 0.05454545454545454
1 0.5217647058823529 0.7720454545454546 0.14705882352941177 0.038636363636363635
1 0.6541176470588236 0.3775 0.12352941176470589 0.03409090909090909
1 0.575 0.41454545454545455 0.10764705882352942 0.034545454545454546
1 0.46705882352941175 0.45704545454545453 0.03294117647058824 0.03409090909090909
1 0.4152941176470588 0.8602272727272727 0.05647058823529412 0.038636363636363635
1 0.5861764705882353 0.9265909090909091 0.060588235294117644 0.041363636363636366
1 0.10647058823529412 0.5663636363636364 0.1011764705882353 0.03727272727272727
1 0.6761764705882353 0.5293181818181818 0.28294117647058825 0.04318181818181818
1 0.5882352941176471 0.8595454545454545 0.05647058823529412 0.04181818181818182
1 0.10470588235294118 0.40795454545454546 0.06823529411764706 0.03772727272727273
1 0.5547058823529412 0.03931818181818182 0.08588235294117647 0.022272727272727274
1 0.4988235294117647 0.9356818181818182 0.06941176470588235 0.05045454545454545
1 0.8735294117647059 0.6893181818181818 0.12705882352941175 0.04045454545454545
1 0.6711764705882353 0.8597727272727272 0.05764705882352941 0.041363636363636366
1 0.5544117647058824 0.38545454545454544 0.05941176470588235 0.04363636363636364
1 0.8458823529411764 0.7336363636363636 0.13647058823529412 0.03090909090909091
1 0.11029411764705882 0.7643181818181818 0.09941176470588235 0.03590909090909091
1 0.10764705882352942 0.7245454545454545 0.09647058823529411 0.03727272727272727
1 0.5367647058823529 0.4556818181818182 0.09705882352941177 0.03409090909090909
1 0.6158823529411764 0.7713636363636364 0.029411764705882353 0.035454545454545454
1 0.49676470588235294 0.8686363636363637 0.05823529411764706 0.05272727272727273
1 0.75 0.5734090909090909 0.33294117647058824 0.03954545454545454
1 0.40441176470588236 0.36886363636363634 0.21235294117647058 0.03772727272727273
1 0.10705882352941176 0.6106818181818182 0.10352941176470588 0.03954545454545454
1 0.6747058823529412 0.9275 0.06 0.03954545454545454
1 0.33029411764705885 0.8581818181818182 0.05823529411764706 0.03909090909090909
1 0.43970588235294117 0.5729545454545455 0.2723529411764706 0.03681818181818182
1 0.7744117647058824 0.7022727272727273 0.05941176470588235 0.04454545454545455
1 0.30264705882352944 0.035 0.04294117647058823 0.028181818181818183
1 0.7605882352941177 0.7352272727272727 0.03882352941176471 0.02772727272727273