1 0.4561764705882353 0.7270454545454546 0.29823529411764704 0.03681818181818182
1 0.523235294117647 0.6856818181818182 0.03 0.03409090909090909
1 0.38382352941176473 0.4127272727272727 0.15705882352941178 0.03909090909090909
1 0.7626470588235295 0.8579545454545454 0.054705882352941174 0.03772727272727273
1 0.8441176470588235 0.9306818181818182 0.04470588235294118 0.03772727272727273
1 0.905 0.37613636363636366 0.07 0.03318181818181818
1 0.535 0.6122727272727273 0.13352941176470587 0.034545454545454546
1 0.41352941176470587 0.9304545454545454 0.04 0.035454545454545454
1 0.4814705882352941 0.5302272727272728 0.08647058823529412 0.03590909090909091
1 0.38088235294117645 0.6138636363636364 0.1535294117647059 0.035
1 0.6094117647058823 0.7709090909090909 0.09058823529411765 0.03272727272727273
1 0.3588235294117647 0.6872727272727273 0.11176470588235295 0.03909090909090909
1 0.7973529411764706 0.37522727272727274 0.08294117647058824 0.03318181818181818
1 0.11176470588235295 0.6820454545454545 0.08941176470588236 0.03772727272727273
1 0.10264705882352941 0.4556818181818182 0.08176470588235295 0.038636363636363635
1 0.4858823529411765 0.7731818181818182 0.08941176470588236 0.03363636363636364
1 0.1564705882352941 0.9306818181818182 0.04823529411764706 0.03681818181818182
1 0.3323529411764706 0.9295454545454546 0.05058823529411765 0.034545454545454546
1 0.1561764705882353 0.86 0.05235294117647059 0.03909090909090909
1 0.7038235294117647 0.7284090909090909 0.1888235294117647 0.03772727272727273
1 0.10352941176470588 0.5229545454545454 0.07882352941176471 0.035
1 0.8573529411764705 0.37795454545454543 0.03235294117647059 0.031363636363636364
1 0.2426470588235294 0.8590909090909091 0.045294117647058825 0.038181818181818185
1 0.24205882352941177 0.9286363636363636 0.04294117647058823 0.03636363636363636
1 0.37058823529411766 0.7738636363636363 0.13058823529411764 0.03409090909090909
1 0.7588235294117647 0.928409090909091 0.042352941176470586 0.038636363636363635
1 0.3123529411764706 0.03659090909090909 0.047058823529411764 0.023181818181818182
1 0.7008823529411765 0.41613636363636364 0.028823529411764706 0.03318181818181818
1 0.5770588235294117 0.415 0.1952941176470588 0.034545454545454546
1 0.4152941176470588 0.8588636363636364 0.042352941176470586 0.03954545454545454
1 0.3720588235294118 0.5295454545454545 0.13352941176470587 0.03636363636363636
1 0.4520588235294118 0.5693181818181818 0.29705882352941176 0.04409090909090909
1 0.45705882352941174 0.455 0.10823529411764705 0.035454545454545454
1 0.5902941176470589 0.8584090909090909 0.05588235294117647 0.038636363636363635
1 0.1011764705882353 0.5665909090909091 0.07411764705882352 0.03590909090909091
1 0.591764705882353 0.4552272727272727 0.09294117647058824 0.03318181818181818
1 0.7911764705882353 0.4147727272727273 0.15764705882352942 0.038636363636363635
1 0.8232352941176471 0.7295454545454545 0.028823529411764706 0.03272727272727273
1 0.5047058823529412 0.9290909090909091 0.04588235294117647 0.03727272727272727
1 0.678235294117647 0.8595454545454545 0.05529411764705883 0.03727272727272727
1 0.9055882352941177 0.7275 0.12764705882352942 0.03954545454545454
1 0.3564705882352941 0.45227272727272727 0.10235294117647059 0.03636363636363636
1 0.11676470588235294 0.7684090909090909 0.09470588235294118 0.038636363636363635
1 0.11411764705882353 0.7268181818181818 0.08588235294117647 0.038181818181818185
1 0.7194117647058823 0.37545454545454543 0.07764705882352942 0.03272727272727273
1 0.5788235294117647 0.6852272727272727 0.07647058823529412 0.03318181818181818
1 0.5014705882352941 0.8602272727272727 0.04176470588235294 0.03772727272727273
1 0.10205882352941177 0.6081818181818182 0.07941176470588235 0.03727272727272727
1 0.6720588235294118 0.9286363636363636 0.045294117647058825 0.03727272727272727
1 0.3323529411764706 0.8602272727272727 0.05176470588235294 0.038636363636363635
1 0.7138235294117647 0.5709090909090909 0.22058823529411764 0.03909090909090909
1 0.5297058823529411 0.46045454545454545 0.03 0.02727272727272727
1 0.4626470588235294 0.6870454545454545 0.09 0.03318181818181818
1 0.591764705882353 0.9368181818181818 0.05647058823529412 0.026363636363636363
1 0.8470588235294118 0.8604545454545455 0.041176470588235294 0.03636363636363636