1 0.33647058823529413 0.6170454545454546 0.06823529411764706 0.02772727272727273
1 0.7594117647058823 0.8584090909090909 0.05764705882352941 0.03954545454545454
1 0.8538235294117648 0.9263636363636364 0.07588235294117647 0.04181818181818182
1 0.5679411764705883 0.730909090909091 0.12176470588235294 0.034545454545454546
1 0.4117647058823529 0.9265909090909091 0.05529411764705883 0.03954545454545454
1 0.5002941176470588 0.5268181818181819 0.05235294117647059 0.03636363636363636
1 0.3585294117647059 0.5768181818181818 0.1264705882352941 0.035454545454545454
1 0.4497058823529412 0.535 0.03235294117647059 0.035454545454545454
1 0.3788235294117647 0.41613636363636364 0.15411764705882353 0.031363636363636364
1 0.6438235294117647 0.6929545454545455 0.03 0.035
1 0.40205882352941175 0.725 0.20176470588235293 0.03727272727272727
1 0.11588235294117646 0.6781818181818182 0.07294117647058823 0.034545454545454546
1 0.39205882352941174 0.6825 0.17941176470588235 0.03590909090909091
1 0.7076470588235294 0.6852272727272727 0.07882352941176471 0.03681818181818182
1 0.10764705882352942 0.36227272727272725 0.06705882352941177 0.03636363636363636
1 0.10441176470588236 0.44522727272727275 0.07352941176470588 0.03681818181818182
1 0.47911764705882354 0.7743181818181818 0.08176470588235295 0.03227272727272727
1 0.1564705882352941 0.9236363636363636 0.06235294117647059 0.042727272727272725
1 0.7188235294117648 0.7288636363636364 0.10352941176470588 0.03409090909090909
1 0.33029411764705885 0.923409090909091 0.06647058823529411 0.04045454545454545
1 0.15176470588235294 0.8552272727272727 0.05647058823529412 0.042272727272727274
1 0.10911764705882353 0.5222727272727272 0.06294117647058824 0.03636363636363636
1 0.6491176470588236 0.7281818181818182 0.028823529411764706 0.035454545454545454
1 0.24441176470588236 0.8554545454545455 0.054705882352941174 0.04090909090909091
1 0.24941176470588236 0.9252272727272727 0.06941176470588235 0.041363636363636366
1 0.3635294117647059 0.7720454545454546 0.12823529411764706 0.03409090909090909
1 0.7658823529411765 0.9261363636363636 0.07529411764705882 0.042272727272727274
1 0.5373529411764706 0.7743181818181818 0.027647058823529413 0.03227272727272727
1 0.5844117647058824 0.3693181818181818 0.19117647058823528 0.03772727272727273
1 0.5741176470588235 0.41204545454545455 0.18941176470588236 0.03772727272727273
1 0.41852941176470587 0.8572727272727273 0.061764705882352944 0.04090909090909091
1 0.59 0.9247727272727273 0.07176470588235294 0.03954545454545454
1 0.4811764705882353 0.5731818181818182 0.06470588235294118 0.031818181818181815
1 0.5902941176470589 0.8636363636363636 0.06411764705882353 0.04090909090909091
1 0.1011764705882353 0.4031818181818182 0.06588235294117648 0.03636363636363636
1 0.1111764705882353 0.5652272727272727 0.06235294117647059 0.035
1 0.5620588235294117 0.03840909090909091 0.0888235294117647 0.022272727272727274
1 0.5038235294117647 0.9240909090909091 0.07352941176470588 0.04090909090909091
1 0.8405882352941176 0.8645454545454545 0.06235294117647059 0.04
1 0.6820588235294117 0.8572727272727273 0.0711764705882353 0.03909090909090909
1 0.3638235294117647 0.5318181818181819 0.12411764705882353 0.04
1 0.11 0.7647727272727273 0.06823529411764706 0.035
1 0.11382352941176471 0.7229545454545454 0.06764705882352941 0.035
1 0.5014705882352941 0.455 0.12058823529411765 0.034545454545454546
1 0.5061764705882353 0.8572727272727273 0.06529411764705882 0.03909090909090909
1 0.5588235294117647 0.6838636363636363 0.10823529411764705 0.03590909090909091
1 0.3947058823529412 0.3663636363636364 0.18 0.038181818181818185
1 0.11088235294117647 0.6045454545454545 0.06294117647058824 0.03727272727272727
1 0.6817647058823529 0.9252272727272727 0.07294117647058823 0.04045454545454545
1 0.3285294117647059 0.8572727272727273 0.05941176470588235 0.04
1 0.30617647058823527 0.03272727272727273 0.033529411764705884 0.02727272727272727
1 0.365 0.4625 0.12176470588235294 0.026818181818181817
1 0.3885294117647059 0.6218181818181818 0.017058823529411765 0.017272727272727273
1 0.43676470588235294 0.5811363636363637 0.02176470588235294 0.025
1 0.42264705882352943 0.6218181818181818 0.0488235294117647 0.025454545454545455
1 0.5841176470588235 0.7818181818181819 0.058823529411764705 0.026363636363636363