1 0.4152941176470588 0.6804545454545454 0.21411764705882352 0.04181818181818182
1 0.7670588235294118 0.855909090909091 0.06 0.045454545454545456
1 0.8508823529411764 0.9256818181818182 0.05352941176470588 0.04681818181818182
1 0.415 0.9272727272727272 0.051176470588235295 0.04
1 0.5626470588235294 0.5288636363636363 0.12176470588235294 0.03681818181818182
1 0.8523529411764705 0.8556818181818182 0.06235294117647059 0.042272727272727274
1 0.38 0.6136363636363636 0.14823529411764705 0.042727272727272725
1 0.4126470588235294 0.4097727272727273 0.21588235294117647 0.03772727272727273
1 0.09058823529411765 0.6806818181818182 0.06705882352941177 0.03681818181818182
1 0.08588235294117647 0.4515909090909091 0.06823529411764706 0.03772727272727273
1 0.4491176470588235 0.7234090909090909 0.27588235294117647 0.038636363636363635
1 0.16705882352941176 0.9270454545454545 0.058823529411764705 0.03772727272727273
1 0.33647058823529413 0.9279545454545455 0.06705882352941177 0.03954545454545454
1 0.15676470588235294 0.8597727272727272 0.045294117647058825 0.04045454545454545
1 0.7308823529411764 0.7684090909090909 0.06411764705882353 0.03681818181818182
1 0.39176470588235296 0.5220454545454546 0.16117647058823528 0.038636363636363635
1 0.08176470588235295 0.5277272727272727 0.07176470588235294 0.03727272727272727
1 0.6794117647058824 0.7220454545454545 0.1988235294117647 0.03681818181818182
1 0.24823529411764705 0.8581818181818182 0.05764705882352941 0.04181818181818182
1 0.25029411764705883 0.9270454545454545 0.06294117647058824 0.03954545454545454
1 0.40352941176470586 0.7706818181818181 0.19058823529411764 0.03590909090909091
1 0.7670588235294118 0.9229545454545455 0.06705882352941177 0.04409090909090909
1 0.586764705882353 0.7693181818181818 0.14176470588235293 0.03590909090909091
1 0.6314705882352941 0.46204545454545454 0.07 0.025
1 0.6208823529411764 0.3684090909090909 0.03705882352941176 0.03409090909090909
1 0.5326470588235294 0.36704545454545456 0.1264705882352941 0.03772727272727273
1 0.42264705882352943 0.86 0.05941176470588235 0.04181818181818182
1 0.5929411764705882 0.9336363636363636 0.058823529411764705 0.06181818181818182
1 0.08794117647058823 0.36977272727272725 0.07 0.03590909090909091
1 0.44058823529411767 0.5679545454545455 0.26235294117647057 0.05136363636363636
1 0.596764705882353 0.8570454545454546 0.06411764705882353 0.045
1 0.5926470588235294 0.40795454545454546 0.14294117647058824 0.03681818181818182
1 0.76 0.40613636363636363 0.09529411764705882 0.035
1 0.7170588235294117 0.6884090909090909 0.03882352941176471 0.03590909090909091
1 0.5058823529411764 0.9281818181818182 0.05411764705882353 0.046363636363636364
1 0.6817647058823529 0.8554545454545455 0.06588235294117648 0.04454545454545455
1 0.6858823529411765 0.3663636363636364 0.08 0.03272727272727273
1 0.8697058823529412 0.7218181818181818 0.10294117647058823 0.035454545454545454
1 0.3814705882352941 0.45045454545454544 0.15 0.03909090909090909
1 0.09117647058823529 0.7725 0.06 0.03590909090909091
1 0.09352941176470589 0.7252272727272727 0.06941176470588235 0.03681818181818182
1 0.6955882352941176 0.4077272727272727 0.027647058823529413 0.03636363636363636
1 0.5185294117647059 0.4527272727272727 0.09941176470588235 0.03636363636363636
1 0.5114705882352941 0.8584090909090909 0.060588235294117644 0.04409090909090909
1 0.6070588235294118 0.68 0.17411764705882352 0.04
1 0.3891176470588235 0.36886363636363634 0.16294117647058823 0.03954545454545454
1 0.5123529411764706 0.6118181818181818 0.09647058823529411 0.03272727272727273
1 0.08676470588235294 0.6152272727272727 0.06647058823529411 0.03772727272727273
1 0.6841176470588235 0.923409090909091 0.06823529411764706 0.042272727272727274
1 0.33794117647058824 0.8590909090909091 0.06647058823529411 0.04181818181818182
1 0.6517647058823529 0.5640909090909091 0.16588235294117648 0.03909090909090909
1 0.7861764705882353 0.68 0.08294117647058824 0.038181818181818185
1 0.2697058823529412 0.03568181818181818 0.03588235294117647 0.02772727272727273
1 0.31882352941176473 0.03704545454545455 0.05764705882352941 0.02409090909090909
1 0.5617647058823529 0.034545454545454546 0.13058823529411764 0.02727272727272727
1 0.08735294117647059 0.41363636363636364 0.07470588235294118 0.04181818181818182
1 0.5841176470588235 0.46295454545454545 0.02 0.025
1 0.085 0.5709090909090909 0.07823529411764706 0.034545454545454546
1 0.6788235294117647 0.7779545454545455 0.03058823529411765 0.035
1 0.7858823529411765 0.7245454545454545 0.03764705882352941 0.042727272727272725