1 0.3991176470588235 0.6818181818181818 0.1935294117647059 0.03090909090909091
1 0.5844117647058824 0.685 0.16294117647058823 0.026363636363636363
1 0.7594117647058823 0.8606818181818182 0.07647058823529412 0.04045454545454545
1 0.845 0.9254545454545454 0.07705882352941176 0.04090909090909091
1 0.4123529411764706 0.9220454545454545 0.07058823529411765 0.04045454545454545
1 0.85 0.8552272727272727 0.08 0.042272727272727274
1 0.39029411764705885 0.6154545454545455 0.1935294117647059 0.02909090909090909
1 0.658235294117647 0.775 0.08823529411764706 0.024545454545454544
1 0.6861764705882353 0.6956818181818182 0.03470588235294118 0.03318181818181818
1 0.40852941176470586 0.7220454545454545 0.22058823529411764 0.03681818181818182
1 0.3432352941176471 0.03568181818181818 0.09470588235294118 0.021363636363636362
1 0.4188235294117647 0.4093181818181818 0.23058823529411765 0.041363636363636366
1 0.09588235294117647 0.6777272727272727 0.06823529411764706 0.034545454545454546
1 0.09676470588235295 0.4486363636363636 0.07941176470588235 0.034545454545454546
1 0.10558823529411765 0.36272727272727273 0.08411764705882353 0.03363636363636364
1 0.5020588235294118 0.8561363636363636 0.06764705882352941 0.04045454545454545
1 0.6108823529411764 0.73 0.1711764705882353 0.02
1 0.16058823529411764 0.9204545454545454 0.07882352941176471 0.042727272727272725
1 0.8038235294117647 0.7263636363636363 0.13588235294117648 0.034545454545454546
1 0.3241176470588235 0.9218181818181819 0.06235294117647059 0.04090909090909091
1 0.15823529411764706 0.8538636363636364 0.06823529411764706 0.04045454545454545
1 0.7108823529411765 0.7275 0.03588235294117647 0.03227272727272727
1 0.41970588235294115 0.5197727272727273 0.23352941176470587 0.038636363636363635
1 0.095 0.5195454545454545 0.07705882352941176 0.034545454545454546
1 0.2411764705882353 0.8547727272727272 0.0611764705882353 0.042272727272727274
1 0.24294117647058824 0.9204545454545454 0.06823529411764706 0.04090909090909091
1 0.758235294117647 0.9247727272727273 0.07058823529411765 0.04045454545454545
1 0.5935294117647059 0.7804545454545454 0.03411764705882353 0.028181818181818183
1 0.6502941176470588 0.4134090909090909 0.21470588235294116 0.03772727272727273
1 0.41823529411764704 0.855909090909091 0.07294117647058823 0.04181818181818182
1 0.5885294117647059 0.9229545454545455 0.06529411764705882 0.04045454545454545
1 0.08970588235294118 0.5663636363636364 0.06764705882352941 0.03272727272727273
1 0.4335294117647059 0.5672727272727273 0.26588235294117646 0.03909090909090909
1 0.5891176470588235 0.8543181818181819 0.07235294117647059 0.04045454545454545
1 0.10058823529411764 0.40386363636363637 0.08352941176470588 0.035
1 0.5835294117647059 0.3675 0.17411764705882352 0.03772727272727273
1 0.5017647058823529 0.9265909090909091 0.07411764705882352 0.04045454545454545
1 0.6770588235294117 0.8588636363636364 0.08588235294117647 0.04409090909090909
1 0.3835294117647059 0.45636363636363636 0.16 0.028181818181818183
1 0.09058823529411765 0.7625 0.06588235294117648 0.03409090909090909
1 0.09323529411764706 0.7211363636363637 0.0688235294117647 0.03409090909090909
1 0.5279411764705882 0.4509090909090909 0.12058823529411765 0.034545454545454546
1 0.6320588235294118 0.5234090909090909 0.13352941176470587 0.03409090909090909
1 0.39029411764705885 0.3643181818181818 0.17588235294117646 0.03681818181818182
1 0.5452941176470588 0.6181818181818182 0.10352941176470588 0.026363636363636363
1 0.08735294117647059 0.6040909090909091 0.0688235294117647 0.035454545454545454
1 0.6729411764705883 0.9256818181818182 0.07411764705882352 0.045909090909090906
1 0.32529411764705884 0.8534090909090909 0.0611764705882353 0.04045454545454545
1 0.6514705882352941 0.5693181818181818 0.14529411764705882 0.03409090909090909
1 0.7823529411764706 0.6893181818181818 0.13529411764705881 0.023181818181818182
1 0.28 0.0325 0.036470588235294116 0.026818181818181817
1 0.5552941176470588 0.03386363636363637 0.11176470588235295 0.031363636363636364
1 0.5061764705882353 0.7786363636363637 0.13 0.024545454545454544
1 0.3629411764705882 0.7725 0.15176470588235294 0.029545454545454545