1 0.38676470588235295 0.6795454545454546 0.17352941176470588 0.03909090909090909
1 0.5085294117647059 0.6884090909090909 0.03705882352941176 0.03590909090909091
1 0.7608823529411765 0.8590909090909091 0.06411764705882353 0.04
1 0.8455882352941176 0.9277272727272727 0.0711764705882353 0.04
1 0.5623529411764706 0.6122727272727273 0.14705882352941177 0.035454545454545454
1 0.4061764705882353 0.925 0.054705882352941174 0.04
1 0.8438235294117648 0.8593181818181819 0.06529411764705882 0.041363636363636366
1 0.38529411764705884 0.6093181818181819 0.16823529411764707 0.035
1 0.6714705882352942 0.8575 0.04294117647058823 0.03954545454545454
1 0.4023529411764706 0.4561363636363636 0.1952941176470588 0.038636363636363635
1 0.6620588235294118 0.6138636363636364 0.025294117647058825 0.03227272727272727
1 0.38235294117647056 0.7231818181818181 0.16823529411764707 0.03909090909090909
1 0.4173529411764706 0.4125 0.23705882352941177 0.03590909090909091
1 0.0988235294117647 0.6790909090909091 0.06470588235294118 0.03727272727272727
1 0.095 0.4470454545454545 0.07588235294117647 0.03681818181818182
1 0.10352941176470588 0.3638636363636364 0.08588235294117647 0.03590909090909091
1 0.4811764705882353 0.7743181818181818 0.03294117647058824 0.03590909090909091
1 0.5961764705882353 0.7263636363636363 0.10882352941176471 0.03636363636363636
1 0.1535294117647059 0.9240909090909091 0.05647058823529412 0.04181818181818182
1 0.32676470588235296 0.9238636363636363 0.05823529411764706 0.03954545454545454
1 0.1561764705882353 0.8556818181818182 0.05941176470588235 0.04045454545454545
1 0.7458823529411764 0.6147727272727272 0.10235294117647059 0.03318181818181818
1 0.40558823529411764 0.524090909090909 0.21470588235294116 0.04090909090909091
1 0.10029411764705883 0.5209090909090909 0.07470588235294118 0.034545454545454546
1 0.23941176470588235 0.8570454545454546 0.05529411764705883 0.03772727272727273
1 0.23794117647058824 0.9245454545454546 0.054705882352941174 0.03909090909090909
1 0.36823529411764705 0.7713636363636364 0.1388235294117647 0.035454545454545454
1 0.7591176470588236 0.9263636363636364 0.0688235294117647 0.03909090909090909
1 0.305 0.03318181818181818 0.045294117647058825 0.01818181818181818
1 0.5614705882352942 0.7722727272727272 0.09117647058823529 0.03272727272727273
1 0.6217647058823529 0.4084090909090909 0.10470588235294118 0.03590909090909091
1 0.6182352941176471 0.3704545454545455 0.11647058823529412 0.03636363636363636
1 0.40941176470588236 0.8584090909090909 0.05647058823529412 0.038636363636363635
1 0.5811764705882353 0.9256818181818182 0.05058823529411765 0.03954545454545454
1 0.405 0.5677272727272727 0.20529411764705882 0.038181818181818185
1 0.5823529411764706 0.8613636363636363 0.03882352941176471 0.04
1 0.09970588235294117 0.4056818181818182 0.0888235294117647 0.03681818181818182
1 0.10058823529411764 0.5654545454545454 0.07882352941176471 0.035454545454545454
1 0.6241176470588236 0.5670454545454545 0.18941176470588236 0.038636363636363635
1 0.5755882352941176 0.03931818181818182 0.1111764705882353 0.025
1 0.6188235294117647 0.5256818181818181 0.1776470588235294 0.03954545454545454
1 0.49941176470588233 0.9256818181818182 0.05176470588235294 0.03954545454545454
1 0.8358823529411765 0.5697727272727273 0.11529411764705882 0.03772727272727273
1 0.095 0.7638636363636364 0.06411764705882353 0.03590909090909091
1 0.09676470588235295 0.7236363636363636 0.06647058823529411 0.03636363636363636
1 0.7370588235294118 0.5311363636363636 0.02823529411764706 0.03227272727272727
1 0.5579411764705883 0.45704545454545453 0.07705882352941176 0.03318181818181818
1 0.4979411764705882 0.8584090909090909 0.057058823529411766 0.038636363636363635
1 0.8147058823529412 0.5265909090909091 0.11058823529411765 0.03681818181818182
1 0.5902941176470589 0.6804545454545454 0.10764705882352942 0.03636363636363636
1 0.41558823529411765 0.36568181818181816 0.22647058823529412 0.038636363636363635
1 0.5076470588235295 0.7236363636363636 0.03529411764705882 0.034545454545454546
1 0.0976470588235294 0.6065909090909091 0.07882352941176471 0.03590909090909091
1 0.6708823529411765 0.9279545454545455 0.0488235294117647 0.04318181818181818
1 0.33176470588235296 0.8568181818181818 0.06 0.038181818181818185
1 0.7547058823529412 0.5738636363636364 0.03058823529411765 0.03590909090909091