1 0.39794117647058824 0.6811363636363637 0.1864705882352941 0.03772727272727273
1 0.58 0.6827272727272727 0.11647058823529412 0.03363636363636364
1 0.7664705882352941 0.8575 0.06941176470588235 0.041363636363636366
1 0.846764705882353 0.9277272727272727 0.060588235294117644 0.04
1 0.4173529411764706 0.9263636363636364 0.05352941176470588 0.03636363636363636
1 0.5288235294117647 0.5272727272727272 0.11294117647058824 0.035454545454545454
1 0.37411764705882355 0.6120454545454546 0.1423529411764706 0.03590909090909091
1 0.6544117647058824 0.7720454545454546 0.07235294117647059 0.03227272727272727
1 0.6611764705882353 0.6859090909090909 0.03294117647058824 0.034545454545454546
1 0.39676470588235296 0.7256818181818182 0.18411764705882352 0.03590909090909091
1 0.7026470588235294 0.5254545454545455 0.10764705882352942 0.031818181818181815
1 0.3720588235294118 0.4109090909090909 0.14411764705882352 0.034545454545454546
1 0.0961764705882353 0.6822727272727273 0.07352941176470588 0.03636363636363636
1 0.08823529411764706 0.45227272727272727 0.07176470588235294 0.034545454545454546
1 0.09 0.5265909090909091 0.07764705882352942 0.03318181818181818
1 0.10264705882352941 0.36727272727272725 0.07823529411764706 0.03363636363636364
1 0.5308823529411765 0.7727272727272727 0.08294117647058824 0.034545454545454546
1 0.1585294117647059 0.9270454545454545 0.060588235294117644 0.03954545454545454
1 0.7352941176470589 0.6847727272727273 0.08470588235294117 0.03227272727272727
1 0.33176470588235296 0.9254545454545454 0.058823529411764705 0.038181818181818185
1 0.15441176470588236 0.8588636363636364 0.05823529411764706 0.03954545454545454
1 0.6870588235294117 0.7297727272727272 0.06941176470588235 0.03409090909090909
1 0.24588235294117647 0.8575 0.06 0.038636363636363635
1 0.6197058823529412 0.5318181818181819 0.027647058823529413 0.03272727272727273
1 0.24970588235294117 0.9263636363636364 0.06647058823529411 0.03909090909090909
1 0.3897058823529412 0.7702272727272728 0.17 0.03227272727272727
1 0.7602941176470588 0.9277272727272727 0.054705882352941174 0.03909090909090909
1 0.2958823529411765 0.03931818181818182 0.03764705882352941 0.023181818181818182
1 0.55 0.7277272727272728 0.1011764705882353 0.031818181818181815
1 0.6514705882352941 0.4097727272727273 0.08058823529411764 0.029545454545454545
1 0.6402941176470588 0.36704545454545456 0.07823529411764706 0.03318181818181818
1 0.5032352941176471 0.3663636363636364 0.1111764705882353 0.03636363636363636
1 0.41970588235294115 0.8575 0.060588235294117644 0.03954545454545454
1 0.5844117647058824 0.925 0.0488235294117647 0.038181818181818185
1 0.38441176470588234 0.5277272727272727 0.14882352941176472 0.03636363636363636
1 0.5729411764705883 0.4618181818181818 0.03176470588235294 0.024545454545454544
1 0.49941176470588233 0.45704545454545453 0.10941176470588235 0.026818181818181817
1 0.5905882352941176 0.8575 0.0611764705882353 0.038636363636363635
1 0.09470588235294118 0.4090909090909091 0.07647058823529412 0.035454545454545454
1 0.5470588235294118 0.038863636363636364 0.10588235294117647 0.023181818181818182
1 0.6979411764705883 0.5702272727272727 0.09352941176470589 0.03227272727272727
1 0.5038235294117647 0.9265909090909091 0.05941176470588235 0.038636363636363635
1 0.8497058823529412 0.8575 0.06529411764705882 0.04045454545454545
1 0.6767647058823529 0.8543181818181819 0.06411764705882353 0.03954545454545454
1 0.5802941176470588 0.3725 0.03235294117647059 0.03318181818181818
1 0.3847058823529412 0.5688636363636363 0.1623529411764706 0.035
1 0.09205882352941176 0.7681818181818182 0.0688235294117647 0.034545454545454546
1 0.09264705882352942 0.7240909090909091 0.07352941176470588 0.034545454545454546
1 0.5047058823529412 0.8579545454545454 0.05647058823529412 0.041363636363636366
1 0.5973529411764706 0.6102272727272727 0.03 0.03772727272727273
1 0.5161764705882353 0.6115909090909091 0.10764705882352942 0.035
1 0.08529411764705883 0.6129545454545454 0.06941176470588235 0.035
1 0.6723529411764706 0.9252272727272727 0.06470588235294118 0.03954545454545454
1 0.3326470588235294 0.8565909090909091 0.057058823529411766 0.03772727272727273
1 0.3708823529411765 0.36613636363636365 0.1288235294117647 0.03681818181818182
1 0.6641176470588235 0.6127272727272727 0.1 0.03272727272727273
1 0.5152941176470588 0.4106818181818182 0.10823529411764705 0.03227272727272727
1 0.5914705882352941 0.4109090909090909 0.026470588235294117 0.02181818181818182
1 0.6311764705882353 0.45795454545454545 0.06705882352941177 0.022272727272727274
1 0.36764705882352944 0.4572727272727273 0.1388235294117647 0.03363636363636364
1 0.09147058823529412 0.5727272727272728 0.0688235294117647 0.02909090909090909
1 0.5541176470588235 0.5702272727272727 0.12941176470588237 0.030454545454545453
1 0.6341176470588236 0.5734090909090909 0.024705882352941175 0.026818181818181817
1 0.6023529411764705 0.7806818181818181 0.029411764705882353 0.026818181818181817
1 0.6320588235294118 0.7318181818181818 0.03470588235294118 0.025454545454545455