1 0.3835294117647059 0.6788636363636363 0.14941176470588236 0.03590909090909091
1 0.35911764705882354 0.5193181818181818 0.09588235294117647 0.03590909090909091
1 0.7564705882352941 0.8538636363636364 0.05176470588235294 0.03772727272727273
1 0.8405882352941176 0.9252272727272727 0.05411764705882353 0.035
1 0.4061764705882353 0.9202272727272728 0.04764705882352941 0.03590909090909091
1 0.47823529411764704 0.5622727272727273 0.03058823529411765 0.03272727272727273
1 0.36058823529411765 0.605909090909091 0.09647058823529411 0.03272727272727273
1 0.6691176470588235 0.8547727272727272 0.04764705882352941 0.03681818181818182
1 0.3552941176470588 0.44545454545454544 0.08352941176470588 0.03363636363636364
1 0.38058823529411767 0.7627272727272727 0.14941176470588236 0.035454545454545454
1 0.35764705882352943 0.4018181818181818 0.09411764705882353 0.034545454545454546
1 0.10294117647058823 0.44545454545454544 0.04352941176470588 0.03363636363636364
1 0.3841176470588235 0.7206818181818182 0.1623529411764706 0.035
1 0.11176470588235295 0.3629545454545455 0.047058823529411764 0.03590909090909091
1 0.14882352941176472 0.9197727272727273 0.05176470588235294 0.03772727272727273
1 0.3220588235294118 0.9190909090909091 0.051176470588235295 0.03727272727272727
1 0.1538235294117647 0.8525 0.05941176470588235 0.03681818181818182
1 0.10147058823529412 0.5581818181818182 0.060588235294117644 0.03363636363636364
1 0.5676470588235294 0.7213636363636363 0.17294117647058824 0.034545454545454546
1 0.23529411764705882 0.8527272727272728 0.047058823529411764 0.034545454545454546
1 0.23470588235294118 0.9197727272727273 0.04588235294117647 0.03681818181818182
1 0.755 0.9254545454545454 0.05235294117647059 0.03636363636363636
1 0.5361764705882353 0.764090909090909 0.1476470588235294 0.035454545454545454
1 0.41323529411764703 0.8545454545454545 0.054705882352941174 0.03363636363636364
1 0.3835294117647059 0.5654545454545454 0.14823529411764705 0.03636363636363636
1 0.4814705882352941 0.6072727272727273 0.060588235294117644 0.031818181818181815
1 0.5855882352941176 0.8568181818181818 0.051176470588235295 0.03909090909090909
1 0.10147058823529412 0.4022727272727273 0.04058823529411765 0.03636363636363636
1 0.09823529411764706 0.6718181818181819 0.07058823529411765 0.03272727272727273
1 0.545 0.5638636363636363 0.07352941176470588 0.03227272727272727
1 0.4914705882352941 0.9190909090909091 0.051176470588235295 0.038181818181818185
1 0.8391176470588235 0.8568181818181818 0.04411764705882353 0.03636363636363636
1 0.4811764705882353 0.5184090909090909 0.058823529411764705 0.03227272727272727
1 0.5464705882352942 0.6811363636363637 0.1423529411764706 0.035
1 0.09735294117647059 0.7595454545454545 0.07941176470588235 0.03363636363636364
1 0.09970588235294117 0.7161363636363637 0.07823529411764706 0.03318181818181818
1 0.5035294117647059 0.8552272727272727 0.04941176470588235 0.03590909090909091
1 0.3564705882352941 0.36477272727272725 0.09294117647058824 0.03590909090909091
1 0.10147058823529412 0.6045454545454545 0.06529411764705882 0.03272727272727273
1 0.67 0.9225 0.058823529411764705 0.03681818181818182
1 0.3214705882352941 0.8515909090909091 0.045294117647058825 0.035
1 0.3058823529411765 0.027954545454545454 0.047058823529411764 0.019545454545454546
1 0.5776470588235294 0.03409090909090909 0.12352941176470589 0.025454545454545455
1 0.4258823529411765 0.5245454545454545 0.02823529411764706 0.03272727272727273
1 0.4320588235294118 0.6152272727272727 0.025294117647058825 0.031363636363636364
1 0.10205882352941177 0.5204545454545455 0.051176470588235295 0.028181818181818183
1 0.59 0.9220454545454545 0.07529411764705882 0.030454545454545453