1 0.39558823529411763 0.6881818181818182 0.16058823529411764 0.038181818181818185
1 0.5085294117647059 0.6859090909090909 0.04058823529411765 0.03272727272727273
1 0.7641176470588236 0.8611363636363636 0.07294117647058823 0.03409090909090909
1 0.8455882352941176 0.9286363636363636 0.06764705882352941 0.034545454545454546
1 0.53 0.6147727272727272 0.08588235294117647 0.03227272727272727
1 0.4026470588235294 0.9265909090909091 0.05352941176470588 0.03954545454545454
1 0.3876470588235294 0.6122727272727273 0.17294117647058824 0.03727272727272727
1 0.4491176470588235 0.46090909090909093 0.03235294117647059 0.035454545454545454
1 0.38088235294117645 0.725909090909091 0.15823529411764706 0.038181818181818185
1 0.36911764705882355 0.45136363636363636 0.12176470588235294 0.035454545454545454
1 0.10176470588235294 0.6859090909090909 0.05411764705882353 0.035454545454545454
1 0.11058823529411765 0.3668181818181818 0.06 0.035454545454545454
1 0.10294117647058823 0.44977272727272727 0.05411764705882353 0.03681818181818182
1 0.48676470588235293 0.7745454545454545 0.05588235294117647 0.031818181818181815
1 0.5491176470588235 0.7293181818181819 0.08529411764705883 0.03318181818181818
1 0.14794117647058824 0.9270454545454545 0.05235294117647059 0.038636363636363635
1 0.32382352941176473 0.9275 0.05941176470588235 0.038636363636363635
1 0.14794117647058824 0.8586363636363636 0.05 0.038181818181818185
1 0.09970588235294117 0.5259090909090909 0.07352941176470588 0.035454545454545454
1 0.5988235294117648 0.6870454545454545 0.13058823529411764 0.035
1 0.576764705882353 0.5288636363636363 0.10411764705882352 0.03409090909090909
1 0.235 0.9270454545454545 0.057058823529411766 0.03954545454545454
1 0.3611764705882353 0.7713636363636364 0.12470588235294118 0.034545454545454546
1 0.7535294117647059 0.9270454545454545 0.05764705882352941 0.038636363636363635
1 0.5802941176470588 0.40704545454545454 0.08176470588235295 0.03409090909090909
1 0.41147058823529414 0.8611363636363636 0.057058823529411766 0.038636363636363635
1 0.5923529411764706 0.9290909090909091 0.06823529411764706 0.042727272727272725
1 0.40558823529411764 0.5279545454545455 0.21470588235294116 0.03772727272727273
1 0.43 0.5713636363636364 0.25176470588235295 0.03636363636363636
1 0.5905882352941176 0.8625 0.07058823529411765 0.03227272727272727
1 0.10823529411764705 0.4059090909090909 0.058823529411764705 0.03727272727272727
1 0.6285294117647059 0.5713636363636364 0.10176470588235294 0.034545454545454546
1 0.5547058823529412 0.04045454545454545 0.10352941176470588 0.014545454545454545
1 0.49823529411764705 0.9270454545454545 0.06588235294117648 0.03954545454545454
1 0.8464705882352941 0.8620454545454546 0.06823529411764706 0.03318181818181818
1 0.6747058823529412 0.8611363636363636 0.06235294117647059 0.03409090909090909
1 0.505 0.4134090909090909 0.03235294117647059 0.03681818181818182
1 0.10294117647058823 0.7713636363636364 0.05411764705882353 0.034545454545454546
1 0.10588235294117647 0.7288636363636364 0.05764705882352941 0.03409090909090909
1 0.49911764705882355 0.4556818181818182 0.06411764705882353 0.03227272727272727
1 0.5055882352941177 0.8625 0.08058823529411764 0.035
1 0.3761764705882353 0.3665909090909091 0.1288235294117647 0.03227272727272727
1 0.4808823529411765 0.7275 0.031176470588235295 0.03409090909090909
1 0.0961764705882353 0.6111363636363636 0.07470588235294118 0.03681818181818182
1 0.6726470588235294 0.9270454545454545 0.05823529411764706 0.038636363636363635
1 0.5267647058823529 0.3668181818181818 0.09 0.035454545454545454
1 0.32588235294117646 0.8604545454545455 0.06 0.03727272727272727
1 0.3973529411764706 0.41204545454545455 0.17352941176470588 0.03227272727272727
1 0.29294117647058826 0.034772727272727275 0.03882352941176471 0.023181818181818182
1 0.1011764705882353 0.5693181818181818 0.07411764705882352 0.035
1 0.43911764705882356 0.7727272727272727 0.028823529411764706 0.04363636363636364
1 0.23852941176470588 0.8618181818181818 0.06529411764705882 0.035454545454545454
1 0.4576470588235294 0.3715909090909091 0.03882352941176471 0.05045454545454545