1 0.39676470588235296 0.6852272727272727 0.17352941176470588 0.038636363636363635
1 0.7608823529411765 0.8661363636363636 0.06294117647058824 0.038636363636363635
1 0.8491176470588235 0.9311363636363637 0.07588235294117647 0.041363636363636366
1 0.40147058823529413 0.5747727272727273 0.17823529411764705 0.045
1 0.40294117647058825 0.9286363636363636 0.05411764705882353 0.04090909090909091
1 0.5602941176470588 0.5318181818181819 0.19941176470588234 0.03636363636363636
1 0.856764705882353 0.8734090909090909 0.07470588235294118 0.041363636363636366
1 0.35676470588235293 0.6188636363636364 0.10294117647058823 0.03318181818181818
1 0.42323529411764704 0.37227272727272726 0.2288235294117647 0.03727272727272727
1 0.6214705882352941 0.730909090909091 0.13 0.034545454545454546
1 0.4441176470588235 0.4209090909090909 0.27647058823529413 0.03909090909090909
1 0.4041176470588235 0.7306818181818182 0.19294117647058823 0.03954545454545454
1 0.8102941176470588 0.4172727272727273 0.04176470588235294 0.04181818181818182
1 0.09823529411764706 0.6815909090909091 0.06470588235294118 0.03681818181818182
1 0.11794117647058823 0.4625 0.09352941176470589 0.03772727272727273
1 0.10588235294117647 0.3740909090909091 0.0811764705882353 0.034545454545454546
1 0.44794117647058823 0.7809090909090909 0.03588235294117647 0.03636363636363636
1 0.15705882352941178 0.9286363636363636 0.06235294117647059 0.04090909090909091
1 0.6429411764705882 0.5786363636363636 0.2776470588235294 0.038181818181818185
1 0.3288235294117647 0.9293181818181818 0.05647058823529412 0.04045454545454545
1 0.16058823529411764 0.8588636363636364 0.07176470588235294 0.04045454545454545
1 0.5770588235294117 0.465 0.12117647058823529 0.03272727272727273
1 0.10852941176470589 0.5259090909090909 0.09941176470588235 0.038181818181818185
1 0.8682352941176471 0.3809090909090909 0.1388235294117647 0.038181818181818185
1 0.24088235294117646 0.9295454545454546 0.06529411764705882 0.038181818181818185
1 0.365 0.7729545454545454 0.11705882352941177 0.03318181818181818
1 0.7655882352941177 0.9359090909090909 0.0688235294117647 0.03909090909090909
1 0.2917647058823529 0.03659090909090909 0.05647058823529412 0.02409090909090909
1 0.5167647058823529 0.7745454545454545 0.06529411764705882 0.03
1 0.6838235294117647 0.4168181818181818 0.1864705882352941 0.03909090909090909
1 0.6552941176470588 0.3759090909090909 0.16588235294117648 0.035454545454545454
1 0.4117647058823529 0.8611363636363636 0.06470588235294118 0.03954545454545454
1 0.5820588235294117 0.9281818181818182 0.05588235294117647 0.04181818181818182
1 0.38735294117647057 0.5313636363636364 0.1476470588235294 0.038181818181818185
1 0.4764705882352941 0.6213636363636363 0.1388235294117647 0.03272727272727273
1 0.5855882352941176 0.8627272727272727 0.05823529411764706 0.04
1 0.11441176470588235 0.41295454545454546 0.08764705882352941 0.03590909090909091
1 0.11176470588235295 0.5711363636363637 0.09058823529411765 0.035
1 0.5591176470588235 0.042272727272727274 0.09470588235294118 0.02181818181818182
1 0.7323529411764705 0.46136363636363636 0.10235294117647059 0.03090909090909091
1 0.5023529411764706 0.9290909090909091 0.07294117647058823 0.04
1 0.6726470588235294 0.8634090909090909 0.060588235294117644 0.03954545454545454
1 0.8926470588235295 0.41954545454545455 0.12176470588235294 0.038181818181818185
1 0.40558823529411764 0.46386363636363637 0.1923529411764706 0.031363636363636364
1 0.09588235294117647 0.7659090909090909 0.07176470588235294 0.035454545454545454
1 0.7735294117647059 0.3856818181818182 0.042352941176470586 0.03590909090909091
1 0.49911764705882355 0.8629545454545454 0.07352941176470588 0.038636363636363635
1 0.6614705882352941 0.4640909090909091 0.022941176470588236 0.031818181818181815
1 0.6026470588235294 0.6909090909090909 0.09470588235294118 0.035454545454545454
1 0.5302941176470588 0.7281818181818182 0.03470588235294118 0.03636363636363636
1 0.11323529411764706 0.6079545454545454 0.09352941176470589 0.038636363636363635
1 0.6735294117647059 0.9270454545454545 0.07294117647058823 0.041363636363636366
1 0.32294117647058823 0.8602272727272727 0.0611764705882353 0.04045454545454545
1 0.09558823529411764 0.7238636363636364 0.0688235294117647 0.03409090909090909
1 0.5202941176470588 0.6968181818181818 0.04411764705882353 0.04181818181818182
1 0.24147058823529413 0.8640909090909091 0.0688235294117647 0.04090909090909091