1 0.46790341578327443 0.4369881710646042 0.2137809187279152 0.03503184713375796
1 0.8433451118963486 0.9438125568698817 0.06831566548881036 0.03958143767060965
1 0.6263250883392226 0.6360327570518653 0.11719670200235571 0.034576888080072796
1 0.8477620730270907 0.87852593266606 0.07008244994110718 0.03821656050955414
1 0.6637220259128387 0.8016378525932666 0.04122497055359246 0.044585987261146494
1 0.43963486454652534 0.47975432211101 0.15488810365135453 0.0359417652411283
1 0.44434628975265017 0.7060964513193813 0.16548881036513546 0.039126478616924476
1 0.733510011778563 0.7511373976342129 0.03356890459363958 0.03548680618744313
1 0.7641342756183745 0.5527752502274795 0.0712603062426384 0.03275705186533212
1 0.12249705535924617 0.7058689717925387 0.08244994110718493 0.03503184713375796
1 0.44110718492343937 0.7506824385805277 0.17785630153121318 0.03548680618744313
1 0.7977031802120141 0.5959963603275705 0.028857479387514724 0.03275705186533212
1 0.127208480565371 0.39467697907188354 0.07656065959952886 0.03503184713375796
1 0.13015312131919907 0.4838489535941765 0.0800942285041225 0.033212010919017286
1 0.16755005889281507 0.943130118289354 0.05712603062426384 0.036396724294813464
1 0.7653121319199058 0.6367151956323931 0.07008244994110718 0.03230209281164695
1 0.3374558303886926 0.9454049135577798 0.06595995288574794 0.03821656050955414
1 0.16637220259128385 0.8787534121929026 0.054770318021201414 0.036851683348498636
1 0.7249705535924618 0.8007279344858963 0.061248527679623084 0.03275705186533212
1 0.5971731448763251 0.48111919927206553 0.1330977620730271 0.034121929026387623
1 0.4584805653710247 0.5507279344858963 0.19375736160188456 0.03958143767060965
1 0.1254416961130742 0.5502729754322111 0.07891637220259129 0.034121929026387623
1 0.7894581861012956 0.4381255686988171 0.034746760895170786 0.03184713375796178
1 0.2497055359246172 0.8792083712465878 0.05771495877502945 0.036851683348498636
1 0.7037691401648999 0.5950864422202001 0.1425206124852768 0.036396724294813464
1 0.2505889281507656 0.944722474977252 0.054770318021201414 0.036851683348498636
1 0.43492343934040045 0.8009554140127388 0.13839811542991756 0.03776160145586897
1 0.7594228504122497 0.9433575978161965 0.05594817432273263 0.03867151956323931
1 0.305359246171967 0.06824385805277525 0.044169611307420496 0.023657870791628753
1 0.573321554770318 0.79049135577798 0.12073027090694935 0.03503184713375796
1 0.6858068315665489 0.4895359417652411 0.035924617196702 0.03821656050955414
1 0.6643109540636042 0.4005914467697907 0.03415783274440518 0.03867151956323931
1 0.5880447585394581 0.39695177434030937 0.12661955241460543 0.03776160145586897
1 0.42373380447585396 0.8787534121929026 0.06065959952885748 0.03776160145586897
1 0.591283863368669 0.9438125568698817 0.05889281507656066 0.03958143767060965
1 0.4929328621908127 0.594631483166515 0.2579505300353357 0.03821656050955414
1 0.6322143698468787 0.5509554140127388 0.13133097762073026 0.0373066424021838
1 0.46142520612485277 0.6342129208371247 0.19140164899882214 0.036396724294813464
1 0.591283863368669 0.8819381255686988 0.06595995288574794 0.042311191992720654
1 0.1330977620730271 0.44017288444040037 0.08362779740871613 0.033212010919017286
1 0.12338044758539458 0.5982711555959963 0.08186101295641932 0.03366696997270246
1 0.558303886925795 0.06733393994540492 0.048292108362779744 0.022747952684258416
1 0.6710836277974087 0.44040036396724297 0.16784452296819788 0.03548680618744313
1 0.7452885747938751 0.4799818016378526 0.06890459363957598 0.03184713375796178
1 0.5041224970553593 0.9479071883530482 0.06595995288574794 0.04413102820746133
1 0.7982921083627798 0.7493175614194723 0.08068315665488811 0.03275705186533212
1 0.6749116607773852 0.8798908098271155 0.0624263839811543 0.04367606915377616
1 0.7187868080094229 0.3978616924476797 0.06890459363957598 0.03230209281164695
1 0.6054181389870436 0.7076888080072793 0.1413427561837456 0.03776160145586897
1 0.8527679623085983 0.5955414012738853 0.07773851590106007 0.03184713375796178
1 0.127208480565371 0.7950409463148317 0.07891637220259129 0.03503184713375796
1 0.12279151943462897 0.7493175614194723 0.07832744405182568 0.03366696997270246
1 0.6304475853945819 0.7497725204731575 0.1525323910482921 0.03548680618744313
1 0.5055948174322733 0.882393084622384 0.06301531213191991 0.042311191992720654
1 0.7131919905771495 0.5589171974522293 0.038869257950530034 0.04049135577797998
1 0.8486454652532391 0.4406278434940855 0.0812720848056537 0.03139217470427662
1 0.43286219081272087 0.39490445859872614 0.15783274440518258 0.039126478616924476
1 0.12897526501766785 0.6344404003639672 0.0812720848056537 0.034121929026387623
1 0.6696113074204947 0.9463148316651502 0.05418138987043581 0.042766151046405826
1 0.33480565371024734 0.8789808917197452 0.054770318021201414 0.036396724294813464
1 0.7087750294464076 0.6428571428571429 0.03828032979976443 0.03821656050955414
1 0.7379269729093051 0.7081437670609645 0.07891637220259129 0.034121929026387623
1 0.675206124852768 0.7197452229299363 0.03121319199057715 0.040036396724294813
1 0.41578327444051827 0.9488171064604186 0.050647820965842166 0.03230209281164695
1 0.7606007067137809 0.8821656050955414 0.061837455830388695 0.044585987261146494