1 0.4441176470588235 0.5695454545454546 0.2964705882352941 0.03727272727272727
1 0.3826470588235294 0.6127272727272727 0.17352941176470588 0.03636363636363636
1 0.27941176470588236 0.03704545454545455 0.041176470588235294 0.021363636363636362
1 0.7864705882352941 0.36363636363636365 0.2235294117647059 0.03090909090909091
1 0.09470588235294118 0.6838636363636363 0.07176470588235294 0.035
1 0.10470588235294118 0.455 0.06823529411764706 0.03363636363636364
1 0.5964705882352941 0.7275 0.15058823529411763 0.03590909090909091
1 0.7988235294117647 0.4175 0.08823529411764706 0.03318181818181818
1 0.3644117647058824 0.7684090909090909 0.1288235294117647 0.031363636363636364
1 0.09352941176470589 0.7272727272727273 0.07764705882352942 0.035454545454545454
1 0.34852941176470587 0.4118181818181818 0.0888235294117647 0.035454545454545454
1 0.105 0.41045454545454546 0.07 0.03636363636363636
1 0.6591176470588235 0.5702272727272727 0.09588235294117647 0.03318181818181818
1 0.40205882352941175 0.7240909090909091 0.21235294117647058 0.034545454545454546
1 0.6567647058823529 0.41613636363636364 0.14058823529411765 0.031363636363636364
1 0.5520588235294117 0.4611363636363636 0.022941176470588236 0.026818181818181817
1 0.47852941176470587 0.4581818181818182 0.09705882352941177 0.028181818181818183
1 0.10735294117647058 0.3704545454545455 0.0711764705882353 0.035454545454545454
1 0.1011764705882353 0.5270454545454546 0.08352941176470588 0.03409090909090909
1 0.601764705882353 0.4572727272727273 0.06705882352941177 0.03272727272727273
1 0.5467647058823529 0.03977272727272727 0.06764705882352941 0.020454545454545454
1 0.49264705882352944 0.7695454545454545 0.10529411764705883 0.03272727272727273
1 0.3635294117647059 0.4540909090909091 0.12823529411764706 0.03727272727272727
1 0.08588235294117647 0.7681818181818182 0.07764705882352942 0.03727272727272727
1 0.09235294117647058 0.6115909090909091 0.07882352941176471 0.03590909090909091
1 0.5117647058823529 0.6161363636363636 0.06352941176470588 0.026818181818181817
1 0.4717647058823529 0.36954545454545457 0.34 0.038181818181818185
1 0.0961764705882353 0.5690909090909091 0.08529411764705883 0.04
1 0.5088235294117647 0.41363636363636364 0.14705882352941177 0.03272727272727273
1 0.6864705882352942 0.3881818181818182 0.036470588235294116 0.035454545454545454
1 0.7426470588235294 0.41704545454545455 0.026470588235294117 0.03409090909090909