1 0.37823529411764706 0.3725 0.14470588235294118 0.035
1 0.8432352941176471 0.9281818181818182 0.05235294117647059 0.04
1 0.4164705882352941 0.9293181818181818 0.05176470588235294 0.03772727272727273
1 0.395 0.6172727272727273 0.18764705882352942 0.03727272727272727
1 0.6458823529411765 0.7756818181818181 0.021176470588235293 0.02772727272727273
1 0.3861764705882353 0.4197727272727273 0.1676470588235294 0.03772727272727273
1 0.6588235294117647 0.6868181818181818 0.0611764705882353 0.03272727272727273
1 0.3891176470588235 0.7365909090909091 0.17705882352941177 0.03681818181818182
1 0.73 0.5352272727272728 0.11764705882352941 0.03409090909090909
1 0.1111764705882353 0.6927272727272727 0.11294117647058824 0.03909090909090909
1 0.09588235294117647 0.45795454545454545 0.08235294117647059 0.03681818181818182
1 0.11647058823529412 0.5306818181818181 0.10823529411764705 0.04045454545454545
1 0.09352941176470589 0.3718181818181818 0.08235294117647059 0.038181818181818185
1 0.6738235294117647 0.7372727272727273 0.027647058823529413 0.03
1 0.15970588235294117 0.9288636363636363 0.05 0.038636363636363635
1 0.33205882352941174 0.928409090909091 0.057058823529411766 0.03772727272727273
1 0.16470588235294117 0.860909090909091 0.05647058823529412 0.04181818181818182
1 0.7173529411764706 0.7793181818181818 0.08294117647058824 0.031363636363636364
1 0.5641176470588235 0.6215909090909091 0.1223529411764706 0.026818181818181817
1 0.23647058823529413 0.8611363636363636 0.041176470588235294 0.038636363636363635
1 0.23852941176470588 0.928409090909091 0.04647058823529412 0.03954545454545454
1 0.37676470588235295 0.7804545454545454 0.15235294117647058 0.02909090909090909
1 0.7605882352941177 0.9279545454545455 0.052941176470588235 0.038636363636363635
1 0.2979411764705882 0.03954545454545454 0.045294117647058825 0.023636363636363636
1 0.5497058823529412 0.7797727272727273 0.17352941176470588 0.03227272727272727
1 0.5620588235294117 0.41795454545454547 0.12294117647058823 0.03590909090909091
1 0.4161764705882353 0.8645454545454545 0.05352941176470588 0.04
1 0.5847058823529412 0.9311363636363637 0.04941176470588235 0.041363636363636366
1 0.4161764705882353 0.535 0.22764705882352942 0.035454545454545454
1 0.5882352941176471 0.535 0.10705882352941176 0.03363636363636364
1 0.4032352941176471 0.5795454545454546 0.20176470588235293 0.03909090909090909
1 0.5920588235294117 0.8693181818181818 0.0488235294117647 0.03590909090909091
1 0.09411764705882353 0.4175 0.06588235294117648 0.03681818181818182
1 0.5870588235294117 0.5790909090909091 0.15529411764705883 0.03
1 0.5808823529411765 0.03909090909090909 0.10882352941176471 0.024545454545454544
1 0.7314705882352941 0.5795454545454546 0.11941176470588236 0.03363636363636364
1 0.7352941176470589 0.7354545454545455 0.10352941176470588 0.03272727272727273
1 0.5 0.9293181818181818 0.04823529411764706 0.03954545454545454
1 0.8414705882352941 0.8586363636363636 0.04764705882352941 0.038181818181818185
1 0.6758823529411765 0.8611363636363636 0.047058823529411764 0.03954545454545454
1 0.5411764705882353 0.375 0.11647058823529412 0.03636363636363636
1 0.36970588235294116 0.4618181818181818 0.14411764705882352 0.035454545454545454
1 0.10941176470588235 0.775 0.11647058823529412 0.03727272727272727
1 0.11029411764705882 0.7345454545454545 0.10058823529411764 0.03727272727272727
1 0.5435294117647059 0.45840909090909093 0.10823529411764705 0.03409090909090909
1 0.5085294117647059 0.8627272727272727 0.0688235294117647 0.038181818181818185
1 0.5764705882352941 0.7384090909090909 0.18 0.030454545454545453
1 0.10323529411764706 0.6206818181818182 0.09823529411764706 0.03409090909090909
1 0.6714705882352942 0.9295454545454546 0.04764705882352941 0.04
1 0.32823529411764707 0.8627272727272727 0.05176470588235294 0.038181818181818185
1 0.7014705882352941 0.6211363636363636 0.10176470588235294 0.03318181818181818
1 0.47911764705882354 0.41863636363636364 0.031176470588235295 0.03636363636363636
1 0.44823529411764707 0.47204545454545455 0.023529411764705882 0.026818181818181817
1 0.10235294117647059 0.5779545454545455 0.08823529411764706 0.03590909090909091
1 0.6364705882352941 0.6279545454545454 0.02235294117647059 0.02590909090909091
1 0.665 0.5818181818181818 0.017058823529411765 0.02181818181818182
1 0.6494117647058824 0.5422727272727272 0.02 0.028181818181818183
1 0.6088235294117647 0.6927272727272727 0.023529411764705882 0.03272727272727273
1 0.38294117647058823 0.6915909090909091 0.17176470588235293 0.035
1 0.5373529411764706 0.6947727272727273 0.1264705882352941 0.030454545454545453
1 0.4597058823529412 0.3756818181818182 0.02411764705882353 0.028636363636363637
1 0.7635294117647059 0.8602272727272727 0.058823529411764705 0.04045454545454545
1 0.48 0.41909090909090907 0.02823529411764706 0.03727272727272727