1 0.4223529411764706 0.6875 0.2447058823529412 0.04045454545454545
1 0.7723529411764706 0.8570454545454546 0.07529411764705882 0.042272727272727274
1 0.8514705882352941 0.925 0.0688235294117647 0.04
1 0.4526470588235294 0.5690909090909091 0.31823529411764706 0.038181818181818185
1 0.41411764705882353 0.9304545454545454 0.06 0.04363636363636364
1 0.5323529411764706 0.5311363636363636 0.08823529411764706 0.03409090909090909
1 0.8614705882352941 0.8593181818181819 0.07941176470588235 0.045909090909090906
1 0.3791176470588235 0.6186363636363637 0.15588235294117647 0.04818181818181818
1 0.6064705882352941 0.7756818181818181 0.13529411764705881 0.03318181818181818
1 0.7302941176470589 0.6988636363636364 0.039411764705882354 0.03318181818181818
1 0.4611764705882353 0.7281818181818182 0.32235294117647056 0.03909090909090909
1 0.7717647058823529 0.4172727272727273 0.036470588235294116 0.03090909090909091
1 0.09441176470588235 0.6836363636363636 0.08647058823529412 0.03727272727272727
1 0.09235294117647058 0.4556818181818182 0.07647058823529412 0.03590909090909091
1 0.09558823529411764 0.36772727272727274 0.08647058823529412 0.038181818181818185
1 0.1514705882352941 0.9279545454545455 0.0488235294117647 0.04318181818181818
1 0.8279411764705882 0.4547727272727273 0.08294117647058824 0.03227272727272727
1 0.3335294117647059 0.9270454545454545 0.0611764705882353 0.041363636363636366
1 0.1623529411764706 0.8593181818181819 0.0611764705882353 0.041363636363636366
1 0.6461764705882352 0.45795454545454545 0.1652941176470588 0.04045454545454545
1 0.08735294117647059 0.5263636363636364 0.07235294117647059 0.03727272727272727
1 0.7111764705882353 0.7281818181818182 0.16588235294117648 0.03090909090909091
1 0.2514705882352941 0.8643181818181818 0.05352941176470588 0.04045454545454545
1 0.2388235294117647 0.9295454545454546 0.06 0.04363636363636364
1 0.41794117647058826 0.7697727272727273 0.2252941176470588 0.035
1 0.7720588235294118 0.9247727272727273 0.07235294117647059 0.041363636363636366
1 0.285 0.03772727272727273 0.04647058823529412 0.022727272727272728
1 0.6344117647058823 0.3709090909090909 0.14411764705882352 0.03636363636363636
1 0.41058823529411764 0.8615909090909091 0.05411764705882353 0.042272727272727274
1 0.595 0.9259090909090909 0.06529411764705882 0.04
1 0.08294117647058824 0.5713636363636364 0.06941176470588235 0.03727272727272727
1 0.38529411764705884 0.5320454545454546 0.17529411764705882 0.04409090909090909
1 0.5941176470588235 0.8586363636363636 0.06235294117647059 0.04181818181818182
1 0.09441176470588235 0.41659090909090907 0.07823529411764706 0.035
1 0.5470588235294118 0.038636363636363635 0.1 0.024545454545454544
1 0.7591176470588236 0.46045454545454545 0.03470588235294118 0.03363636363636364
1 0.7708823529411765 0.7781818181818182 0.06529411764705882 0.03090909090909091
1 0.5079411764705882 0.9293181818181818 0.07 0.045909090909090906
1 0.6779411764705883 0.8584090909090909 0.0488235294117647 0.041363636363636366
1 0.7952941176470588 0.37613636363636366 0.07176470588235294 0.031363636363636364
1 0.8914705882352941 0.7236363636363636 0.10764705882352942 0.03727272727272727
1 0.4279411764705882 0.45386363636363636 0.2511764705882353 0.038636363636363635
1 0.08470588235294117 0.7747727272727273 0.07647058823529412 0.04045454545454545
1 0.09441176470588235 0.7288636363636364 0.07588235294117647 0.035
1 0.7297058823529412 0.37727272727272726 0.04058823529411765 0.02909090909090909
1 0.5005882352941177 0.8636363636363636 0.06588235294117648 0.057272727272727274
1 0.6670588235294118 0.4152272727272727 0.15058823529411763 0.03590909090909091
1 0.8673529411764705 0.4193181818181818 0.1111764705882353 0.03590909090909091
1 0.6347058823529412 0.6863636363636364 0.13529411764705881 0.038181818181818185
1 0.5079411764705882 0.6188636363636364 0.08764705882352941 0.03227272727272727
1 0.6779411764705883 0.9311363636363637 0.054705882352941174 0.04681818181818182
1 0.33147058823529413 0.8597727272727272 0.05588235294117647 0.041363636363636366
1 0.425 0.36977272727272725 0.25823529411764706 0.042272727272727274
1 0.6947058823529412 0.5736363636363636 0.13411764705882354 0.03636363636363636
1 0.7923529411764706 0.6834090909090909 0.07764705882352942 0.03590909090909091
1 0.4435294117647059 0.4152272727272727 0.29764705882352943 0.03681818181818182
1 0.08029411764705882 0.6125 0.07235294117647059 0.03590909090909091
1 0.8176470588235294 0.7334090909090909 0.03176470588235294 0.03772727272727273
1 0.7129411764705882 0.785 0.04 0.03