1 0.41705882352941176 0.7304545454545455 0.18 0.04
1 0.5420588235294118 0.7272727272727273 0.031176470588235295 0.035454545454545454
1 0.3629411764705882 0.3759090909090909 0.10352941176470588 0.035454545454545454
1 0.7661764705882353 0.860909090909091 0.05352941176470588 0.035454545454545454
1 0.8488235294117648 0.9295454545454546 0.05411764705882353 0.038181818181818185
1 0.5476470588235294 0.6161363636363636 0.11058823529411765 0.031363636363636364
1 0.42411764705882354 0.9302272727272727 0.05176470588235294 0.03681818181818182
1 0.3935294117647059 0.6209090909090909 0.16470588235294117 0.03909090909090909
1 0.6329411764705882 0.6856818181818182 0.12352941176470589 0.03590909090909091
1 0.3588235294117647 0.46136363636363636 0.0976470588235294 0.03363636363636364
1 0.10823529411764705 0.6893181818181818 0.058823529411764705 0.03772727272727273
1 0.11411764705882353 0.4506818181818182 0.08352941176470588 0.03590909090909091
1 0.10911764705882353 0.3740909090909091 0.07705882352941176 0.034545454545454546
1 0.48676470588235293 0.7802272727272728 0.03235294117647059 0.03681818181818182
1 0.16911764705882354 0.9309090909090909 0.057058823529411766 0.038181818181818185
1 0.3388235294117647 0.9315909090909091 0.05058823529411765 0.03590909090909091
1 0.15970588235294117 0.8638636363636364 0.04176470588235294 0.038636363636363635
1 0.43117647058823527 0.5329545454545455 0.24352941176470588 0.03681818181818182
1 0.10941176470588235 0.5313636363636364 0.08235294117647059 0.035454545454545454
1 0.6576470588235294 0.7288636363636364 0.14470588235294118 0.03590909090909091
1 0.2488235294117647 0.865909090909091 0.05411764705882353 0.035454545454545454
1 0.24588235294117647 0.9304545454545454 0.05529411764705883 0.038181818181818185
1 0.39205882352941174 0.7738636363636363 0.12058823529411765 0.03318181818181818
1 0.7647058823529411 0.9309090909090909 0.05647058823529412 0.03727272727272727
1 0.30617647058823527 0.04045454545454545 0.03588235294117647 0.02727272727272727
1 0.5729411764705883 0.7731818181818182 0.11529411764705882 0.03272727272727273
1 0.5626470588235294 0.41659090909090907 0.21235294117647058 0.04045454545454545
1 0.41558823529411765 0.8665909090909091 0.04764705882352941 0.03590909090909091
1 0.5929411764705882 0.9302272727272727 0.05058823529411765 0.038636363636363635
1 0.43470588235294116 0.5752272727272727 0.25176470588235295 0.03681818181818182
1 0.5941176470588235 0.8638636363636364 0.04941176470588235 0.035
1 0.6502941176470588 0.5738636363636364 0.14411764705882352 0.035
1 0.6258823529411764 0.5315909090909091 0.11176470588235295 0.03590909090909091
1 0.7658823529411765 0.5761363636363637 0.03529411764705882 0.030454545454545453
1 0.5111764705882353 0.9347727272727273 0.05529411764705883 0.04045454545454545
1 0.8508823529411764 0.8572727272727273 0.04411764705882353 0.04181818181818182
1 0.6835294117647058 0.8638636363636364 0.05764705882352941 0.03409090909090909
1 0.5117647058823529 0.37772727272727274 0.16588235294117648 0.035454545454545454
1 0.5226470588235295 0.6872727272727273 0.04411764705882353 0.03363636363636364
1 0.8614705882352941 0.5761363636363637 0.1288235294117647 0.03590909090909091
1 0.11735294117647059 0.7677272727272727 0.05588235294117647 0.03727272727272727
1 0.7291176470588235 0.5386363636363637 0.04176470588235294 0.034545454545454546
1 0.5158823529411765 0.465 0.14941176470588236 0.04
1 0.5026470588235294 0.8654545454545455 0.05 0.03727272727272727
1 0.8276470588235294 0.5340909090909091 0.12 0.034545454545454546
1 0.1126470588235294 0.6211363636363636 0.08294117647058824 0.03772727272727273
1 0.33294117647058824 0.8643181818181818 0.04941176470588235 0.035
1 0.37588235294117645 0.4138636363636364 0.12941176470588237 0.03681818181818182
1 0.7055882352941176 0.6227272727272727 0.08411764705882353 0.03
1 0.5691176470588235 0.04090909090909091 0.1323529411764706 0.02090909090909091
1 0.11235294117647059 0.41613636363636364 0.08352941176470588 0.031363636363636364
1 0.6473529411764706 0.6325 0.026470588235294117 0.038636363636363635
1 0.10794117647058823 0.5756818181818182 0.09705882352941177 0.03681818181818182
1 0.11323529411764706 0.735 0.07235294117647059 0.038181818181818185
1 0.39647058823529413 0.6881818181818182 0.17058823529411765 0.046363636363636364