1 0.7567647058823529 0.8575 0.05352941176470588 0.038636363636363635
1 0.8373529411764706 0.9297727272727273 0.04294117647058823 0.03954545454545454
1 0.40294117647058825 0.9259090909090909 0.047058823529411764 0.038181818181818185
1 0.5402941176470588 0.5215909090909091 0.12294117647058823 0.02409090909090909
1 0.8391176470588235 0.8556818181818182 0.05235294117647059 0.041363636363636366
1 0.6729411764705883 0.8565909090909091 0.05176470588235294 0.04045454545454545
1 0.3855882352941176 0.3638636363636364 0.16176470588235295 0.03318181818181818
1 0.6644117647058824 0.68 0.0688235294117647 0.024545454545454544
1 0.4414705882352941 0.7225 0.27941176470588236 0.029545454545454545
1 0.38529411764705884 0.39954545454545454 0.17647058823529413 0.023636363636363636
1 0.3773529411764706 0.4515909090909091 0.1511764705882353 0.03681818181818182
1 0.09294117647058824 0.6781818181818182 0.07529411764705882 0.03636363636363636
1 0.09176470588235294 0.44772727272727275 0.07411764705882352 0.035454545454545454
1 0.49970588235294117 0.8577272727272728 0.054705882352941174 0.04
1 0.6655882352941176 0.7243181818181819 0.16647058823529412 0.029545454545454545
1 0.14823529411764705 0.9220454545454545 0.05411764705882353 0.041363636363636366
1 0.8523529411764705 0.5659090909090909 0.13294117647058823 0.031818181818181815
1 0.3220588235294118 0.9256818181818182 0.0488235294117647 0.03772727272727273
1 0.14294117647058824 0.8572727272727273 0.04352941176470588 0.038181818181818185
1 0.38735294117647057 0.5211363636363636 0.17352941176470588 0.026818181818181817
1 0.0961764705882353 0.5211363636363636 0.07588235294117647 0.03409090909090909
1 0.6441176470588236 0.4011363636363636 0.07058823529411765 0.02590909090909091
1 0.23470588235294118 0.8577272727272728 0.04588235294117647 0.03727272727272727
1 0.23529411764705882 0.9259090909090909 0.04470588235294118 0.03636363636363636
1 0.3711764705882353 0.7688636363636364 0.13058823529411764 0.02409090909090909
1 0.7494117647058823 0.9256818181818182 0.05058823529411765 0.03954545454545454
1 0.09794117647058824 0.36477272727272725 0.0711764705882353 0.03409090909090909
1 0.6458823529411765 0.36886363636363634 0.06823529411764706 0.023181818181818182
1 0.5605882352941176 0.45181818181818184 0.024705882352941175 0.035454545454545454
1 0.5244117647058824 0.3659090909090909 0.10764705882352942 0.035454545454545454
1 0.40294117647058825 0.8579545454545454 0.04588235294117647 0.03954545454545454
1 0.5805882352941176 0.8588636363636364 0.04470588235294118 0.03954545454545454
1 0.09176470588235294 0.4047727272727273 0.07411764705882352 0.035
1 0.09705882352941177 0.5652272727272727 0.07882352941176471 0.03409090909090909
1 0.6558823529411765 0.5665909090909091 0.17294117647058824 0.035
1 0.5452941176470588 0.037954545454545456 0.08588235294117647 0.021363636363636362
1 0.8473529411764706 0.7234090909090909 0.11352941176470588 0.026818181818181817
1 0.4929411764705882 0.9277272727272727 0.05176470588235294 0.03636363636363636
1 0.5911764705882353 0.4018181818181818 0.02823529411764706 0.024545454545454544
1 0.43117647058823527 0.5656818181818182 0.2576470588235294 0.03227272727272727
1 0.09647058823529411 0.7668181818181818 0.07411764705882352 0.03636363636363636
1 0.09411764705882353 0.7238636363636364 0.07647058823529412 0.03590909090909091
1 0.685 0.5218181818181818 0.07705882352941176 0.023636363636363636
1 0.6088235294117647 0.6829545454545455 0.02823529411764706 0.028636363636363637
1 0.5235294117647059 0.3997727272727273 0.0976470588235294 0.021363636363636362
1 0.5088235294117647 0.6152272727272727 0.023529411764705882 0.025
1 0.10058823529411764 0.6063636363636363 0.08588235294117647 0.035454545454545454
1 0.6617647058823529 0.9247727272727273 0.04941176470588235 0.04045454545454545
1 0.32382352941176473 0.8570454545454546 0.051176470588235295 0.03681818181818182
1 0.26529411764705885 0.035454545454545454 0.03411764705882353 0.02090909090909091
1 0.30911764705882355 0.03409090909090909 0.05588235294117647 0.023636363636363636
1 0.5979411764705882 0.3729545454545454 0.03 0.03227272727272727
1 0.5029411764705882 0.45 0.09294117647058824 0.028181818181818183
1 0.6035294117647059 0.4515909090909091 0.058823529411764705 0.026818181818181817
1 0.6282352941176471 0.5231818181818182 0.03529411764705882 0.025454545454545455
1 0.7688235294117647 0.5659090909090909 0.03764705882352941 0.035454545454545454
1 0.35323529411764704 0.6086363636363636 0.11823529411764706 0.024545454545454544
1 0.4547058823529412 0.6077272727272728 0.07764705882352942 0.022727272727272728
1 0.5497058823529412 0.6081818181818182 0.05588235294117647 0.02090909090909091
1 0.3826470588235294 0.6756818181818182 0.17588235294117646 0.02409090909090909
1 0.5335294117647059 0.6768181818181818 0.11411764705882353 0.022727272727272728
1 0.7717647058823529 0.7225 0.03764705882352941 0.031363636363636364
1 0.4723529411764706 0.7654545454545455 0.07058823529411765 0.01818181818181818
1 0.553235294117647 0.7652272727272728 0.04647058823529412 0.018636363636363635
1 0.5179411764705882 0.7697727272727273 0.02176470588235294 0.020454545454545454
1 0.5747058823529412 0.9256818181818182 0.04352941176470588 0.03409090909090909