1 0.3552941176470588 0.6804545454545454 0.1188235294117647 0.03636363636363636
1 0.7455882352941177 0.8602272727272727 0.05235294117647059 0.042272727272727274
1 0.8376470588235294 0.9263636363636364 0.06352941176470588 0.04454545454545455
1 0.5558823529411765 0.5659090909090909 0.15294117647058825 0.03
1 0.4026470588235294 0.9254545454545454 0.05352941176470588 0.03909090909090909
1 0.36705882352941177 0.6115909090909091 0.14941176470588236 0.03318181818181818
1 0.4767647058823529 0.6809090909090909 0.1111764705882353 0.03727272727272727
1 0.6335294117647059 0.6822727272727273 0.11294117647058824 0.04
1 0.3776470588235294 0.7215909090909091 0.1635294117647059 0.03681818181818182
1 0.7176470588235294 0.5288636363636363 0.09411764705882353 0.03681818181818182
1 0.36676470588235294 0.4075 0.15588235294117647 0.031363636363636364
1 0.10088235294117646 0.6795454545454546 0.0888235294117647 0.03727272727272727
1 0.08970588235294118 0.4490909090909091 0.08176470588235295 0.03727272727272727
1 0.10176470588235294 0.3629545454545455 0.08823529411764706 0.03681818181818182
1 0.6223529411764706 0.7729545454545454 0.1 0.03409090909090909
1 0.14588235294117646 0.9265909090909091 0.05058823529411765 0.038636363636363635
1 0.3211764705882353 0.9256818181818182 0.05411764705882353 0.03954545454545454
1 0.14852941176470588 0.8570454545454546 0.05235294117647059 0.04045454545454545
1 0.6852941176470588 0.7204545454545455 0.12588235294117647 0.02909090909090909
1 0.3826470588235294 0.5272727272727272 0.17941176470588235 0.034545454545454546
1 0.08911764705882352 0.5231818181818182 0.08176470588235295 0.03727272727272727
1 0.2376470588235294 0.925 0.05529411764705883 0.03909090909090909
1 0.36058823529411765 0.7688636363636364 0.14588235294117646 0.042272727272727274
1 0.7573529411764706 0.925 0.06529411764705882 0.04181818181818182
1 0.2994117647058824 0.03431818181818182 0.042352941176470586 0.022272727272727274
1 0.4885294117647059 0.37522727272727274 0.09 0.03590909090909091
1 0.4026470588235294 0.8575 0.0488235294117647 0.03954545454545454
1 0.5794117647058824 0.923409090909091 0.05529411764705883 0.038636363636363635
1 0.08823529411764706 0.5638636363636363 0.08352941176470588 0.03681818181818182
1 0.3841176470588235 0.5690909090909091 0.18588235294117647 0.038181818181818185
1 0.5473529411764706 0.5311363636363636 0.12058823529411765 0.03772727272727273
1 0.5197058823529411 0.6156818181818182 0.12529411764705883 0.031363636363636364
1 0.5861764705882353 0.8572727272727273 0.06529411764705882 0.042727272727272725
1 0.08794117647058823 0.4081818181818182 0.08764705882352941 0.03727272727272727
1 0.5561764705882353 0.038636363636363635 0.08529411764705883 0.02181818181818182
1 0.7352941176470589 0.571590909090909 0.12117647058823529 0.035
1 0.4973529411764706 0.93 0.06411764705882353 0.04181818181818182
1 0.8320588235294117 0.8613636363636363 0.06294117647058824 0.04363636363636364
1 0.6673529411764706 0.865909090909091 0.05588235294117647 0.04818181818181818
1 0.36176470588235293 0.45204545454545453 0.14705882352941177 0.03318181818181818
1 0.09735294117647059 0.7654545454545455 0.09235294117647058 0.038181818181818185
1 0.09323529411764706 0.7220454545454545 0.09352941176470589 0.03772727272727273
1 0.49411764705882355 0.4552272727272727 0.10352941176470588 0.035
1 0.49676470588235294 0.8572727272727273 0.06294117647058824 0.04
1 0.6479411764705882 0.5397727272727273 0.031176470588235295 0.035
1 0.36911764705882355 0.3693181818181818 0.13588235294117648 0.03772727272727273
1 0.525 0.7234090909090909 0.12294117647058823 0.03227272727272727
1 0.08823529411764706 0.6081818181818182 0.08705882352941176 0.038181818181818185
1 0.6685294117647059 0.9277272727272727 0.0688235294117647 0.04181818181818182
1 0.32235294117647056 0.8579545454545454 0.05647058823529412 0.038636363636363635
1 0.6679411764705883 0.6156818181818182 0.11 0.035
1 0.5044117647058823 0.4097727272727273 0.09941176470588235 0.028636363636363637
1 0.6032352941176471 0.6238636363636364 0.028823529411764706 0.026818181818181817
1 0.6608823529411765 0.5734090909090909 0.028823529411764706 0.03227272727272727
1 0.5588235294117647 0.7009090909090909 0.03058823529411765 0.03272727272727273
1 0.22617647058823528 0.8577272727272728 0.0488235294117647 0.038181818181818185
1 0.48911764705882355 0.7720454545454546 0.11235294117647059 0.03590909090909091
1 0.56 0.7820454545454546 0.01764705882352941 0.029545454545454545
1 0.606764705882353 0.7220454545454545 0.031176470588235295 0.031363636363636364