1 0.3870588235294118 0.6838636363636363 0.17647058823529413 0.038636363636363635
1 0.5626470588235294 0.6229545454545454 0.03 0.03227272727272727
1 0.7467647058823529 0.8611363636363636 0.05588235294117647 0.04045454545454545
1 0.8344117647058824 0.9268181818181818 0.05941176470588235 0.04090909090909091
1 0.6038235294117648 0.5790909090909091 0.19470588235294117 0.034545454545454546
1 0.54 0.5272727272727272 0.10588235294117647 0.035454545454545454
1 0.8379411764705882 0.8634090909090909 0.061764705882352944 0.03681818181818182
1 0.36411764705882355 0.6227272727272727 0.14352941176470588 0.03363636363636364
1 0.6255882352941177 0.7843181818181818 0.06529411764705882 0.031363636363636364
1 0.4038235294117647 0.41954545454545455 0.21470588235294116 0.03909090909090909
1 0.5461764705882353 0.6925 0.13 0.02590909090909091
1 0.6947058823529412 0.6925 0.06588235294117648 0.03318181818181818
1 0.4038235294117647 0.7268181818181818 0.22411764705882353 0.03727272727272727
1 0.09705882352941177 0.6790909090909091 0.07411764705882352 0.035454545454545454
1 0.09558823529411764 0.36227272727272725 0.08529411764705883 0.03636363636363636
1 0.09441176470588235 0.45045454545454544 0.08058823529411764 0.03636363636363636
1 0.5035294117647059 0.7802272727272728 0.10235294117647059 0.028636363636363637
1 0.605 0.7338636363636364 0.16411764705882353 0.03590909090909091
1 0.14911764705882352 0.9243181818181818 0.05235294117647059 0.041363636363636366
1 0.8273529411764706 0.5811363636363637 0.1511764705882353 0.03318181818181818
1 0.31882352941176473 0.9270454545454545 0.06470588235294118 0.038636363636363635
1 0.14588235294117646 0.8563636363636363 0.05176470588235294 0.04090909090909091
1 0.7144117647058823 0.7363636363636363 0.03705882352941176 0.035454545454545454
1 0.09117647058823529 0.5309090909090909 0.07764705882352942 0.034545454545454546
1 0.6264705882352941 0.6211363636363636 0.08941176470588236 0.03227272727272727
1 0.6235294117647059 0.5338636363636363 0.03411764705882353 0.030454545454545453
1 0.23323529411764707 0.9256818181818182 0.054705882352941174 0.038636363636363635
1 0.3673529411764706 0.7754545454545455 0.15235294117647058 0.031818181818181815
1 0.7541176470588236 0.9261363636363636 0.058823529411764705 0.04045454545454545
1 0.30617647058823527 0.03636363636363636 0.04411764705882353 0.025454545454545455
1 0.6855882352941176 0.4615909090909091 0.10176470588235294 0.03227272727272727
1 0.6717647058823529 0.38477272727272727 0.03882352941176471 0.035
1 0.6073529411764705 0.4209090909090909 0.16294117647058823 0.03727272727272727
1 0.40176470588235297 0.37227272727272726 0.21529411764705883 0.04090909090909091
1 0.40647058823529414 0.8586363636363636 0.05764705882352941 0.03909090909090909
1 0.5764705882352941 0.8625 0.058823529411764705 0.03409090909090909
1 0.38382352941176473 0.5313636363636364 0.15235294117647058 0.03636363636363636
1 0.61 0.46090909090909093 0.03411764705882353 0.03272727272727273
1 0.5029411764705882 0.6259090909090909 0.0976470588235294 0.02909090909090909
1 0.39941176470588236 0.5731818181818182 0.21529411764705883 0.03272727272727273
1 0.5761764705882353 0.7843181818181818 0.028823529411764706 0.03681818181818182
1 0.09529411764705882 0.4047727272727273 0.08588235294117647 0.03590909090909091
1 0.09352941176470589 0.5718181818181818 0.07647058823529412 0.034545454545454546
1 0.55 0.038636363636363635 0.07176470588235294 0.02181818181818182
1 0.8176470588235294 0.4177272727272727 0.15764705882352942 0.03363636363636364
1 0.7844117647058824 0.7379545454545454 0.09470588235294118 0.03409090909090909
1 0.4938235294117647 0.9288636363636363 0.061764705882352944 0.03954545454545454
1 0.6673529411764706 0.8618181818181818 0.060588235294117644 0.04090909090909091
1 0.5832352941176471 0.375 0.14058823529411765 0.03636363636363636
1 0.7573529411764706 0.37977272727272726 0.11588235294117646 0.03227272727272727
1 0.37558823529411767 0.4615909090909091 0.16176470588235295 0.03227272727272727
1 0.09088235294117647 0.7677272727272727 0.07470588235294118 0.03636363636363636
1 0.08470588235294117 0.7261363636363637 0.07764705882352942 0.03681818181818182
1 0.7185294117647059 0.41363636363636364 0.03705882352941176 0.034545454545454546
1 0.5341176470588235 0.46454545454545454 0.1188235294117647 0.03363636363636364
1 0.4852941176470588 0.8568181818181818 0.04823529411764706 0.04090909090909091
1 0.6902941176470588 0.5302272727272728 0.09117647058823529 0.03409090909090909
1 0.09323529411764706 0.6127272727272727 0.07941176470588235 0.03636363636363636
1 0.6652941176470588 0.9268181818181818 0.05529411764705883 0.04090909090909091
1 0.31941176470588234 0.8577272727272728 0.05529411764705883 0.04
1 0.7244117647058823 0.5786363636363636 0.03470588235294118 0.034545454545454546
1 0.6394117647058823 0.6990909090909091 0.03294117647058824 0.028181818181818183
1 0.5802941176470588 0.9315909090909091 0.061764705882352944 0.04318181818181818
1 0.4076470588235294 0.9275 0.06352941176470588 0.03772727272727273
1 0.23323529411764707 0.8595454545454545 0.057058823529411766 0.03636363636363636