1 0.3785294117647059 0.6827272727272727 0.14294117647058824 0.03363636363636364
1 0.7552941176470588 0.8629545454545454 0.04941176470588235 0.03590909090909091
1 0.8423529411764706 0.9290909090909091 0.052941176470588235 0.03909090909090909
1 0.40558823529411764 0.9263636363636364 0.051176470588235295 0.03727272727272727
1 0.5364705882352941 0.5222727272727272 0.1635294117647059 0.025454545454545455
1 0.8405882352941176 0.8631818181818182 0.05058823529411765 0.04
1 0.38294117647058823 0.6134090909090909 0.15294117647058825 0.029545454545454545
1 0.663235294117647 0.7720454545454546 0.0688235294117647 0.031363636363636364
1 0.5194117647058824 0.6847727272727273 0.10588235294117647 0.029545454545454545
1 0.638235294117647 0.6843181818181818 0.06470588235294118 0.023181818181818182
1 0.40911764705882353 0.7272727272727273 0.21470588235294116 0.03727272727272727
1 0.36705882352941177 0.36954545454545457 0.11058823529411765 0.03
1 0.3888235294117647 0.4106818181818182 0.17411764705882352 0.03772727272727273
1 0.09647058823529411 0.6802272727272727 0.07294117647058823 0.035
1 0.08529411764705883 0.4515909090909091 0.06470588235294118 0.03318181818181818
1 0.7023529411764706 0.7315909090909091 0.03176470588235294 0.03318181818181818
1 0.09382352941176471 0.36613636363636365 0.06647058823529411 0.03409090909090909
1 0.6023529411764705 0.7277272727272728 0.1588235294117647 0.035454545454545454
1 0.14941176470588236 0.9263636363636364 0.04941176470588235 0.03727272727272727
1 0.7767647058823529 0.73 0.11588235294117646 0.035454545454545454
1 0.3247058823529412 0.9259090909090909 0.04941176470588235 0.03727272727272727
1 0.15 0.8568181818181818 0.04823529411764706 0.03727272727272727
1 0.375 0.525 0.1323529411764706 0.03363636363636364
1 0.09352941176470589 0.5243181818181818 0.06823529411764706 0.03409090909090909
1 0.2361764705882353 0.8568181818181818 0.05 0.03727272727272727
1 0.23941176470588235 0.9272727272727272 0.04588235294117647 0.03727272727272727
1 0.3779411764705882 0.7681818181818182 0.15705882352941178 0.03636363636363636
1 0.7579411764705882 0.9297727272727273 0.051176470588235295 0.038636363636363635
1 0.5258823529411765 0.7695454545454545 0.12 0.034545454545454546
1 0.6223529411764706 0.3675 0.08470588235294117 0.026818181818181817
1 0.5585294117647058 0.4084090909090909 0.14294117647058824 0.026818181818181817
1 0.4864705882352941 0.3668181818181818 0.11058823529411765 0.031818181818181815
1 0.4097058823529412 0.8590909090909091 0.05352941176470588 0.03636363636363636
1 0.5832352941176471 0.9293181818181818 0.04764705882352941 0.03772727272727273
1 0.09235294117647058 0.5631818181818182 0.07058823529411765 0.031818181818181815
1 0.3914705882352941 0.5672727272727273 0.16294117647058823 0.03090909090909091
1 0.5335294117647059 0.6111363636363636 0.12588235294117647 0.025
1 0.48058823529411765 0.45295454545454544 0.09411764705882353 0.02590909090909091
1 0.5794117647058824 0.8597727272727272 0.04352941176470588 0.03772727272727273
1 0.08676470588235294 0.4081818181818182 0.06529411764705882 0.03363636363636364
1 0.601764705882353 0.4540909090909091 0.07058823529411765 0.02
1 0.5626470588235294 0.03954545454545454 0.10176470588235294 0.017272727272727273
1 0.7411764705882353 0.41 0.10941176470588235 0.03090909090909091
1 0.5047058823529412 0.9268181818181818 0.06 0.03727272727272727
1 0.6758823529411765 0.8620454545454546 0.058823529411764705 0.03590909090909091
1 0.5638235294117647 0.3715909090909091 0.025294117647058825 0.026818181818181817
1 0.36764705882352944 0.455 0.12352941176470589 0.02727272727272727
1 0.10029411764705883 0.7643181818181818 0.07588235294117647 0.035
1 0.09941176470588235 0.7256818181818182 0.07529411764705882 0.035
1 0.5464705882352942 0.4581818181818182 0.023529411764705882 0.025454545454545455
1 0.6082352941176471 0.7736363636363637 0.03058823529411765 0.03272727272727273
1 0.49205882352941177 0.8606818181818182 0.04647058823529412 0.038636363636363635
1 0.6588235294117647 0.4109090909090909 0.03294117647058824 0.03272727272727273
1 0.5911764705882353 0.6902272727272727 0.024705882352941175 0.02409090909090909
1 0.09205882352941176 0.6072727272727273 0.0711764705882353 0.035454545454545454
1 0.6673529411764706 0.928409090909091 0.05235294117647059 0.038636363636363635
1 0.3264705882352941 0.8572727272727273 0.052941176470588235 0.03636363636363636
1 0.5791176470588235 0.5670454545454545 0.21 0.029545454545454545
1 0.31029411764705883 0.034772727272727275 0.031176470588235295 0.021363636363636362