1 0.3935294117647059 0.6804545454545454 0.16823529411764707 0.038181818181818185
1 0.36411764705882355 0.37272727272727274 0.12117647058823529 0.03636363636363636
1 0.7591176470588236 0.8620454545454546 0.05823529411764706 0.03681818181818182
1 0.8423529411764706 0.9288636363636363 0.06 0.038636363636363635
1 0.8876470588235295 0.5688636363636363 0.09294117647058824 0.03681818181818182
1 0.40911764705882353 0.9275 0.057058823529411766 0.03590909090909091
1 0.5570588235294117 0.5184090909090909 0.11764705882352941 0.038636363636363635
1 0.8282352941176471 0.7827272727272727 0.07764705882352942 0.03090909090909091
1 0.40088235294117647 0.6104545454545455 0.1935294117647059 0.03636363636363636
1 0.7211764705882353 0.6854545454545454 0.03529411764705882 0.034545454545454546
1 0.43558823529411766 0.725909090909091 0.2923529411764706 0.03727272727272727
1 0.30676470588235294 0.0275 0.04176470588235294 0.03227272727272727
1 0.8205882352941176 0.5725 0.03882352941176471 0.03318181818181818
1 0.38294117647058823 0.41363636363636364 0.16 0.03727272727272727
1 0.10147058823529412 0.6790909090909091 0.08529411764705883 0.03636363636363636
1 0.10617647058823529 0.4525 0.0888235294117647 0.03681818181818182
1 0.7223529411764706 0.6190909090909091 0.03411764705882353 0.031818181818181815
1 0.10882352941176471 0.3675 0.08352941176470588 0.035
1 0.6047058823529412 0.6163636363636363 0.13411764705882354 0.03272727272727273
1 0.15941176470588236 0.9254545454545454 0.058823529411764705 0.03636363636363636
1 0.8008823529411765 0.6186363636363637 0.07588235294117647 0.03090909090909091
1 0.3285294117647059 0.9270454545454545 0.0688235294117647 0.03681818181818182
1 0.15970588235294117 0.8570454545454546 0.06294117647058824 0.03590909090909091
1 0.3847058823529412 0.5222727272727272 0.17176470588235293 0.03363636363636364
1 0.10029411764705883 0.5236363636363637 0.07823529411764706 0.034545454545454546
1 0.6926470588235294 0.7261363636363637 0.18294117647058825 0.038636363636363635
1 0.6652941176470588 0.524090909090909 0.04352941176470588 0.034545454545454546
1 0.23852941176470588 0.9252272727272727 0.057058823529411766 0.03681818181818182
1 0.4023529411764706 0.7779545454545455 0.21764705882352942 0.03590909090909091
1 0.7623529411764706 0.9275 0.0611764705882353 0.03772727272727273
1 0.6426470588235295 0.3729545454545454 0.045294117647058825 0.03318181818181818
1 0.5905882352941176 0.4106818181818182 0.18941176470588236 0.03590909090909091
1 0.5123529411764706 0.3725 0.15176470588235294 0.03590909090909091
1 0.4173529411764706 0.8602272727272727 0.05941176470588235 0.03772727272727273
1 0.5897058823529412 0.8622727272727273 0.05823529411764706 0.035454545454545454
1 0.10088235294117646 0.5668181818181818 0.08529411764705883 0.03636363636363636
1 0.44676470588235295 0.5659090909090909 0.3052941176470588 0.03636363636363636
1 0.6088235294117647 0.7827272727272727 0.14705882352941177 0.04454545454545455
1 0.1111764705882353 0.40704545454545454 0.08470588235294117 0.03590909090909091
1 0.5720588235294117 0.03909090909090909 0.14058823529411765 0.03636363636363636
1 0.7661764705882353 0.46204545454545454 0.08529411764705883 0.03227272727272727
1 0.49558823529411766 0.9261363636363636 0.05235294117647059 0.03681818181818182
1 0.8161764705882353 0.7245454545454545 0.0488235294117647 0.03909090909090909
1 0.6752941176470588 0.8597727272727272 0.058823529411764705 0.03772727272727273
1 0.8970588235294118 0.7238636363636364 0.08823529411764706 0.03681818181818182
1 0.36705882352941177 0.4536363636363636 0.13058823529411764 0.03727272727272727
1 0.1 0.7659090909090909 0.0811764705882353 0.035454545454545454
1 0.09705882352941177 0.7243181818181819 0.08705882352941176 0.03681818181818182
1 0.7397058823529412 0.37545454545454543 0.061764705882352944 0.03363636363636364
1 0.5488235294117647 0.4590909090909091 0.16941176470588235 0.035454545454545454
1 0.505 0.8581818181818182 0.06647058823529411 0.038181818181818185
1 0.6911764705882353 0.4675 0.03529411764705882 0.03409090909090909
1 0.8376470588235294 0.41295454545454546 0.10235294117647059 0.03681818181818182
1 0.601764705882353 0.6852272727272727 0.14588235294117646 0.03954545454545454
1 0.10088235294117646 0.6043181818181819 0.09 0.03681818181818182
1 0.6738235294117647 0.9279545454545455 0.06411764705882353 0.038636363636363635
1 0.32676470588235296 0.8588636363636364 0.061764705882352944 0.038636363636363635
1 0.7038235294117647 0.5697727272727273 0.16411764705882353 0.03681818181818182
1 0.5882352941176471 0.9320454545454545 0.06235294117647059 0.041363636363636366
1 0.8423529411764706 0.8679545454545454 0.05647058823529412 0.041363636363636366
1 0.7420588235294118 0.7922727272727272 0.03470588235294118 0.04
1 0.7914705882352941 0.6813636363636364 0.07352941176470588 0.03636363636363636
1 0.7458823529411764 0.5265909090909091 0.0611764705882353 0.02772727272727273
1 0.7364705882352941 0.4168181818181818 0.04588235294117647 0.03636363636363636
1 0.24705882352941178 0.8581818181818182 0.07411764705882352 0.03909090909090909