1 0.38613569321533925 0.7058689717925387 0.1433628318584071 0.03958143767060965
1 0.7536873156342183 0.8757961783439491 0.04542772861356932 0.03821656050955414
1 0.8448377581120944 0.9401728844404004 0.0471976401179941 0.03776160145586897
1 0.5592920353982301 0.6373976342129208 0.027138643067846607 0.03548680618744313
1 0.42330383480825956 0.9435850773430391 0.04424778761061947 0.0373066424021838
1 0.5182890855457227 0.5489080982711556 0.11268436578171091 0.03867151956323931
1 0.38377581120943954 0.6346678798908099 0.12094395280235988 0.03548680618744313
1 0.5224188790560472 0.4385805277525023 0.1079646017699115 0.034576888080072796
1 0.528023598820059 0.5937215650591446 0.09911504424778761 0.03275705186533212
1 0.5973451327433629 0.7106460418562329 0.0359882005899705 0.0373066424021838
1 0.38849557522123895 0.4388080072793449 0.1457227138643068 0.0359417652411283
1 0.1056047197640118 0.7097361237488626 0.06253687315634218 0.03548680618744313
1 0.10825958702064897 0.47975432211101 0.06548672566371681 0.034121929026387623
1 0.38908554572271387 0.7502274795268425 0.14926253687315635 0.034576888080072796
1 0.6398230088495576 0.5914467697907189 0.07020648967551622 0.03184713375796178
1 0.10501474926253687 0.396041856232939 0.06253687315634218 0.0359417652411283
1 0.47640117994100295 0.792083712465878 0.08200589970501475 0.03548680618744313
1 0.5982300884955752 0.7923111919927207 0.071976401179941 0.033212010919017286
1 0.17079646017699116 0.944722474977252 0.04660766961651917 0.03867151956323931
1 0.3392330383480826 0.9435850773430391 0.04365781710914454 0.0373066424021838
1 0.1672566371681416 0.87852593266606 0.04424778761061947 0.03821656050955414
1 0.6427728613569321 0.7493175614194723 0.07964601769911504 0.03184713375796178
1 0.5648967551622419 0.4843039126478617 0.028908554572271386 0.0359417652411283
1 0.384070796460177 0.5530027297543221 0.13333333333333333 0.03867151956323931
1 0.10176991150442478 0.551410373066424 0.057227138643067846 0.034576888080072796
1 0.6070796460176991 0.6342129208371247 0.06489675516224189 0.03366696997270246
1 0.2528023598820059 0.8801182893539582 0.043067846607669616 0.03776160145586897
1 0.2533923303834808 0.9442675159235668 0.043067846607669616 0.036851683348498636
1 0.37551622418879055 0.792083712465878 0.11150442477876106 0.03548680618744313
1 0.759882005899705 0.9410828025477707 0.0471976401179941 0.03867151956323931
1 0.31150442477876106 0.06847133757961783 0.03775811209439528 0.023202911737943584
1 0.5398230088495575 0.7993630573248408 0.03185840707964602 0.04367606915377616
1 0.6227138643067847 0.47975432211101 0.07728613569321534 0.03503184713375796
1 0.5973451327433629 0.40172884440400364 0.033628318584070796 0.04367606915377616
1 0.5215339233038349 0.3955868971792539 0.10501474926253687 0.03867151956323931
1 0.4191740412979351 0.8789808917197452 0.043067846607669616 0.03821656050955414
1 0.5908554572271386 0.9433575978161965 0.05014749262536873 0.04049135577797998
1 0.3926253687315634 0.5934940855323021 0.14218289085545724 0.036851683348498636
1 0.592330383480826 0.5616469517743403 0.03303834808259587 0.042311191992720654
1 0.4988200589970501 0.635122838944495 0.09852507374631268 0.034576888080072796
1 0.4994100294985251 0.47975432211101 0.09498525073746313 0.03503184713375796
1 0.5985250737463127 0.8776160145586898 0.057227138643067846 0.039126478616924476
1 0.10294985250737464 0.4381255686988171 0.061946902654867256 0.03366696997270246
1 0.10501474926253687 0.5944040036396724 0.05663716814159292 0.034121929026387623
1 0.5696165191740413 0.06824385805277525 0.04070796460176991 0.023657870791628753
1 0.5929203539823009 0.43971792538671517 0.030678466076696165 0.034121929026387623
1 0.6607669616519174 0.43926296633303 0.08495575221238938 0.03230209281164695
1 0.5050147492625369 0.943130118289354 0.04601769911504425 0.039126478616924476
1 0.8442477876106195 0.8751137397634213 0.04365781710914454 0.0359417652411283
1 0.6769911504424779 0.8787534121929026 0.05014749262536873 0.04049135577797998
1 0.6654867256637168 0.3955868971792539 0.0920353982300885 0.036851683348498636
1 0.5194690265486726 0.705186533212011 0.11858407079646018 0.03821656050955414
1 0.3805309734513274 0.47975432211101 0.12743362831858407 0.0359417652411283
1 0.11445427728613569 0.7943585077343039 0.06489675516224189 0.034576888080072796
1 0.5855457227138643 0.7520473157415832 0.032448377581120944 0.03366696997270246
1 0.5094395280235988 0.8789808917197452 0.05486725663716814 0.039126478616924476
1 0.644542772861357 0.5507279344858963 0.07846607669616519 0.03776160145586897
1 0.5920353982300885 0.5930391264786169 0.028908554572271386 0.03503184713375796
1 0.5182890855457227 0.7488626023657871 0.09734513274336283 0.03366696997270246
1 0.10766961651917405 0.6344404003639672 0.061946902654867256 0.034121929026387623
1 0.6764011799410029 0.9438125568698817 0.04424778761061947 0.03867151956323931
1 0.336283185840708 0.8798908098271155 0.04365781710914454 0.03821656050955414
1 0.3896755162241888 0.3958143767060964 0.14690265486725665 0.04094631483166515
1 0.6581120943952803 0.7070063694267515 0.08908554572271386 0.034576888080072796
1 0.10943952802359883 0.7529572338489536 0.0607669616519174 0.03366696997270246