1 0.3938235294117647 0.6918181818181818 0.19588235294117648 0.04454545454545455
1 0.7597058823529412 0.8611363636363636 0.05235294117647059 0.041363636363636366
1 0.8476470588235294 0.9279545454545455 0.05764705882352941 0.038636363636363635
1 0.4152941176470588 0.9295454545454546 0.04941176470588235 0.034545454545454546
1 0.7641176470588236 0.928409090909091 0.0611764705882353 0.03590909090909091
1 0.3473529411764706 0.6143181818181818 0.08411764705882353 0.03318181818181818
1 0.42264705882352943 0.42045454545454547 0.22411764705882353 0.03727272727272727
1 0.43941176470588234 0.7306818181818182 0.27176470588235296 0.04045454545454545
1 0.09588235294117647 0.6838636363636363 0.06705882352941177 0.03409090909090909
1 0.09294117647058824 0.45681818181818185 0.058823529411764705 0.03727272727272727
1 0.4864705882352941 0.7709090909090909 0.05529411764705883 0.03272727272727273
1 0.15029411764705883 0.928409090909091 0.0488235294117647 0.03590909090909091
1 0.3211764705882353 0.9281818181818182 0.04470588235294118 0.03636363636363636
1 0.14647058823529413 0.8588636363636364 0.042352941176470586 0.038636363636363635
1 0.10058823529411764 0.5286363636363637 0.03882352941176471 0.03363636363636364
1 0.2373529411764706 0.8602272727272727 0.04647058823529412 0.03681818181818182
1 0.23852941176470588 0.9279545454545455 0.0488235294117647 0.035
1 0.3720588235294118 0.7731818181818182 0.13705882352941176 0.03363636363636364
1 0.30176470588235293 0.03704545454545455 0.036470588235294116 0.023181818181818182
1 0.5702941176470588 0.04068181818181818 0.10647058823529412 0.021363636363636362
1 0.40205882352941175 0.8613636363636363 0.0488235294117647 0.04
1 0.5902941176470589 0.9279545454545455 0.05235294117647059 0.03681818181818182
1 0.09411764705882353 0.3709090909090909 0.06235294117647059 0.03272727272727273
1 0.35764705882352943 0.5281818181818182 0.0988235294117647 0.03636363636363636
1 0.5838235294117647 0.860909090909091 0.051176470588235295 0.03727272727272727
1 0.5026470588235294 0.9302272727272727 0.05235294117647059 0.03590909090909091
1 0.8432352941176471 0.8586363636363636 0.05941176470588235 0.03727272727272727
1 0.6744117647058824 0.8634090909090909 0.06647058823529411 0.041363636363636366
1 0.3864705882352941 0.45636363636363636 0.15294117647058825 0.038181818181818185
1 0.10441176470588236 0.7718181818181818 0.06529411764705882 0.03272727272727273
1 0.1 0.7238636363636364 0.07411764705882352 0.03318181818181818
1 0.49529411764705883 0.860909090909091 0.047058823529411764 0.03636363636363636
1 0.5423529411764706 0.6877272727272727 0.07176470588235294 0.03909090909090909
1 0.3861764705882353 0.36886363636363634 0.14647058823529413 0.03772727272727273
1 0.10058823529411764 0.6168181818181818 0.052941176470588235 0.03636363636363636
1 0.6761764705882353 0.9265909090909091 0.061764705882352944 0.03772727272727273
1 0.3214705882352941 0.8597727272727272 0.045294117647058825 0.03772727272727273
1 0.6258823529411764 0.725909090909091 0.0988235294117647 0.034545454545454546
1 0.3588235294117647 0.5690909090909091 0.11176470588235295 0.04090909090909091
1 0.10529411764705883 0.5725 0.06235294117647059 0.03590909090909091
1 0.0988235294117647 0.41 0.06705882352941177 0.04454545454545455