1 0.39705882352941174 0.6765909090909091 0.18588235294117647 0.03954545454545454
1 0.7497058823529412 0.855909090909091 0.05941176470588235 0.04
1 0.8355882352941176 0.9240909090909091 0.06294117647058824 0.04090909090909091
1 0.6458823529411765 0.5643181818181818 0.2223529411764706 0.03772727272727273
1 0.4067647058823529 0.9206818181818182 0.06294117647058824 0.03954545454545454
1 0.5364705882352941 0.5197727272727273 0.10235294117647059 0.035
1 0.8347058823529412 0.8545454545454545 0.06 0.04090909090909091
1 0.35676470588235293 0.6052272727272727 0.11588235294117646 0.035
1 0.4573529411764706 0.4040909090909091 0.31588235294117645 0.04
1 0.7173529411764706 0.7656818181818181 0.05 0.035
1 0.38294117647058823 0.44931818181818184 0.16588235294117648 0.03772727272727273
1 0.683235294117647 0.6809090909090909 0.039411764705882354 0.034545454545454546
1 0.32235294117647056 0.026818181818181817 0.04352941176470588 0.02727272727272727
1 0.10264705882352941 0.7175 0.07352941176470588 0.03590909090909091
1 0.09970588235294117 0.44386363636363635 0.08529411764705883 0.03681818181818182
1 0.4235294117647059 0.7186363636363636 0.25529411764705884 0.03636363636363636
1 0.09647058823529411 0.3597727272727273 0.08470588235294117 0.03681818181818182
1 0.6647058823529411 0.7215909090909091 0.19411764705882353 0.03590909090909091
1 0.13970588235294118 0.9218181818181819 0.04764705882352941 0.03909090909090909
1 0.8702941176470588 0.5668181818181818 0.09470588235294118 0.03636363636363636
1 0.31882352941176473 0.9202272727272728 0.06 0.038636363636363635
1 0.14029411764705882 0.85 0.04764705882352941 0.035454545454545454
1 0.38823529411764707 0.5170454545454546 0.1623529411764706 0.03681818181818182
1 0.09588235294117647 0.5102272727272728 0.07764705882352942 0.03590909090909091
1 0.6926470588235294 0.6106818181818182 0.07 0.03227272727272727
1 0.22764705882352942 0.9195454545454546 0.05176470588235294 0.03909090909090909
1 0.3679411764705882 0.7645454545454545 0.15470588235294117 0.038181818181818185
1 0.7479411764705882 0.9240909090909091 0.051176470588235295 0.04090909090909091
1 0.5311764705882352 0.764090909090909 0.10470588235294118 0.03636363636363636
1 0.7047058823529412 0.4547727272727273 0.07764705882352942 0.03318181818181818
1 0.6770588235294117 0.3679545454545455 0.05411764705882353 0.03409090909090909
1 0.6388235294117647 0.4590909090909091 0.03529411764705882 0.038181818181818185
1 0.39941176470588236 0.8538636363636364 0.04941176470588235 0.03954545454545454
1 0.5744117647058824 0.92 0.05235294117647059 0.04
1 0.40088235294117647 0.5622727272727273 0.19941176470588234 0.03727272727272727
1 0.49529411764705883 0.6097727272727272 0.1 0.03409090909090909
1 0.576764705882353 0.8572727272727273 0.05941176470588235 0.04090909090909091
1 0.09558823529411764 0.4 0.08176470588235295 0.03727272727272727
1 0.0961764705882353 0.5575 0.07823529411764706 0.03772727272727273
1 0.57 0.03386363636363637 0.12 0.022272727272727274
1 0.48205882352941176 0.9197727272727273 0.04764705882352941 0.042272727272727274
1 0.8029411764705883 0.7234090909090909 0.04 0.03318181818181818
1 0.7508823529411764 0.3668181818181818 0.07470588235294118 0.031818181818181815
1 0.5852941176470589 0.68 0.12117647058823529 0.03636363636363636
1 0.8820588235294118 0.7238636363636364 0.09705882352941177 0.03590909090909091
1 0.09852941176470588 0.7577272727272727 0.08529411764705883 0.03636363636363636
1 0.10264705882352941 0.6743181818181818 0.08411764705882353 0.03954545454545454
1 0.7202941176470589 0.4068181818181818 0.18176470588235294 0.03909090909090909
1 0.5344117647058824 0.4515909090909091 0.09 0.03409090909090909
1 0.653235294117647 0.7754545454545455 0.03823529411764706 0.03727272727272727
1 0.48294117647058826 0.8545454545454545 0.04588235294117647 0.04
1 0.6873529411764706 0.525 0.08529411764705883 0.034545454545454546
1 0.9044117647058824 0.40954545454545455 0.09235294117647058 0.03727272727272727
1 0.6205882352941177 0.6131818181818182 0.029411764705882353 0.03363636363636364
1 0.4082352941176471 0.36113636363636364 0.2164705882352941 0.03954545454545454
1 0.095 0.5975 0.08176470588235295 0.03590909090909091
1 0.6691176470588235 0.9206818181818182 0.06294117647058824 0.03954545454545454
1 0.5982352941176471 0.36568181818181816 0.12 0.03681818181818182
1 0.3164705882352941 0.8545454545454545 0.05411764705882353 0.04
1 0.7505882352941177 0.6815909090909091 0.0611764705882353 0.035
1 0.6161764705882353 0.5325 0.02411764705882353 0.02409090909090909
1 0.2338235294117647 0.850909090909091 0.05588235294117647 0.03727272727272727
1 0.6626470588235294 0.8631818181818182 0.06647058823529411 0.04727272727272727
1 0.7976470588235294 0.5668181818181818 0.03882352941176471 0.038181818181818185
1 0.8326470588235294 0.41113636363636363 0.04176470588235294 0.04045454545454545