1 0.43323529411764705 0.6831818181818182 0.23705882352941177 0.03909090909090909
1 0.7655882352941177 0.8597727272727272 0.057058823529411766 0.03954545454545454
1 0.8552941176470589 0.9256818181818182 0.06705882352941177 0.03772727272727273
1 0.5488235294117647 0.6118181818181818 0.11647058823529412 0.03363636363636364
1 0.41823529411764704 0.9270454545454545 0.05647058823529412 0.03681818181818182
1 0.8511764705882353 0.8577272727272728 0.058823529411764705 0.04090909090909091
1 0.38235294117647056 0.61 0.14470588235294118 0.035454545454545454
1 0.7147058823529412 0.7727272727272727 0.058823529411764705 0.03090909090909091
1 0.6755882352941176 0.6815909090909091 0.13117647058823528 0.038636363636363635
1 0.4326470588235294 0.7254545454545455 0.25 0.03727272727272727
1 0.8088235294117647 0.5286363636363637 0.08823529411764706 0.031818181818181815
1 0.10647058823529412 0.6825 0.06705882352941177 0.03590909090909091
1 0.11205882352941177 0.44545454545454544 0.07941176470588235 0.03636363636363636
1 0.1585294117647059 0.9290909090909091 0.04764705882352941 0.03909090909090909
1 0.3255882352941176 0.9295454545454546 0.0488235294117647 0.038181818181818185
1 0.1588235294117647 0.8584090909090909 0.04588235294117647 0.03772727272727273
1 0.41911764705882354 0.5252272727272728 0.22294117647058823 0.03681818181818182
1 0.10441176470588236 0.5268181818181819 0.07941176470588235 0.035454545454545454
1 0.6741176470588235 0.725 0.1588235294117647 0.034545454545454546
1 0.2485294117647059 0.8597727272727272 0.051176470588235295 0.03772727272727273
1 0.24352941176470588 0.9293181818181818 0.05411764705882353 0.03772727272727273
1 0.4023529411764706 0.7686363636363637 0.1976470588235294 0.03727272727272727
1 0.7635294117647059 0.9243181818181818 0.052941176470588235 0.04045454545454545
1 0.10352941176470588 0.36863636363636365 0.07294117647058823 0.03363636363636364
1 0.5805882352941176 0.7697727272727273 0.10705882352941176 0.03409090909090909
1 0.5714705882352941 0.4088636363636364 0.11352941176470588 0.03681818181818182
1 0.42058823529411765 0.8597727272727272 0.052941176470588235 0.03772727272727273
1 0.5932352941176471 0.9243181818181818 0.05352941176470588 0.03681818181818182
1 0.6355882352941177 0.5281818181818182 0.15235294117647058 0.03363636363636364
1 0.425 0.5704545454545454 0.22647058823529412 0.03727272727272727
1 0.5897058823529412 0.8595454545454545 0.060588235294117644 0.04
1 0.10617647058823529 0.4059090909090909 0.08411764705882353 0.038181818181818185
1 0.658235294117647 0.5720454545454545 0.17294117647058824 0.03681818181818182
1 0.5494117647058824 0.36704545454545456 0.08705882352941176 0.03409090909090909
1 0.7814705882352941 0.5693181818181818 0.03705882352941176 0.031363636363636364
1 0.7820588235294118 0.7256818181818182 0.04294117647058823 0.03409090909090909
1 0.5079411764705882 0.9261363636363636 0.06529411764705882 0.03772727272727273
1 0.8452941176470589 0.6838636363636363 0.06470588235294118 0.03409090909090909
1 0.6844117647058824 0.8584090909090909 0.06411764705882353 0.03681818181818182
1 0.8497058823529412 0.7265909090909091 0.07941176470588235 0.03409090909090909
1 0.3785294117647059 0.45545454545454545 0.14647058823529413 0.03727272727272727
1 0.10823529411764705 0.7652272727272728 0.07411764705882352 0.03681818181818182
1 0.10470588235294118 0.7272727272727273 0.07176470588235294 0.038181818181818185
1 0.74 0.5318181818181819 0.03176470588235294 0.03363636363636364
1 0.5088235294117647 0.45590909090909093 0.0811764705882353 0.03272727272727273
1 0.6617647058823529 0.7738636363636363 0.03176470588235294 0.03681818181818182
1 0.5102941176470588 0.8584090909090909 0.05941176470588235 0.03772727272727273
1 0.8658823529411764 0.571590909090909 0.11058823529411765 0.035
1 0.38941176470588235 0.36977272727272725 0.17176470588235293 0.03681818181818182
1 0.10852941176470589 0.6127272727272727 0.07705882352941176 0.03636363636363636
1 0.6820588235294117 0.9259090909090909 0.06529411764705882 0.03909090909090909
1 0.3397058823529412 0.8577272727272728 0.054705882352941174 0.038181818181818185
1 0.385 0.41454545454545455 0.16647058823529412 0.03636363636363636
1 0.7052941176470588 0.61 0.09647058823529411 0.031818181818181815
1 0.7841176470588235 0.6859090909090909 0.047058823529411764 0.038181818181818185
1 0.28823529411764703 0.03727272727272727 0.07058823529411765 0.022727272727272728
1 0.5638235294117647 0.03954545454545454 0.12411764705882353 0.025454545454545455
1 0.10882352941176471 0.571590909090909 0.08 0.035
1 0.6320588235294118 0.6202272727272727 0.031176470588235295 0.041363636363636366