1 0.35411764705882354 0.6827272727272727 0.09529411764705882 0.035454545454545454
1 0.37558823529411767 0.4134090909090909 0.15 0.029545454545454545
1 0.7520588235294118 0.8640909090909091 0.04764705882352941 0.04090909090909091
1 0.8394117647058823 0.9302272727272727 0.04823529411764706 0.03772727272727273
1 0.5426470588235294 0.5706818181818182 0.08529411764705883 0.03318181818181818
1 0.4111764705882353 0.9290909090909091 0.04823529411764706 0.03636363636363636
1 0.5064705882352941 0.5265909090909091 0.06352941176470588 0.03409090909090909
1 0.3623529411764706 0.6190909090909091 0.0988235294117647 0.028181818181818183
1 0.4773529411764706 0.41113636363636363 0.03823529411764706 0.03772727272727273
1 0.5908823529411765 0.69 0.0711764705882353 0.03272727272727273
1 0.48705882352941177 0.7302272727272727 0.14705882352941177 0.038636363636363635
1 0.09205882352941176 0.4506818181818182 0.061764705882352944 0.035
1 0.09441176470588235 0.36613636363636365 0.06411764705882353 0.03318181818181818
1 0.35205882352941176 0.45454545454545453 0.09 0.034545454545454546
1 0.42911764705882355 0.7734090909090909 0.08058823529411764 0.03318181818181818
1 0.5844117647058824 0.7284090909090909 0.03 0.03318181818181818
1 0.145 0.9279545454545455 0.045294117647058825 0.03772727272727273
1 0.3220588235294118 0.93 0.05235294117647059 0.035454545454545454
1 0.1514705882352941 0.8590909090909091 0.054705882352941174 0.038181818181818185
1 0.6505882352941177 0.7254545454545455 0.08235294117647059 0.034545454545454546
1 0.11735294117647059 0.5225 0.07941176470588235 0.03227272727272727
1 0.2361764705882353 0.9281818181818182 0.04411764705882353 0.03636363636363636
1 0.35411764705882354 0.7302272727272727 0.1011764705882353 0.03681818181818182
1 0.7532352941176471 0.9277272727272727 0.05352941176470588 0.03909090909090909
1 0.29205882352941176 0.03681818181818182 0.039411764705882354 0.023636363636363636
1 0.5614705882352942 0.04159090909090909 0.07470588235294118 0.02409090909090909
1 0.5441176470588235 0.40954545454545455 0.08941176470588236 0.035454545454545454
1 0.48705882352941177 0.3718181818181818 0.06235294117647059 0.034545454545454546
1 0.41 0.8588636363636364 0.05647058823529412 0.038636363636363635
1 0.5782352941176471 0.9254545454545454 0.04470588235294118 0.03727272727272727
1 0.3820588235294118 0.5297727272727273 0.14294117647058824 0.03681818181818182
1 0.41441176470588237 0.4590909090909091 0.03823529411764706 0.03636363636363636
1 0.5338235294117647 0.7784090909090909 0.04411764705882353 0.020454545454545454
1 0.09235294117647058 0.40613636363636363 0.05764705882352941 0.03409090909090909
1 0.11529411764705882 0.5654545454545454 0.0811764705882353 0.03363636363636364
1 0.4958823529411765 0.9309090909090909 0.04941176470588235 0.03636363636363636
1 0.84 0.8579545454545454 0.06235294117647059 0.03954545454545454
1 0.6726470588235294 0.8581818181818182 0.05823529411764706 0.038181818181818185
1 0.46205882352941174 0.6881818181818182 0.10058823529411764 0.03090909090909091
1 0.09441176470588235 0.7688636363636364 0.0711764705882353 0.035
1 0.46558823529411764 0.4547727272727273 0.05 0.035
1 0.07911764705882353 0.6843181818181818 0.057058823529411766 0.03318181818181818
1 0.49823529411764705 0.8586363636363636 0.058823529411764705 0.03909090909090909
1 0.3547058823529412 0.37022727272727274 0.10235294117647059 0.03772727272727273
1 0.44382352941176473 0.6152272727272727 0.0488235294117647 0.035
1 0.10882352941176471 0.6113636363636363 0.08 0.03363636363636364
1 0.6626470588235294 0.9265909090909091 0.04176470588235294 0.038636363636363635
1 0.3173529411764706 0.8597727272727272 0.04764705882352941 0.03772727272727273
1 0.09294117647058824 0.7263636363636363 0.06823529411764706 0.03909090909090909
1 0.4308823529411765 0.3836363636363636 0.03823529411764706 0.02727272727272727
1 0.49470588235294116 0.7845454545454545 0.027058823529411764 0.02727272727272727
1 0.3388235294117647 0.7770454545454546 0.06588235294117648 0.021363636363636362
1 0.39441176470588235 0.5729545454545455 0.19470588235294117 0.038636363636363635
1 0.53 0.7038636363636364 0.03058823529411765 0.029545454545454545
1 0.23529411764705882 0.8652272727272727 0.05411764705882353 0.029545454545454545
1 0.5820588235294117 0.8652272727272727 0.0488235294117647 0.035