1 0.4379411764705882 0.6813636363636364 0.25823529411764706 0.03909090909090909
1 0.5755882352941176 0.7838636363636363 0.026470588235294117 0.03590909090909091
1 0.7561764705882353 0.860909090909091 0.057058823529411766 0.04
1 0.8502941176470589 0.9277272727272727 0.0711764705882353 0.04090909090909091
1 0.9370588235294117 0.5381818181818182 0.1188235294117647 0.03636363636363636
1 0.40558823529411764 0.9275 0.05823529411764706 0.03772727272727273
1 0.846764705882353 0.8625 0.06647058823529411 0.038636363636363635
1 0.6258823529411764 0.7809090909090909 0.06 0.031818181818181815
1 0.40058823529411763 0.4163636363636364 0.1976470588235294 0.034545454545454546
1 0.6605882352941177 0.6804545454545454 0.16588235294117648 0.03727272727272727
1 0.4188235294117647 0.7279545454545454 0.24 0.03681818181818182
1 0.35558823529411765 0.465 0.12294117647058823 0.024545454545454544
1 0.09323529411764706 0.6820454545454545 0.07823529411764706 0.035
1 0.07882352941176471 0.3675 0.07058823529411765 0.035
1 0.08529411764705883 0.45227272727272727 0.07058823529411765 0.03636363636363636
1 0.5052941176470588 0.7822727272727272 0.09529411764705882 0.03090909090909091
1 0.6194117647058823 0.7313636363636363 0.1811764705882353 0.03727272727272727
1 0.15941176470588236 0.9265909090909091 0.06352941176470588 0.041363636363636366
1 0.8238235294117647 0.5788636363636364 0.11352941176470588 0.03590909090909091
1 0.32823529411764707 0.9268181818181818 0.06470588235294118 0.03909090909090909
1 0.15735294117647058 0.8570454545454546 0.06294117647058824 0.042272727272727274
1 0.7358823529411764 0.735 0.029411764705882353 0.03363636363636364
1 0.4638235294117647 0.5320454545454546 0.34411764705882353 0.045
1 0.085 0.5275 0.07 0.035
1 0.24 0.8597727272727272 0.06470588235294118 0.038636363636363635
1 0.668235294117647 0.6275 0.09529411764705882 0.022272727272727274
1 0.24176470588235294 0.9265909090909091 0.06235294117647059 0.038636363636363635
1 0.37441176470588233 0.7806818181818181 0.14882352941176472 0.029545454545454545
1 0.7647058823529411 0.9279545454545455 0.07294117647058823 0.03954545454545454
1 0.6673529411764706 0.375 0.18294117647058825 0.03727272727272727
1 0.4161764705882353 0.8588636363636364 0.06294117647058824 0.04045454545454545
1 0.5838235294117647 0.9336363636363636 0.05352941176470588 0.04727272727272727
1 0.3814705882352941 0.6184090909090909 0.16294117647058823 0.041363636363636366
1 0.5864705882352941 0.8627272727272727 0.07176470588235294 0.035454545454545454
1 0.08941176470588236 0.4106818181818182 0.07294117647058823 0.03681818181818182
1 0.42764705882352944 0.5777272727272728 0.2611764705882353 0.03636363636363636
1 0.5505882352941176 0.04090909090909091 0.08588235294117647 0.02181818181818182
1 0.7579411764705882 0.5790909090909091 0.03470588235294118 0.03272727272727273
1 0.8047058823529412 0.7356818181818182 0.0976470588235294 0.03409090909090909
1 0.49411764705882355 0.9272727272727272 0.06352941176470588 0.04454545454545455
1 0.673235294117647 0.8613636363636363 0.061764705882352944 0.03909090909090909
1 0.08558823529411765 0.77 0.07352941176470588 0.034545454545454546
1 0.095 0.7275 0.08058823529411764 0.035
1 0.5 0.8615909090909091 0.06705882352941177 0.042272727272727274
1 0.7473529411764706 0.5336363636363637 0.19470588235294117 0.03727272727272727
1 0.8638235294117647 0.5409090909090909 0.031176470588235295 0.038181818181818185
1 0.4279411764705882 0.3704545454545455 0.2676470588235294 0.034545454545454546
1 0.5267647058823529 0.6218181818181818 0.1288235294117647 0.03272727272727273
1 0.08676470588235294 0.6147727272727272 0.07235294117647059 0.03590909090909091
1 0.6729411764705883 0.9270454545454545 0.06705882352941177 0.04045454545454545
1 0.3276470588235294 0.8577272727272728 0.0611764705882353 0.04
1 0.7720588235294118 0.6854545454545454 0.04058823529411765 0.035454545454545454
1 0.2702941176470588 0.038181818181818185 0.03 0.02181818181818182
1 0.5632352941176471 0.41795454545454547 0.1323529411764706 0.03681818181818182
1 0.46294117647058824 0.4661363636363636 0.08235294117647059 0.026818181818181817
1 0.08794117647058823 0.5720454545454545 0.07470588235294118 0.03318181818181818
1 0.6455882352941177 0.5786363636363636 0.17352941176470588 0.03363636363636364
1 0.8361764705882353 0.685 0.09823529411764706 0.038181818181818185
1 0.6108823529411764 0.6252272727272727 0.025294117647058825 0.025