1 0.35794117647058826 0.6818181818181818 0.08294117647058824 0.035454545454545454
1 0.42264705882352943 0.41 0.2288235294117647 0.038181818181818185
1 0.7591176470588236 0.8581818181818182 0.05235294117647059 0.04
1 0.8494117647058823 0.9259090909090909 0.06588235294117648 0.038181818181818185
1 0.42558823529411766 0.923409090909091 0.06647058823529411 0.038636363636363635
1 0.84 0.8579545454545454 0.04941176470588235 0.04045454545454545
1 0.6788235294117647 0.8563636363636363 0.06 0.03909090909090909
1 0.4 0.6120454545454546 0.19294117647058823 0.04045454545454545
1 0.30117647058823527 0.035 0.04588235294117647 0.024545454545454544
1 0.11176470588235295 0.6822727272727273 0.07529411764705882 0.03636363636363636
1 0.35323529411764704 0.7243181818181819 0.09823529411764706 0.03590909090909091
1 0.7373529411764705 0.5331818181818182 0.03705882352941176 0.03272727272727273
1 0.11058823529411765 0.36704545454545456 0.09647058823529411 0.04045454545454545
1 0.12117647058823529 0.4540909090909091 0.08705882352941176 0.03636363636363636
1 0.5808823529411765 0.6115909090909091 0.1652941176470588 0.03409090909090909
1 0.15558823529411764 0.9211363636363636 0.057058823529411766 0.03954545454545454
1 0.33 0.9218181818181819 0.05647058823529412 0.03727272727272727
1 0.15558823529411764 0.8552272727272727 0.051176470588235295 0.03772727272727273
1 0.7294117647058823 0.615 0.06705882352941177 0.02727272727272727
1 0.41411764705882353 0.5256818181818181 0.21294117647058824 0.038636363636363635
1 0.10911764705882353 0.5243181818181818 0.11352941176470588 0.04045454545454545
1 0.6932352941176471 0.5681818181818182 0.21705882352941178 0.038181818181818185
1 0.2464705882352941 0.8572727272727273 0.05647058823529412 0.03909090909090909
1 0.6279411764705882 0.5272727272727272 0.1864705882352941 0.038181818181818185
1 0.24823529411764705 0.9209090909090909 0.06235294117647059 0.038181818181818185
1 0.3511764705882353 0.7693181818181818 0.08941176470588236 0.035
1 0.7602941176470588 0.923409090909091 0.060588235294117644 0.03954545454545454
1 0.4244117647058824 0.8565909090909091 0.060588235294117644 0.038636363636363635
1 0.5914705882352941 0.9218181818181819 0.061764705882352944 0.03909090909090909
1 0.11529411764705882 0.5661363636363637 0.10235294117647059 0.03681818181818182
1 0.43970588235294117 0.5665909090909091 0.26529411764705885 0.03590909090909091
1 0.5864705882352941 0.8584090909090909 0.05411764705882353 0.03954545454545454
1 0.11705882352941177 0.4088636363636364 0.10352941176470588 0.038636363636363635
1 0.6797058823529412 0.4525 0.10411764705882352 0.035
1 0.5755882352941176 0.03954545454545454 0.12058823529411765 0.022727272727272728
1 0.5058823529411764 0.9256818181818182 0.05764705882352941 0.038636363636363635
1 0.543235294117647 0.3668181818181818 0.14882352941176472 0.03727272727272727
1 0.8929411764705882 0.5665909090909091 0.09058823529411765 0.03318181818181818
1 0.3826470588235294 0.4515909090909091 0.16176470588235295 0.03590909090909091
1 0.1223529411764706 0.7663636363636364 0.06823529411764706 0.03636363636363636
1 0.12294117647058823 0.7234090909090909 0.07529411764705882 0.038636363636363635
1 0.7147058823529412 0.36818181818181817 0.12705882352941175 0.034545454545454546
1 0.505 0.8579545454545454 0.05352941176470588 0.03954545454545454
1 0.8644117647058823 0.40795454545454546 0.14882352941176472 0.03590909090909091
1 0.38676470588235295 0.36522727272727273 0.15470588235294117 0.03772727272727273
1 0.11411764705882353 0.6120454545454546 0.08941176470588236 0.03681818181818182
1 0.675 0.9259090909090909 0.05588235294117647 0.03727272727272727
1 0.33205882352941174 0.8565909090909091 0.05588235294117647 0.03772727272727273
1 0.8055882352941176 0.5288636363636363 0.09823529411764706 0.03227272727272727
1 0.6308823529411764 0.37227272727272726 0.03705882352941176 0.03727272727272727
1 0.6435294117647059 0.4084090909090909 0.18470588235294116 0.03681818181818182
1 0.7673529411764706 0.4077272727272727 0.039411764705882354 0.03636363636363636
1 0.5311764705882352 0.4511363636363636 0.13058823529411764 0.03318181818181818
1 0.6108823529411764 0.4561363636363636 0.033529411764705884 0.03409090909090909
1 0.6797058823529412 0.6165909090909091 0.03588235294117647 0.03318181818181818
1 0.8276470588235294 0.5684090909090909 0.03882352941176471 0.038636363636363635