1 0.37529411764705883 0.7211363636363637 0.14470588235294118 0.03681818181818182
1 0.76 0.8584090909090909 0.058823529411764705 0.03772727272727273
1 0.8464705882352941 0.9263636363636364 0.06588235294117648 0.038181818181818185
1 0.545 0.5675 0.15823529411764706 0.03681818181818182
1 0.41323529411764703 0.9270454545454545 0.06529411764705882 0.03772727272727273
1 0.8429411764705882 0.8579545454545454 0.0611764705882353 0.03954545454545454
1 0.35411764705882354 0.6131818181818182 0.1 0.034545454545454546
1 0.43676470588235294 0.4097727272727273 0.2523529411764706 0.03954545454545454
1 0.6258823529411764 0.7718181818181818 0.07058823529411765 0.03090909090909091
1 0.6526470588235294 0.7236363636363636 0.027647058823529413 0.03272727272727273
1 0.7694117647058824 0.4093181818181818 0.029411764705882353 0.03681818181818182
1 0.09382352941176471 0.6804545454545454 0.0711764705882353 0.035454545454545454
1 0.095 0.44386363636363635 0.08764705882352941 0.03681818181818182
1 0.48323529411764704 0.7720454545454546 0.12764705882352942 0.03318181818181818
1 0.1538235294117647 0.9247727272727273 0.061764705882352944 0.041363636363636366
1 0.3288235294117647 0.9275 0.052941176470588235 0.03681818181818182
1 0.15970588235294117 0.8556818181818182 0.061764705882352944 0.038636363636363635
1 0.725 0.7236363636363636 0.09941176470588235 0.035454545454545454
1 0.09235294117647058 0.5234090909090909 0.07058823529411765 0.035
1 0.6105882352941177 0.6129545454545454 0.058823529411764705 0.030454545454545453
1 0.24382352941176472 0.8581818181818182 0.051176470588235295 0.03909090909090909
1 0.6588235294117647 0.5679545454545455 0.024705882352941175 0.035
1 0.24058823529411766 0.925 0.058823529411764705 0.03727272727272727
1 0.3476470588235294 0.7718181818181818 0.09058823529411765 0.03363636363636364
1 0.7585294117647059 0.9259090909090909 0.06411764705882353 0.038181818181818185
1 0.09941176470588235 0.3665909090909091 0.08705882352941176 0.03590909090909091
1 0.6576470588235294 0.4084090909090909 0.16941176470588235 0.03772727272727273
1 0.4152941176470588 0.8584090909090909 0.05764705882352941 0.03954545454545454
1 0.5870588235294117 0.9254545454545454 0.0611764705882353 0.04
1 0.09147058823529412 0.5654545454545454 0.07352941176470588 0.03363636363636364
1 0.3779411764705882 0.5681818181818182 0.14411764705882352 0.03727272727272727
1 0.47205882352941175 0.6127272727272727 0.11588235294117646 0.034545454545454546
1 0.59 0.8563636363636363 0.05647058823529412 0.04090909090909091
1 0.09705882352941177 0.4059090909090909 0.09411764705882353 0.03727272727272727
1 0.6523529411764706 0.4565909090909091 0.07176470588235294 0.031363636363636364
1 0.5444117647058824 0.038636363636363635 0.07470588235294118 0.02181818181818182
1 0.5964705882352941 0.45954545454545453 0.024705882352941175 0.034545454545454546
1 0.5038235294117647 0.9261363636363636 0.06647058823529411 0.03954545454545454
1 0.6723529411764706 0.8572727272727273 0.05764705882352941 0.038181818181818185
1 0.37529411764705883 0.4511363636363636 0.1423529411764706 0.03772727272727273
1 0.09852941176470588 0.765 0.08529411764705883 0.03636363636363636
1 0.09441176470588235 0.7288636363636364 0.07823529411764706 0.03681818181818182
1 0.5158823529411765 0.4527272727272727 0.11411764705882353 0.034545454545454546
1 0.5029411764705882 0.8579545454545454 0.05411764705882353 0.038636363636363635
1 0.8441176470588235 0.4102272727272727 0.1 0.03772727272727273
1 0.5664705882352942 0.6170454545454546 0.02235294117647059 0.029545454545454545
1 0.5411764705882353 0.7225 0.16941176470588235 0.03681818181818182
1 0.09323529411764706 0.6061363636363636 0.07588235294117647 0.03590909090909091
1 0.6708823529411765 0.9252272727272727 0.05941176470588235 0.03954545454545454
1 0.3291176470588235 0.8575 0.057058823529411766 0.038636363636363635
1 0.7308823529411764 0.5684090909090909 0.08764705882352941 0.035
1 0.3058823529411765 0.03704545454545455 0.04352941176470588 0.019545454545454546
1 0.5714705882352941 0.7772727272727272 0.02411764705882353 0.04181818181818182