1 0.4073529411764706 0.39954545454545454 0.20058823529411765 0.038181818181818185
1 0.5785294117647058 0.6095454545454545 0.05941176470588235 0.02727272727272727
1 0.5244117647058824 0.5643181818181818 0.15823529411764706 0.031363636363636364
1 0.35058823529411764 0.6065909090909091 0.1011764705882353 0.03318181818181818
1 0.6641176470588235 0.7756818181818181 0.07647058823529412 0.03318181818181818
1 0.39647058823529413 0.44727272727272727 0.17058823529411765 0.04090909090909091
1 0.09558823529411764 0.7131818181818181 0.07352941176470588 0.034545454545454546
1 0.0988235294117647 0.43931818181818183 0.0811764705882353 0.03409090909090909
1 0.7532352941176471 0.725909090909091 0.1111764705882353 0.03272727272727273
1 0.6670588235294118 0.565 0.07176470588235294 0.031818181818181815
1 0.3770588235294118 0.7652272727272728 0.15529411764705883 0.03590909090909091
1 0.3226470588235294 0.025454545454545455 0.04647058823529412 0.02090909090909091
1 0.5285294117647059 0.7681818181818182 0.10764705882352942 0.03727272727272727
1 0.3658823529411765 0.5625 0.1188235294117647 0.03409090909090909
1 0.45647058823529413 0.605 0.12588235294117647 0.034545454545454546
1 0.0988235294117647 0.3975 0.0811764705882353 0.03409090909090909
1 0.09088235294117647 0.5588636363636363 0.06294117647058824 0.03318181818181818
1 0.5588235294117647 0.028863636363636362 0.07764705882352942 0.025
1 0.6061764705882353 0.40386363636363637 0.18058823529411766 0.038636363636363635
1 0.7785294117647059 0.4056818181818182 0.10764705882352942 0.03681818181818182
1 0.09705882352941177 0.7625 0.07529411764705882 0.035
1 0.5594117647058824 0.44363636363636366 0.15411764705882353 0.03
1 0.5861764705882353 0.7184090909090909 0.17352941176470588 0.03772727272727273
1 0.08352941176470588 0.600909090909091 0.06705882352941177 0.03363636363636364
1 0.6032352941176471 0.7781818181818182 0.027647058823529413 0.035454545454545454
1 0.39647058823529413 0.7175 0.1952941176470588 0.03681818181818182
1 0.6497058823529411 0.45295454545454544 0.020588235294117647 0.026818181818181817
1 0.7035294117647058 0.4475 0.08235294117647059 0.026818181818181817
1 0.6194117647058823 0.5656818181818182 0.024705882352941175 0.035
1 0.5341176470588235 0.6143181818181818 0.023529411764705882 0.03318181818181818
1 0.6888235294117647 0.7234090909090909 0.023529411764705882 0.026818181818181817
1 0.7105882352941176 0.4043181818181818 0.027058823529411764 0.035