1 0.4555882352941176 0.7295454545454545 0.3241176470588235 0.03909090909090909
1 0.7629411764705882 0.8645454545454545 0.07411764705882352 0.03909090909090909
1 0.8514705882352941 0.9277272727272727 0.07705882352941176 0.042727272727272725
1 0.8538235294117648 0.5731818181818182 0.16411764705882353 0.04181818181818182
1 0.4102941176470588 0.9306818181818182 0.0688235294117647 0.03954545454545454
1 0.7929411764705883 0.7736363636363637 0.07058823529411765 0.03272727272727273
1 0.38735294117647057 0.62 0.18176470588235294 0.038181818181818185
1 0.43117647058823527 0.4159090909090909 0.27176470588235296 0.03727272727272727
1 0.7176470588235294 0.7770454545454546 0.03764705882352941 0.038636363636363635
1 0.4026470588235294 0.4611363636363636 0.20529411764705882 0.04045454545454545
1 0.6991176470588235 0.6897727272727273 0.17352941176470588 0.038636363636363635
1 0.09 0.6829545454545455 0.08588235294117647 0.042272727272727274
1 0.8511764705882353 0.5315909090909091 0.16470588235294117 0.04045454545454545
1 0.7420588235294118 0.5740909090909091 0.03235294117647059 0.034545454545454546
1 0.09411764705882353 0.3690909090909091 0.1 0.04363636363636364
1 0.09676470588235295 0.45431818181818184 0.08411764705882353 0.038636363636363635
1 0.14823529411764705 0.9281818181818182 0.06352941176470588 0.04454545454545455
1 0.8214705882352941 0.6218181818181818 0.14411764705882352 0.03909090909090909
1 0.3241176470588235 0.93 0.06705882352941177 0.04090909090909091
1 0.15441176470588236 0.8584090909090909 0.06647058823529411 0.041363636363636366
1 0.71 0.7304545454545455 0.14470588235294118 0.03636363636363636
1 0.10294117647058823 0.5213636363636364 0.0976470588235294 0.03727272727272727
1 0.6985294117647058 0.6170454545454546 0.03823529411764706 0.03318181818181818
1 0.24176470588235294 0.9295454545454546 0.0611764705882353 0.04
1 0.4026470588235294 0.7731818181818182 0.23352941176470587 0.042727272727272725
1 0.7588235294117647 0.9293181818181818 0.06588235294117648 0.03954545454545454
1 0.29294117647058826 0.035 0.04941176470588235 0.02727272727272727
1 0.7179411764705882 0.45840909090909093 0.039411764705882354 0.03590909090909091
1 0.6958823529411765 0.37272727272727274 0.19647058823529412 0.03909090909090909
1 0.6602941176470588 0.4168181818181818 0.1476470588235294 0.028181818181818183
1 0.5844117647058824 0.8695454545454545 0.07 0.04363636363636364
1 0.10441176470588236 0.5668181818181818 0.10176470588235294 0.03727272727272727
1 0.4082352941176471 0.5320454545454546 0.22 0.045
1 0.6223529411764706 0.5261363636363636 0.1776470588235294 0.041363636363636366
1 0.606764705882353 0.7775 0.13588235294117648 0.03954545454545454
1 0.09441176470588235 0.41454545454545455 0.08647058823529412 0.038181818181818185
1 0.6297058823529412 0.5702272727272727 0.15823529411764706 0.03772727272727273
1 0.5705882352941176 0.04022727272727273 0.11647058823529412 0.023181818181818182
1 0.8114705882352942 0.4622727272727273 0.08764705882352941 0.034545454545454546
1 0.5008823529411764 0.9311363636363637 0.06294117647058824 0.03954545454545454
1 0.9 0.6847727272727273 0.08235294117647059 0.038636363636363635
1 0.6773529411764706 0.86 0.0688235294117647 0.03909090909090909
1 0.8929411764705882 0.37136363636363634 0.09176470588235294 0.05545454545454546
1 0.8891176470588236 0.7320454545454546 0.09 0.038636363636363635
1 0.10147058823529412 0.77 0.09117647058823529 0.03727272727272727
1 0.09941176470588235 0.7227272727272728 0.09411764705882353 0.04
1 0.7626470588235295 0.4147727272727273 0.03470588235294118 0.03590909090909091
1 0.5873529411764706 0.4622727272727273 0.14882352941176472 0.03727272727272727
1 0.5029411764705882 0.8634090909090909 0.08 0.04045454545454545
1 0.7473529411764706 0.53 0.05235294117647059 0.04363636363636364
1 0.8494117647058823 0.4193181818181818 0.10823529411764705 0.03772727272727273
1 0.43411764705882355 0.3725 0.28 0.038636363636363635
1 0.5738235294117647 0.6186363636363637 0.16058823529411764 0.035454545454545454
1 0.0988235294117647 0.6115909090909091 0.08705882352941176 0.03590909090909091
1 0.6764705882352942 0.9290909090909091 0.07176470588235294 0.04
1 0.3297058823529412 0.865 0.07705882352941176 0.04
1 0.8179411764705883 0.7331818181818182 0.03705882352941176 0.038181818181818185
1 0.8176470588235294 0.37318181818181817 0.04352941176470588 0.04
1 0.4176470588235294 0.5752272727272727 0.25058823529411767 0.041363636363636366
1 0.44676470588235295 0.6877272727272727 0.3170588235294118 0.045454545454545456
1 0.8238235294117647 0.6890909090909091 0.0488235294117647 0.042727272727272725
1 0.23647058823529413 0.860909090909091 0.07176470588235294 0.04181818181818182
1 0.41147058823529414 0.8618181818181818 0.07823529411764706 0.04
1 0.8552941176470589 0.8656818181818182 0.09647058823529411 0.04318181818181818
1 0.5894117647058823 0.9281818181818182 0.06823529411764706 0.042727272727272725