1 0.4588235294117647 0.685 0.29058823529411765 0.04181818181818182
1 0.768235294117647 0.8568181818181818 0.06705882352941177 0.04181818181818182
1 0.8538235294117648 0.9240909090909091 0.07235294117647059 0.03909090909090909
1 0.6476470588235295 0.5745454545454546 0.18941176470588236 0.035454545454545454
1 0.42323529411764704 0.9261363636363636 0.06529411764705882 0.038636363636363635
1 0.8620588235294118 0.8579545454545454 0.0711764705882353 0.042272727272727274
1 0.3688235294117647 0.6161363636363636 0.1423529411764706 0.038636363636363635
1 0.6408823529411765 0.7715909090909091 0.033529411764705884 0.035
1 0.7364705882352941 0.6845454545454546 0.19647058823529412 0.03727272727272727
1 0.4376470588235294 0.7286363636363636 0.2611764705882353 0.03909090909090909
1 0.8120588235294117 0.5320454545454546 0.03705882352941176 0.03227272727272727
1 0.11970588235294118 0.6852272727272727 0.10411764705882352 0.04318181818181818
1 0.8844117647058823 0.5275 0.09352941176470589 0.03409090909090909
1 0.765 0.576590909090909 0.03470588235294118 0.03227272727272727
1 0.12029411764705883 0.4552272727272727 0.09588235294117647 0.03954545454545454
1 0.5285294117647059 0.7686363636363637 0.09941176470588235 0.034545454545454546
1 0.6561764705882352 0.7313636363636363 0.15470588235294117 0.042727272727272725
1 0.1673529411764706 0.9245454545454546 0.07352941176470588 0.04
1 0.8614705882352941 0.575 0.14647058823529413 0.034545454545454546
1 0.33647058823529413 0.9247727272727273 0.06470588235294118 0.03772727272727273
1 0.16794117647058823 0.8575 0.07470588235294118 0.03954545454545454
1 0.7555882352941177 0.7306818181818182 0.033529411764705884 0.03318181818181818
1 0.43676470588235294 0.5252272727272728 0.2570588235294118 0.03772727272727273
1 0.11029411764705882 0.5245454545454545 0.09705882352941177 0.03636363636363636
1 0.88 0.3643181818181818 0.07882352941176471 0.03409090909090909
1 0.24970588235294117 0.8584090909090909 0.06764705882352941 0.03954545454545454
1 0.6852941176470588 0.5290909090909091 0.20941176470588235 0.04181818181818182
1 0.24588235294117647 0.9254545454545454 0.06 0.03909090909090909
1 0.3976470588235294 0.7754545454545455 0.14823529411764705 0.038181818181818185
1 0.7667647058823529 0.9245454545454546 0.07 0.038181818181818185
1 0.12705882352941175 0.3665909090909091 0.08941176470588236 0.03590909090909091
1 0.7041176470588235 0.4122727272727273 0.19647058823529412 0.03909090909090909
1 0.6702941176470588 0.3668181818181818 0.23352941176470587 0.03909090909090909
1 0.4223529411764706 0.8590909090909091 0.07294117647058823 0.038181818181818185
1 0.591764705882353 0.9231818181818182 0.06823529411764706 0.04
1 0.4176470588235294 0.5709090909090909 0.2376470588235294 0.04
1 0.5885294117647059 0.8586363636363636 0.06529411764705882 0.04090909090909091
1 0.12205882352941176 0.4106818181818182 0.10176470588235294 0.04045454545454545
1 0.6688235294117647 0.4565909090909091 0.036470588235294116 0.03409090909090909
1 0.826764705882353 0.41545454545454547 0.03705882352941176 0.035454545454545454
1 0.8338235294117647 0.7279545454545454 0.11470588235294117 0.035
1 0.5126470588235295 0.9247727272727273 0.07235294117647059 0.038636363636363635
1 0.9064705882352941 0.6852272727272727 0.06941176470588235 0.03681818181818182
1 0.6805882352941176 0.8593181818181819 0.07294117647058823 0.03772727272727273
1 0.816764705882353 0.3715909090909091 0.03705882352941176 0.03227272727272727
1 0.40647058823529414 0.45431818181818184 0.19294117647058823 0.04045454545454545
1 0.10764705882352942 0.7756818181818181 0.08470588235294117 0.030454545454545453
1 0.11411764705882353 0.725 0.09176470588235294 0.034545454545454546
1 0.5732352941176471 0.4581818181818182 0.13 0.034545454545454546
1 0.5105882352941177 0.8577272727272728 0.07176470588235294 0.04
1 0.8967647058823529 0.4122727272727273 0.08294117647058824 0.03636363636363636
1 0.601764705882353 0.6156818181818182 0.03058823529411765 0.030454545454545453
1 0.42411764705882354 0.3663636363636364 0.2376470588235294 0.03909090909090909
1 0.10323529411764706 0.6138636363636364 0.08764705882352941 0.03772727272727273
1 0.678235294117647 0.9236363636363636 0.06470588235294118 0.03909090909090909
1 0.33647058823529413 0.8588636363636364 0.07176470588235294 0.03772727272727273
1 0.45 0.4081818181818182 0.29294117647058826 0.04090909090909091
1 0.3088235294117647 0.034545454545454546 0.052941176470588235 0.02909090909090909
1 0.5644117647058824 0.03727272727272727 0.1264705882352941 0.024545454545454544
1 0.5135294117647059 0.6190909090909091 0.12470588235294118 0.03363636363636364
1 0.6738235294117647 0.6218181818181818 0.06411764705882353 0.034545454545454546
1 0.11147058823529411 0.5690909090909091 0.11352941176470588 0.03909090909090909
1 0.7220588235294118 0.7788636363636363 0.09941176470588235 0.03318181818181818
1 0.8526470588235294 0.695 0.03235294117647059 0.035454545454545454