1 0.3644117647058824 0.6827272727272727 0.14058823529411765 0.03727272727272727
1 0.5852941176470589 0.6881818181818182 0.03176470588235294 0.034545454545454546
1 0.7520588235294118 0.86 0.057058823529411766 0.038181818181818185
1 0.8405882352941176 0.9265909090909091 0.06352941176470588 0.038636363636363635
1 0.5961764705882353 0.5738636363636364 0.15705882352941178 0.038636363636363635
1 0.4038235294117647 0.9243181818181818 0.05235294117647059 0.03772727272727273
1 0.5105882352941177 0.5277272727272727 0.11294117647058824 0.03636363636363636
1 0.8388235294117647 0.8581818181818182 0.04941176470588235 0.038181818181818185
1 0.3938235294117647 0.5720454545454545 0.19823529411764707 0.035
1 0.6561764705882352 0.7804545454545454 0.0711764705882353 0.03
1 0.5041176470588236 0.6875 0.10352941176470588 0.03590909090909091
1 0.6547058823529411 0.6884090909090909 0.06588235294117648 0.03409090909090909
1 0.40352941176470586 0.7265909090909091 0.2188235294117647 0.03681818181818182
1 0.3611764705882353 0.3654545454545455 0.13058823529411764 0.03272727272727273
1 0.4252941176470588 0.4109090909090909 0.2541176470588235 0.038181818181818185
1 0.09235294117647058 0.6804545454545454 0.09411764705882353 0.03727272727272727
1 0.09205882352941176 0.3615909090909091 0.07823529411764706 0.03772727272727273
1 0.09558823529411764 0.45 0.08411764705882353 0.03727272727272727
1 0.5141176470588236 0.7781818181818182 0.09647058823529411 0.03363636363636364
1 0.6011764705882353 0.7352272727272727 0.15529411764705883 0.03409090909090909
1 0.1423529411764706 0.9240909090909091 0.04470588235294118 0.04090909090909091
1 0.7944117647058824 0.5722727272727273 0.14882352941176472 0.038181818181818185
1 0.32029411764705884 0.923409090909091 0.051176470588235295 0.038636363636363635
1 0.14941176470588236 0.8568181818181818 0.04941176470588235 0.03909090909090909
1 0.7041176470588235 0.7379545454545454 0.03294117647058824 0.03409090909090909
1 0.09382352941176471 0.524090909090909 0.07705882352941176 0.03727272727272727
1 0.6164705882352941 0.6202272727272727 0.0811764705882353 0.03318181818181818
1 0.2326470588235294 0.8590909090909091 0.051176470588235295 0.03727272727272727
1 0.595 0.5290909090909091 0.031176470588235295 0.03363636363636364
1 0.23676470588235293 0.925 0.054705882352941174 0.038181818181818185
1 0.37176470588235294 0.7761363636363636 0.1564705882352941 0.03681818181818182
1 0.7520588235294118 0.9259090909090909 0.051176470588235295 0.03909090909090909
1 0.6429411764705882 0.4138636363636364 0.17294117647058824 0.038636363636363635
1 0.6047058823529412 0.3704545454545455 0.058823529411764705 0.03363636363636364
1 0.48176470588235293 0.36704545454545456 0.11647058823529412 0.03772727272727273
1 0.4111764705882353 0.8590909090909091 0.05058823529411765 0.03636363636363636
1 0.5708823529411765 0.9247727272727273 0.04058823529411765 0.03681818181818182
1 0.37058823529411766 0.5284090909090909 0.14823529411764705 0.038636363636363635
1 0.5647058823529412 0.4611363636363636 0.027058823529411764 0.03409090909090909
1 0.49264705882352944 0.6175 0.09941176470588235 0.035
1 0.4888235294117647 0.465 0.09294117647058824 0.035454545454545454
1 0.5797058823529412 0.8586363636363636 0.0488235294117647 0.03909090909090909
1 0.09558823529411764 0.4043181818181818 0.08764705882352941 0.03681818181818182
1 0.09441176470588235 0.5693181818181818 0.08058823529411764 0.03681818181818182
1 0.6188235294117647 0.4634090909090909 0.07529411764705882 0.031363636363636364
1 0.5461764705882353 0.0375 0.0711764705882353 0.022272727272727274
1 0.7532352941176471 0.415 0.033529411764705884 0.035454545454545454
1 0.7723529411764706 0.7395454545454545 0.08 0.03363636363636364
1 0.49529411764705883 0.9259090909090909 0.05411764705882353 0.03727272727272727
1 0.6644117647058824 0.8575 0.0488235294117647 0.038636363636363635
1 0.5547058823529412 0.3725 0.03411764705882353 0.03409090909090909
1 0.36764705882352944 0.4625 0.14 0.03590909090909091
1 0.09352941176470589 0.7679545454545454 0.1011764705882353 0.03772727272727273
1 0.09470588235294118 0.7243181818181819 0.10352941176470588 0.03772727272727273
1 0.49 0.8595454545454545 0.041176470588235294 0.04
1 0.6544117647058824 0.5270454545454546 0.08764705882352941 0.035
1 0.8347058823529412 0.41863636363636364 0.09529411764705882 0.03727272727272727
1 0.5602941176470588 0.6181818181818182 0.02411764705882353 0.03272727272727273
1 0.09970588235294117 0.605909090909091 0.08411764705882353 0.03909090909090909
1 0.6623529411764706 0.9270454545454545 0.04823529411764706 0.03954545454545454
1 0.31823529411764706 0.8563636363636363 0.04588235294117647 0.038181818181818185
1 0.7041176470588235 0.5736363636363636 0.029411764705882353 0.034545454545454546
1 0.3679411764705882 0.6197727272727273 0.13352941176470587 0.03409090909090909
1 0.5982352941176471 0.7847727272727273 0.02823529411764706 0.035
1 0.2973529411764706 0.03363636363636364 0.04411764705882353 0.02090909090909091