1 0.3841176470588235 0.6852272727272727 0.14588235294117646 0.03590909090909091
1 0.5452941176470588 0.6827272727272727 0.11411764705882353 0.03363636363636364
1 0.7702941176470588 0.8588636363636364 0.057058823529411766 0.03954545454545454
1 0.8508823529411764 0.9270454545454545 0.05352941176470588 0.03954545454545454
1 0.533235294117647 0.6079545454545454 0.12764705882352942 0.03681818181818182
1 0.41794117647058826 0.9268181818181818 0.04764705882352941 0.03727272727272727
1 0.3835294117647059 0.6084090909090909 0.14470588235294118 0.03681818181818182
1 0.4497058823529412 0.4113636363636364 0.28411764705882353 0.04
1 0.6588235294117647 0.7709090909090909 0.08941176470588236 0.03272727272727273
1 0.4161764705882353 0.45386363636363636 0.2111764705882353 0.04409090909090909
1 0.696764705882353 0.6818181818181818 0.08176470588235295 0.03363636363636364
1 0.40852941176470586 0.7238636363636364 0.19941176470588234 0.03681818181818182
1 0.7488235294117647 0.5252272727272728 0.05647058823529412 0.03409090909090909
1 0.12205882352941176 0.6797727272727273 0.09588235294117647 0.03590909090909091
1 0.11323529411764706 0.36272727272727273 0.08764705882352941 0.03727272727272727
1 0.11558823529411764 0.4465909090909091 0.09470588235294118 0.03681818181818182
1 0.16294117647058823 0.9265909090909091 0.047058823529411764 0.03772727272727273
1 0.33588235294117647 0.9288636363636363 0.05058823529411765 0.03681818181818182
1 0.16176470588235295 0.8581818181818182 0.04470588235294118 0.038181818181818185
1 0.7002941176470588 0.7277272727272728 0.028823529411764706 0.03272727272727273
1 0.3991176470588235 0.5206818181818181 0.17470588235294118 0.03772727272727273
1 0.1161764705882353 0.524090909090909 0.09588235294117647 0.035454545454545454
1 0.24529411764705883 0.8577272727272728 0.04588235294117647 0.038181818181818185
1 0.25029411764705883 0.928409090909091 0.051176470588235295 0.03772727272727273
1 0.3685294117647059 0.7713636363636364 0.12176470588235294 0.038181818181818185
1 0.763235294117647 0.9261363636363636 0.04764705882352941 0.038636363636363635
1 0.5158823529411765 0.7672727272727272 0.10470588235294118 0.035454545454545454
1 0.6338235294117647 0.45454545454545453 0.17588235294117646 0.042727272727272725
1 0.6535294117647059 0.36704545454545456 0.22470588235294117 0.03681818181818182
1 0.4188235294117647 0.8568181818181818 0.04588235294117647 0.03727272727272727
1 0.5947058823529412 0.9263636363636364 0.05529411764705883 0.03636363636363636
1 0.4323529411764706 0.5681818181818182 0.24705882352941178 0.03727272727272727
1 0.5914705882352941 0.5209090909090909 0.17941176470588235 0.038181818181818185
1 0.5935294117647059 0.8547727272727272 0.05176470588235294 0.03954545454545454
1 0.11235294117647059 0.405 0.09294117647058824 0.03636363636363636
1 0.5588235294117647 0.03977272727272727 0.09411764705882353 0.03227272727272727
1 0.7764705882352941 0.7265909090909091 0.0976470588235294 0.035
1 0.5076470588235295 0.928409090909091 0.052941176470588235 0.03772727272727273
1 0.675 0.8590909090909091 0.0488235294117647 0.04
1 0.8541176470588235 0.5672727272727273 0.07411764705882352 0.03272727272727273
1 0.12 0.7645454545454545 0.10470588235294118 0.03727272727272727
1 0.12029411764705883 0.7265909090909091 0.10058823529411764 0.03772727272727273
1 0.5055882352941177 0.8563636363636363 0.05 0.03909090909090909
1 0.7679411764705882 0.40954545454545455 0.31588235294117645 0.04
1 0.6314705882352941 0.6822727272727273 0.031176470588235295 0.03363636363636364
1 0.41911764705882354 0.3643181818181818 0.2088235294117647 0.03681818181818182
1 0.5952941176470589 0.7281818181818182 0.15764705882352942 0.03727272727272727
1 0.11911764705882352 0.6056818181818182 0.09470588235294118 0.03772727272727273
1 0.6773529411764706 0.9252272727272727 0.051176470588235295 0.03772727272727273
1 0.33794117647058824 0.8570454545454546 0.05 0.03681818181818182
1 0.67 0.5668181818181818 0.2011764705882353 0.038181818181818185
1 0.31088235294117644 0.03704545454545455 0.060588235294117644 0.02590909090909091
1 0.11823529411764706 0.5679545454545455 0.08941176470588236 0.03772727272727273
1 0.8541176470588235 0.86 0.0611764705882353 0.042727272727272725
1 0.5923529411764706 0.7752272727272728 0.03294117647058824 0.049545454545454545
1 0.7917647058823529 0.5661363636363637 0.03529411764705882 0.03681818181818182
1 0.611764705882353 0.6143181818181818 0.023529411764705882 0.03772727272727273
1 0.6479411764705882 0.6134090909090909 0.04647058823529412 0.03590909090909091
1 0.7047058823529412 0.5222727272727272 0.023529411764705882 0.03