1 0.3708823529411765 0.6802272727272727 0.13470588235294118 0.03590909090909091
1 0.5752941176470588 0.6840909090909091 0.03058823529411765 0.03363636363636364
1 0.7526470588235294 0.8647727272727272 0.051176470588235295 0.03772727272727273
1 0.8414705882352941 0.9311363636363637 0.06294117647058824 0.03772727272727273
1 0.40852941176470586 0.9254545454545454 0.05352941176470588 0.03636363636363636
1 0.38294117647058823 0.6102272727272727 0.15764705882352942 0.03590909090909091
1 0.4138235294117647 0.45181818181818184 0.20411764705882354 0.038181818181818185
1 0.49441176470588233 0.6804545454545454 0.10764705882352942 0.035454545454545454
1 0.6302941176470588 0.6840909090909091 0.08529411764705883 0.034545454545454546
1 0.39029411764705885 0.7243181818181819 0.17 0.03590909090909091
1 0.44176470588235295 0.4093181818181818 0.2541176470588235 0.03409090909090909
1 0.10764705882352942 0.6763636363636364 0.07058823529411765 0.034545454545454546
1 0.10323529411764706 0.4475 0.0711764705882353 0.035
1 0.6588235294117647 0.5679545454545455 0.02823529411764706 0.035
1 0.48558823529411765 0.765 0.10058823529411764 0.03636363636363636
1 0.6044117647058823 0.7720454545454546 0.07588235294117647 0.038636363636363635
1 0.1526470588235294 0.9218181818181819 0.05235294117647059 0.03727272727272727
1 0.32529411764705884 0.9229545454545455 0.058823529411764705 0.03772727272727273
1 0.15176470588235294 0.8531818181818182 0.052941176470588235 0.035454545454545454
1 0.6938235294117647 0.7254545454545455 0.10647058823529412 0.03363636363636364
1 0.39294117647058824 0.5245454545454545 0.17294117647058824 0.035454545454545454
1 0.10558823529411765 0.5168181818181818 0.07352941176470588 0.034545454545454546
1 0.6282352941176471 0.6118181818181818 0.06235294117647059 0.03272727272727273
1 0.23941176470588235 0.8547727272727272 0.052941176470588235 0.03681818181818182
1 0.23676470588235293 0.9215909090909091 0.0488235294117647 0.03772727272727273
1 0.3673529411764706 0.7638636363636364 0.13941176470588235 0.03590909090909091
1 0.7529411764705882 0.9304545454545454 0.0611764705882353 0.038181818181818185
1 0.10205882352941177 0.36227272727272725 0.0711764705882353 0.034545454545454546
1 0.6320588235294118 0.4090909090909091 0.10764705882352942 0.034545454545454546
1 0.5820588235294117 0.36477272727272725 0.08411764705882353 0.03227272727272727
1 0.40852941176470586 0.8572727272727273 0.04764705882352941 0.03909090909090909
1 0.5826470588235294 0.9272727272727272 0.05941176470588235 0.038181818181818185
1 0.40147058823529413 0.5702272727272727 0.18764705882352942 0.030454545454545453
1 0.5447058823529412 0.5252272727272728 0.12823529411764706 0.03590909090909091
1 0.5114705882352941 0.6084090909090909 0.11235294117647059 0.03409090909090909
1 0.5841176470588235 0.8579545454545454 0.05058823529411765 0.038636363636363635
1 0.10294117647058823 0.4031818181818182 0.07176470588235294 0.034545454545454546
1 0.10529411764705883 0.5606818181818182 0.07294117647058823 0.03318181818181818
1 0.5755882352941176 0.5663636363636364 0.13823529411764707 0.034545454545454546
1 0.5579411764705883 0.03613636363636363 0.0711764705882353 0.021363636363636362
1 0.7120588235294117 0.5668181818181818 0.08058823529411764 0.03272727272727273
1 0.5026470588235294 0.9277272727272727 0.057058823529411766 0.04090909090909091
1 0.8420588235294117 0.8620454545454546 0.060588235294117644 0.03681818181818182
1 0.6664705882352941 0.8586363636363636 0.052941176470588235 0.038181818181818185
1 0.10647058823529412 0.7622727272727273 0.06823529411764706 0.034545454545454546
1 0.10529411764705883 0.7190909090909091 0.06823529411764706 0.034545454545454546
1 0.6826470588235294 0.5254545454545455 0.07823529411764706 0.026363636363636363
1 0.5632352941176471 0.45295454545454544 0.08294117647058824 0.03409090909090909
1 0.633235294117647 0.725 0.033529411764705884 0.034545454545454546
1 0.4935294117647059 0.8579545454545454 0.04941176470588235 0.038636363636363635
1 0.5870588235294117 0.6120454545454546 0.029411764705882353 0.035
1 0.4258823529411765 0.36272727272727273 0.20823529411764705 0.03636363636363636
1 0.5476470588235294 0.7227272727272728 0.1376470588235294 0.034545454545454546
1 0.10294117647058823 0.6040909090909091 0.06941176470588235 0.034545454545454546
1 0.6711764705882353 0.9306818181818182 0.05411764705882353 0.041363636363636366
1 0.3247058823529412 0.8552272727272727 0.05176470588235294 0.03772727272727273
1 0.30411764705882355 0.03386363636363637 0.04352941176470588 0.023181818181818182
1 0.6267647058823529 0.5256818181818181 0.031176470588235295 0.03590909090909091
1 0.553235294117647 0.7695454545454545 0.02411764705882353 0.03090909090909091