1 0.3791176470588235 0.7277272727272728 0.15588235294117647 0.035454545454545454
1 0.5267647058823529 0.685 0.07823529411764706 0.03363636363636364
1 0.4097058823529412 0.4138636363636364 0.20647058823529413 0.03227272727272727
1 0.7514705882352941 0.8631818181818182 0.051176470588235295 0.04090909090909091
1 0.8408823529411765 0.9340909090909091 0.05235294117647059 0.038181818181818185
1 0.5920588235294117 0.5727272727272728 0.14294117647058824 0.034545454545454546
1 0.40911764705882353 0.9320454545454545 0.0488235294117647 0.03681818181818182
1 0.8464705882352941 0.8640909090909091 0.07058823529411765 0.04181818181818182
1 0.3870588235294118 0.610909090909091 0.1588235294117647 0.04090909090909091
1 0.6773529411764706 0.8604545454545455 0.061764705882352944 0.04181818181818182
1 0.38823529411764707 0.45204545454545453 0.16117647058823528 0.03772727272727273
1 0.3126470588235294 0.03318181818181818 0.04058823529411765 0.01818181818181818
1 0.10058823529411764 0.6779545454545455 0.06705882352941177 0.03681818181818182
1 0.6958823529411765 0.5747727272727273 0.03058823529411765 0.031363636363636364
1 0.11029411764705882 0.4465909090909091 0.09705882352941177 0.03954545454545454
1 0.46294117647058824 0.7731818181818182 0.06705882352941177 0.031818181818181815
1 0.15529411764705883 0.9275 0.05529411764705883 0.038636363636363635
1 0.7617647058823529 0.5752272727272727 0.11529411764705882 0.035
1 0.32823529411764707 0.9309090909090909 0.05764705882352941 0.03636363636363636
1 0.16294117647058823 0.8565909090909091 0.06588235294117648 0.04045454545454545
1 0.11088235294117647 0.5231818181818182 0.0888235294117647 0.03090909090909091
1 0.663235294117647 0.6172727272727273 0.09941176470588235 0.03090909090909091
1 0.23823529411764705 0.8586363636363636 0.05529411764705883 0.04
1 0.6614705882352941 0.5468181818181819 0.025294117647058825 0.03090909090909091
1 0.24 0.9281818181818182 0.05411764705882353 0.03636363636363636
1 0.3523529411764706 0.7706818181818181 0.09647058823529411 0.035
1 0.7570588235294118 0.9320454545454545 0.05058823529411765 0.03772727272727273
1 0.11529411764705882 0.3640909090909091 0.1 0.04090909090909091
1 0.5326470588235294 0.7331818181818182 0.08294117647058824 0.034545454545454546
1 0.6020588235294118 0.4152272727272727 0.16176470588235295 0.03318181818181818
1 0.6717647058823529 0.38022727272727275 0.036470588235294116 0.03409090909090909
1 0.5814705882352941 0.3709090909090909 0.13 0.03636363636363636
1 0.4173529411764706 0.7779545454545455 0.03235294117647059 0.035
1 0.5838235294117647 0.9340909090909091 0.05235294117647059 0.03727272727272727
1 0.405 0.5293181818181818 0.1888235294117647 0.03681818181818182
1 0.5788235294117647 0.5295454545454545 0.12941176470588237 0.035454545454545454
1 0.5323529411764706 0.6163636363636363 0.0976470588235294 0.031818181818181815
1 0.40441176470588236 0.5697727272727273 0.19823529411764707 0.04045454545454545
1 0.5932352941176471 0.8629545454545454 0.07941176470588235 0.03772727272727273
1 0.11205882352941177 0.4040909090909091 0.10058823529411764 0.04090909090909091
1 0.10617647058823529 0.5645454545454546 0.08647058823529412 0.03636363636363636
1 0.5741176470588235 0.038636363636363635 0.12 0.022727272727272728
1 0.6305882352941177 0.46454545454545454 0.02588235294117647 0.034545454545454546
1 0.7785294117647059 0.41659090909090907 0.09705882352941177 0.03590909090909091
1 0.49823529411764705 0.9336363636363636 0.058823529411764705 0.03636363636363636
1 0.741764705882353 0.37522727272727274 0.08941176470588236 0.03409090909090909
1 0.09352941176470589 0.7652272727272728 0.06823529411764706 0.03590909090909091
1 0.095 0.7204545454545455 0.07 0.03636363636363636
1 0.7076470588235294 0.4163636363636364 0.03176470588235294 0.03
1 0.5441176470588235 0.4547727272727273 0.1223529411764706 0.03590909090909091
1 0.6029411764705882 0.6281818181818182 0.023529411764705882 0.03
1 0.5029411764705882 0.8615909090909091 0.06235294117647059 0.038636363636363635
1 0.4032352941176471 0.3675 0.20058823529411765 0.035
1 0.1038235294117647 0.6056818181818182 0.08647058823529412 0.03681818181818182
1 0.673235294117647 0.9452272727272727 0.045294117647058825 0.04409090909090909
1 0.3341176470588235 0.8581818181818182 0.06941176470588235 0.04181818181818182
1 0.6820588235294117 0.45886363636363636 0.05941176470588235 0.031363636363636364
1 0.7476470588235294 0.535 0.12941176470588237 0.034545454545454546
1 0.37323529411764705 0.6836363636363636 0.15823529411764706 0.046363636363636364
1 0.4702941176470588 0.7002272727272727 0.031176470588235295 0.03409090909090909
1 0.47558823529411764 0.740909090909091 0.02411764705882353 0.03090909090909091
1 0.41705882352941176 0.8615909090909091 0.06823529411764706 0.03772727272727273