1 0.3497058823529412 0.6831818181818182 0.09823529411764706 0.034545454545454546
1 0.758235294117647 0.8579545454545454 0.05411764705882353 0.03772727272727273
1 0.8405882352941176 0.9268181818181818 0.05411764705882353 0.038181818181818185
1 0.4147058823529412 0.9286363636363636 0.05529411764705883 0.03636363636363636
1 0.3714705882352941 0.6156818181818182 0.15235294117647058 0.03772727272727273
1 0.38941176470588235 0.40704545454545454 0.18941176470588236 0.029545454545454545
1 0.4491176470588235 0.6829545454545455 0.10058823529411764 0.03590909090909091
1 0.08470588235294117 0.6827272727272727 0.06705882352941177 0.03363636363636364
1 0.08588235294117647 0.44727272727272727 0.06823529411764706 0.034545454545454546
1 0.08970588235294118 0.3643181818181818 0.07352941176470588 0.035
1 0.4752941176470588 0.7268181818181818 0.12470588235294118 0.03363636363636364
1 0.15029411764705883 0.925 0.05 0.038181818181818185
1 0.32235294117647056 0.9270454545454545 0.047058823529411764 0.03772727272727273
1 0.15323529411764705 0.8579545454545454 0.04647058823529412 0.03590909090909091
1 0.3891176470588235 0.5259090909090909 0.17588235294117646 0.03727272727272727
1 0.08764705882352941 0.5254545454545455 0.07058823529411765 0.03363636363636364
1 0.2411764705882353 0.8575 0.04588235294117647 0.03590909090909091
1 0.23852941176470588 0.9259090909090909 0.04764705882352941 0.03636363636363636
1 0.3558823529411765 0.7265909090909091 0.11176470588235295 0.03318181818181818
1 0.7567647058823529 0.9259090909090909 0.0488235294117647 0.038181818181818185
1 0.6258823529411764 0.37204545454545457 0.036470588235294116 0.03318181818181818
1 0.538235294117647 0.37136363636363634 0.11529411764705882 0.035454545454545454
1 0.41205882352941176 0.8570454545454546 0.05 0.03681818181818182
1 0.5858823529411765 0.9263636363636364 0.04941176470588235 0.038181818181818185
1 0.3876470588235294 0.57 0.18235294117647058 0.035454545454545454
1 0.5585294117647058 0.5243181818181818 0.14294117647058824 0.035
1 0.5047058823529412 0.6113636363636363 0.1188235294117647 0.03090909090909091
1 0.5852941176470589 0.8575 0.05647058823529412 0.038636363636363635
1 0.08705882352941176 0.4047727272727273 0.07411764705882352 0.035
1 0.08558823529411765 0.5654545454545454 0.0688235294117647 0.034545454545454546
1 0.5823529411764706 0.5711363636363637 0.20470588235294118 0.03681818181818182
1 0.5558823529411765 0.03772727272727273 0.11058823529411765 0.022727272727272728
1 0.7044117647058824 0.4106818181818182 0.08647058823529412 0.035
1 0.5020588235294118 0.9270454545454545 0.054705882352941174 0.03772727272727273
1 0.8408823529411765 0.8584090909090909 0.0488235294117647 0.03772727272727273
1 0.6685294117647059 0.8584090909090909 0.04764705882352941 0.03772727272727273
1 0.07794117647058824 0.769090909090909 0.06529411764705882 0.03363636363636364
1 0.07941176470588235 0.7252272727272727 0.06588235294117648 0.035
1 0.6844117647058824 0.3704545454545455 0.08411764705882353 0.03363636363636364
1 0.5576470588235294 0.4077272727272727 0.14588235294117646 0.02727272727272727
1 0.565 0.6845454545454546 0.07588235294117647 0.031818181818181815
1 0.5005882352941177 0.8586363636363636 0.04823529411764706 0.03727272727272727
1 0.38382352941176473 0.3675 0.17 0.038636363636363635
1 0.08529411764705883 0.6097727272727272 0.06941176470588235 0.035
1 0.6726470588235294 0.9256818181818182 0.054705882352941174 0.03772727272727273
1 0.32735294117647057 0.8561363636363636 0.051176470588235295 0.03772727272727273
1 0.28411764705882353 0.03590909090909091 0.03764705882352941 0.02090909090909091
1 0.6491176470588236 0.40863636363636363 0.03705882352941176 0.031818181818181815
1 0.36470588235294116 0.45340909090909093 0.14352941176470588 0.028636363636363637
1 0.4864705882352941 0.45386363636363636 0.10352941176470588 0.03227272727272727
1 0.5526470588235294 0.45340909090909093 0.028823529411764706 0.035
1 0.6008823529411764 0.45431818181818184 0.07352941176470588 0.030454545454545453
1 0.33676470588235297 0.7711363636363636 0.08176470588235295 0.029545454545454545
1 0.4176470588235294 0.7702272727272728 0.09647058823529411 0.02772727272727273
1 0.47441176470588237 0.7738636363636363 0.022941176470588236 0.026818181818181817
1 0.5164705882352941 0.77 0.06941176470588235 0.03363636363636364
1 0.5494117647058824 0.7295454545454545 0.027058823529411764 0.031818181818181815
1 0.6073529411764705 0.7293181818181819 0.10058823529411764 0.045
1 0.51 0.6870454545454545 0.03176470588235294 0.03318181818181818