1 0.43529411764705883 0.6788636363636363 0.2647058823529412 0.03954545454545454
1 0.7635294117647059 0.8565909090909091 0.06588235294117648 0.03954545454545454
1 0.8523529411764705 0.9247727272727273 0.07529411764705882 0.041363636363636366
1 0.6114705882352941 0.6143181818181818 0.22176470588235295 0.035
1 0.42205882352941176 0.9231818181818182 0.07470588235294118 0.03909090909090909
1 0.8514705882352941 0.8586363636363636 0.07235294117647059 0.042727272727272725
1 0.38382352941176473 0.6106818181818182 0.16411764705882353 0.03227272727272727
1 0.6938235294117647 0.7702272727272728 0.11470588235294117 0.03409090909090909
1 0.3952941176470588 0.4484090909090909 0.1776470588235294 0.038636363636363635
1 0.4032352941176471 0.5670454545454545 0.19588235294117648 0.03772727272727273
1 0.7205882352941176 0.6795454545454546 0.15294117647058825 0.03909090909090909
1 0.4588235294117647 0.7263636363636363 0.31058823529411766 0.03363636363636364
1 0.8364705882352941 0.5195454545454545 0.14470588235294118 0.04
1 0.4285294117647059 0.4090909090909091 0.2523529411764706 0.03363636363636364
1 0.09823529411764706 0.6788636363636363 0.07411764705882352 0.03772727272727273
1 0.105 0.45 0.10058823529411764 0.03
1 0.7532352941176471 0.6125 0.03588235294117647 0.03409090909090909
1 0.16470588235294117 0.9227272727272727 0.07882352941176471 0.04
1 0.33647058823529413 0.9215909090909091 0.07647058823529412 0.04045454545454545
1 0.16029411764705884 0.8552272727272727 0.06764705882352941 0.041363636363636366
1 0.7161764705882353 0.725909090909091 0.11470588235294117 0.03636363636363636
1 0.3773529411764706 0.5209090909090909 0.1476470588235294 0.03909090909090909
1 0.10352941176470588 0.5184090909090909 0.08 0.03590909090909091
1 0.2388235294117647 0.855909090909091 0.05647058823529412 0.04090909090909091
1 0.2485294117647059 0.9222727272727272 0.07 0.03909090909090909
1 0.4329411764705882 0.7718181818181818 0.25882352941176473 0.031818181818181815
1 0.7673529411764706 0.9238636363636363 0.07470588235294118 0.03954545454545454
1 0.09794117647058824 0.3638636363636364 0.07941176470588235 0.03590909090909091
1 0.6591176470588235 0.4536363636363636 0.031176470588235295 0.034545454545454546
1 0.4188235294117647 0.8561363636363636 0.06 0.038636363636363635
1 0.5908823529411765 0.9227272727272727 0.07 0.04
1 0.5861764705882353 0.5184090909090909 0.1923529411764706 0.041363636363636366
1 0.5911764705882353 0.8563636363636363 0.07529411764705882 0.04181818181818182
1 0.09970588235294117 0.4025 0.09117647058823529 0.03681818181818182
1 0.0988235294117647 0.5665909090909091 0.07529411764705882 0.03590909090909091
1 0.635 0.36227272727272725 0.16647058823529412 0.038181818181818185
1 0.6638235294117647 0.40863636363636363 0.19705882352941176 0.04181818181818182
1 0.7397058823529412 0.4506818181818182 0.12411764705882353 0.035
1 0.505 0.9225 0.07 0.04045454545454545
1 0.6729411764705883 0.8568181818181818 0.06235294117647059 0.04090909090909091
1 0.7661764705882353 0.3654545454545455 0.06411764705882353 0.031818181818181815
1 0.8661764705882353 0.5704545454545454 0.14882352941176472 0.042727272727272725
1 0.10588235294117647 0.764090909090909 0.08588235294117647 0.038181818181818185
1 0.10029411764705883 0.7270454545454546 0.08529411764705883 0.038636363636363635
1 0.5638235294117647 0.44886363636363635 0.13705882352941176 0.03681818181818182
1 0.4979411764705882 0.855909090909091 0.060588235294117644 0.04090909090909091
1 0.7405882352941177 0.524090909090909 0.058823529411764705 0.03636363636363636
1 0.8726470588235294 0.4072727272727273 0.13470588235294118 0.042727272727272725
1 0.6314705882352941 0.5654545454545454 0.2252941176470588 0.04090909090909091
1 0.4176470588235294 0.36204545454545456 0.22588235294117648 0.03772727272727273
1 0.09852941176470588 0.6093181818181819 0.08294117647058824 0.03772727272727273
1 0.678235294117647 0.9227272727272727 0.07058823529411765 0.03909090909090909
1 0.3270588235294118 0.8547727272727272 0.06235294117647059 0.04045454545454545
1 0.775 0.5668181818181818 0.03823529411764706 0.038181818181818185
1 0.2664705882352941 0.03386363636363637 0.02823529411764706 0.020454545454545454
1 0.3211764705882353 0.03431818181818182 0.06 0.01681818181818182
1 0.5685294117647058 0.03704545454545455 0.1264705882352941 0.015
1 0.7911764705882353 0.4093181818181818 0.04470588235294118 0.03409090909090909
1 0.8623529411764705 0.3643181818181818 0.1388235294117647 0.028636363636363637
1 0.8391176470588235 0.6179545454545454 0.13 0.028636363636363637