1 0.3044117647058823 0.03909090909090909 0.033529411764705884 0.02090909090909091
1 0.5541176470588235 0.041363636363636366 0.0976470588235294 0.02181818181818182
1 0.1 0.3725 0.07529411764705882 0.031363636363636364
1 0.10088235294117646 0.4163636363636364 0.0688235294117647 0.028181818181818183
1 0.1038235294117647 0.45590909090909093 0.06529411764705882 0.03090909090909091
1 0.3517647058823529 0.3756818181818182 0.1011764705882353 0.03318181818181818
1 0.39205882352941174 0.4138636363636364 0.17941176470588235 0.030454545454545453
1 0.36323529411764705 0.46 0.12411764705882353 0.026363636363636363
1 0.5091176470588236 0.37681818181818183 0.1723529411764706 0.031818181818181815
1 0.5826470588235294 0.4152272727272727 0.16411764705882353 0.030454545454545453
1 0.4861764705882353 0.45840909090909093 0.09352941176470589 0.026818181818181817
1 0.5573529411764706 0.4625 0.03 0.021363636363636362
1 0.6008823529411764 0.45795454545454545 0.05352941176470588 0.021363636363636362
1 0.63 0.37977272727272726 0.04 0.026818181818181817
1 0.705 0.37977272727272726 0.09941176470588235 0.029545454545454545
1 0.6944117647058824 0.41613636363636364 0.028823529411764706 0.026818181818181817
1 0.7505882352941177 0.41659090909090907 0.0811764705882353 0.026818181818181817
1 0.08823529411764706 0.5313636363636364 0.05411764705882353 0.023636363636363636
1 0.09235294117647058 0.5736363636363636 0.05647058823529412 0.026363636363636363
1 0.09676470588235295 0.6154545454545455 0.054705882352941174 0.02909090909090909
1 0.36823529411764705 0.5290909090909091 0.12 0.03
1 0.3585294117647059 0.5761363636363637 0.10529411764705883 0.029545454545454545
1 0.3438235294117647 0.6202272727272727 0.08294117647058824 0.02772727272727273
1 0.5011764705882353 0.5320454545454546 0.12823529411764706 0.03409090909090909
1 0.4752941176470588 0.5775 0.11176470588235295 0.02590909090909091
1 0.45441176470588235 0.6172727272727273 0.09941176470588235 0.028181818181818183
1 0.5811764705882353 0.5375 0.04470588235294118 0.02772727272727273
1 0.5576470588235294 0.5786363636363636 0.03294117647058824 0.028181818181818183
1 0.543235294117647 0.6256818181818182 0.03 0.026818181818181817
1 0.5926470588235294 0.6231818181818182 0.05352941176470588 0.02181818181818182
1 0.6091176470588235 0.5786363636363636 0.06294117647058824 0.023636363636363636
1 0.6405882352941177 0.5334090909090909 0.06941176470588235 0.023181818181818182
1 0.10941176470588235 0.6861363636363637 0.0811764705882353 0.031363636363636364
1 0.10088235294117646 0.7297727272727272 0.08176470588235295 0.029545454545454545
1 0.10029411764705883 0.7725 0.07588235294117647 0.028636363636363637
1 0.4194117647058824 0.6893181818181818 0.22470588235294117 0.03318181818181818
1 0.40147058823529413 0.7286363636363636 0.19941176470588234 0.031818181818181815
1 0.3588235294117647 0.7752272727272728 0.1223529411764706 0.02590909090909091
1 0.47411764705882353 0.774090909090909 0.0811764705882353 0.025454545454545455
1 0.6114705882352941 0.6913636363636364 0.14294117647058824 0.03272727272727273
1 0.5838235294117647 0.7295454545454545 0.12176470588235294 0.02727272727272727
1 0.5402941176470588 0.7763636363636364 0.025294117647058825 0.02090909090909091
1 0.595 0.7781818181818182 0.0711764705882353 0.022727272727272728
1 0.663235294117647 0.7284090909090909 0.026470588235294117 0.020454545454545454
1 0.7194117647058823 0.7272727272727273 0.09176470588235294 0.02181818181818182
1 0.7176470588235294 0.6988636363636364 0.05058823529411765 0.028636363636363637
1 0.8035294117647059 0.6847727272727273 0.10588235294117647 0.03772727272727273
1 0.15823529411764706 0.8631818181818182 0.06352941176470588 0.03272727272727273
1 0.15705882352941178 0.9290909090909091 0.06 0.03363636363636364
1 0.2464705882352941 0.8665909090909091 0.05764705882352941 0.028636363636363637
1 0.23970588235294119 0.9313636363636364 0.05823529411764706 0.03272727272727273
1 0.325 0.865 0.05588235294117647 0.03
1 0.32441176470588234 0.9343181818181818 0.057058823529411766 0.03772727272727273
1 0.41352941176470587 0.8631818181818182 0.0611764705882353 0.03909090909090909
1 0.42 0.9329545454545455 0.07529411764705882 0.035
1 0.4902941176470588 0.8638636363636364 0.04764705882352941 0.03409090909090909
1 0.5002941176470588 0.9370454545454545 0.0688235294117647 0.04045454545454545
1 0.5841176470588235 0.8681818181818182 0.058823529411764705 0.03272727272727273
1 0.5782352941176471 0.9372727272727273 0.05647058823529412 0.03727272727272727
1 0.6817647058823529 0.8684090909090909 0.07764705882352942 0.03590909090909091
1 0.6723529411764706 0.9375 0.05058823529411765 0.03409090909090909
1 0.7667647058823529 0.8679545454545454 0.06764705882352941 0.03681818181818182
1 0.7623529411764706 0.9368181818181818 0.0611764705882353 0.03363636363636364
1 0.8435294117647059 0.8709090909090909 0.0611764705882353 0.03363636363636364
1 0.8432352941176471 0.9363636363636364 0.05588235294117647 0.03272727272727273