1 0.37558823529411767 0.6772727272727272 0.15235294117647058 0.038181818181818185
1 0.7558823529411764 0.8581818181818182 0.05764705882352941 0.03727272727272727
1 0.8452941176470589 0.9236363636363636 0.07411764705882352 0.04090909090909091
1 0.5682352941176471 0.6079545454545454 0.13058823529411764 0.03409090909090909
1 0.4052941176470588 0.9225 0.058823529411764705 0.04045454545454545
1 0.5426470588235294 0.5222727272727272 0.09235294117647058 0.034545454545454546
1 0.7402941176470588 0.7697727272727273 0.07823529411764706 0.03227272727272727
1 0.38941176470588235 0.6079545454545454 0.18941176470588236 0.03409090909090909
1 0.39235294117647057 0.45022727272727275 0.1811764705882353 0.03772727272727273
1 0.7279411764705882 0.6820454545454545 0.10764705882352942 0.03590909090909091
1 0.8108823529411765 0.5697727272727273 0.033529411764705884 0.03318181818181818
1 0.4561764705882353 0.4072727272727273 0.3123529411764706 0.03090909090909091
1 0.10235294117647059 0.6759090909090909 0.12 0.03727272727272727
1 0.10264705882352941 0.4470454545454545 0.10411764705882352 0.035
1 0.41058823529411764 0.7229545454545454 0.22705882352941176 0.03681818181818182
1 0.6376470588235295 0.7240909090909091 0.18 0.031818181818181815
1 0.1538235294117647 0.9197727272727273 0.06647058823529411 0.041363636363636366
1 0.3247058823529412 0.9215909090909091 0.05411764705882353 0.03954545454545454
1 0.15205882352941177 0.8525 0.06411764705882353 0.03954545454545454
1 0.7626470588235295 0.7256818181818182 0.039411764705882354 0.035
1 0.39 0.5209090909090909 0.17529411764705882 0.03636363636363636
1 0.0988235294117647 0.5186363636363637 0.10588235294117647 0.038181818181818185
1 0.6670588235294118 0.6161363636363636 0.03529411764705882 0.035
1 0.2388235294117647 0.8520454545454546 0.0611764705882353 0.038636363636363635
1 0.24235294117647058 0.9202272727272728 0.06352941176470588 0.038636363636363635
1 0.38088235294117645 0.7675 0.1676470588235294 0.03318181818181818
1 0.7561764705882353 0.9227272727272727 0.06647058823529411 0.04181818181818182
1 0.10823529411764705 0.3618181818181818 0.11294117647058824 0.03363636363636364
1 0.5411764705882353 0.7668181818181818 0.12 0.03636363636363636
1 0.6655882352941176 0.4540909090909091 0.03588235294117647 0.034545454545454546
1 0.6785294117647059 0.36568181818181816 0.045294117647058825 0.03318181818181818
1 0.41323529411764703 0.8538636363636364 0.06764705882352941 0.03681818181818182
1 0.586764705882353 0.9220454545454545 0.0711764705882353 0.04045454545454545
1 0.42911764705882355 0.5668181818181818 0.2641176470588235 0.03636363636363636
1 0.5888235294117647 0.8561363636363636 0.07176470588235294 0.03954545454545454
1 0.10323529411764706 0.40386363636363637 0.10058823529411764 0.03318181818181818
1 0.0976470588235294 0.5606818181818182 0.10823529411764705 0.03681818181818182
1 0.6791176470588235 0.5688636363636363 0.19588235294117648 0.03318181818181818
1 0.5785294117647058 0.36568181818181816 0.11823529411764706 0.03681818181818182
1 0.6358823529411765 0.5236363636363637 0.03764705882352941 0.034545454545454546
1 0.7520588235294118 0.45227272727272727 0.10058823529411764 0.03363636363636364
1 0.4958823529411765 0.9215909090909091 0.06823529411764706 0.041363636363636366
1 0.866764705882353 0.7243181818181819 0.15235294117647058 0.04045454545454545
1 0.6738235294117647 0.8577272727272728 0.06294117647058824 0.03727272727272727
1 0.7570588235294118 0.3668181818181818 0.08941176470588236 0.03363636363636364
1 0.8873529411764706 0.5697727272727273 0.10058823529411764 0.03681818181818182
1 0.10176470588235294 0.7613636363636364 0.11176470588235295 0.038181818181818185
1 0.7244117647058823 0.4088636363636364 0.20176470588235293 0.04045454545454545
1 0.5641176470588235 0.4525 0.14470588235294118 0.031363636363636364
1 0.6502941176470588 0.7702272727272728 0.04058823529411765 0.03681818181818182
1 0.5 0.855909090909091 0.06588235294117648 0.04090909090909091
1 0.715 0.5254545454545455 0.09117647058823529 0.03363636363636364
1 0.9173529411764706 0.4097727272727273 0.05588235294117647 0.03409090909090909
1 0.6405882352941177 0.6827272727272727 0.03529411764705882 0.03727272727272727
1 0.3926470588235294 0.3615909090909091 0.17588235294117646 0.03772727272727273
1 0.5279411764705882 0.6797727272727273 0.11235294117647059 0.035
1 0.0976470588235294 0.6031818181818182 0.10823529411764705 0.03636363636363636
1 0.6697058823529412 0.9247727272727273 0.06411764705882353 0.038636363636363635
1 0.3255882352941176 0.8525 0.06294117647058824 0.03954545454545454
1 0.7435294117647059 0.6104545454545455 0.09176470588235294 0.03272727272727273
1 0.10941176470588235 0.7197727272727272 0.11647058823529412 0.03409090909090909
1 0.3029411764705882 0.026590909090909092 0.06470588235294118 0.019545454545454546
1 0.56 0.0325 0.1 0.019545454545454546
1 0.8591176470588235 0.41204545454545455 0.04411764705882353 0.038636363636363635
1 0.84 0.8595454545454545 0.0611764705882353 0.034545454545454546