1 0.44 0.7238636363636364 0.25882352941176473 0.04045454545454545
1 0.7708823529411765 0.86 0.06647058823529411 0.03727272727272727
1 0.8629411764705882 0.9261363636363636 0.07294117647058823 0.03772727272727273
1 0.543235294117647 0.6129545454545454 0.14176470588235293 0.03318181818181818
1 0.42676470588235293 0.9263636363636364 0.06764705882352941 0.03636363636363636
1 0.6576470588235294 0.7720454545454546 0.02823529411764706 0.03409090909090909
1 0.11794117647058823 0.6809090909090909 0.08764705882352941 0.03363636363636364
1 0.11470588235294117 0.4495454545454545 0.09058823529411765 0.03727272727272727
1 0.17176470588235293 0.923409090909091 0.06941176470588235 0.03772727272727273
1 0.3347058823529412 0.9254545454545454 0.06235294117647059 0.03636363636363636
1 0.16264705882352942 0.8577272727272728 0.061764705882352944 0.04
1 0.7247058823529412 0.7711363636363636 0.08823529411764706 0.03227272727272727
1 0.11794117647058823 0.525 0.07352941176470588 0.035454545454545454
1 0.6738235294117647 0.7240909090909091 0.18176470588235294 0.035454545454545454
1 0.2585294117647059 0.8575 0.05588235294117647 0.03590909090909091
1 0.25470588235294117 0.9259090909090909 0.06705882352941177 0.03636363636363636
1 0.3988235294117647 0.7722727272727272 0.17647058823529413 0.03363636363636364
1 0.7747058823529411 0.9275 0.06823529411764706 0.03772727272727273
1 0.1111764705882353 0.36954545454545457 0.07882352941176471 0.035454545454545454
1 0.5635294117647058 0.7722727272727272 0.14588235294117646 0.031818181818181815
1 0.6576470588235294 0.4565909090909091 0.10352941176470588 0.03409090909090909
1 0.42617647058823527 0.8604545454545455 0.06411764705882353 0.038181818181818185
1 0.5938235294117648 0.9272727272727272 0.057058823529411766 0.035454545454545454
1 0.38088235294117645 0.610909090909091 0.14882352941176472 0.03636363636363636
1 0.3997058823529412 0.5688636363636363 0.17823529411764705 0.035
1 0.5941176470588235 0.86 0.05647058823529412 0.03727272727272727
1 0.11 0.41 0.09176470588235294 0.03727272727272727
1 0.12029411764705883 0.5688636363636363 0.08411764705882353 0.03954545454545454
1 0.5932352941176471 0.5690909090909091 0.19823529411764707 0.03636363636363636
1 0.5697058823529412 0.037954545454545456 0.12294117647058823 0.023181818181818182
1 0.7082352941176471 0.41204545454545455 0.1376470588235294 0.03590909090909091
1 0.5111764705882353 0.9281818181818182 0.06235294117647059 0.03727272727272727
1 0.6817647058823529 0.8597727272727272 0.06 0.035
1 0.46441176470588236 0.4131818181818182 0.31588235294117645 0.02909090909090909
1 0.8779411764705882 0.7279545454545454 0.1111764705882353 0.031363636363636364
1 0.45529411764705885 0.45454545454545453 0.28352941176470586 0.03090909090909091
1 0.12147058823529412 0.7697727272727273 0.08294117647058824 0.03318181818181818
1 0.12529411764705883 0.7238636363636364 0.0811764705882353 0.03409090909090909
1 0.5129411764705882 0.8602272727272727 0.06823529411764706 0.03681818181818182
1 0.12352941176470589 0.6088636363636364 0.0811764705882353 0.03590909090909091
1 0.6808823529411765 0.9261363636363636 0.05823529411764706 0.03681818181818182
1 0.3411764705882353 0.86 0.06235294117647059 0.03636363636363636
1 0.8538235294117648 0.8602272727272727 0.06294117647058824 0.038636363636363635
1 0.2923529411764706 0.03590909090909091 0.05176470588235294 0.01818181818181818
1 0.7967647058823529 0.7279545454545454 0.04294117647058823 0.041363636363636366