1 0.7676678445229682 0.855155109489051 0.05830388692579505 0.03604014598540146
1 0.8524734982332155 0.9185675182481752 0.06537102473498234 0.038777372262773724
1 0.4172555948174323 0.9192518248175182 0.06065959952885748 0.0364963503649635
1 0.8501177856301532 0.8521897810218978 0.05830388692579505 0.03832116788321168
1 0.46790341578327443 0.3978102189781022 0.2714958775029446 0.03923357664233577
1 0.45111896348645464 0.4416058394160584 0.2332155477031802 0.0364963503649635
1 0.4578916372202591 0.6742700729927007 0.24676089517078917 0.040145985401459854
1 0.6755005889281508 0.6751824817518248 0.17550058892815076 0.03923357664233577
1 0.4199057714958775 0.7611770072992701 0.22968197879858657 0.03695255474452555
1 0.3112485276796231 0.022582116788321168 0.05712603062426384 0.027828467153284672
1 0.7944640753828033 0.676779197080292 0.03651354534746761 0.03786496350364964
1 0.11395759717314488 0.677691605839416 0.09481743227326266 0.03695255474452555
1 0.11101295641931684 0.44297445255474455 0.09599528857479388 0.035583941605839414
1 0.09570082449941107 0.35652372262773724 0.08421672555948174 0.03512773722627737
1 0.5073616018845701 0.8517335766423357 0.06890459363957598 0.035583941605839414
1 0.6230859835100118 0.760036496350365 0.16489988221436985 0.03467153284671533
1 0.15901060070671377 0.9203923357664233 0.0624263839811543 0.03695255474452555
1 0.7561837455830389 0.7201186131386861 0.1707891637220259 0.03604014598540146
1 0.3300942285041225 0.9192518248175182 0.06065959952885748 0.037408759124087594
1 0.15606595995288575 0.8528740875912408 0.06007067137809187 0.03512773722627737
1 0.7267373380447585 0.7634580291970803 0.0353356890459364 0.03512773722627737
1 0.4581861012956419 0.5189324817518248 0.2143698468786808 0.0333029197080292
1 0.11749116607773852 0.5164233576642335 0.10188457008244994 0.035583941605839414
1 0.24381625441696114 0.853558394160584 0.050647820965842166 0.035583941605839414
1 0.6899293286219081 0.5590784671532847 0.11130742049469965 0.031478102189781025
1 0.24734982332155478 0.9183394160583942 0.05771495877502945 0.0364963503649635
1 0.7632508833922261 0.9208485401459854 0.05535924617196702 0.038777372262773724
1 0.6746171967020024 0.4432025547445255 0.15606595995288575 0.03512773722627737
1 0.6018845700824499 0.3578923357664234 0.1248527679623086 0.03604014598540146
1 0.4128386336866902 0.8558394160583942 0.05182567726737338 0.03375912408759124
1 0.589811542991755 0.9197080291970803 0.06065959952885748 0.03832116788321168
1 0.4796819787985866 0.5599908759124088 0.2714958775029446 0.03604014598540146
1 0.46466431095406363 0.604470802919708 0.2508833922261484 0.035583941605839414
1 0.5980565371024735 0.854242700729927 0.06419316843345112 0.03786496350364964
1 0.10070671378091872 0.3994069343065693 0.0895170789163722 0.03512773722627737
1 0.11719670200235571 0.5609032846715328 0.10247349823321555 0.03512773722627737
1 0.5497644287396938 0.023950729927007298 0.044169611307420496 0.026003649635036496
1 0.6222025912838633 0.5182481751824818 0.10070671378091872 0.035583941605839414
1 0.802414605418139 0.7620894160583942 0.10541813898704358 0.0333029197080292
1 0.5070671378091873 0.9194799270072993 0.06595995288574794 0.03786496350364964
1 0.8524734982332155 0.7176094890510949 0.030035335689045935 0.0364963503649635
1 0.6831566548881036 0.8560675182481752 0.0624263839811543 0.03604014598540146
1 0.9154888103651354 0.718065693430657 0.09010600706713781 0.0364963503649635
1 0.11778563015312132 0.7652828467153284 0.0977620730270907 0.03604014598540146
1 0.11484098939929328 0.7203467153284672 0.09658421672555949 0.0364963503649635
1 0.6831566548881036 0.3971259124087591 0.14958775029446408 0.03786496350364964
1 0.8674911660777385 0.6754105839416058 0.09540636042402827 0.03604014598540146
1 0.4361012956419317 0.3560675182481752 0.196113074204947 0.03604014598540146
1 0.49705535924617195 0.7171532846715328 0.3321554770318021 0.03832116788321168
1 0.1166077738515901 0.6019616788321168 0.09658421672555949 0.034215328467153285
1 0.6837455830388692 0.9213047445255474 0.06007067137809187 0.03786496350364964
1 0.3283274440518257 0.8521897810218978 0.05830388692579505 0.035583941605839414
1 0.6560659599528857 0.6049270072992701 0.10836277974087162 0.03375912408759124