1 0.3688235294117647 0.6825 0.13529411764705881 0.03681818181818182
1 0.7470588235294118 0.8638636363636364 0.04 0.03772727272727273
1 0.8344117647058824 0.9279545454545455 0.045294117647058825 0.03954545454545454
1 0.3982352941176471 0.9281818181818182 0.04470588235294118 0.03909090909090909
1 0.8358823529411765 0.8654545454545455 0.04588235294117647 0.03909090909090909
1 0.38088235294117645 0.6090909090909091 0.14294117647058824 0.03636363636363636
1 0.6373529411764706 0.7265909090909091 0.19588235294117648 0.03681818181818182
1 0.35441176470588237 0.4572727272727273 0.09117647058823529 0.03909090909090909
1 0.4102941176470588 0.7256818181818182 0.21941176470588236 0.03681818181818182
1 0.695 0.5304545454545454 0.06529411764705882 0.03272727272727273
1 0.36058823529411765 0.415 0.11764705882352941 0.03272727272727273
1 0.10441176470588236 0.6765909090909091 0.07823529411764706 0.03681818181818182
1 0.7005882352941176 0.5752272727272727 0.02823529411764706 0.03409090909090909
1 0.09352941176470589 0.36568181818181816 0.06941176470588235 0.035
1 0.09205882352941176 0.4470454545454545 0.07 0.035
1 0.13911764705882354 0.9256818181818182 0.04176470588235294 0.041363636363636366
1 0.7679411764705882 0.5736363636363636 0.09117647058823529 0.03363636363636364
1 0.3173529411764706 0.9263636363636364 0.0488235294117647 0.038181818181818185
1 0.1461764705882353 0.8575 0.04764705882352941 0.03954545454545454
1 0.39588235294117646 0.5247727272727273 0.17411764705882352 0.03590909090909091
1 0.0988235294117647 0.5206818181818181 0.07764705882352942 0.035
1 0.6282352941176471 0.615 0.05647058823529412 0.03090909090909091
1 0.23529411764705882 0.8586363636363636 0.047058823529411764 0.03727272727272727
1 0.23558823529411765 0.9261363636363636 0.05235294117647059 0.03590909090909091
1 0.3720588235294118 0.7736363636363637 0.14529411764705882 0.034545454545454546
1 0.7467647058823529 0.9263636363636364 0.0488235294117647 0.04
1 0.29764705882352943 0.03363636363636364 0.05058823529411765 0.016363636363636365
1 0.5261764705882352 0.7743181818181818 0.1288235294117647 0.03227272727272727
1 0.40088235294117647 0.8595454545454545 0.04176470588235294 0.04
1 0.5820588235294117 0.9254545454545454 0.0488235294117647 0.03727272727272727
1 0.09558823529411764 0.5629545454545455 0.07588235294117647 0.03590909090909091
1 0.5655882352941176 0.5297727272727273 0.1111764705882353 0.03409090909090909
1 0.575 0.8602272727272727 0.04647058823529412 0.04045454545454545
1 0.09235294117647058 0.4059090909090909 0.07647058823529412 0.035454545454545454
1 0.6011764705882353 0.571590909090909 0.14 0.03409090909090909
1 0.5729411764705883 0.04090909090909091 0.11294117647058824 0.022727272727272728
1 0.4908823529411765 0.9265909090909091 0.0488235294117647 0.03681818181818182
1 0.6629411764705883 0.8590909090909091 0.052941176470588235 0.04090909090909091
1 0.49970588235294117 0.6836363636363636 0.10176470588235294 0.035454545454545454
1 0.1038235294117647 0.7643181818181818 0.08176470588235295 0.03590909090909091
1 0.10676470588235294 0.7206818181818182 0.08529411764705883 0.03681818181818182
1 0.48911764705882355 0.8586363636363636 0.045294117647058825 0.038181818181818185
1 0.6447058823529411 0.5352272727272728 0.024705882352941175 0.031363636363636364
1 0.5855882352941176 0.6161363636363636 0.026470588235294117 0.03318181818181818
1 0.34911764705882353 0.37022727272727274 0.09352941176470589 0.03681818181818182
1 0.5188235294117647 0.6136363636363636 0.1011764705882353 0.03272727272727273
1 0.09470588235294118 0.6027272727272728 0.07647058823529412 0.03636363636363636
1 0.6647058823529411 0.9261363636363636 0.04941176470588235 0.03772727272727273
1 0.32 0.8575 0.04470588235294118 0.03954545454545454
1 0.4002941176470588 0.5718181818181818 0.20176470588235293 0.03272727272727273
1 0.4591176470588235 0.3718181818181818 0.1323529411764706 0.03090909090909091
1 0.513235294117647 0.41454545454545455 0.19941176470588234 0.038181818181818185
1 0.46941176470588236 0.4611363636363636 0.15294117647058825 0.029545454545454545