1 0.41411764705882353 0.6790909090909091 0.21176470588235294 0.03636363636363636
1 0.7561764705882353 0.855 0.05941176470588235 0.042727272727272725
1 0.8388235294117647 0.9245454545454546 0.047058823529411764 0.038181818181818185
1 0.5608823529411765 0.6079545454545454 0.16176470588235295 0.03681818181818182
1 0.41352941176470587 0.9220454545454545 0.06235294117647059 0.038636363636363635
1 0.8447058823529412 0.8575 0.052941176470588235 0.042272727272727274
1 0.38794117647058823 0.6077272727272728 0.16294117647058823 0.03636363636363636
1 0.4652941176470588 0.4043181818181818 0.2964705882352941 0.03590909090909091
1 0.3888235294117647 0.45022727272727275 0.16 0.03681818181818182
1 0.38441176470588234 0.7647727272727273 0.16294117647058823 0.030454545454545453
1 0.4673529411764706 0.36204545454545456 0.30176470588235293 0.035
1 0.11176470588235295 0.6752272727272727 0.1011764705882353 0.03954545454545454
1 0.10676470588235294 0.44522727272727275 0.08529411764705883 0.03681818181818182
1 0.42911764705882355 0.7220454545454545 0.24764705882352941 0.03409090909090909
1 0.10911764705882353 0.35863636363636364 0.09352941176470589 0.03636363636363636
1 0.15441176470588236 0.9204545454545454 0.05352941176470588 0.038181818181818185
1 0.3247058823529412 0.9206818181818182 0.052941176470588235 0.03954545454545454
1 0.1511764705882353 0.8506818181818182 0.047058823529411764 0.038636363636363635
1 0.7032352941176471 0.7656818181818181 0.08294117647058824 0.03409090909090909
1 0.1111764705882353 0.5175 0.08588235294117647 0.03954545454545454
1 0.6567647058823529 0.7211363636363637 0.19588235294117648 0.03318181818181818
1 0.24088235294117646 0.8527272727272728 0.05352941176470588 0.03909090909090909
1 0.24323529411764705 0.9206818181818182 0.057058823529411766 0.03772727272727273
1 0.755 0.9236363636363636 0.051176470588235295 0.04181818181818182
1 0.548235294117647 0.7654545454545455 0.15058823529411763 0.031818181818181815
1 0.706764705882353 0.4084090909090909 0.15823529411764706 0.03681818181818182
1 0.7047058823529412 0.36454545454545456 0.1564705882352941 0.038181818181818185
1 0.41441176470588237 0.8538636363636364 0.05823529411764706 0.03772727272727273
1 0.5847058823529412 0.9218181818181819 0.06 0.04090909090909091
1 0.115 0.4022727272727273 0.10882352941176471 0.03363636363636364
1 0.4461764705882353 0.5631818181818182 0.28411764705882353 0.02909090909090909
1 0.44029411764705884 0.5209090909090909 0.26176470588235295 0.031818181818181815
1 0.5847058823529412 0.8554545454545455 0.05764705882352941 0.04090909090909091
1 0.11058823529411765 0.5602272727272727 0.08823529411764706 0.03681818181818182
1 0.49911764705882355 0.9227272727272727 0.0488235294117647 0.04
1 0.8541176470588235 0.6804545454545454 0.11647058823529412 0.034545454545454546
1 0.6711764705882353 0.855909090909091 0.05647058823529412 0.04181818181818182
1 0.8488235294117648 0.7243181818181819 0.0976470588235294 0.03409090909090909
1 0.11323529411764706 0.7575 0.10058823529411764 0.03681818181818182
1 0.5567647058823529 0.4527272727272727 0.11941176470588236 0.03363636363636364
1 0.6452941176470588 0.7672727272727272 0.03058823529411765 0.034545454545454546
1 0.5029411764705882 0.8531818181818182 0.06470588235294118 0.03909090909090909
1 0.72 0.5243181818181818 0.26235294117647057 0.03227272727272727
1 0.6470588235294118 0.6815909090909091 0.20352941176470588 0.035
1 0.115 0.6020454545454546 0.09705882352941177 0.03681818181818182
1 0.675 0.9211363636363636 0.05823529411764706 0.03954545454545454
1 0.32382352941176473 0.8527272727272728 0.0488235294117647 0.03909090909090909
1 0.7423529411764705 0.5656818181818182 0.2858823529411765 0.038636363636363635
1 0.7711764705882352 0.6806818181818182 0.03529411764705882 0.03681818181818182
1 0.11 0.7195454545454546 0.1 0.03727272727272727
1 0.2908823529411765 0.03159090909090909 0.03588235294117647 0.026818181818181817
1 0.5708823529411765 0.03386363636363637 0.10647058823529412 0.02409090909090909
1 0.7788235294117647 0.7225 0.03411764705882353 0.03318181818181818