1 0.4047058823529412 0.6856818181818182 0.21058823529411766 0.038636363636363635
1 0.5961764705882353 0.6829545454545455 0.15235294117647058 0.03590909090909091
1 0.7623529411764706 0.8613636363636363 0.07529411764705882 0.03909090909090909
1 0.8511764705882353 0.9304545454545454 0.07411764705882352 0.03909090909090909
1 0.4147058823529412 0.9247727272727273 0.07411764705882352 0.04045454545454545
1 0.8505882352941176 0.8668181818181818 0.07764705882352942 0.04454545454545455
1 0.3814705882352941 0.6104545454545455 0.15235294117647058 0.03636363636363636
1 0.6626470588235294 0.7331818181818182 0.031176470588235295 0.03363636363636364
1 0.6879411764705883 0.6945454545454546 0.03588235294117647 0.034545454545454546
1 0.405 0.7270454545454546 0.21352941176470588 0.03954545454545454
1 0.7988235294117647 0.5359090909090909 0.1376470588235294 0.03090909090909091
1 0.2464705882352941 0.86 0.07764705882352942 0.034545454545454546
1 0.10205882352941177 0.6818181818181818 0.08294117647058824 0.03636363636363636
1 0.10617647058823529 0.4511363636363636 0.08647058823529412 0.03681818181818182
1 0.4814705882352941 0.7777272727272727 0.07823529411764706 0.03363636363636364
1 0.5764705882352941 0.7263636363636363 0.12470588235294118 0.03636363636363636
1 0.15705882352941178 0.9225 0.07294117647058823 0.04045454545454545
1 0.33647058823529413 0.9229545454545455 0.07176470588235294 0.03954545454545454
1 0.16147058823529412 0.8547727272727272 0.07588235294117647 0.04045454545454545
1 0.7391176470588235 0.7290909090909091 0.08764705882352941 0.03363636363636364
1 0.5985294117647059 0.4681818181818182 0.08058823529411764 0.03
1 0.4229411764705882 0.5225 0.2376470588235294 0.03954545454545454
1 0.11 0.5227272727272727 0.09411764705882353 0.038181818181818185
1 0.6876470588235294 0.6190909090909091 0.09647058823529411 0.03090909090909091
1 0.24735294117647058 0.9225 0.07470588235294118 0.03954545454545454
1 0.3679411764705882 0.7809090909090909 0.13470588235294118 0.035454545454545454
1 0.7623529411764706 0.9277272727272727 0.07529411764705882 0.04
1 0.11352941176470588 0.36204545454545456 0.09058823529411765 0.03681818181818182
1 0.7 0.37886363636363635 0.02823529411764706 0.03772727272727273
1 0.6217647058823529 0.4097727272727273 0.18941176470588236 0.03954545454545454
1 0.41970588235294115 0.8584090909090909 0.07705882352941176 0.03954545454545454
1 0.5891176470588235 0.8706818181818182 0.0711764705882353 0.042272727272727274
1 0.6282352941176471 0.5311363636363636 0.15529411764705883 0.03681818181818182
1 0.35352941176470587 0.46136363636363636 0.11764705882352941 0.03
1 0.581764705882353 0.7827272727272727 0.06352941176470588 0.03272727272727273
1 0.11147058823529411 0.4034090909090909 0.09 0.03590909090909091
1 0.10823529411764705 0.5688636363636363 0.09647058823529411 0.038636363636363635
1 0.658235294117647 0.5736363636363636 0.1976470588235294 0.04
1 0.5758823529411765 0.037954545454545456 0.12 0.023181818181818182
1 0.8170588235294117 0.41454545454545455 0.13647058823529412 0.04
1 0.5041176470588236 0.9254545454545454 0.07882352941176471 0.04
1 0.6761764705882353 0.8588636363636364 0.07352941176470588 0.041363636363636366
1 0.7770588235294118 0.3765909090909091 0.12705882352941175 0.03681818181818182
1 0.8361764705882353 0.5734090909090909 0.17588235294117646 0.04045454545454545
1 0.10705882352941176 0.765 0.09411764705882353 0.03636363636363636
1 0.10588235294117647 0.7245454545454545 0.09294117647058824 0.03727272727272727
1 0.7382352941176471 0.4113636363636364 0.03529411764705882 0.038181818181818185
1 0.5023529411764706 0.8579545454545454 0.07529411764705882 0.03954545454545454
1 0.6223529411764706 0.6186363636363637 0.02588235294117647 0.03272727272727273
1 0.40794117647058825 0.3675 0.19941176470588234 0.038636363636363635
1 0.5323529411764706 0.6190909090909091 0.12823529411764706 0.03272727272727273
1 0.09941176470588235 0.6086363636363636 0.08823529411764706 0.03727272727272727
1 0.6738235294117647 0.9304545454545454 0.07470588235294118 0.04090909090909091
1 0.5961764705882353 0.3709090909090909 0.15941176470588236 0.038181818181818185
1 0.33088235294117646 0.8561363636363636 0.0711764705882353 0.03954545454545454
1 0.77 0.6852272727272727 0.11058823529411765 0.035
1 0.27941176470588236 0.034545454545454546 0.029411764705882353 0.02
1 0.33029411764705885 0.035 0.06647058823529411 0.02
1 0.5902941176470589 0.9311363636363637 0.07588235294117647 0.041363636363636366
1 0.5320588235294118 0.7886363636363637 0.02411764705882353 0.03090909090909091
1 0.4673529411764706 0.4634090909090909 0.10176470588235294 0.02772727272727273
1 0.5367647058823529 0.4718181818181818 0.027647058823529413 0.031818181818181815
1 0.4076470588235294 0.4134090909090909 0.21294117647058824 0.041363636363636366
1 0.42411764705882354 0.5718181818181818 0.2576470588235294 0.04181818181818182