1 0.385 0.4009090909090909 0.17 0.03636363636363636
1 0.8414705882352941 0.9213636363636364 0.0688235294117647 0.03909090909090909
1 0.40176470588235297 0.92 0.05647058823529412 0.038181818181818185
1 0.3776470588235294 0.605909090909091 0.1423529411764706 0.03272727272727273
1 0.6717647058823529 0.8518181818181818 0.0611764705882353 0.038181818181818185
1 0.39176470588235296 0.675 0.18235294117647058 0.03909090909090909
1 0.3726470588235294 0.7595454545454545 0.1511764705882353 0.035454545454545454
1 0.08647058823529412 0.7140909090909091 0.07647058823529412 0.03363636363636364
1 0.09294117647058824 0.44181818181818183 0.07764705882352942 0.034545454545454546
1 0.39323529411764707 0.7170454545454545 0.1888235294117647 0.03590909090909091
1 0.09411764705882353 0.36045454545454547 0.07882352941176471 0.035454545454545454
1 0.5897058823529412 0.7184090909090909 0.18176470588235294 0.03590909090909091
1 0.14294117647058824 0.9177272727272727 0.047058823529411764 0.038181818181818185
1 0.32088235294117645 0.9175 0.05352941176470588 0.03772727272727273
1 0.14735294117647058 0.8502272727272727 0.05235294117647059 0.03590909090909091
1 0.7570588235294118 0.8529545454545454 0.06235294117647059 0.03772727272727273
1 0.3976470588235294 0.5161363636363636 0.18705882352941178 0.038636363636363635
1 0.09352941176470589 0.5111363636363636 0.07529411764705882 0.03409090909090909
1 0.23705882352941177 0.850909090909091 0.04941176470588235 0.03636363636363636
1 0.23588235294117646 0.9181818181818182 0.052941176470588235 0.03727272727272727
1 0.7452941176470588 0.9222727272727272 0.05176470588235294 0.04
1 0.29705882352941176 0.02409090909090909 0.042352941176470586 0.026363636363636363
1 0.5197058823529411 0.7588636363636364 0.14529411764705882 0.03590909090909091
1 0.581764705882353 0.3597727272727273 0.14705882352941177 0.03681818181818182
1 0.4011764705882353 0.35863636363636364 0.19411764705882353 0.03727272727272727
1 0.40588235294117647 0.8522727272727273 0.05529411764705883 0.03727272727272727
1 0.58 0.92 0.06235294117647059 0.03909090909090909
1 0.39088235294117646 0.5620454545454545 0.18176470588235294 0.03227272727272727
1 0.5429411764705883 0.5170454545454546 0.11647058823529412 0.035
1 0.5770588235294117 0.8522727272727273 0.04941176470588235 0.038181818181818185
1 0.09205882352941176 0.3968181818181818 0.07352941176470588 0.03636363636363636
1 0.09352941176470589 0.5561363636363637 0.07294117647058823 0.03409090909090909
1 0.5938235294117648 0.4484090909090909 0.03 0.03318181818181818
1 0.7382352941176471 0.36363636363636365 0.08352941176470588 0.026363636363636363
1 0.4838235294117647 0.92 0.051176470588235295 0.04181818181818182
1 0.8388235294117647 0.8572727272727273 0.06 0.04363636363636364
1 0.3779411764705882 0.44227272727272726 0.14411764705882352 0.03636363636363636
1 0.08911764705882352 0.7579545454545454 0.07470588235294118 0.03318181818181818
1 0.5391176470588235 0.4081818181818182 0.12411764705882353 0.035454545454545454
1 0.4879411764705882 0.8529545454545454 0.05235294117647059 0.03681818181818182
1 0.6791176470588235 0.4027272727272727 0.06294117647058824 0.02727272727272727
1 0.586764705882353 0.6756818181818182 0.19941176470588234 0.041363636363636366
1 0.09323529411764706 0.5993181818181819 0.07235294117647059 0.03318181818181818
1 0.6614705882352941 0.9206818181818182 0.051176470588235295 0.03954545454545454
1 0.32088235294117645 0.850909090909091 0.05235294117647059 0.035454545454545454
1 0.548235294117647 0.031363636363636364 0.08235294117647059 0.02181818181818182
1 0.6773529411764706 0.36522727272727273 0.026470588235294117 0.02772727272727273
1 0.6464705882352941 0.44477272727272726 0.05647058823529412 0.023181818181818182
1 0.5191176470588236 0.44681818181818184 0.10058823529411764 0.024545454545454544
1 0.6267647058823529 0.4015909090909091 0.031176470588235295 0.028636363636363637
1 0.5405882352941176 0.5597727272727273 0.10588235294117647 0.02590909090909091
1 0.4958823529411765 0.6079545454545454 0.08470588235294117 0.031363636363636364
1 0.08911764705882352 0.6743181818181818 0.07823529411764706 0.02772727272727273