1 0.40147058823529413 0.6913636363636364 0.17352941176470588 0.03636363636363636
1 0.5511764705882353 0.6879545454545455 0.0988235294117647 0.03409090909090909
1 0.35058823529411764 0.3759090909090909 0.09176470588235294 0.03363636363636364
1 0.7602941176470588 0.8604545454545455 0.05 0.035454545454545454
1 0.8420588235294117 0.9270454545454545 0.0488235294117647 0.03772727272727273
1 0.5067647058823529 0.5727272727272728 0.09235294117647058 0.03272727272727273
1 0.4238235294117647 0.9293181818181818 0.05823529411764706 0.035
1 0.5008823529411764 0.5290909090909091 0.06647058823529411 0.03727272727272727
1 0.37029411764705883 0.575 0.12176470588235294 0.035454545454545454
1 0.4464705882352941 0.37477272727272726 0.12117647058823529 0.03590909090909091
1 0.6479411764705882 0.7754545454545455 0.08411764705882353 0.03
1 0.6414705882352941 0.7331818181818182 0.03235294117647059 0.035454545454545454
1 0.3976470588235294 0.7275 0.18352941176470589 0.03590909090909091
1 0.0961764705882353 0.6893181818181818 0.06529411764705882 0.035
1 0.0988235294117647 0.46136363636363636 0.07058823529411765 0.03636363636363636
1 0.5626470588235294 0.7263636363636363 0.1264705882352941 0.03363636363636364
1 0.16029411764705884 0.93 0.05352941176470588 0.03636363636363636
1 0.33852941176470586 0.93 0.06411764705882353 0.03636363636363636
1 0.1673529411764706 0.8615909090909091 0.06294117647058824 0.03590909090909091
1 0.45 0.57 0.03529411764705882 0.03272727272727273
1 0.24352941176470588 0.8618181818181818 0.04470588235294118 0.034545454545454546
1 0.6223529411764706 0.6956818181818182 0.023529411764705882 0.025
1 0.24970588235294117 0.9293181818181818 0.05352941176470588 0.035
1 0.38235294117647056 0.7736363636363637 0.15294117647058825 0.03272727272727273
1 0.7652941176470588 0.9268181818181818 0.05176470588235294 0.03636363636363636
1 0.2917647058823529 0.04181818181818182 0.042352941176470586 0.02181818181818182
1 0.5202941176470588 0.7731818181818182 0.10764705882352942 0.031818181818181815
1 0.6120588235294118 0.4143181818181818 0.08529411764705883 0.03409090909090909
1 0.35411764705882354 0.4115909090909091 0.10470588235294118 0.03590909090909091
1 0.4164705882352941 0.8615909090909091 0.04352941176470588 0.03590909090909091
1 0.595 0.9279545454545455 0.06764705882352941 0.03681818181818182
1 0.5923529411764706 0.8622727272727273 0.052941176470588235 0.03909090909090909
1 0.09382352941176471 0.37727272727272726 0.06529411764705882 0.03363636363636364
1 0.10470588235294118 0.5345454545454545 0.05529411764705883 0.034545454545454546
1 0.5614705882352942 0.4581818181818182 0.05941176470588235 0.03090909090909091
1 0.5488235294117647 0.04045454545454545 0.0976470588235294 0.022727272727272728
1 0.5697058823529412 0.37386363636363634 0.061764705882352944 0.031363636363636364
1 0.5076470588235295 0.93 0.05764705882352941 0.03727272727272727
1 0.8523529411764705 0.860909090909091 0.05764705882352941 0.03363636363636364
1 0.6776470588235294 0.8625 0.047058823529411764 0.03772727272727273
1 0.5261764705882352 0.3781818181818182 0.03 0.03090909090909091
1 0.3473529411764706 0.4556818181818182 0.08529411764705883 0.03954545454545454
1 0.09441176470588235 0.7754545454545455 0.06764705882352941 0.03272727272727273
1 0.09470588235294118 0.7347727272727272 0.06705882352941177 0.035
1 0.5191176470588236 0.4572727272727273 0.028823529411764706 0.035454545454545454
1 0.10470588235294118 0.6222727272727273 0.058823529411764705 0.03363636363636364
1 0.5076470588235295 0.86 0.05647058823529412 0.03909090909090909
1 0.4773529411764706 0.6145454545454545 0.07823529411764706 0.031818181818181815
1 0.10558823529411765 0.5790909090909091 0.06294117647058824 0.038181818181818185
1 0.6773529411764706 0.9272727272727272 0.0488235294117647 0.03727272727272727
1 0.3347058823529412 0.8613636363636363 0.05176470588235294 0.034545454545454546
1 0.6761764705882353 0.6904545454545454 0.06529411764705882 0.031818181818181815
1 0.09264705882352942 0.4202272727272727 0.07 0.03227272727272727
1 0.555 0.41613636363636364 0.028823529411764706 0.028636363636363637
1 0.36058823529411765 0.5315909090909091 0.12705882352941175 0.03409090909090909
1 0.44441176470588234 0.5365909090909091 0.033529411764705884 0.02772727272727273
1 0.7026470588235294 0.735 0.09470588235294118 0.031818181818181815
1 0.595 0.7831818181818182 0.033529411764705884 0.03727272727272727
1 0.47411764705882353 0.4159090909090909 0.12705882352941175 0.031818181818181815
1 0.44441176470588234 0.45840909090909093 0.10411764705882352 0.03227272727272727
1 0.3588235294117647 0.6170454545454546 0.11294117647058824 0.02590909090909091
1 0.4294117647058823 0.6227272727272727 0.024705882352941175 0.026363636363636363