1 0.375 0.72 0.13705882352941176 0.034545454545454546
1 0.3726470588235294 0.40954545454545455 0.1323529411764706 0.03636363636363636
1 0.7544117647058823 0.8622727272727273 0.04294117647058823 0.03636363636363636
1 0.8420588235294117 0.9279545454545455 0.04647058823529412 0.03590909090909091
1 0.4108823529411765 0.9281818181818182 0.051176470588235295 0.034545454545454546
1 0.5061764705882353 0.5720454545454545 0.10529411764705883 0.02409090909090909
1 0.3720588235294118 0.6084090909090909 0.12529411764705883 0.03409090909090909
1 0.4776470588235294 0.40954545454545455 0.09058823529411765 0.03363636363636364
1 0.6002941176470589 0.77 0.05352941176470588 0.03
1 0.09735294117647059 0.6775 0.06529411764705882 0.03409090909090909
1 0.09411764705882353 0.4581818181818182 0.06235294117647059 0.03363636363636364
1 0.48764705882352943 0.7702272727272728 0.10705882352941176 0.03409090909090909
1 0.1497058823529412 0.9231818181818182 0.04411764705882353 0.038181818181818185
1 0.3191176470588235 0.9270454545454545 0.04176470588235294 0.03681818181818182
1 0.15441176470588236 0.8579545454545454 0.04411764705882353 0.03590909090909091
1 0.6317647058823529 0.7270454545454546 0.05058823529411765 0.02590909090909091
1 0.09794117647058824 0.5227272727272727 0.0688235294117647 0.03363636363636364
1 0.5961764705882353 0.6102272727272727 0.05823529411764706 0.030454545454545453
1 0.2373529411764706 0.8593181818181819 0.04294117647058823 0.03681818181818182
1 0.23647058823529413 0.9247727272727273 0.042352941176470586 0.03681818181818182
1 0.36411764705882355 0.7702272727272728 0.12117647058823529 0.03409090909090909
1 0.7538235294117647 0.9304545454545454 0.04411764705882353 0.02909090909090909
1 0.1 0.36727272727272725 0.06823529411764706 0.034545454545454546
1 0.4117647058823529 0.8590909090909091 0.047058823529411764 0.03636363636363636
1 0.5823529411764706 0.8613636363636363 0.03882352941176471 0.03727272727272727
1 0.38058823529411767 0.5702272727272727 0.13294117647058823 0.035
1 0.49176470588235294 0.6129545454545454 0.08823529411764706 0.026818181818181817
1 0.5611764705882353 0.774090909090909 0.023529411764705882 0.031818181818181815
1 0.57 0.03954545454545454 0.10352941176470588 0.02181818181818182
1 0.5864705882352941 0.4177272727272727 0.06705882352941177 0.024545454545454544
1 0.49676470588235294 0.9268181818181818 0.03705882352941176 0.03636363636363636
1 0.8379411764705882 0.8622727272727273 0.04176470588235294 0.03636363636363636
1 0.6697058823529412 0.8627272727272727 0.03823529411764706 0.025454545454545455
1 0.09470588235294118 0.7238636363636364 0.06705882352941177 0.03409090909090909
1 0.5594117647058824 0.4586363636363636 0.058823529411764705 0.022727272727272728
1 0.4970588235294118 0.8620454545454546 0.03058823529411765 0.038636363636363635
1 0.5726470588235294 0.5754545454545454 0.02411764705882353 0.03
1 0.5055882352941177 0.7190909090909091 0.13117647058823528 0.035454545454545454
1 0.08676470588235294 0.5713636363636364 0.06294117647058824 0.035454545454545454
1 0.67 0.9265909090909091 0.05411764705882353 0.03681818181818182
1 0.32382352941176473 0.8570454545454546 0.04176470588235294 0.03772727272727273
1 0.36176470588235293 0.455 0.11176470588235295 0.026363636363636363
1 0.6197058823529412 0.571590909090909 0.08058823529411764 0.031363636363636364
1 0.3070588235294118 0.03431818181818182 0.03294117647058824 0.026818181818181817
1 0.0961764705882353 0.40863636363636363 0.06764705882352941 0.04
1 0.4588235294117647 0.45636363636363636 0.08823529411764706 0.028181818181818183
1 0.5197058823529411 0.4647727272727273 0.027647058823529413 0.03227272727272727
1 0.5411764705882353 0.4177272727272727 0.02235294117647059 0.023636363636363636
1 0.55 0.6156818181818182 0.02 0.025
1 0.09705882352941177 0.7775 0.06588235294117648 0.02590909090909091
1 0.09117647058823529 0.6209090909090909 0.058823529411764705 0.024545454545454544
1 0.5888235294117647 0.725 0.02235294117647059 0.02727272727272727
1 0.586764705882353 0.9288636363636363 0.0488235294117647 0.03227272727272727