1 0.39794117647058824 0.6856818181818182 0.18764705882352942 0.03681818181818182
1 0.7620588235294118 0.8590909090909091 0.0711764705882353 0.03636363636363636
1 0.8514705882352941 0.9275 0.07235294117647059 0.04045454545454545
1 0.6105882352941177 0.5688636363636363 0.14941176470588236 0.04045454545454545
1 0.4117647058823529 0.9261363636363636 0.05529411764705883 0.04045454545454545
1 0.5408823529411765 0.5231818181818182 0.11470588235294117 0.038181818181818185
1 0.3723529411764706 0.6129545454545454 0.14470588235294118 0.03772727272727273
1 0.6505882352941177 0.7275 0.19058823529411764 0.03681818181818182
1 0.41058823529411764 0.40636363636363637 0.22 0.03909090909090909
1 0.08323529411764706 0.6836363636363636 0.07235294117647059 0.03727272727272727
1 0.0861764705882353 0.44977272727272727 0.07235294117647059 0.038636363636363635
1 0.6970588235294117 0.5261363636363636 0.07176470588235294 0.03409090909090909
1 0.08970588235294118 0.3640909090909091 0.08176470588235295 0.038181818181818185
1 0.5302941176470588 0.7697727272727273 0.1323529411764706 0.03590909090909091
1 0.15411764705882353 0.9270454545454545 0.05764705882352941 0.042272727272727274
1 0.7923529411764706 0.5672727272727273 0.10588235294117647 0.03727272727272727
1 0.3285294117647059 0.9263636363636364 0.060588235294117644 0.042727272727272725
1 0.15970588235294117 0.8575 0.054705882352941174 0.03954545454545454
1 0.3885294117647059 0.5238636363636363 0.16647058823529412 0.03772727272727273
1 0.09205882352941176 0.5234090909090909 0.07588235294117647 0.03772727272727273
1 0.6573529411764706 0.6127272727272727 0.08294117647058824 0.03272727272727273
1 0.6394117647058823 0.5309090909090909 0.03294117647058824 0.03636363636363636
1 0.2447058823529412 0.9268181818181818 0.0611764705882353 0.03909090909090909
1 0.37970588235294117 0.7718181818181818 0.15235294117647058 0.035454545454545454
1 0.7605882352941177 0.9265909090909091 0.06 0.041363636363636366
1 0.6835294117647058 0.45295454545454544 0.11647058823529412 0.03590909090909091
1 0.6452941176470588 0.36977272727272725 0.03764705882352941 0.03227272727272727
1 0.5558823529411765 0.36954545454545457 0.12117647058823529 0.03727272727272727
1 0.4194117647058824 0.8597727272727272 0.0611764705882353 0.04045454545454545
1 0.5847058823529412 0.925 0.052941176470588235 0.042727272727272725
1 0.41558823529411765 0.5693181818181818 0.22294117647058823 0.038636363636363635
1 0.5144117647058823 0.6138636363636364 0.13352941176470587 0.031363636363636364
1 0.5870588235294117 0.8602272727272727 0.0611764705882353 0.03681818181818182
1 0.0861764705882353 0.4059090909090909 0.07823529411764706 0.04
1 0.5976470588235294 0.45636363636363636 0.029411764705882353 0.035454545454545454
1 0.5641176470588235 0.037954545454545456 0.11411764705882353 0.02409090909090909
1 0.5955882352941176 0.4088636363636364 0.1476470588235294 0.03772727272727273
1 0.5029411764705882 0.925 0.06352941176470588 0.042727272727272725
1 0.8461764705882353 0.8570454545454546 0.05941176470588235 0.045
1 0.6752941176470588 0.860909090909091 0.058823529411764705 0.034545454545454546
1 0.7438235294117647 0.37 0.13 0.03636363636363636
1 0.571764705882353 0.6863636363636364 0.13647058823529412 0.03909090909090909
1 0.38029411764705884 0.45136363636363636 0.15705882352941178 0.03909090909090909
1 0.09294117647058824 0.7686363636363637 0.07764705882352942 0.03636363636363636
1 0.08941176470588236 0.7247727272727272 0.07529411764705882 0.038636363636363635
1 0.5335294117647059 0.45386363636363636 0.10588235294117647 0.03681818181818182
1 0.5041176470588236 0.8597727272727272 0.06 0.03954545454545454
1 0.788235294117647 0.4090909090909091 0.16823529411764707 0.038181818181818185
1 0.39647058823529413 0.36863636363636365 0.18352941176470589 0.035454545454545454
1 0.42323529411764704 0.7261363636363637 0.24764705882352941 0.03590909090909091
1 0.07764705882352942 0.6111363636363636 0.06941176470588235 0.03409090909090909
1 0.6838235294117647 0.9297727272727273 0.07352941176470588 0.042272727272727274
1 0.32735294117647057 0.8581818181818182 0.05 0.04090909090909091
1 0.7179411764705882 0.5729545454545455 0.028823529411764706 0.038636363636363635
1 0.2697058823529412 0.034772727272727275 0.03705882352941176 0.02409090909090909
1 0.3276470588235294 0.03636363636363636 0.07058823529411765 0.02727272727272727
1 0.6861764705882353 0.4093181818181818 0.027647058823529413 0.035
1 0.5973529411764706 0.6186363636363637 0.027647058823529413 0.04454545454545455
1 0.08441176470588235 0.5702272727272727 0.06411764705882353 0.03590909090909091
1 0.24294117647058824 0.8595454545454545 0.06235294117647059 0.03909090909090909