1 0.41823529411764704 0.68 0.23294117647058823 0.03909090909090909
1 0.7602941176470588 0.8634090909090909 0.057058823529411766 0.03772727272727273
1 0.8420588235294117 0.9293181818181818 0.06764705882352941 0.041363636363636366
1 0.5591176470588235 0.5690909090909091 0.09941176470588235 0.03363636363636364
1 0.4126470588235294 0.9256818181818182 0.057058823529411766 0.04045454545454545
1 0.52 0.5322727272727272 0.042352941176470586 0.04090909090909091
1 0.8432352941176471 0.8634090909090909 0.05823529411764706 0.03954545454545454
1 0.37323529411764705 0.6081818181818182 0.12529411764705883 0.034545454545454546
1 0.3861764705882353 0.4490909090909091 0.16058823529411764 0.03727272727272727
1 0.45323529411764707 0.6113636363636363 0.03235294117647059 0.03727272727272727
1 0.39558823529411763 0.7229545454545454 0.18529411764705883 0.03681818181818182
1 0.4032352941176471 0.40613636363636363 0.1923529411764706 0.03681818181818182
1 0.09735294117647059 0.6770454545454545 0.0688235294117647 0.035
1 0.10411764705882352 0.44772727272727275 0.08 0.03636363636363636
1 0.10176470588235294 0.3629545454545455 0.07764705882352942 0.035
1 0.558235294117647 0.7254545454545455 0.12117647058823529 0.034545454545454546
1 0.1526470588235294 0.9231818181818182 0.060588235294117644 0.03909090909090909
1 0.325 0.9268181818181818 0.06411764705882353 0.04090909090909091
1 0.15441176470588236 0.8577272727272728 0.054705882352941174 0.038181818181818185
1 0.39441176470588235 0.5211363636363636 0.18176470588235294 0.03954545454545454
1 0.1126470588235294 0.5193181818181818 0.05823529411764706 0.035
1 0.6329411764705882 0.6829545454545455 0.15294117647058825 0.03590909090909091
1 0.815 0.37727272727272726 0.13 0.035454545454545454
1 0.6129411764705882 0.5256818181818181 0.11529411764705882 0.03409090909090909
1 0.24 0.925 0.05764705882352941 0.04
1 0.3761764705882353 0.7686363636363637 0.14647058823529413 0.035454545454545454
1 0.7561764705882353 0.9309090909090909 0.06294117647058824 0.042727272727272725
1 0.2958823529411765 0.030227272727272728 0.041176470588235294 0.025
1 0.5097058823529412 0.7675 0.09 0.03227272727272727
1 0.6091176470588235 0.3725 0.17823529411764705 0.03772727272727273
1 0.41 0.8602272727272727 0.0611764705882353 0.038636363636363635
1 0.5894117647058823 0.9259090909090909 0.07176470588235294 0.03909090909090909
1 0.3855882352941176 0.5675 0.15588235294117647 0.03772727272727273
1 0.5114705882352941 0.6106818181818182 0.07705882352941176 0.031363636363636364
1 0.4776470588235294 0.5690909090909091 0.03411764705882353 0.034545454545454546
1 0.5782352941176471 0.860909090909091 0.05176470588235294 0.04181818181818182
1 0.10941176470588235 0.40386363636363637 0.08470588235294117 0.03590909090909091
1 0.10882352941176471 0.5613636363636364 0.05529411764705883 0.035454545454545454
1 0.5732352941176471 0.04045454545454545 0.11588235294117646 0.01818181818181818
1 0.4961764705882353 0.9254545454545454 0.06411764705882353 0.042727272727272725
1 0.6729411764705883 0.8602272727272727 0.06470588235294118 0.041363636363636366
1 0.09647058823529411 0.7638636363636364 0.06823529411764706 0.035
1 0.0988235294117647 0.7188636363636364 0.07058823529411765 0.035
1 0.725 0.37022727272727274 0.04176470588235294 0.035
1 0.5517647058823529 0.4509090909090909 0.1376470588235294 0.03636363636363636
1 0.49911764705882355 0.8604545454545455 0.057058823529411766 0.04
1 0.6473529411764706 0.4606818181818182 0.027647058823529413 0.035
1 0.7905882352941176 0.4113636363636364 0.10470588235294118 0.035454545454545454
1 0.4117647058823529 0.36772727272727274 0.21058823529411766 0.038181818181818185
1 0.10823529411764705 0.6029545454545454 0.06235294117647059 0.035
1 0.6697058823529412 0.9275 0.05941176470588235 0.045
1 0.32735294117647057 0.86 0.06294117647058824 0.03909090909090909
1 0.7123529411764706 0.4556818181818182 0.09411764705882353 0.03227272727272727
1 0.5882352941176471 0.40954545454545455 0.16588235294117648 0.02909090909090909
1 0.7058823529411765 0.4122727272727273 0.04352941176470588 0.02909090909090909
1 0.23705882352941177 0.8575 0.05647058823529412 0.030454545454545453