1 0.305 0.038863636363636364 0.04647058823529412 0.02772727272727273
1 0.5379411764705883 0.04068181818181818 0.07705882352941176 0.031363636363636364
1 0.10029411764705883 0.37318181818181817 0.08647058823529412 0.03727272727272727
1 0.10705882352941176 0.415 0.08941176470588236 0.03909090909090909
1 0.10911764705882353 0.4572727272727273 0.08647058823529412 0.035454545454545454
1 0.4117647058823529 0.3729545454545454 0.2223529411764706 0.042272727272727274
1 0.4294117647058823 0.4168181818181818 0.25529411764705884 0.04090909090909091
1 0.40588235294117647 0.46295454545454545 0.21058823529411766 0.03227272727272727
1 0.611764705882353 0.3775 0.1623529411764706 0.03227272727272727
1 0.6626470588235294 0.4184090909090909 0.20176470588235293 0.03590909090909091
1 0.5826470588235294 0.4652272727272727 0.13 0.025
1 0.6667647058823529 0.4697727272727273 0.028823529411764706 0.020454545454545454
1 0.7347058823529412 0.4665909090909091 0.10588235294117647 0.029545454545454545
1 0.7111764705882353 0.38477272727272727 0.03176470588235294 0.026818181818181817
1 0.7964705882352942 0.3795454545454545 0.13176470588235295 0.028181818181818183
1 0.7855882352941177 0.4163636363636364 0.03 0.03636363636363636
1 0.8729411764705882 0.41795454545454547 0.1411764705882353 0.041363636363636366
1 0.11176470588235295 0.5281818181818182 0.10470588235294118 0.03727272727272727
1 0.11176470588235295 0.575 0.10588235294117647 0.04090909090909091
1 0.11058823529411765 0.6179545454545454 0.10352941176470588 0.04045454545454545
1 0.41294117647058826 0.5322727272727272 0.22823529411764706 0.045454545454545456
1 0.4214705882352941 0.576590909090909 0.24058823529411766 0.03954545454545454
1 0.3947058823529412 0.6213636363636363 0.18470588235294116 0.038181818181818185
1 0.6079411764705882 0.5368181818181819 0.15941176470588236 0.038181818181818185
1 0.6305882352941177 0.5763636363636364 0.18235294117647058 0.03090909090909091
1 0.5679411764705883 0.6231818181818182 0.1535294117647059 0.031818181818181815
1 0.673235294117647 0.6275 0.028823529411764706 0.021363636363636362
1 0.7376470588235294 0.6256818181818182 0.08823529411764706 0.02772727272727273
1 0.7170588235294117 0.5456818181818182 0.04470588235294118 0.029545454545454545
1 0.8005882352941176 0.5379545454545455 0.11176470588235295 0.03318181818181818
1 0.7523529411764706 0.5777272727272728 0.03529411764705882 0.03
1 0.8335294117647059 0.5770454545454545 0.12588235294117647 0.03681818181818182
1 0.1038235294117647 0.6877272727272727 0.08058823529411764 0.035454545454545454
1 0.0988235294117647 0.7302272727272727 0.08235294117647059 0.035
1 0.10205882352941177 0.7720454545454546 0.08058823529411764 0.03318181818181818
1 0.41323529411764703 0.6913636363636364 0.22764705882352942 0.038181818181818185
1 0.42676470588235293 0.7297727272727272 0.25588235294117645 0.045
1 0.3885294117647059 0.7761363636363636 0.18411764705882352 0.03227272727272727
1 0.5564705882352942 0.7802272727272728 0.15058823529411763 0.02772727272727273
1 0.6238235294117647 0.6922727272727273 0.19117647058823528 0.03363636363636364
1 0.6623529411764706 0.7306818181818182 0.21764705882352942 0.04045454545454545
1 0.6526470588235294 0.7893181818181818 0.03 0.02772727272727273
1 0.71 0.7813636363636364 0.08470588235294117 0.024545454545454544
1 0.7326470588235294 0.7004545454545454 0.039411764705882354 0.03090909090909091
1 0.8014705882352942 0.6968181818181818 0.09705882352941177 0.03
1 0.7902941176470588 0.7288636363636364 0.033529411764705884 0.038636363636363635
1 0.8623529411764705 0.7320454545454546 0.11176470588235295 0.04045454545454545
1 0.16264705882352942 0.8618181818181818 0.08294117647058824 0.04363636363636364
1 0.15294117647058825 0.9315909090909091 0.05529411764705883 0.03590909090909091
1 0.23911764705882352 0.935 0.04058823529411765 0.03272727272727273
1 0.24294117647058824 0.8663636363636363 0.06705882352941177 0.04454545454545455
1 0.33 0.865 0.06941176470588235 0.04363636363636364
1 0.33176470588235296 0.9325 0.06823529411764706 0.03409090909090909
1 0.41911764705882354 0.8640909090909091 0.06764705882352941 0.04090909090909091
1 0.4229411764705882 0.9334090909090909 0.05647058823529412 0.03318181818181818
1 0.49911764705882355 0.8665909090909091 0.06294117647058824 0.04318181818181818
1 0.5094117647058823 0.9315909090909091 0.05529411764705883 0.03590909090909091
1 0.5920588235294117 0.8638636363636364 0.07235294117647059 0.042272727272727274
1 0.5947058823529412 0.9325 0.05411764705882353 0.03409090909090909
1 0.6820588235294117 0.8670454545454546 0.0688235294117647 0.05409090909090909
1 0.6776470588235294 0.9297727272727273 0.05764705882352941 0.035
1 0.7573529411764706 0.8629545454545454 0.061764705882352944 0.042272727272727274
1 0.77 0.9311363636363637 0.0611764705882353 0.035
1 0.8358823529411765 0.8652272727272727 0.047058823529411764 0.045
1 0.8541176470588235 0.9311363636363637 0.05764705882352941 0.03772727272727273