1 0.4338235294117647 0.6847727272727273 0.24529411764705883 0.03681818181818182
1 0.7785294117647059 0.8586363636363636 0.06411764705882353 0.03727272727272727
1 0.8623529411764705 0.9254545454545454 0.07294117647058823 0.04
1 0.5267647058823529 0.5745454545454546 0.04176470588235294 0.03
1 0.43176470588235294 0.928409090909091 0.06352941176470588 0.03590909090909091
1 0.5208823529411765 0.5297727272727273 0.03823529411764706 0.03409090909090909
1 0.8573529411764705 0.8670454545454546 0.06529411764705882 0.03772727272727273
1 0.4023529411764706 0.5752272727272727 0.1988235294117647 0.035
1 0.4441176470588235 0.4177272727272727 0.2847058823529412 0.03909090909090909
1 0.6529411764705882 0.6847727272727273 0.16470588235294117 0.035
1 0.44323529411764706 0.7252272727272727 0.2723529411764706 0.03681818181818182
1 0.30411764705882355 0.03931818181818182 0.04 0.025
1 0.09970588235294117 0.6902272727272727 0.07 0.035
1 0.10235294117647059 0.41909090909090907 0.0811764705882353 0.03636363636363636
1 0.16970588235294118 0.9295454545454546 0.061764705882352944 0.03636363636363636
1 0.78 0.7263636363636363 0.041176470588235294 0.03090909090909091
1 0.34558823529411764 0.93 0.06647058823529411 0.03636363636363636
1 0.17029411764705882 0.8613636363636363 0.05941176470588235 0.035454545454545454
1 0.7282352941176471 0.7722727272727272 0.08705882352941176 0.03090909090909091
1 0.6714705882352942 0.7268181818181818 0.1652941176470588 0.034545454545454546
1 0.2620588235294118 0.8613636363636363 0.057058823529411766 0.035454545454545454
1 0.6147058823529412 0.5277272727272727 0.1223529411764706 0.03363636363636364
1 0.2520588235294118 0.9304545454545454 0.05823529411764706 0.03636363636363636
1 0.3897058823529412 0.7725 0.15941176470588236 0.03318181818181818
1 0.7714705882352941 0.9254545454545454 0.06529411764705882 0.03727272727272727
1 0.5508823529411765 0.7718181818181818 0.11588235294117646 0.03272727272727273
1 0.6894117647058824 0.41113636363636363 0.18588235294117647 0.038636363636363635
1 0.5920588235294117 0.4536363636363636 0.13117647058823528 0.034545454545454546
1 0.4258823529411765 0.8611363636363636 0.06 0.03681818181818182
1 0.6035294117647059 0.9272727272727272 0.06470588235294118 0.03636363636363636
1 0.09558823529411764 0.5775 0.06411764705882353 0.035
1 0.3961764705882353 0.5297727272727273 0.17352941176470588 0.03590909090909091
1 0.6079411764705882 0.8581818181818182 0.06764705882352941 0.03727272727272727
1 0.1011764705882353 0.3765909090909091 0.08705882352941176 0.035
1 0.09794117647058824 0.5325 0.06529411764705882 0.035
1 0.6258823529411764 0.5729545454545455 0.13058823529411764 0.03409090909090909
1 0.5538235294117647 0.04113636363636364 0.08764705882352941 0.021363636363636362
1 0.5126470588235295 0.9265909090909091 0.060588235294117644 0.03772727272727273
1 0.8605882352941177 0.6834090909090909 0.11058823529411765 0.035
1 0.6811764705882353 0.8575 0.05647058823529412 0.03772727272727273
1 0.8661764705882353 0.7281818181818182 0.11470588235294117 0.03363636363636364
1 0.4047058823529412 0.4581818181818182 0.2023529411764706 0.035454545454545454
1 0.09588235294117647 0.7745454545454545 0.07176470588235294 0.03363636363636364
1 0.09647058823529411 0.7336363636363636 0.07647058823529412 0.034545454545454546
1 0.6729411764705883 0.3715909090909091 0.1811764705882353 0.03772727272727273
1 0.6447058823529411 0.7743181818181818 0.03764705882352941 0.03318181818181818
1 0.5152941176470588 0.8602272727272727 0.07176470588235294 0.03772727272727273
1 0.5708823529411765 0.6163636363636363 0.08764705882352941 0.031818181818181815
1 0.43441176470588233 0.3725 0.2570588235294118 0.038636363636363635
1 0.47852941176470587 0.6188636363636364 0.03470588235294118 0.03227272727272727
1 0.6844117647058824 0.9265909090909091 0.05941176470588235 0.03772727272727273
1 0.34058823529411764 0.8618181818181818 0.05764705882352941 0.03636363636363636
1 0.7702941176470588 0.6854545454545454 0.04294117647058823 0.03272727272727273
1 0.1 0.45954545454545453 0.07764705882352942 0.031818181818181815
1 0.09794117647058824 0.6204545454545455 0.051176470588235295 0.03272727272727273
1 0.37588235294117645 0.6172727272727273 0.14588235294117646 0.031818181818181815