1 0.40647058823529414 0.6827272727272727 0.20588235294117646 0.038181818181818185
1 0.76 0.8584090909090909 0.0611764705882353 0.042272727272727274
1 0.8455882352941176 0.9277272727272727 0.07352941176470588 0.04090909090909091
1 0.41058823529411764 0.928409090909091 0.052941176470588235 0.04045454545454545
1 0.845 0.860909090909091 0.06529411764705882 0.04
1 0.3811764705882353 0.6120454545454546 0.16470588235294117 0.03681818181818182
1 0.43 0.7270454545454546 0.24823529411764705 0.03772727272727273
1 0.7938235294117647 0.3765909090909091 0.11588235294117646 0.03409090909090909
1 0.42705882352941177 0.4125 0.25529411764705884 0.045909090909090906
1 0.09470588235294118 0.6804545454545454 0.0811764705882353 0.03636363636363636
1 0.7288235294117648 0.6936363636363636 0.042352941176470586 0.03272727272727273
1 0.09294117647058824 0.36522727272727273 0.08823529411764706 0.03772727272727273
1 0.09441176470588235 0.4484090909090909 0.0888235294117647 0.03772727272727273
1 0.6470588235294118 0.7270454545454546 0.17529411764705882 0.035
1 0.14823529411764705 0.9256818181818182 0.05176470588235294 0.03954545454545454
1 0.7644117647058823 0.7272727272727273 0.03823529411764706 0.03363636363636364
1 0.33088235294117646 0.9277272727272727 0.05941176470588235 0.04
1 0.15411764705882353 0.8568181818181818 0.06 0.04090909090909091
1 0.7120588235294117 0.7715909090909091 0.07352941176470588 0.031363636363636364
1 0.43323529411764705 0.5272727272727272 0.26529411764705885 0.03909090909090909
1 0.09411764705882353 0.5215909090909091 0.0811764705882353 0.03772727272727273
1 0.24205882352941177 0.8593181818181819 0.054705882352941174 0.03954545454545454
1 0.6173529411764705 0.5256818181818181 0.08647058823529412 0.03590909090909091
1 0.23970588235294119 0.9275 0.054705882352941174 0.03772727272727273
1 0.3841176470588235 0.7704545454545455 0.16470588235294117 0.03636363636363636
1 0.7591176470588236 0.9256818181818182 0.05941176470588235 0.042272727272727274
1 0.5505882352941176 0.7697727272727273 0.12941176470588237 0.03409090909090909
1 0.6561764705882352 0.41295454545454546 0.19588235294117648 0.038636363636363635
1 0.6029411764705882 0.3690909090909091 0.14941176470588236 0.03727272727272727
1 0.41323529411764703 0.8595454545454545 0.05823529411764706 0.04
1 0.5882352941176471 0.9277272727272727 0.06235294117647059 0.03909090909090909
1 0.586764705882353 0.8586363636363636 0.06529411764705882 0.04
1 0.09205882352941176 0.40704545454545454 0.0888235294117647 0.03772727272727273
1 0.09470588235294118 0.5652272727272727 0.08352941176470588 0.03681818181818182
1 0.6467647058823529 0.5722727272727273 0.10058823529411764 0.034545454545454546
1 0.5635294117647058 0.03727272727272727 0.12588235294117647 0.023636363636363636
1 0.601764705882353 0.4581818181818182 0.04 0.03363636363636364
1 0.78 0.41204545454545455 0.06352941176470588 0.03681818181818182
1 0.49941176470588233 0.9286363636363636 0.06705882352941177 0.03909090909090909
1 0.6735294117647059 0.8588636363636364 0.06352941176470588 0.041363636363636366
1 0.846764705882353 0.7288636363636364 0.10882352941176471 0.03590909090909091
1 0.3688235294117647 0.4531818181818182 0.14705882352941177 0.04363636363636364
1 0.09558823529411764 0.7686363636363637 0.08176470588235295 0.035454545454545454
1 0.09264705882352942 0.7254545454545455 0.08294117647058824 0.03636363636363636
1 0.7061764705882353 0.37204545454545457 0.039411764705882354 0.03318181818181818
1 0.5114705882352941 0.455 0.12058823529411765 0.034545454545454546
1 0.6538235294117647 0.7831818181818182 0.039411764705882354 0.04909090909090909
1 0.4979411764705882 0.8575 0.057058823529411766 0.042272727272727274
1 0.866764705882353 0.4106818181818182 0.13117647058823528 0.03954545454545454
1 0.6094117647058823 0.6859090909090909 0.1411764705882353 0.03636363636363636
1 0.39441176470588235 0.3659090909090909 0.17941176470588235 0.03909090909090909
1 0.5035294117647059 0.6125 0.06823529411764706 0.03318181818181818
1 0.09529411764705882 0.6068181818181818 0.08470588235294117 0.03727272727272727
1 0.6697058823529412 0.9279545454545455 0.05588235294117647 0.03590909090909091
1 0.32794117647058824 0.8584090909090909 0.05823529411764706 0.04045454545454545
1 0.8055882352941176 0.6861363636363637 0.09352941176470589 0.03681818181818182
1 0.2973529411764706 0.03386363636363637 0.045294117647058825 0.02409090909090909
1 0.44323529411764706 0.5702272727272727 0.29705882352941176 0.038636363636363635
1 0.6655882352941176 0.4581818181818182 0.08647058823529412 0.031818181818181815