1 0.375 0.6797727272727273 0.14176470588235293 0.03772727272727273
1 0.758235294117647 0.8588636363636364 0.04941176470588235 0.03590909090909091
1 0.8432352941176471 0.9270454545454545 0.05352941176470588 0.03954545454545454
1 0.40558823529411764 0.9263636363636364 0.051176470588235295 0.03727272727272727
1 0.5370588235294118 0.5234090909090909 0.16705882352941176 0.03954545454545454
1 0.84 0.8590909090909091 0.05058823529411765 0.04
1 0.3811764705882353 0.6079545454545454 0.15058823529411763 0.03590909090909091
1 0.665 0.7704545454545455 0.0688235294117647 0.031818181818181815
1 0.5161764705882353 0.6809090909090909 0.10647058823529412 0.034545454545454546
1 0.6379411764705882 0.6809090909090909 0.07588235294117647 0.035454545454545454
1 0.40852941176470586 0.7234090909090909 0.21470588235294116 0.03681818181818182
1 0.36323529411764705 0.3679545454545455 0.10764705882352942 0.03772727272727273
1 0.39088235294117646 0.4081818181818182 0.17352941176470588 0.038181818181818185
1 0.09647058823529411 0.6802272727272727 0.07294117647058823 0.035
1 0.0888235294117647 0.4465909090909091 0.06470588235294118 0.03318181818181818
1 0.6997058823529412 0.7240909090909091 0.031176470588235295 0.03363636363636364
1 0.09382352941176471 0.36363636363636365 0.06647058823529411 0.03363636363636364
1 0.6011764705882353 0.7240909090909091 0.1588235294117647 0.035454545454545454
1 0.14941176470588236 0.9263636363636364 0.04941176470588235 0.03727272727272727
1 0.7761764705882352 0.7240909090909091 0.11588235294117646 0.035454545454545454
1 0.3247058823529412 0.9259090909090909 0.04941176470588235 0.03727272727272727
1 0.15 0.8568181818181818 0.04823529411764706 0.03727272727272727
1 0.3773529411764706 0.5202272727272728 0.13588235294117648 0.03772727272727273
1 0.09176470588235294 0.5220454545454546 0.06823529411764706 0.03409090909090909
1 0.2361764705882353 0.8568181818181818 0.05 0.03727272727272727
1 0.23941176470588235 0.9272727272727272 0.04588235294117647 0.03727272727272727
1 0.37676470588235295 0.7677272727272727 0.15705882352941178 0.03636363636363636
1 0.758235294117647 0.9270454545454545 0.05176470588235294 0.038636363636363635
1 0.5223529411764706 0.7668181818181818 0.12 0.034545454545454546
1 0.625 0.37 0.09352941176470589 0.03272727272727273
1 0.5605882352941176 0.40795454545454546 0.15058823529411763 0.03772727272727273
1 0.4864705882352941 0.3675 0.12 0.035
1 0.4097058823529412 0.8590909090909091 0.05352941176470588 0.03636363636363636
1 0.5855882352941176 0.9318181818181818 0.04764705882352941 0.038181818181818185
1 0.09235294117647058 0.5631818181818182 0.07058823529411765 0.031818181818181815
1 0.3888235294117647 0.5654545454545454 0.1588235294117647 0.03727272727272727
1 0.533235294117647 0.6054545454545455 0.13705882352941176 0.035454545454545454
1 0.48 0.4531818181818182 0.09529411764705882 0.03636363636363636
1 0.5794117647058824 0.8597727272727272 0.04352941176470588 0.03772727272727273
1 0.08911764705882352 0.4031818181818182 0.06529411764705882 0.03363636363636364
1 0.5979411764705882 0.4486363636363636 0.09235294117647058 0.03363636363636364
1 0.5638235294117647 0.03977272727272727 0.10529411764705883 0.022272727272727274
1 0.741764705882353 0.4088636363636364 0.11764705882352941 0.03590909090909091
1 0.5047058823529412 0.9268181818181818 0.06 0.03727272727272727
1 0.6729411764705883 0.8572727272727273 0.058823529411764705 0.035454545454545454
1 0.5620588235294117 0.37204545454545457 0.031176470588235295 0.035
1 0.36617647058823527 0.4525 0.1264705882352941 0.026818181818181817
1 0.10029411764705883 0.7643181818181818 0.07588235294117647 0.035
1 0.09941176470588235 0.7256818181818182 0.07529411764705882 0.035
1 0.5435294117647059 0.45340909090909093 0.03058823529411765 0.03590909090909091
1 0.6038235294117648 0.7725 0.03 0.03318181818181818
1 0.49205882352941177 0.8606818181818182 0.04647058823529412 0.038636363636363635
1 0.6573529411764706 0.40954545454545455 0.028823529411764706 0.038181818181818185
1 0.5932352941176471 0.6845454545454546 0.028823529411764706 0.035454545454545454
1 0.09205882352941176 0.6036363636363636 0.0711764705882353 0.035454545454545454
1 0.6667647058823529 0.9256818181818182 0.05235294117647059 0.038636363636363635
1 0.3264705882352941 0.8572727272727273 0.052941176470588235 0.03636363636363636
1 0.5814705882352941 0.5640909090909091 0.19941176470588234 0.03909090909090909
1 0.3126470588235294 0.034772727272727275 0.03823529411764706 0.018636363636363635