1 0.4370588235294118 0.6863636363636364 0.25882352941176473 0.038181818181818185
1 0.76 0.8684090909090909 0.06941176470588235 0.04409090909090909
1 0.8464705882352941 0.9304545454545454 0.07058823529411765 0.04181818181818182
1 0.5467647058823529 0.6225 0.10647058823529412 0.028636363636363637
1 0.5873529411764706 0.5322727272727272 0.13352941176470587 0.03636363636363636
1 0.8502941176470589 0.8654545454545455 0.07588235294117647 0.04090909090909091
1 0.3935294117647059 0.6204545454545455 0.18941176470588236 0.031818181818181815
1 0.6364705882352941 0.7818181818181819 0.058823529411764705 0.02909090909090909
1 0.648235294117647 0.6915909090909091 0.1623529411764706 0.03681818181818182
1 0.40941176470588236 0.7318181818181818 0.21764705882352942 0.03909090909090909
1 0.7420588235294118 0.5377272727272727 0.11235294117647059 0.034545454545454546
1 0.4161764705882353 0.9256818181818182 0.08058823529411764 0.03318181818181818
1 0.08352941176470588 0.6843181818181818 0.07411764705882352 0.03772727272727273
1 0.7602941176470588 0.575 0.03235294117647059 0.035454545454545454
1 0.0961764705882353 0.4456818181818182 0.08176470588235295 0.038636363636363635
1 0.5211764705882352 0.7761363636363636 0.1223529411764706 0.03227272727272727
1 0.6279411764705882 0.7352272727272727 0.1864705882352941 0.03681818181818182
1 0.1564705882352941 0.9222727272727272 0.07176470588235294 0.038181818181818185
1 0.8264705882352941 0.58 0.10235294117647059 0.038181818181818185
1 0.3291176470588235 0.9254545454545454 0.06764705882352941 0.035454545454545454
1 0.15 0.8597727272727272 0.05764705882352941 0.03318181818181818
1 0.7488235294117647 0.7331818181818182 0.036470588235294116 0.03636363636363636
1 0.4047058823529412 0.5297727272727273 0.21294117647058824 0.03954545454545454
1 0.09911764705882353 0.5268181818181819 0.0888235294117647 0.03727272727272727
1 0.24176470588235294 0.9256818181818182 0.06588235294117648 0.03318181818181818
1 0.38 0.7736363636363637 0.16470588235294117 0.03090909090909091
1 0.7502941176470588 0.9345454545454546 0.06294117647058824 0.04454545454545455
1 0.10205882352941177 0.3654545454545455 0.08058823529411764 0.03727272727272727
1 0.6847058823529412 0.41954545454545455 0.03411764705882353 0.03636363636363636
1 0.5502941176470588 0.37386363636363634 0.11705882352941177 0.03590909090909091
1 0.4117647058823529 0.8613636363636363 0.06588235294117648 0.038181818181818185
1 0.581764705882353 0.8627272727272727 0.058823529411764705 0.03636363636363636
1 0.4582352941176471 0.5752272727272727 0.32 0.041363636363636366
1 0.5947058823529412 0.4622727272727273 0.03058823529411765 0.03727272727272727
1 0.5126470588235295 0.4647727272727273 0.11705882352941177 0.035
1 0.585 0.7820454545454546 0.03 0.03227272727272727
1 0.09705882352941177 0.405 0.09176470588235294 0.038181818181818185
1 0.09647058823529411 0.5688636363636363 0.07882352941176471 0.03681818181818182
1 0.6464705882352941 0.4647727272727273 0.07176470588235294 0.031363636363636364
1 0.54 0.04113636363636364 0.06 0.022272727272727274
1 0.6344117647058823 0.37863636363636366 0.03470588235294118 0.03727272727272727
1 0.7661764705882353 0.41795454545454547 0.12411764705882353 0.038636363636363635
1 0.5011764705882353 0.9247727272727273 0.07176470588235294 0.042272727272727274
1 0.84 0.6929545454545455 0.1011764705882353 0.03590909090909091
1 0.6741176470588235 0.8615909090909091 0.06941176470588235 0.03772727272727273
1 0.8270588235294117 0.735909090909091 0.10588235294117647 0.038181818181818185
1 0.3720588235294118 0.46295454545454545 0.14882352941176472 0.031363636363636364
1 0.0826470588235294 0.7702272727272728 0.0711764705882353 0.03681818181818182
1 0.08294117647058824 0.7265909090909091 0.07176470588235294 0.038636363636363635
1 0.6994117647058824 0.3765909090909091 0.1011764705882353 0.035
1 0.5 0.8604545454545455 0.06352941176470588 0.038181818181818185
1 0.6135294117647059 0.625 0.03411764705882353 0.031818181818181815
1 0.39676470588235296 0.3690909090909091 0.18294117647058825 0.038181818181818185
1 0.09558823529411764 0.6131818181818182 0.08058823529411764 0.03727272727272727
1 0.6773529411764706 0.9327272727272727 0.07235294117647059 0.04
1 0.32176470588235295 0.8606818181818182 0.05176470588235294 0.038636363636363635
1 0.6838235294117647 0.575 0.12529411764705883 0.03636363636363636
1 0.7617647058823529 0.6927272727272727 0.041176470588235294 0.034545454545454546
1 0.31 0.03409090909090909 0.03529411764705882 0.022727272727272728
1 0.40176470588235297 0.41409090909090907 0.2023529411764706 0.03909090909090909
1 0.585 0.41954545454545455 0.14411764705882352 0.03636363636363636
1 0.6723529411764706 0.5418181818181819 0.02235294117647059 0.026363636363636363
1 0.6623529411764706 0.6254545454545455 0.06823529411764706 0.03
1 0.2373529411764706 0.8602272727272727 0.057058823529411766 0.03954545454545454
1 0.5852941176470589 0.9281818181818182 0.06588235294117648 0.03909090909090909