1 0.28852941176470587 0.038636363636363635 0.03235294117647059 0.02181818181818182
1 0.5611764705882353 0.04113636363636364 0.11647058823529412 0.028636363636363637
1 0.09117647058823529 0.3718181818181818 0.0811764705882353 0.034545454545454546
1 0.10029411764705883 0.4122727272727273 0.08294117647058824 0.03636363636363636
1 0.09794117647058824 0.455 0.0711764705882353 0.035454545454545454
1 0.4223529411764706 0.36977272727272725 0.22941176470588234 0.035
1 0.4491176470588235 0.4118181818181818 0.27588235294117647 0.038181818181818185
1 0.6355882352941177 0.3734090909090909 0.1323529411764706 0.028636363636363637
1 0.6826470588235294 0.4131818181818182 0.17705882352941177 0.03909090909090909
1 0.7547058823529412 0.37886363636363635 0.036470588235294116 0.025
1 0.7994117647058824 0.4159090909090909 0.036470588235294116 0.03636363636363636
1 0.8458823529411764 0.3734090909090909 0.08823529411764706 0.03590909090909091
1 0.8814705882352941 0.41704545454545455 0.08764705882352941 0.04045454545454545
1 0.40794117647058825 0.4636363636363636 0.1935294117647059 0.03636363636363636
1 0.5841176470588235 0.46636363636363637 0.1188235294117647 0.02909090909090909
1 0.6920588235294117 0.4709090909090909 0.031176470588235295 0.02181818181818182
1 0.7644117647058823 0.4661363636363636 0.060588235294117644 0.02772727272727273
1 0.10411764705882352 0.5304545454545454 0.07529411764705882 0.02727272727272727
1 0.0976470588235294 0.5740909090909091 0.0811764705882353 0.03363636363636364
1 0.09705882352941177 0.6156818181818182 0.07411764705882352 0.03409090909090909
1 0.4258823529411765 0.5304545454545454 0.1976470588235294 0.03636363636363636
1 0.45235294117647057 0.5734090909090909 0.23294117647058823 0.042272727272727274
1 0.4573529411764706 0.6225 0.13823529411764707 0.035
1 0.10705882352941176 0.6886363636363636 0.07411764705882352 0.031818181818181815
1 0.10176470588235294 0.7293181818181819 0.0811764705882353 0.031363636363636364
1 0.10352941176470588 0.7772727272727272 0.07647058823529412 0.03363636363636364
1 0.41323529411764703 0.6902272727272727 0.2111764705882353 0.035
1 0.4229411764705882 0.7315909090909091 0.22588235294117648 0.030454545454545453
1 0.39294117647058824 0.7809090909090909 0.1588235294117647 0.03363636363636364
1 0.6235294117647059 0.6922727272727273 0.1423529411764706 0.028181818181818183
1 0.6358823529411765 0.7336363636363636 0.17529411764705882 0.03636363636363636
1 0.7497058823529412 0.6995454545454546 0.033529411764705884 0.026363636363636363
1 0.7573529411764706 0.7372727272727273 0.033529411764705884 0.026363636363636363
1 0.8297058823529412 0.6947727272727273 0.09117647058823529 0.031363636363636364
1 0.8344117647058824 0.7354545454545455 0.09470588235294118 0.03272727272727273
1 0.5497058823529412 0.7820454545454546 0.11823529411764706 0.029545454545454545
1 0.6397058823529411 0.7920454545454545 0.03705882352941176 0.025
1 0.6905882352941176 0.7829545454545455 0.06 0.031363636363636364
1 0.15764705882352942 0.8593181818181819 0.058823529411764705 0.03681818181818182
1 0.1588235294117647 0.9297727272727273 0.05647058823529412 0.035
1 0.24029411764705882 0.8634090909090909 0.05588235294117647 0.03590909090909091
1 0.24323529411764705 0.9281818181818182 0.0688235294117647 0.03909090909090909
1 0.3311764705882353 0.8625 0.06941176470588235 0.03681818181818182
1 0.3311764705882353 0.9295454545454546 0.06705882352941177 0.038181818181818185
1 0.41352941176470587 0.8604545454545455 0.05176470588235294 0.03636363636363636
1 0.4194117647058824 0.9295454545454546 0.06705882352941177 0.03636363636363636
1 0.5085294117647059 0.8606818181818182 0.06294117647058824 0.03590909090909091
1 0.5111764705882353 0.9320454545454545 0.06705882352941177 0.03954545454545454
1 0.5932352941176471 0.8634090909090909 0.06529411764705882 0.03409090909090909
1 0.5891176470588235 0.9345454545454546 0.06294117647058824 0.04454545454545455
1 0.6855882352941176 0.865 0.07235294117647059 0.04090909090909091
1 0.6835294117647058 0.9322727272727273 0.06 0.038181818181818185
1 0.7617647058823529 0.8645454545454545 0.05647058823529412 0.031818181818181815
1 0.7576470588235295 0.9304545454545454 0.06941176470588235 0.04090909090909091
1 0.8479411764705882 0.8679545454545454 0.07 0.03954545454545454
1 0.8414705882352941 0.9302272727272727 0.060588235294117644 0.03772727272727273