1 0.40518256772673733 0.7033666969972703 0.19434628975265017 0.03821656050955414
1 0.7523557126030624 0.8764786169244768 0.06065959952885748 0.03776160145586897
1 0.8377502944640753 0.9424476797088263 0.05712603062426384 0.0359417652411283
1 0.5730270906949352 0.6339854413102821 0.13780918727915195 0.033212010919017286
1 0.4113663133097762 0.9415377616014559 0.059481743227326266 0.03503184713375796
1 0.5491755005889282 0.5477707006369427 0.10895170789163722 0.034576888080072796
1 0.8330388692579506 0.87852593266606 0.05594817432273263 0.036396724294813464
1 0.39840989399293286 0.6337579617834395 0.19375736160188456 0.0373066424021838
1 0.661660777385159 0.7459053685168335 0.1972909305064782 0.034121929026387623
1 0.4042991755005889 0.47770700636942676 0.18197879858657243 0.034576888080072796
1 0.41048292108362777 0.7873066424021838 0.1896348645465253 0.034121929026387623
1 0.4202002355712603 0.4340309372156506 0.21967020023557127 0.03275705186533212
1 0.1160188457008245 0.704049135577798 0.0800942285041225 0.033212010919017286
1 0.11248527679623085 0.47747952684258416 0.07891637220259129 0.03230209281164695
1 0.42608951707891635 0.7454504094631483 0.23616018845700826 0.036851683348498636
1 0.11425206124852769 0.390582347588717 0.07538280329799764 0.033212010919017286
1 0.5957008244994111 0.7873066424021838 0.15959952885747938 0.033212010919017286
1 0.16431095406360424 0.9410828025477707 0.05771495877502945 0.03503184713375796
1 0.7444051825677267 0.6342129208371247 0.10011778563015312 0.03184713375796178
1 0.3327444051825677 0.9413102820746133 0.0636042402826855 0.03548680618744313
1 0.16313309776207302 0.8748862602365787 0.05535924617196702 0.036396724294813464
1 0.392226148409894 0.5482256596906279 0.15901060070671377 0.03548680618744313
1 0.11425206124852769 0.5484531392174704 0.071849234393404 0.033212010919017286
1 0.6651943462897526 0.637852593266606 0.035924617196702 0.03184713375796178
1 0.24440518256772673 0.8762511373976342 0.05182567726737338 0.03548680618744313
1 0.24469964664310953 0.9413102820746133 0.052414605418138985 0.03548680618744313
1 0.7544169611307421 0.9424476797088263 0.06595995288574794 0.036851683348498636
1 0.29858657243816256 0.06642402183803457 0.05418138987043581 0.02456778889899909
1 0.667550058892815 0.39672429481346677 0.044169611307420496 0.03184713375796178
1 0.576266195524146 0.3953594176524113 0.12779740871613662 0.036396724294813464
1 0.4216725559481743 0.8773885350318471 0.05889281507656066 0.0359417652411283
1 0.5789163722025913 0.9424476797088263 0.05182567726737338 0.0359417652411283
1 0.41048292108362777 0.5896269335759782 0.20141342756183744 0.03548680618744313
1 0.6275029446407538 0.5520928116469518 0.039458186101295645 0.034121929026387623
1 0.5756772673733804 0.8773885350318471 0.05123674911660778 0.03776160145586897
1 0.1163133097762073 0.433803457688808 0.07714958775029446 0.03230209281164695
1 0.11513545347467609 0.589171974522293 0.07361601884570082 0.03275705186533212
1 0.6699057714958775 0.48293903548680617 0.035924617196702 0.03139217470427662
1 0.5792108362779741 0.06687898089171974 0.15842167255594816 0.023657870791628753
1 0.7338044758539458 0.47975432211101 0.08833922261484099 0.03139217470427662
1 0.49528857479387517 0.9426751592356688 0.05418138987043581 0.03548680618744313
1 0.6672555948174322 0.8755686988171064 0.05653710247349823 0.03776160145586897
1 0.6145465253239105 0.43585077343039125 0.15959952885747938 0.03366696997270246
1 0.7385159010600707 0.3951319381255687 0.07538280329799764 0.03230209281164695
1 0.6121908127208481 0.7033666969972703 0.16548881036513546 0.036396724294813464
1 0.7826855123674912 0.5900818926296634 0.10129564193168433 0.03184713375796178
1 0.10836277974087162 0.7877616014558689 0.07538280329799764 0.03230209281164695
1 0.7229093050647821 0.43607825295723385 0.03356890459363958 0.030482256596906277
1 0.5768551236749117 0.47884440400363965 0.14428739693757361 0.034121929026387623
1 0.49823321554770317 0.8782984531392175 0.05771495877502945 0.0359417652411283
1 0.702002355712603 0.5498180163785259 0.09305064782096584 0.034121929026387623
1 0.7926972909305064 0.4372156505914468 0.09540636042402827 0.03184713375796178
1 0.6030624263839811 0.5893994540491356 0.15547703180212014 0.034121929026387623
1 0.40636042402826855 0.3939945404913558 0.17785630153121318 0.03821656050955414
1 0.11866902237926973 0.631255686988171 0.07361601884570082 0.03230209281164695
1 0.673733804475854 0.9408553230209281 0.0706713780918728 0.0373066424021838
1 0.3303886925795053 0.8773885350318471 0.05889281507656066 0.03503184713375796
1 0.7093639575971732 0.5909918107370337 0.035924617196702 0.03002729754322111
1 0.11248527679623085 0.7454504094631483 0.08244994110718493 0.03139217470427662