1 0.5976470588235294 0.6888636363636363 0.07764705882352942 0.03590909090909091
1 0.7605882352941177 0.8640909090909091 0.06352941176470588 0.04090909090909091
1 0.845 0.9286363636363636 0.06647058823529411 0.04
1 0.44176470588235295 0.5720454545454545 0.28705882352941176 0.04409090909090909
1 0.4229411764705882 0.9263636363636364 0.07058823529411765 0.038181818181818185
1 0.8470588235294118 0.8665909090909091 0.0611764705882353 0.04409090909090909
1 0.4161764705882353 0.6190909090909091 0.23823529411764705 0.03909090909090909
1 0.6302941176470588 0.7770454545454546 0.11705882352941177 0.03590909090909091
1 0.7276470588235294 0.6275 0.03176470588235294 0.03318181818181818
1 0.43323529411764705 0.4156818181818182 0.2488235294117647 0.038636363636363635
1 0.08941176470588236 0.44886363636363635 0.07647058823529412 0.03772727272727273
1 0.42617647058823527 0.6902272727272727 0.21823529411764706 0.038636363636363635
1 0.0988235294117647 0.3693181818181818 0.07764705882352942 0.03590909090909091
1 0.1511764705882353 0.9252272727272727 0.052941176470588235 0.04045454545454545
1 0.8241176470588235 0.6225 0.1388235294117647 0.03772727272727273
1 0.3285294117647059 0.9252272727272727 0.06647058823529411 0.04045454545454545
1 0.15794117647058822 0.86 0.057058823529411766 0.03909090909090909
1 0.7370588235294118 0.7338636363636364 0.1588235294117647 0.03954545454545454
1 0.09117647058823529 0.5247727272727273 0.08235294117647059 0.03772727272727273
1 0.6267647058823529 0.6209090909090909 0.16176470588235295 0.04
1 0.24205882352941177 0.8581818181818182 0.057058823529411766 0.038181818181818185
1 0.42823529411764705 0.7752272727272728 0.25176470588235295 0.03954545454545454
1 0.7594117647058823 0.9279545454545455 0.06 0.03954545454545454
1 0.3129411764705882 0.0375 0.03882352941176471 0.02772727272727273
1 0.7120588235294117 0.4172727272727273 0.25470588235294117 0.04181818181818182
1 0.4126470588235294 0.860909090909091 0.05352941176470588 0.04
1 0.5897058823529412 0.9268181818181818 0.06764705882352941 0.03909090909090909
1 0.09294117647058824 0.5652272727272727 0.08 0.038636363636363635
1 0.39 0.5327272727272727 0.1635294117647059 0.04
1 0.5873529411764706 0.5288636363636363 0.16176470588235295 0.04045454545454545
1 0.5864705882352941 0.8606818181818182 0.058823529411764705 0.03954545454545454
1 0.09735294117647059 0.4088636363636364 0.07941176470588235 0.03772727272727273
1 0.7 0.465 0.22823529411764706 0.04181818181818182
1 0.5529411764705883 0.03909090909090909 0.07411764705882352 0.02181818181818182
1 0.5038235294117647 0.9268181818181818 0.0688235294117647 0.04
1 0.6773529411764706 0.8611363636363636 0.06764705882352941 0.03954545454545454
1 0.5455882352941176 0.3740909090909091 0.12411764705882353 0.035454545454545454
1 0.4302941176470588 0.46090909090909093 0.24294117647058824 0.03909090909090909
1 0.11411764705882353 0.7702272727272728 0.10588235294117647 0.04045454545454545
1 0.115 0.6861363636363637 0.10882352941176471 0.03772727272727273
1 0.5061764705882353 0.8618181818181818 0.05941176470588235 0.038181818181818185
1 0.8917647058823529 0.5793181818181818 0.12941176470588237 0.03772727272727273
1 0.3861764705882353 0.3718181818181818 0.14058823529411765 0.038181818181818185
1 0.4626470588235294 0.7318181818181818 0.2958823529411765 0.04454545454545455
1 0.09058823529411765 0.6056818181818182 0.07882352941176471 0.03681818181818182
1 0.6773529411764706 0.9277272727272727 0.07 0.03909090909090909
1 0.715 0.5747727272727273 0.2288235294117647 0.04045454545454545
1 0.11529411764705882 0.7270454545454546 0.10705882352941176 0.03772727272727273