1 0.3738235294117647 0.6829545454545455 0.15588235294117647 0.03590909090909091
1 0.7579411764705882 0.860909090909091 0.06529411764705882 0.03909090909090909
1 0.8479411764705882 0.9311363636363637 0.07705882352941176 0.041363636363636366
1 0.4073529411764706 0.9252272727272727 0.05823529411764706 0.038636363636363635
1 0.5011764705882353 0.5259090909090909 0.11764705882352941 0.03727272727272727
1 0.8520588235294118 0.8613636363636363 0.08176470588235295 0.042727272727272725
1 0.3608823529411765 0.6125 0.11470588235294117 0.03681818181818182
1 0.6176470588235294 0.7756818181818181 0.06705882352941177 0.03318181818181818
1 0.39088235294117646 0.45590909090909093 0.15941176470588236 0.04
1 0.4758823529411765 0.6229545454545454 0.0988235294117647 0.035
1 0.6270588235294118 0.6929545454545455 0.036470588235294116 0.035
1 0.3961764705882353 0.7254545454545455 0.18176470588235294 0.035454545454545454
1 0.4176470588235294 0.4090909090909091 0.20823529411764705 0.03272727272727273
1 0.09411764705882353 0.6770454545454545 0.07647058823529412 0.03681818181818182
1 0.09029411764705883 0.44795454545454544 0.08764705882352941 0.03681818181818182
1 0.6811764705882353 0.5281818181818182 0.09176470588235294 0.035454545454545454
1 0.4958823529411765 0.7718181818181818 0.09058823529411765 0.03272727272727273
1 0.5938235294117648 0.6154545454545455 0.05823529411764706 0.03090909090909091
1 0.14852941176470588 0.9231818181818182 0.05588235294117647 0.04181818181818182
1 0.3288235294117647 0.9263636363636364 0.06823529411764706 0.03272727272727273
1 0.15294117647058825 0.855 0.05058823529411765 0.03909090909090909
1 0.7173529411764706 0.7379545454545454 0.06411764705882353 0.031363636363636364
1 0.09176470588235294 0.5231818181818182 0.07529411764705882 0.035454545454545454
1 0.6588235294117647 0.7372727272727273 0.02588235294117647 0.03363636363636364
1 0.7432352941176471 0.3690909090909091 0.09823529411764706 0.03272727272727273
1 0.2376470588235294 0.9238636363636363 0.05647058823529412 0.03590909090909091
1 0.3688235294117647 0.7709090909090909 0.13529411764705881 0.035454545454545454
1 0.7552941176470588 0.9268181818181818 0.06 0.03909090909090909
1 0.09205882352941176 0.3625 0.0888235294117647 0.03681818181818182
1 0.6752941176470588 0.46090909090909093 0.08823529411764706 0.03363636363636364
1 0.6629411764705883 0.3715909090909091 0.03176470588235294 0.03409090909090909
1 0.6058823529411764 0.4106818181818182 0.1564705882352941 0.03409090909090909
1 0.4117647058823529 0.8584090909090909 0.06705882352941177 0.041363636363636366
1 0.5870588235294117 0.9272727272727272 0.06470588235294118 0.04090909090909091
1 0.3711764705882353 0.5284090909090909 0.12705882352941175 0.03590909090909091
1 0.5994117647058823 0.5313636363636364 0.03882352941176471 0.034545454545454546
1 0.5291176470588236 0.5729545454545455 0.13352941176470587 0.03409090909090909
1 0.5691176470588235 0.7811363636363636 0.03235294117647059 0.03681818181818182
1 0.09264705882352942 0.40386363636363637 0.08764705882352941 0.03772727272727273
1 0.09058823529411765 0.5645454545454546 0.07529411764705882 0.035454545454545454
1 0.6132352941176471 0.5731818181818182 0.025294117647058825 0.031818181818181815
1 0.5782352941176471 0.3663636363636364 0.1188235294117647 0.03727272727272727
1 0.606764705882353 0.4647727272727273 0.03235294117647059 0.03227272727272727
1 0.7773529411764706 0.4097727272727273 0.11470588235294117 0.03681818181818182
1 0.4970588235294118 0.9254545454545454 0.06588235294117648 0.03909090909090909
1 0.6767647058823529 0.8613636363636363 0.07235294117647059 0.035454545454545454
1 0.5335294117647059 0.6852272727272727 0.12 0.03590909090909091
1 0.38235294117647056 0.5702272727272727 0.15176470588235294 0.035
1 0.09147058823529412 0.7627272727272727 0.07705882352941176 0.03636363636363636
1 0.09205882352941176 0.7206818181818182 0.08058823529411764 0.03681818181818182
1 0.5267647058823529 0.4556818181818182 0.10647058823529412 0.03409090909090909
1 0.5029411764705882 0.8595454545454545 0.07529411764705882 0.03909090909090909
1 0.40558823529411764 0.3659090909090909 0.19 0.03909090909090909
1 0.5670588235294117 0.7290909090909091 0.13294117647058823 0.02909090909090909
1 0.09794117647058824 0.6052272727272727 0.08058823529411764 0.03590909090909091
1 0.6714705882352942 0.9268181818181818 0.060588235294117644 0.04
1 0.32735294117647057 0.8561363636363636 0.060588235294117644 0.038636363636363635
1 0.6844117647058824 0.5743181818181818 0.09117647058823529 0.03227272727272727
1 0.7123529411764706 0.6879545454545455 0.08705882352941176 0.03409090909090909
1 0.5673529411764706 0.0375 0.08058823529411764 0.020454545454545454
1 0.31882352941176473 0.034772727272727275 0.052941176470588235 0.021363636363636362
1 0.23647058823529413 0.8572727272727273 0.058823529411764705 0.04090909090909091
1 0.5861764705882353 0.8606818181818182 0.06294117647058824 0.03409090909090909
1 0.6938235294117647 0.4115909090909091 0.03235294117647059 0.041363636363636366
1 0.5352941176470588 0.6220454545454546 0.036470588235294116 0.03772727272727273