1 0.5117647058823529 0.685 0.029411764705882353 0.03272727272727273
1 0.7570588235294118 0.8634090909090909 0.05647058823529412 0.035
1 0.8314705882352941 0.9272727272727272 0.051176470588235295 0.038181818181818185
1 0.46088235294117647 0.5231818181818182 0.06647058823529411 0.03727272727272727
1 0.36705882352941177 0.6077272727272728 0.12705882352941175 0.035454545454545454
1 0.4641176470588235 0.5670454545454545 0.06941176470588235 0.03409090909090909
1 0.445 0.7279545454545454 0.12176470588235294 0.028636363636363637
1 0.36764705882352944 0.4131818181818182 0.1423529411764706 0.031818181818181815
1 0.3323529411764706 0.7695454545454545 0.07411764705882352 0.035454545454545454
1 0.0961764705882353 0.6831818181818182 0.0711764705882353 0.034545454545454546
1 0.08205882352941177 0.45022727272727275 0.07352941176470588 0.035
1 0.07352941176470588 0.5277272727272727 0.06352941176470588 0.03272727272727273
1 0.09382352941176471 0.36704545454545456 0.07941176470588235 0.035
1 0.5014705882352941 0.775 0.026470588235294117 0.03363636363636364
1 0.14823529411764705 0.925 0.05176470588235294 0.03727272727272727
1 0.4011764705882353 0.9268181818181818 0.04823529411764706 0.03727272727272727
1 0.14911764705882352 0.8568181818181818 0.04764705882352941 0.03909090909090909
1 0.365 0.5222727272727272 0.12529411764705883 0.035454545454545454
1 0.59 0.7234090909090909 0.12117647058823529 0.035
1 0.5594117647058824 0.5665909090909091 0.06470588235294118 0.030454545454545453
1 0.2323529411764706 0.9268181818181818 0.047058823529411764 0.035454545454545454
1 0.3417647058823529 0.7290909090909091 0.09058823529411765 0.03090909090909091
1 0.7458823529411764 0.9281818181818182 0.04352941176470588 0.03909090909090909
1 0.5664705882352942 0.7718181818181818 0.09058823529411765 0.031818181818181815
1 0.40205882352941175 0.8597727272727272 0.04411764705882353 0.038636363636363635
1 0.575 0.928409090909091 0.04764705882352941 0.03409090909090909
1 0.06941176470588235 0.6072727272727273 0.058823529411764705 0.035454545454545454
1 0.36823529411764705 0.5634090909090909 0.12941176470588237 0.03681818181818182
1 0.5567647058823529 0.5238636363636363 0.054705882352941174 0.026818181818181817
1 0.4708823529411765 0.6095454545454545 0.06411764705882353 0.03363636363636364
1 0.5764705882352941 0.8622727272727273 0.04823529411764706 0.035454545454545454
1 0.09029411764705883 0.4043181818181818 0.08058823529411764 0.035
1 0.06970588235294117 0.5663636363636364 0.060588235294117644 0.034545454545454546
1 0.5114705882352941 0.45181818181818184 0.13705882352941176 0.03
1 0.5611764705882353 0.03931818181818182 0.1 0.021363636363636362
1 0.48911764705882355 0.9265909090909091 0.05 0.03681818181818182
1 0.6638235294117647 0.8604545454545455 0.04294117647058823 0.038181818181818185
1 0.5244117647058824 0.3729545454545454 0.11941176470588236 0.035
1 0.4426470588235294 0.6827272727272727 0.1111764705882353 0.035454545454545454
1 0.3673529411764706 0.45386363636363636 0.14176470588235293 0.025
1 0.0861764705882353 0.7668181818181818 0.07 0.035454545454545454
1 0.08470588235294117 0.7238636363636364 0.06705882352941177 0.035
1 0.6297058823529412 0.3734090909090909 0.07 0.029545454545454545
1 0.5085294117647059 0.4184090909090909 0.1288235294117647 0.03590909090909091
1 0.5791176470588235 0.6913636363636364 0.09823529411764706 0.03363636363636364
1 0.49323529411764705 0.860909090909091 0.05235294117647059 0.035454545454545454
1 0.5711764705882353 0.6122727272727273 0.06470588235294118 0.031818181818181815
1 0.37941176470588234 0.3729545454545454 0.16588235294117648 0.03227272727272727
1 0.6652941176470588 0.9259090909090909 0.05529411764705883 0.03727272727272727
1 0.3185294117647059 0.8575 0.04764705882352941 0.03772727272727273
1 0.6447058823529411 0.41204545454545455 0.0811764705882353 0.02772727272727273
1 0.3220588235294118 0.03727272727272727 0.04647058823529412 0.02
1 0.5891176470588235 0.37863636363636366 0.018235294117647058 0.02090909090909091
1 0.5891176470588235 0.41409090909090907 0.027647058823529413 0.02727272727272727
1 0.5985294117647059 0.4531818181818182 0.028823529411764706 0.02727272727272727
1 0.6558823529411765 0.45022727272727275 0.08352941176470588 0.029545454545454545
1 0.5144117647058823 0.615 0.026470588235294117 0.026363636363636363
1 0.508235294117647 0.5718181818181818 0.027058823529411764 0.02909090909090909
1 0.5105882352941177 0.5311363636363636 0.03058823529411765 0.028636363636363637
1 0.22941176470588234 0.8595454545454545 0.05058823529411765 0.034545454545454546
1 0.3185294117647059 0.9263636363636364 0.05235294117647059 0.031818181818181815
1 0.8364705882352941 0.8652272727272727 0.05058823529411765 0.029545454545454545
1 0.43058823529411766 0.7720454545454546 0.11529411764705882 0.029545454545454545
1 0.5126470588235295 0.7293181818181819 0.026470588235294117 0.02590909090909091
1 0.33558823529411763 0.6820454545454545 0.09235294117647058 0.029545454545454545