1 0.3864705882352941 0.6836363636363636 0.16470588235294117 0.03636363636363636
1 0.5291176470588236 0.6834090909090909 0.09470588235294118 0.03409090909090909
1 0.35323529411764704 0.5270454545454546 0.10411764705882352 0.03409090909090909
1 0.763235294117647 0.8631818181818182 0.0488235294117647 0.04
1 0.8573529411764705 0.935 0.08058823529411764 0.046363636363636364
1 0.5211764705882352 0.57 0.08941176470588236 0.03272727272727273
1 0.42058823529411765 0.9272727272727272 0.0611764705882353 0.03636363636363636
1 0.4708823529411765 0.5259090909090909 0.06529411764705882 0.031818181818181815
1 0.36411764705882355 0.615 0.1223529411764706 0.034545454545454546
1 0.6573529411764706 0.7793181818181818 0.03 0.03409090909090909
1 0.4470588235294118 0.6202272727272727 0.03176470588235294 0.035
1 0.6426470588235295 0.6825 0.06764705882352941 0.031363636363636364
1 0.395 0.7277272727272728 0.18529411764705883 0.03636363636363636
1 0.35323529411764704 0.3684090909090909 0.09352941176470589 0.03409090909090909
1 0.3517647058823529 0.4143181818181818 0.0988235294117647 0.03590909090909091
1 0.09676470588235295 0.6836363636363636 0.07352941176470588 0.03636363636363636
1 0.09558823529411764 0.4547727272727273 0.06647058823529411 0.035
1 0.6711764705882353 0.7327272727272728 0.03294117647058824 0.031818181818181815
1 0.09647058823529411 0.36954545454545457 0.07411764705882352 0.03727272727272727
1 0.5661764705882353 0.7281818181818182 0.1476470588235294 0.03363636363636364
1 0.16411764705882353 0.9263636363636364 0.06823529411764706 0.038181818181818185
1 0.7391176470588235 0.725909090909091 0.09705882352941177 0.03
1 0.33794117647058824 0.9270454545454545 0.06529411764705882 0.03681818181818182
1 0.15794117647058822 0.8634090909090909 0.05235294117647059 0.03681818181818182
1 0.7214705882352941 0.7734090909090909 0.07588235294117647 0.031363636363636364
1 0.4208823529411765 0.5302272727272728 0.03235294117647059 0.03590909090909091
1 0.24823529411764705 0.8615909090909091 0.052941176470588235 0.038636363636363635
1 0.2461764705882353 0.9268181818181818 0.060588235294117644 0.03727272727272727
1 0.4032352941176471 0.7715909090909091 0.20176470588235293 0.03590909090909091
1 0.765 0.9320454545454545 0.061764705882352944 0.038636363636363635
1 0.2873529411764706 0.038636363636363635 0.051176470588235295 0.022727272727272728
1 0.5758823529411765 0.7711363636363636 0.11294117647058824 0.03318181818181818
1 0.45441176470588235 0.45431818181818184 0.11 0.031363636363636364
1 0.4202941176470588 0.86 0.054705882352941174 0.03909090909090909
1 0.5955882352941176 0.9265909090909091 0.060588235294117644 0.03681818181818182
1 0.3723529411764706 0.5711363636363637 0.1423529411764706 0.03681818181818182
1 0.5035294117647059 0.6125 0.08823529411764706 0.03318181818181818
1 0.5876470588235294 0.8693181818181818 0.047058823529411764 0.041363636363636366
1 0.0976470588235294 0.5272727272727272 0.07176470588235294 0.03363636363636364
1 0.5605882352941176 0.04022727272727273 0.1 0.021363636363636362
1 0.5105882352941177 0.9297727272727273 0.058823529411764705 0.038636363636363635
1 0.8482352941176471 0.8638636363636364 0.05647058823529412 0.041363636363636366
1 0.6773529411764706 0.8622727272727273 0.054705882352941174 0.04090909090909091
1 0.46558823529411764 0.36704545454545456 0.11588235294117646 0.038636363636363635
1 0.3461764705882353 0.45545454545454545 0.10058823529411764 0.03727272727272727
1 0.09470588235294118 0.7704545454545455 0.06941176470588235 0.034545454545454546
1 0.09588235294117647 0.7254545454545455 0.07411764705882352 0.03363636363636364
1 0.4602941176470588 0.4115909090909091 0.12529411764705883 0.03681818181818182
1 0.5091176470588236 0.8625 0.061764705882352944 0.03954545454545454
1 0.5938235294117648 0.6854545454545454 0.03 0.03636363636363636
1 0.09117647058823529 0.576590909090909 0.06235294117647059 0.035
1 0.6817647058823529 0.9334090909090909 0.06705882352941177 0.03772727272727273
1 0.33029411764705885 0.8613636363636363 0.051176470588235295 0.038181818181818185
1 0.10529411764705883 0.4113636363636364 0.06235294117647059 0.03909090909090909
1 0.0888235294117647 0.615909090909091 0.05529411764705883 0.03272727272727273
1 0.45941176470588235 0.5772727272727273 0.029411764705882353 0.03090909090909091