1 0.8532352941176471 0.865909090909091 0.07823529411764706 0.04
1 0.9826470588235294 0.41613636363636364 0.03588235294117647 0.03409090909090909
1 0.4497058823529412 0.5706818181818182 0.30176470588235293 0.04045454545454545
1 0.4623529411764706 0.45386363636363636 0.3023529411764706 0.04409090909090909
1 0.3120588235294118 0.03704545454545455 0.04764705882352941 0.025
1 0.8744117647058823 0.37772727272727274 0.14411764705882352 0.03090909090909091
1 0.5135294117647059 0.41363636363636364 0.41058823529411764 0.04181818181818182
1 0.4176470588235294 0.8636363636363636 0.06235294117647059 0.038181818181818185
1 0.1038235294117647 0.6825 0.12058823529411765 0.042272727272727274
1 0.1 0.4509090909090909 0.0976470588235294 0.038181818181818185
1 0.15941176470588236 0.8625 0.06588235294117648 0.038636363636363635
1 0.8526470588235294 0.5727272727272728 0.17352941176470588 0.042727272727272725
1 0.3311764705882353 0.86 0.06470588235294118 0.03727272727272727
1 0.7294117647058823 0.6879545454545455 0.11764705882352941 0.03772727272727273
1 0.10823529411764705 0.5247727272727273 0.12705882352941175 0.03772727272727273
1 0.6605882352941177 0.5731818181818182 0.11411764705882353 0.04
1 0.25176470588235295 0.8604545454545455 0.06470588235294118 0.038181818181818185
1 0.66 0.5318181818181819 0.11411764705882353 0.03727272727272727
1 0.4808823529411765 0.6875 0.3629411764705882 0.04409090909090909
1 0.7588235294117647 0.8602272727272727 0.06235294117647059 0.03772727272727273
1 0.11176470588235295 0.36863636363636365 0.11294117647058824 0.03363636363636364
1 0.4423529411764706 0.5277272727272727 0.27176470588235296 0.03909090909090909
1 0.5870588235294117 0.8622727272727273 0.06470588235294118 0.04
1 0.10911764705882353 0.41 0.10294117647058823 0.03727272727272727
1 0.10882352941176471 0.5672727272727273 0.13058823529411764 0.04454545454545455
1 0.7514705882352941 0.45886363636363636 0.24411764705882352 0.038636363636363635
1 0.5782352941176471 0.04068181818181818 0.13058823529411764 0.02409090909090909
1 0.6597058823529411 0.3775 0.1923529411764706 0.03772727272727273
1 0.5017647058823529 0.8654545454545455 0.052941176470588235 0.03909090909090909
1 0.10735294117647058 0.769090909090909 0.12294117647058823 0.04181818181818182
1 0.7723529411764706 0.38295454545454544 0.04 0.03318181818181818
1 0.10852941176470589 0.6111363636363636 0.11705882352941177 0.041363636363636366
1 0.6688235294117647 0.8656818181818182 0.04941176470588235 0.03772727272727273
1 0.10647058823529412 0.7234090909090909 0.11764705882352941 0.03772727272727273
1 0.8382352941176471 0.5375 0.14705882352941177 0.02772727272727273
1 0.42970588235294116 0.37 0.26294117647058823 0.04181818181818182
1 0.8505882352941176 0.41454545454545455 0.24705882352941178 0.03636363636363636
1 0.9694117647058823 0.45386363636363636 0.05764705882352941 0.04409090909090909
1 0.8891176470588236 0.4709090909090909 0.03235294117647059 0.034545454545454546
1 0.3629411764705882 0.4834090909090909 0.14 0.023181818181818182
1 0.7467647058823529 0.5393181818181818 0.033529411764705884 0.03318181818181818
1 0.7432352941176471 0.5725 0.04176470588235294 0.04045454545454545