1 0.38029411764705884 0.6822727272727273 0.14294117647058824 0.03636363636363636
1 0.5408823529411765 0.6831818181818182 0.11235294117647059 0.035454545454545454
1 0.7579411764705882 0.8611363636363636 0.051176470588235295 0.03590909090909091
1 0.8429411764705882 0.93 0.06 0.03727272727272727
1 0.34852941176470587 0.5690909090909091 0.11235294117647059 0.038181818181818185
1 0.4111764705882353 0.9302272727272727 0.04588235294117647 0.03590909090909091
1 0.475 0.5211363636363636 0.1111764705882353 0.03772727272727273
1 0.8405882352941176 0.8634090909090909 0.05176470588235294 0.03681818181818182
1 0.3326470588235294 0.6120454545454546 0.07470588235294118 0.03590909090909091
1 0.5217647058823529 0.7661363636363636 0.10941176470588235 0.03409090909090909
1 0.6344117647058823 0.6854545454545454 0.033529411764705884 0.03363636363636364
1 0.38294117647058823 0.7272727272727273 0.18705882352941178 0.042727272727272725
1 0.3764705882352941 0.4088636363636364 0.16470588235294117 0.035
1 0.09176470588235294 0.6804545454545454 0.07294117647058823 0.035454545454545454
1 0.085 0.4527272727272727 0.07823529411764706 0.03727272727272727
1 0.14852941176470588 0.9281818181818182 0.05 0.038181818181818185
1 0.3235294117647059 0.9263636363636364 0.04941176470588235 0.03636363636363636
1 0.15058823529411763 0.8588636363636364 0.04823529411764706 0.03772727272727273
1 0.7141176470588235 0.6877272727272727 0.10588235294117647 0.031818181818181815
1 0.09647058823529411 0.5261363636363636 0.07058823529411765 0.035
1 0.648235294117647 0.7252272727272727 0.08588235294117647 0.026818181818181817
1 0.2411764705882353 0.8590909090909091 0.04941176470588235 0.035454545454545454
1 0.6197058823529412 0.5265909090909091 0.09235294117647058 0.03227272727272727
1 0.23852941176470588 0.9275 0.0488235294117647 0.03590909090909091
1 0.38382352941176473 0.7665909090909091 0.17352941176470588 0.035
1 0.758235294117647 0.928409090909091 0.05529411764705883 0.03681818181818182
1 0.09323529411764706 0.37227272727272726 0.07352941176470588 0.034545454545454546
1 0.4111764705882353 0.8604545454545455 0.04588235294117647 0.03727272727272727
1 0.5852941176470589 0.9290909090909091 0.04941176470588235 0.035454545454545454
1 0.08529411764705883 0.5670454545454545 0.07647058823529412 0.03590909090909091
1 0.36705882352941177 0.5340909090909091 0.11176470588235295 0.034545454545454546
1 0.5423529411764706 0.5286363636363637 0.027058823529411764 0.03363636363636364
1 0.5858823529411765 0.8595454545454545 0.052941176470588235 0.038181818181818185
1 0.08588235294117647 0.4115909090909091 0.08235294117647059 0.03590909090909091
1 0.5652941176470588 0.4122727272727273 0.21411764705882352 0.035454545454545454
1 0.5647058823529412 0.038863636363636364 0.11294117647058824 0.021363636363636362
1 0.58 0.3743181818181818 0.027058823529411764 0.03318181818181818
1 0.4985294117647059 0.9302272727272727 0.05352941176470588 0.03681818181818182
1 0.6735294117647059 0.8606818181818182 0.05764705882352941 0.038636363636363635
1 0.515 0.37272727272727274 0.08294117647058824 0.034545454545454546
1 0.36264705882352943 0.45136363636363636 0.14411764705882352 0.03727272727272727
1 0.08352941176470588 0.7684090909090909 0.08588235294117647 0.03409090909090909
1 0.6311764705882353 0.3770454545454546 0.07529411764705882 0.03227272727272727
1 0.4961764705882353 0.86 0.04176470588235294 0.03909090909090909
1 0.09941176470588235 0.6079545454545454 0.08352941176470588 0.03590909090909091
1 0.6717647058823529 0.9277272727272727 0.05764705882352941 0.03727272727272727
1 0.32794117647058824 0.8602272727272727 0.05352941176470588 0.038636363636363635
1 0.38294117647058823 0.37022727272727274 0.14941176470588236 0.03681818181818182
1 0.08205882352941177 0.7234090909090909 0.0711764705882353 0.03409090909090909
1 0.31470588235294117 0.03613636363636363 0.04 0.023181818181818182
1 0.5958823529411764 0.7197727272727272 0.03294117647058824 0.03227272727272727
1 0.5147058823529411 0.44931818181818184 0.17176470588235293 0.035
1 0.455 0.5663636363636364 0.11470588235294117 0.03636363636363636
1 0.575 0.5659090909090909 0.10058823529411764 0.034545454545454546
1 0.5144117647058823 0.5638636363636363 0.02411764705882353 0.031363636363636364
1 0.528235294117647 0.7240909090909091 0.11411764705882353 0.034545454545454546
1 0.41558823529411765 0.6097727272727272 0.10294117647058823 0.035
1 0.5276470588235294 0.6093181818181819 0.08941176470588236 0.03772727272727273
1 0.47411764705882353 0.6054545454545455 0.024705882352941175 0.025454545454545455
1 0.5876470588235294 0.7629545454545454 0.027058823529411764 0.035
1 0.6461764705882352 0.7631818181818182 0.10294117647058823 0.03909090909090909