1 0.395 0.7743181818181818 0.18411764705882352 0.03772727272727273
1 0.5676470588235294 0.7734090909090909 0.14705882352941177 0.04318181818181818
1 0.3764705882352941 0.6165909090909091 0.1588235294117647 0.03772727272727273
1 0.10029411764705883 0.5259090909090909 0.09470588235294118 0.04
1 0.5152941176470588 0.6161363636363636 0.11294117647058824 0.03590909090909091
1 0.10352941176470588 0.5670454545454545 0.09176470588235294 0.04045454545454545
1 0.85 0.8606818181818182 0.06941176470588235 0.041363636363636366
1 0.43411764705882355 0.5277272727272727 0.26941176470588235 0.042727272727272725
1 0.7552941176470588 0.8615909090909091 0.06235294117647059 0.03954545454545454
1 0.4023529411764706 0.4561363636363636 0.20352941176470588 0.038636363636363635
1 0.42470588235294116 0.5709090909090909 0.24941176470588236 0.03727272727272727
1 0.4126470588235294 0.9256818181818182 0.061764705882352944 0.038636363636363635
1 0.12588235294117647 0.7697727272727273 0.08352941176470588 0.03772727272727273
1 0.10588235294117647 0.6836363636363636 0.0811764705882353 0.03727272727272727
1 0.41852941176470587 0.8588636363636364 0.06294117647058824 0.04045454545454545
1 0.8588235294117647 0.5725 0.15411764705882353 0.04045454545454545
1 0.1111764705882353 0.3654545454545455 0.08588235294117647 0.03727272727272727
1 0.5 0.8588636363636364 0.0611764705882353 0.04045454545454545
1 0.673235294117647 0.7277272727272728 0.22411764705882353 0.042727272727272725
1 0.33 0.9247727272727273 0.06235294117647059 0.03772727272727273
1 0.1126470588235294 0.4109090909090909 0.09235294117647058 0.03909090909090909
1 0.23941176470588235 0.9295454545454546 0.05647058823529412 0.038181818181818185
1 0.6447058823529411 0.5725 0.18235294117647058 0.03954545454545454
1 0.1526470588235294 0.928409090909091 0.061764705882352944 0.038636363636363635
1 0.3291176470588235 0.8586363636363636 0.060588235294117644 0.03909090909090909
1 0.29764705882352943 0.03727272727272727 0.047058823529411764 0.026363636363636363
1 0.6620588235294118 0.4138636363636364 0.18764705882352942 0.041363636363636366
1 0.6705882352941176 0.37 0.18470588235294116 0.04363636363636364
1 0.42970588235294116 0.41204545454545455 0.2605882352941176 0.03954545454545454
1 0.6711764705882353 0.9297727272727273 0.06235294117647059 0.03954545454545454
1 0.10588235294117647 0.4536363636363636 0.09529411764705882 0.04090909090909091
1 0.42558823529411766 0.7272727272727273 0.2641176470588235 0.042727272727272725
1 0.5885294117647059 0.8590909090909091 0.06764705882352941 0.04090909090909091
1 0.12411764705882353 0.7263636363636363 0.09058823529411765 0.03636363636363636
1 0.6708823529411765 0.5268181818181819 0.18294117647058825 0.04727272727272727
1 0.5576470588235294 0.04090909090909091 0.10352941176470588 0.024545454545454544
1 0.581764705882353 0.45681818181818185 0.13411764705882354 0.04090909090909091
1 0.5829411764705882 0.9340909090909091 0.0611764705882353 0.038181818181818185
1 0.8479411764705882 0.6881818181818182 0.09941176470588235 0.038181818181818185
1 0.8426470588235294 0.9331818181818182 0.06411764705882353 0.03909090909090909
1 0.8758823529411764 0.3718181818181818 0.13058823529411764 0.04818181818181818
1 0.7297058823529412 0.7720454545454546 0.07588235294117647 0.041363636363636366
1 0.4202941176470588 0.6843181818181818 0.25 0.04409090909090909
1 0.15294117647058825 0.8613636363636363 0.06 0.04454545454545455
1 0.7802941176470588 0.41704545454545455 0.04058823529411765 0.038636363636363635
1 0.6761764705882353 0.8586363636363636 0.06529411764705882 0.04090909090909091
1 0.11323529411764706 0.6122727272727273 0.1111764705882353 0.038181818181818185
1 0.49941176470588233 0.9338636363636363 0.06 0.057727272727272724
1 0.7326470588235294 0.46136363636363636 0.08764705882352941 0.034545454545454546
1 0.866764705882353 0.4147727272727273 0.13352941176470587 0.04318181818181818
1 0.6491176470588236 0.685 0.20411764705882354 0.04454545454545455
1 0.43117647058823527 0.37022727272727274 0.2576470588235294 0.041363636363636366
1 0.7564705882352941 0.9381818181818182 0.06470588235294118 0.04
1 0.24205882352941177 0.8586363636363636 0.05941176470588235 0.03909090909090909
1 0.6611764705882353 0.6181818181818182 0.10352941176470588 0.034545454545454546
1 0.7855882352941177 0.38727272727272727 0.04176470588235294 0.038181818181818185
1 0.6676470588235294 0.46795454545454546 0.03294117647058824 0.035
1 0.7876470588235294 0.538409090909091 0.03764705882352941 0.03681818181818182
1 0.8817647058823529 0.5293181818181818 0.12705882352941175 0.04318181818181818
1 0.755 0.5729545454545455 0.033529411764705884 0.038636363636363635
1 0.5882352941176471 0.6247727272727273 0.02823529411764706 0.03227272727272727
1 0.7717647058823529 0.6961363636363637 0.03529411764705882 0.03772727272727273
1 0.8023529411764706 0.7286363636363636 0.03411764705882353 0.04727272727272727
1 0.883235294117647 0.7295454545454545 0.12058823529411765 0.04
1 0.6711764705882353 0.7813636363636364 0.03764705882352941 0.034545454545454546