1 0.41205882352941176 0.41204545454545455 0.23352941176470587 0.038636363636363635
1 0.758235294117647 0.73 0.027058823529411764 0.03727272727272727
1 0.8064705882352942 0.7793181818181818 0.10941176470588235 0.03409090909090909
1 0.6558823529411765 0.7313636363636363 0.16588235294117648 0.035454545454545454
1 0.4002941176470588 0.4593181818181818 0.20529411764705882 0.030454545454545453
1 0.6914705882352942 0.6195454545454545 0.03470588235294118 0.03272727272727273
1 0.41 0.6184090909090909 0.22 0.03227272727272727
1 0.0976470588235294 0.6815909090909091 0.09176470588235294 0.03772727272727273
1 0.09 0.45 0.08 0.035454545454545454
1 0.7255882352941176 0.5743181818181818 0.03235294117647059 0.030454545454545453
1 0.095 0.3629545454545455 0.07705882352941176 0.03590909090909091
1 0.5994117647058823 0.6188636363636364 0.14588235294117646 0.03409090909090909
1 0.8094117647058824 0.5727272727272728 0.13176470588235295 0.035454545454545454
1 0.40588235294117647 0.7756818181818181 0.2164705882352941 0.03590909090909091
1 0.09205882352941176 0.7254545454545455 0.08058823529411764 0.03636363636363636
1 0.7738235294117647 0.6209090909090909 0.11470588235294117 0.03363636363636364
1 0.10588235294117647 0.5275 0.09176470588235294 0.035
1 0.42676470588235293 0.7277272727272728 0.2711764705882353 0.04181818181818182
1 0.6223529411764706 0.4131818181818182 0.17058823529411765 0.03272727272727273
1 0.6097058823529412 0.78 0.18176470588235294 0.03363636363636364
1 0.41852941176470587 0.5704545454545454 0.24764705882352941 0.04
1 0.09441176470588235 0.4043181818181818 0.08294117647058824 0.03590909090909091
1 0.09941176470588235 0.5672727272727273 0.08470588235294117 0.034545454545454546
1 0.5694117647058824 0.038181818181818185 0.11411764705882353 0.02181818181818182
1 0.6588235294117647 0.46386363636363637 0.03176470588235294 0.03318181818181818
1 0.7244117647058823 0.7831818181818182 0.033529411764705884 0.03636363636363636
1 0.836764705882353 0.7279545454545454 0.12058823529411765 0.035
1 0.09529411764705882 0.7693181818181818 0.09058823529411765 0.03954545454545454
1 0.7332352941176471 0.41113636363636363 0.028823529411764706 0.03409090909090909
1 0.5744117647058824 0.45886363636363636 0.1264705882352941 0.035
1 0.8323529411764706 0.41113636363636363 0.14705882352941177 0.03772727272727273
1 0.6264705882352941 0.5729545454545455 0.14 0.03590909090909091
1 0.09588235294117647 0.6102272727272727 0.09294117647058824 0.035
1 0.7420588235294118 0.4615909090909091 0.11 0.029545454545454545
1 0.2691176470588235 0.03431818181818182 0.03588235294117647 0.018636363636363635
1 0.3241176470588235 0.03363636363636364 0.07411764705882352 0.022727272727272728