1 0.41 0.6843181818181818 0.22588235294117648 0.03409090909090909
1 0.4252941176470588 0.4102272727272727 0.26823529411764707 0.03772727272727273
1 0.7514705882352941 0.8577272727272728 0.04764705882352941 0.04
1 0.8464705882352941 0.928409090909091 0.06705882352941177 0.03772727272727273
1 0.5623529411764706 0.6218181818181818 0.21058823529411766 0.02909090909090909
1 0.4108823529411765 0.9293181818181818 0.05 0.03590909090909091
1 0.5632352941176471 0.5302272727272728 0.19823529411764707 0.041363636363636366
1 0.38029411764705884 0.6229545454545454 0.1511764705882353 0.035
1 0.6367647058823529 0.6863636363636364 0.21352941176470588 0.03727272727272727
1 0.4470588235294118 0.7252272727272727 0.2964705882352941 0.03590909090909091
1 0.10558823529411765 0.6788636363636363 0.07470588235294118 0.03318181818181818
1 0.09823529411764706 0.44727272727272727 0.07411764705882352 0.035454545454545454
1 0.13941176470588235 0.9252272727272727 0.042352941176470586 0.041363636363636366
1 0.3197058823529412 0.9270454545454545 0.051176470588235295 0.03681818181818182
1 0.1588235294117647 0.8563636363636363 0.06 0.038181818181818185
1 0.5705882352941176 0.4593181818181818 0.18352941176470589 0.03681818181818182
1 0.38029411764705884 0.5322727272727272 0.1688235294117647 0.04090909090909091
1 0.11088235294117647 0.5222727272727272 0.09 0.03363636363636364
1 0.7023529411764706 0.7329545454545454 0.21411764705882352 0.035
1 0.24029411764705882 0.8577272727272728 0.060588235294117644 0.038181818181818185
1 0.23852941176470588 0.9259090909090909 0.057058823529411766 0.03636363636363636
1 0.40205882352941175 0.7777272727272727 0.22647058823529412 0.04
1 0.76 0.9265909090909091 0.06470588235294118 0.03772727272727273
1 0.10205882352941177 0.36613636363636365 0.07588235294117647 0.03409090909090909
1 0.5997058823529412 0.78 0.15941176470588236 0.03636363636363636
1 0.675 0.41 0.2311764705882353 0.04
1 0.41323529411764703 0.8568181818181818 0.04764705882352941 0.03909090909090909
1 0.5870588235294117 0.923409090909091 0.05176470588235294 0.03681818181818182
1 0.10470588235294118 0.5670454545454545 0.08 0.03409090909090909
1 0.4214705882352941 0.5684090909090909 0.2511764705882353 0.03590909090909091
1 0.5879411764705882 0.8615909090909091 0.07352941176470588 0.035
1 0.10352941176470588 0.40545454545454546 0.07411764705882352 0.03636363636363636
1 0.7135294117647059 0.5697727272727273 0.32588235294117646 0.03681818181818182
1 0.5458823529411765 0.04 0.08823529411764706 0.038181818181818185
1 0.7747058823529411 0.7809090909090909 0.11294117647058824 0.03090909090909091
1 0.49941176470588233 0.9265909090909091 0.058823529411764705 0.03772727272727273
1 0.845 0.6929545454545455 0.12764705882352942 0.03409090909090909
1 0.673235294117647 0.8572727272727273 0.05823529411764706 0.04
1 0.5897058823529412 0.37522727272727274 0.19941176470588234 0.035
1 0.908235294117647 0.7302272727272727 0.13529411764705881 0.03590909090909091
1 0.3841176470588235 0.46 0.1811764705882353 0.03272727272727273
1 0.10058823529411764 0.7645454545454545 0.07529411764705882 0.034545454545454546
1 0.0988235294117647 0.7229545454545454 0.07647058823529412 0.03590909090909091
1 0.5023529411764706 0.8568181818181818 0.04941176470588235 0.038181818181818185
1 0.3855882352941176 0.36954545454545457 0.18411764705882352 0.034545454545454546
1 0.10205882352941177 0.6084090909090909 0.09117647058823529 0.03590909090909091
1 0.6761764705882353 0.9240909090909091 0.05588235294117647 0.03909090909090909
1 0.3270588235294118 0.8572727272727273 0.06235294117647059 0.038181818181818185
1 0.7635294117647059 0.6984090909090909 0.027058823529411764 0.028636363636363637
1 0.8241176470588235 0.7352272727272727 0.02823529411764706 0.03954545454545454
1 0.696764705882353 0.7845454545454545 0.03588235294117647 0.038181818181818185
1 0.8379411764705882 0.8627272727272727 0.057058823529411766 0.04181818181818182
1 0.31 0.034772727272727275 0.04823529411764706 0.025