1 0.41794117647058826 0.69 0.23352941176470587 0.03636363636363636
1 0.37676470588235295 0.37318181818181817 0.14647058823529413 0.03636363636363636
1 0.7623529411764706 0.8629545454545454 0.07294117647058823 0.03772727272727273
1 0.8473529411764706 0.93 0.0688235294117647 0.03909090909090909
1 0.5329411764705883 0.6156818181818182 0.11529411764705882 0.029545454545454545
1 0.4123529411764706 0.9297727272727273 0.06352941176470588 0.03681818181818182
1 0.5702941176470588 0.5275 0.13117647058823528 0.035
1 0.8464705882352941 0.8665909090909091 0.06235294117647059 0.03772727272727273
1 0.38676470588235295 0.6070454545454546 0.16058823529411764 0.03681818181818182
1 0.6635294117647059 0.7759090909090909 0.07058823529411765 0.034545454545454546
1 0.6182352941176471 0.6840909090909091 0.17294117647058824 0.03909090909090909
1 0.4326470588235294 0.7325 0.25823529411764706 0.03681818181818182
1 0.09529411764705882 0.6806818181818182 0.07411764705882352 0.03590909090909091
1 0.0961764705882353 0.45704545454545453 0.06764705882352941 0.035
1 0.7229411764705882 0.5290909090909091 0.11294117647058824 0.03363636363636364
1 0.09411764705882353 0.3668181818181818 0.07411764705882352 0.035454545454545454
1 0.5197058823529411 0.7727272727272727 0.14411764705882352 0.03272727272727273
1 0.16176470588235295 0.9268181818181818 0.07176470588235294 0.03909090909090909
1 0.8532352941176471 0.5745454545454546 0.1476470588235294 0.03636363636363636
1 0.32676470588235296 0.9281818181818182 0.06294117647058824 0.03727272727272727
1 0.15823529411764706 0.8595454545454545 0.06588235294117648 0.04
1 0.6670588235294118 0.7297727272727272 0.20352941176470588 0.03954545454545454
1 0.5832352941176471 0.45590909090909093 0.07941176470588235 0.02909090909090909
1 0.10088235294117646 0.5247727272727273 0.07823529411764706 0.03409090909090909
1 0.6688235294117647 0.6168181818181818 0.10235294117647059 0.038181818181818185
1 0.24176470588235294 0.8604545454545455 0.05647058823529412 0.038181818181818185
1 0.24147058823529413 0.9277272727272727 0.05588235294117647 0.038181818181818185
1 0.3735294117647059 0.7720454545454546 0.14588235294117646 0.03409090909090909
1 0.7547058823529412 0.9306818181818182 0.05411764705882353 0.038636363636363635
1 0.305 0.03159090909090909 0.04176470588235294 0.02590909090909091
1 0.5832352941176471 0.3729545454545454 0.08647058823529412 0.03409090909090909
1 0.5905882352941176 0.41363636363636364 0.10941176470588235 0.03636363636363636
1 0.41205882352941176 0.860909090909091 0.05941176470588235 0.03636363636363636
1 0.5876470588235294 0.93 0.06470588235294118 0.04
1 0.40058823529411763 0.5281818181818182 0.19411764705882353 0.038181818181818185
1 0.4935294117647059 0.4547727272727273 0.06 0.038636363636363635
1 0.5864705882352941 0.8629545454545454 0.06470588235294118 0.038636363636363635
1 0.0961764705882353 0.4072727272727273 0.07588235294117647 0.035454545454545454
1 0.5752941176470588 0.03954545454545454 0.12588235294117647 0.026363636363636363
1 0.66 0.4134090909090909 0.02823529411764706 0.04045454545454545
1 0.7294117647058823 0.4113636363636364 0.12117647058823529 0.03636363636363636
1 0.7844117647058824 0.7279545454545454 0.03470588235294118 0.03772727272727273
1 0.5014705882352941 0.9306818181818182 0.06411764705882353 0.038636363636363635
1 0.6738235294117647 0.8638636363636364 0.05588235294117647 0.03681818181818182
1 0.8620588235294118 0.730909090909091 0.10764705882352942 0.035454545454545454
1 0.38176470588235295 0.4509090909090909 0.15176470588235294 0.038181818181818185
1 0.1 0.7677272727272727 0.07294117647058823 0.035454545454545454
1 0.09852941176470588 0.7254545454545455 0.07470588235294118 0.034545454545454546
1 0.5061764705882353 0.8611363636363636 0.06764705882352941 0.03772727272727273
1 0.10735294117647058 0.6120454545454546 0.08176470588235295 0.03590909090909091
1 0.6755882352941176 0.9288636363636363 0.057058823529411766 0.038636363636363635
1 0.32294117647058823 0.8604545454545455 0.047058823529411764 0.038181818181818185
1 0.7802941176470588 0.6868181818181818 0.0888235294117647 0.034545454545454546
1 0.4823529411764706 0.3756818181818182 0.06 0.03409090909090909
1 0.533235294117647 0.37863636363636366 0.03823529411764706 0.035454545454545454
1 0.4147058823529412 0.4147727272727273 0.23176470588235293 0.03590909090909091
1 0.5341176470588235 0.4627272727272727 0.02 0.031818181818181815
1 0.0988235294117647 0.5686363636363636 0.08235294117647059 0.035454545454545454
1 0.42411764705882354 0.5709090909090909 0.2858823529411765 0.042727272727272725
1 0.6591176470588235 0.5759090909090909 0.17705882352941177 0.03909090909090909
1 0.7667647058823529 0.5802272727272727 0.03470588235294118 0.042272727272727274
1 0.6523529411764706 0.5338636363636363 0.036470588235294116 0.03681818181818182
1 0.6047058823529412 0.625 0.02235294117647059 0.03363636363636364
1 0.7202941176470589 0.6890909090909091 0.031176470588235295 0.03272727272727273
1 0.6155882352941177 0.78 0.03235294117647059 0.035454545454545454