1 0.42 0.6836363636363636 0.2 0.038181818181818185
1 0.4117647058823529 0.5234090909090909 0.1564705882352941 0.03954545454545454
1 0.7623529411764706 0.8606818181818182 0.058823529411764705 0.04045454545454545
1 0.8461764705882353 0.9281818181818182 0.06764705882352941 0.04
1 0.41558823529411765 0.9261363636363636 0.06294117647058824 0.03772727272727273
1 0.8452941176470589 0.860909090909091 0.05764705882352941 0.04
1 0.35764705882352943 0.6120454545454546 0.09411764705882353 0.035
1 0.46705882352941175 0.40863636363636363 0.3176470588235294 0.04
1 0.6697058823529412 0.7779545454545455 0.05941176470588235 0.029545454545454545
1 0.4985294117647059 0.6213636363636363 0.0711764705882353 0.03
1 0.6102941176470589 0.6863636363636364 0.1511764705882353 0.04181818181818182
1 0.45294117647058824 0.7265909090909091 0.2647058823529412 0.04409090909090909
1 0.11735294117647059 0.6795454545454546 0.08411764705882353 0.03636363636363636
1 0.1 0.525 0.06823529411764706 0.035454545454545454
1 0.12735294117647059 0.3675 0.09588235294117647 0.03590909090909091
1 0.11794117647058823 0.45 0.09470588235294118 0.038181818181818185
1 0.15323529411764705 0.9281818181818182 0.05235294117647059 0.038181818181818185
1 0.32323529411764707 0.9256818181818182 0.05235294117647059 0.038636363636363635
1 0.15941176470588236 0.8593181818181819 0.05529411764705883 0.03954545454545454
1 0.11852941176470588 0.41 0.09588235294117647 0.03727272727272727
1 0.7120588235294117 0.7302272727272727 0.23 0.041363636363636366
1 0.2447058823529412 0.86 0.06941176470588235 0.038181818181818185
1 0.24411764705882352 0.9252272727272727 0.05647058823529412 0.038636363636363635
1 0.38441176470588234 0.774090909090909 0.15 0.04
1 0.7597058823529412 0.9272727272727272 0.05588235294117647 0.04
1 0.5197058823529411 0.7688636363636364 0.10176470588235294 0.035
1 0.5885294117647059 0.37363636363636366 0.11470588235294117 0.034545454545454546
1 0.4147058823529412 0.8604545454545455 0.05529411764705883 0.04
1 0.5870588235294117 0.9268181818181818 0.05647058823529412 0.03727272727272727
1 0.11470588235294117 0.6104545454545455 0.06 0.04
1 0.4420588235294118 0.5709090909090909 0.24411764705882352 0.04363636363636364
1 0.5694117647058824 0.5263636363636364 0.058823529411764705 0.034545454545454546
1 0.5911764705882353 0.8588636363636364 0.058823529411764705 0.04045454545454545
1 0.6035294117647059 0.5695454545454546 0.04823529411764706 0.034545454545454546
1 0.5794117647058824 0.04045454545454545 0.11411764705882353 0.022727272727272728
1 0.7405882352941177 0.4090909090909091 0.1811764705882353 0.04
1 0.505 0.9281818181818182 0.061764705882352944 0.038181818181818185
1 0.6785294117647059 0.8618181818181818 0.07235294117647059 0.04090909090909091
1 0.9088235294117647 0.7331818181818182 0.06235294117647059 0.046363636363636364
1 0.3776470588235294 0.45590909090909093 0.13647058823529412 0.03727272727272727
1 0.10588235294117647 0.7663636363636364 0.08470588235294117 0.035454545454545454
1 0.10941176470588235 0.7231818181818181 0.08470588235294117 0.03636363636363636
1 0.5120588235294118 0.4593181818181818 0.09470588235294118 0.03227272727272727
1 0.5023529411764706 0.8597727272727272 0.06352941176470588 0.04045454545454545
1 0.40852941176470586 0.3690909090909091 0.17588235294117646 0.03909090909090909
1 0.6688235294117647 0.9302272727272727 0.05176470588235294 0.04045454545454545
1 0.3261764705882353 0.8593181818181819 0.057058823529411766 0.03954545454545454
1 0.6802941176470588 0.5681818181818182 0.11941176470588236 0.03727272727272727
1 0.7685294117647059 0.6863636363636364 0.0711764705882353 0.031818181818181815
1 0.2973529411764706 0.03295454545454545 0.05588235294117647 0.030454545454545453
1 0.5197058823529411 0.5381818181818182 0.033529411764705884 0.03363636363636364
1 0.4411764705882353 0.6243181818181818 0.03294117647058824 0.029545454545454545
1 0.12294117647058823 0.5704545454545454 0.06705882352941177 0.03909090909090909
1 0.6061764705882353 0.7836363636363637 0.04058823529411765 0.038181818181818185
1 0.7008823529411765 0.7009090909090909 0.03470588235294118 0.034545454545454546
1 0.8573529411764705 0.7354545454545455 0.04058823529411765 0.057272727272727274