1 0.4652941176470588 0.6838636363636363 0.32823529411764707 0.03318181818181818
1 0.41852941176470587 0.40795454545454546 0.24529411764705883 0.03409090909090909
1 0.7594117647058823 0.8584090909090909 0.06 0.04045454545454545
1 0.8470588235294118 0.9268181818181818 0.07058823529411765 0.04090909090909091
1 0.41294117647058826 0.9270454545454545 0.06470588235294118 0.038636363636363635
1 0.8452941176470589 0.8577272727272728 0.06470588235294118 0.04181818181818182
1 0.37176470588235294 0.610909090909091 0.1411764705882353 0.034545454545454546
1 0.7035294117647058 0.7722727272727272 0.09176470588235294 0.03363636363636364
1 0.7038235294117647 0.685 0.12294117647058823 0.035454545454545454
1 0.09970588235294117 0.6811363636363637 0.08294117647058824 0.03772727272727273
1 0.09382352941176471 0.44886363636363635 0.07941176470588235 0.03590909090909091
1 0.10441176470588236 0.36454545454545456 0.08647058823529412 0.03636363636363636
1 0.15676470588235294 0.9252272727272727 0.06529411764705882 0.04045454545454545
1 0.32735294117647057 0.9270454545454545 0.06529411764705882 0.03954545454545454
1 0.1564705882352941 0.8570454545454546 0.06235294117647059 0.04045454545454545
1 0.41794117647058826 0.5265909090909091 0.2323529411764706 0.029545454545454545
1 0.10558823529411765 0.5220454545454546 0.07823529411764706 0.035
1 0.6911764705882353 0.7261363636363637 0.16470588235294117 0.03409090909090909
1 0.8232352941176471 0.3690909090909091 0.10294117647058823 0.03363636363636364
1 0.245 0.8593181818181819 0.05941176470588235 0.038636363636363635
1 0.24 0.9263636363636364 0.05647058823529412 0.04090909090909091
1 0.4023529411764706 0.7681818181818182 0.2 0.03727272727272727
1 0.7541176470588236 0.9268181818181818 0.06235294117647059 0.04090909090909091
1 0.5726470588235294 0.7697727272727273 0.11470588235294117 0.035
1 0.6594117647058824 0.4547727272727273 0.08823529411764706 0.03409090909090909
1 0.6497058823529411 0.3693181818181818 0.1688235294117647 0.038636363636363635
1 0.638235294117647 0.4109090909090909 0.18705882352941178 0.03636363636363636
1 0.4138235294117647 0.8586363636363636 0.061764705882352944 0.04
1 0.5855882352941176 0.9279545454545455 0.05588235294117647 0.042272727272727274
1 0.10352941176470588 0.5672727272727273 0.08823529411764706 0.03636363636363636
1 0.41705882352941176 0.5679545454545455 0.23647058823529413 0.03409090909090909
1 0.6779411764705883 0.5279545454545455 0.2782352941176471 0.03227272727272727
1 0.5864705882352941 0.8588636363636364 0.06 0.04045454545454545
1 0.10147058823529412 0.4047727272727273 0.09470588235294118 0.03681818181818182
1 0.5579411764705883 0.04045454545454545 0.10647058823529412 0.022727272727272728
1 0.5008823529411764 0.9261363636363636 0.0711764705882353 0.03954545454545454
1 0.8570588235294118 0.6861363636363637 0.07882352941176471 0.03681818181818182
1 0.6758823529411765 0.8575 0.06 0.042272727272727274
1 0.3773529411764706 0.45022727272727275 0.14882352941176472 0.03772727272727273
1 0.10058823529411764 0.7672727272727272 0.07882352941176471 0.03636363636363636
1 0.10029411764705883 0.7243181818181819 0.08647058823529412 0.03681818181818182
1 0.5170588235294118 0.4540909090909091 0.12705882352941175 0.035454545454545454
1 0.6470588235294118 0.7759090909090909 0.029411764705882353 0.038181818181818185
1 0.49941176470588233 0.8586363636363636 0.058823529411764705 0.04090909090909091
1 0.8420588235294117 0.4109090909090909 0.12529411764705883 0.03636363636363636
1 0.4244117647058824 0.3675 0.25470588235294117 0.035
1 0.538235294117647 0.6136363636363636 0.18235294117647058 0.03272727272727273
1 0.09852941176470588 0.6061363636363636 0.08058823529411764 0.03681818181818182
1 0.6723529411764706 0.9245454545454546 0.06705882352941177 0.04181818181818182
1 0.3285294117647059 0.8577272727272728 0.06529411764705882 0.03909090909090909
1 0.6905882352941176 0.5713636363636364 0.30117647058823527 0.038181818181818185
1 0.2697058823529412 0.03340909090909091 0.033529411764705884 0.02409090909090909
1 0.7485294117647059 0.37545454545454543 0.025294117647058825 0.04181818181818182
1 0.7552941176470588 0.4127272727272727 0.027058823529411764 0.035454545454545454
1 0.5958823529411764 0.46863636363636363 0.024705882352941175 0.03272727272727273
1 0.7867647058823529 0.6975 0.039411764705882354 0.042272727272727274
1 0.856764705882353 0.7277272727272728 0.09941176470588235 0.03636363636363636
1 0.793235294117647 0.7281818181818182 0.020588235294117647 0.03636363636363636
1 0.4511764705882353 0.7265909090909091 0.3070588235294118 0.03954545454545454