1 0.36558823529411766 0.7247727272727272 0.13470588235294118 0.03772727272727273
1 0.5258823529411765 0.6913636363636364 0.03411764705882353 0.035454545454545454
1 0.7667647058823529 0.8606818181818182 0.0688235294117647 0.03954545454545454
1 0.8408823529411765 0.9290909090909091 0.05 0.04
1 0.4138235294117647 0.9277272727272727 0.06764705882352941 0.03909090909090909
1 0.5152941176470588 0.5254545454545455 0.09058823529411765 0.03636363636363636
1 0.8555882352941176 0.860909090909091 0.0711764705882353 0.04090909090909091
1 0.37058823529411766 0.6154545454545455 0.13176470588235295 0.035454545454545454
1 0.5991176470588235 0.7797727272727273 0.08529411764705883 0.026818181818181817
1 0.39676470588235296 0.4627272727272727 0.19117647058823528 0.028181818181818183
1 0.4588235294117647 0.6856818181818182 0.0976470588235294 0.03681818181818182
1 0.6508823529411765 0.73 0.04058823529411765 0.042727272727272725
1 0.42176470588235293 0.4106818181818182 0.24352941176470588 0.038636363636363635
1 0.10205882352941177 0.6840909090909091 0.09 0.03636363636363636
1 0.10058823529411764 0.44636363636363635 0.08235294117647059 0.03636363636363636
1 0.7382352941176471 0.5731818181818182 0.03058823529411765 0.038181818181818185
1 0.4626470588235294 0.7761363636363636 0.10411764705882352 0.03409090909090909
1 0.6032352941176471 0.62 0.05823529411764706 0.028181818181818183
1 0.15529411764705883 0.9227272727272727 0.06588235294117648 0.04090909090909091
1 0.8091176470588235 0.5704545454545454 0.09117647058823529 0.03636363636363636
1 0.3288235294117647 0.925 0.06705882352941177 0.04
1 0.16088235294117648 0.8602272727272727 0.05823529411764706 0.042272727272727274
1 0.3820588235294118 0.5275 0.15941176470588236 0.03681818181818182
1 0.09676470588235295 0.5213636363636364 0.07352941176470588 0.03636363636363636
1 0.6329411764705882 0.5281818181818182 0.06352941176470588 0.038181818181818185
1 0.24058823529411766 0.9243181818181818 0.06352941176470588 0.03954545454545454
1 0.3458823529411765 0.7761363636363636 0.09058823529411765 0.03409090909090909
1 0.7608823529411765 0.9268181818181818 0.054705882352941174 0.04
1 0.10764705882352942 0.36272727272727273 0.08352941176470588 0.03727272727272727
1 0.5338235294117647 0.7270454545454546 0.17588235294117646 0.03772727272727273
1 0.6273529411764706 0.41204545454545455 0.16176470588235295 0.03772727272727273
1 0.6411764705882353 0.3795454545454545 0.04 0.03363636363636364
1 0.41823529411764704 0.8581818181818182 0.05411764705882353 0.04090909090909091
1 0.5929411764705882 0.9261363636363636 0.058823529411764705 0.038636363636363635
1 0.09441176470588235 0.5638636363636363 0.07352941176470588 0.03590909090909091
1 0.5802941176470588 0.5345454545454545 0.027647058823529413 0.035454545454545454
1 0.4961764705882353 0.6165909090909091 0.09117647058823529 0.03409090909090909
1 0.4214705882352941 0.57 0.23352941176470587 0.03909090909090909
1 0.5835294117647059 0.8638636363636364 0.05529411764705883 0.04045454545454545
1 0.10352941176470588 0.4031818181818182 0.08705882352941176 0.03636363636363636
1 0.6314705882352941 0.5709090909090909 0.15588235294117647 0.03727272727272727
1 0.5429411764705883 0.04 0.06941176470588235 0.022727272727272728
1 0.7988235294117647 0.4118181818181818 0.11411764705882353 0.03727272727272727
1 0.7635294117647059 0.7275 0.14941176470588236 0.03772727272727273
1 0.5041176470588236 0.9304545454545454 0.07294117647058823 0.042727272727272725
1 0.6785294117647059 0.8668181818181818 0.06647058823529411 0.05
1 0.5511764705882353 0.37318181818181817 0.12588235294117647 0.03636363636363636
1 0.105 0.7634090909090909 0.08176470588235295 0.03772727272727273
1 0.10147058823529412 0.7229545454545454 0.07941176470588235 0.03772727272727273
1 0.7255882352941176 0.41363636363636364 0.03588235294117647 0.03727272727272727
1 0.5652941176470588 0.4622727272727273 0.1223529411764706 0.028181818181818183
1 0.4958823529411765 0.8663636363636363 0.04941176470588235 0.04181818181818182
1 0.6411764705882353 0.4706818181818182 0.024705882352941175 0.02590909090909091
1 0.38441176470588234 0.3675 0.1688235294117647 0.04045454545454545
1 0.09323529411764706 0.6054545454545455 0.07470588235294118 0.03727272727272727
1 0.6741176470588235 0.9277272727272727 0.06 0.04
1 0.32823529411764707 0.8579545454545454 0.0611764705882353 0.04045454545454545
1 0.2741176470588235 0.03409090909090909 0.02235294117647059 0.019090909090909092
1 0.31588235294117645 0.03613636363636363 0.047058823529411764 0.020454545454545454
1 0.7138235294117647 0.3775 0.08411764705882353 0.02409090909090909
1 0.7 0.46636363636363637 0.07764705882352942 0.025454545454545455
1 0.5564705882352942 0.6261363636363636 0.03176470588235294 0.028636363636363637
1 0.3458823529411765 0.6827272727272727 0.09529411764705882 0.04
1 0.5988235294117648 0.6909090909090909 0.07764705882352942 0.02909090909090909
1 0.5364705882352941 0.7818181818181819 0.04 0.03727272727272727
1 0.23676470588235293 0.8604545454545455 0.061764705882352944 0.04181818181818182