1 0.4 0.6775 0.1952941176470588 0.038636363636363635
1 0.6 0.6820454545454545 0.1635294117647059 0.03590909090909091
1 0.40558823529411764 0.4025 0.20647058823529413 0.035
1 0.758235294117647 0.8577272727272728 0.058823529411764705 0.03727272727272727
1 0.8444117647058823 0.9245454545454546 0.06529411764705882 0.04
1 0.5514705882352942 0.6031818181818182 0.13470588235294118 0.034545454545454546
1 0.40058823529411763 0.9204545454545454 0.04588235294117647 0.03909090909090909
1 0.8414705882352941 0.8579545454545454 0.057058823529411766 0.035
1 0.39029411764705885 0.6043181818181819 0.1652941176470588 0.035
1 0.6526470588235294 0.7663636363636364 0.02176470588235294 0.034545454545454546
1 0.3982352941176471 0.44522727272727275 0.17411764705882352 0.03681818181818182
1 0.3888235294117647 0.7634090909090909 0.17647058823529413 0.029545454545454545
1 0.09676470588235295 0.6765909090909091 0.07470588235294118 0.03590909090909091
1 0.10352941176470588 0.44295454545454543 0.08588235294117647 0.035
1 0.41705882352941176 0.7236363636363636 0.2223529411764706 0.03727272727272727
1 0.7194117647058823 0.6818181818181818 0.03176470588235294 0.03636363636363636
1 0.10058823529411764 0.3568181818181818 0.0811764705882353 0.034545454545454546
1 0.15676470588235294 0.9181818181818182 0.060588235294117644 0.03909090909090909
1 0.8035294117647059 0.6836363636363636 0.10941176470588235 0.03363636363636364
1 0.3261764705882353 0.9190909090909091 0.057058823529411766 0.03909090909090909
1 0.15205882352941177 0.8518181818181818 0.05352941176470588 0.03909090909090909
1 0.7247058823529412 0.7659090909090909 0.09647058823529411 0.031818181818181815
1 0.4047058823529412 0.5202272727272728 0.18588235294117647 0.038636363636363635
1 0.09558823529411764 0.5134090909090909 0.08294117647058824 0.03590909090909091
1 0.625 0.7206818181818182 0.15470588235294117 0.03590909090909091
1 0.245 0.8522727272727273 0.054705882352941174 0.03727272727272727
1 0.23911764705882352 0.9181818181818182 0.05 0.03909090909090909
1 0.7588235294117647 0.9227272727272727 0.06588235294117648 0.034545454545454546
1 0.5620588235294117 0.764090909090909 0.1323529411764706 0.03272727272727273
1 0.6005882352941176 0.4031818181818182 0.17529411764705882 0.03636363636363636
1 0.41 0.8531818181818182 0.06 0.03727272727272727
1 0.5897058823529412 0.9220454545454545 0.06294117647058824 0.04045454545454545
1 0.4026470588235294 0.5597727272727273 0.19705882352941176 0.03590909090909091
1 0.5855882352941176 0.8540909090909091 0.05823529411764706 0.038181818181818185
1 0.10470588235294118 0.39840909090909093 0.08705882352941176 0.035
1 0.09676470588235295 0.5581818181818182 0.07588235294117647 0.034545454545454546
1 0.5885294117647059 0.5647727272727273 0.13117647058823528 0.03409090909090909
1 0.5652941176470588 0.3638636363636364 0.12823529411764706 0.03590909090909091
1 0.5 0.9222727272727272 0.05529411764705883 0.04181818181818182
1 0.6714705882352942 0.855 0.051176470588235295 0.03272727272727273
1 0.09088235294117647 0.7588636363636364 0.07352941176470588 0.03409090909090909
1 0.5611764705882353 0.44545454545454544 0.13529411764705881 0.035454545454545454
1 0.4979411764705882 0.8540909090909091 0.05941176470588235 0.03909090909090909
1 0.5994117647058823 0.5204545454545455 0.14352941176470588 0.035454545454545454
1 0.3991176470588235 0.3613636363636364 0.18529411764705883 0.035454545454545454
1 0.095 0.5995454545454545 0.08294117647058824 0.034545454545454546
1 0.6714705882352942 0.9252272727272727 0.05588235294117647 0.03590909090909091
1 0.32735294117647057 0.8518181818181818 0.06294117647058824 0.03909090909090909
1 0.09294117647058824 0.7170454545454545 0.07529411764705882 0.03318181818181818
1 0.3 0.030227272727272728 0.05058823529411765 0.021363636363636362
1 0.5688235294117647 0.03340909090909091 0.12941176470588237 0.021363636363636362
1 0.7214705882352941 0.7227272727272728 0.031176470588235295 0.031818181818181815
1 0.8 0.7234090909090909 0.11647058823529412 0.030454545454545453