1 0.39323529411764707 0.3781818181818182 0.15588235294117647 0.03
1 0.7561764705882353 0.8652272727272727 0.04647058823529412 0.03681818181818182
1 0.8402941176470589 0.9275 0.04764705882352941 0.03772727272727273
1 0.4152941176470588 0.9304545454545454 0.04823529411764706 0.03272727272727273
1 0.5229411764705882 0.5379545454545455 0.11058823529411765 0.028636363636363637
1 0.5385294117647059 0.7813636363636364 0.10294117647058823 0.024545454545454544
1 0.6823529411764706 0.6961363636363637 0.04823529411764706 0.023181818181818182
1 0.40794117647058825 0.7388636363636364 0.1864705882352941 0.02409090909090909
1 0.09147058823529412 0.6879545454545455 0.08058823529411764 0.035
1 0.09970588235294117 0.45840909090909093 0.09470588235294118 0.03681818181818182
1 0.4173529411764706 0.8613636363636363 0.04764705882352941 0.035454545454545454
1 0.5826470588235294 0.7395454545454545 0.14058823529411765 0.022727272727272728
1 0.155 0.93 0.05588235294117647 0.03636363636363636
1 0.32441176470588234 0.9313636363636364 0.04647058823529412 0.034545454545454546
1 0.09705882352941177 0.7688636363636364 0.09058823529411765 0.030454545454545453
1 0.3788235294117647 0.4677272727272727 0.14588235294117646 0.02181818181818182
1 0.10441176470588236 0.4106818181818182 0.09588235294117647 0.035
1 0.6767647058823529 0.7384090909090909 0.03235294117647059 0.025
1 0.23970588235294119 0.8645454545454545 0.045294117647058825 0.034545454545454546
1 0.6508823529411765 0.5381818181818182 0.05823529411764706 0.024545454545454544
1 0.24176470588235294 0.9302272727272727 0.047058823529411764 0.03409090909090909
1 0.7594117647058823 0.9277272727272727 0.05058823529411765 0.035454545454545454
1 0.29970588235294116 0.038863636363636364 0.039411764705882354 0.021363636363636362
1 0.5870588235294117 0.9293181818181818 0.05411764705882353 0.035
1 0.37941176470588234 0.5365909090909091 0.14470588235294118 0.028636363636363637
1 0.5794117647058824 0.3775 0.17882352941176471 0.030454545454545453
1 0.095 0.3725 0.08294117647058824 0.03318181818181818
1 0.08676470588235294 0.5302272727272728 0.07352941176470588 0.03318181818181818
1 0.5535294117647059 0.5811363636363637 0.1188235294117647 0.02409090909090909
1 0.5547058823529412 0.04022727272727273 0.10588235294117647 0.021363636363636362
1 0.4976470588235294 0.9304545454545454 0.04588235294117647 0.034545454545454546
1 0.8455882352941176 0.8636363636363636 0.051176470588235295 0.035454545454545454
1 0.6717647058823529 0.8634090909090909 0.052941176470588235 0.038636363636363635
1 0.3991176470588235 0.5809090909090909 0.18058823529411766 0.024545454545454544
1 0.09441176470588235 0.7288636363636364 0.08411764705882353 0.03409090909090909
1 0.5905882352941176 0.8595454545454545 0.05647058823529412 0.03727272727272727
1 0.4979411764705882 0.8631818181818182 0.04647058823529412 0.03636363636363636
1 0.4988235294117647 0.6254545454545455 0.0976470588235294 0.02181818181818182
1 0.3997058823529412 0.6952272727272727 0.1688235294117647 0.02590909090909091
1 0.08705882352941176 0.6156818181818182 0.07882352941176471 0.03681818181818182
1 0.3297058823529412 0.8643181818181818 0.05235294117647059 0.03409090909090909
1 0.6926470588235294 0.5813636363636364 0.0711764705882353 0.022727272727272728
1 0.73 0.7390909090909091 0.05529411764705883 0.022727272727272728
1 0.405 0.42204545454545456 0.18764705882352942 0.02590909090909091
1 0.595 0.4213636363636364 0.19117647058823528 0.025454545454545455
1 0.5279411764705882 0.4668181818181818 0.14176470588235293 0.02181818181818182
1 0.0838235294117647 0.571590909090909 0.07941176470588235 0.03409090909090909
1 0.5982352941176471 0.5397727272727273 0.029411764705882353 0.02772727272727273
1 0.6364705882352941 0.5806818181818182 0.029411764705882353 0.025
1 0.3688235294117647 0.6236363636363637 0.12941176470588237 0.02181818181818182
1 0.5708823529411765 0.6252272727272727 0.027647058823529413 0.025
1 0.6279411764705882 0.6236363636363637 0.06764705882352941 0.024545454545454544
1 0.5538235294117647 0.6959090909090909 0.11941176470588236 0.025454545454545455
1 0.6379411764705882 0.6961363636363637 0.031176470588235295 0.026818181818181817
1 0.38676470588235295 0.7818181818181819 0.15235294117647058 0.024545454545454544
1 0.6223529411764706 0.7818181818181819 0.02823529411764706 0.025454545454545455
1 0.668235294117647 0.7811363636363636 0.04941176470588235 0.02772727272727273
1 0.1497058823529412 0.8634090909090909 0.05 0.03681818181818182
1 0.6794117647058824 0.928409090909091 0.0611764705882353 0.03409090909090909