1 0.38823529411764707 0.6854545454545454 0.17882352941176471 0.04090909090909091
1 0.5485294117647059 0.6847727272727273 0.13 0.038636363636363635
1 0.7702941176470588 0.8595454545454545 0.0688235294117647 0.03909090909090909
1 0.8397058823529412 0.9247727272727273 0.05352941176470588 0.045
1 0.5438235294117647 0.6136363636363636 0.13588235294117648 0.035454545454545454
1 0.4211764705882353 0.9279545454545455 0.05764705882352941 0.03954545454545454
1 0.4235294117647059 0.5720454545454545 0.23411764705882354 0.03772727272727273
1 0.3861764705882353 0.6147727272727272 0.17 0.03227272727272727
1 0.6182352941176471 0.7802272727272728 0.07647058823529412 0.03227272727272727
1 0.4373529411764706 0.4147727272727273 0.26176470588235295 0.035
1 0.08411764705882353 0.6870454545454545 0.06823529411764706 0.035
1 0.0976470588235294 0.4525 0.08 0.03590909090909091
1 0.09441176470588235 0.36772727272727274 0.07588235294117647 0.035454545454545454
1 0.4935294117647059 0.7729545454545454 0.08823529411764706 0.03409090909090909
1 0.5705882352941176 0.73 0.11176470588235295 0.03636363636363636
1 0.15705882352941178 0.9272727272727272 0.052941176470588235 0.04
1 0.6820588235294117 0.5727272727272728 0.27 0.04363636363636364
1 0.3376470588235294 0.928409090909091 0.06705882352941177 0.038636363636363635
1 0.15676470588235294 0.8627272727272727 0.05588235294117647 0.03909090909090909
1 0.7255882352941176 0.7256818181818182 0.1476470588235294 0.03681818181818182
1 0.2488235294117647 0.8604545454545455 0.05764705882352941 0.04
1 0.2461764705882353 0.9279545454545455 0.06294117647058824 0.04045454545454545
1 0.3720588235294118 0.7722727272727272 0.13 0.034545454545454546
1 0.758235294117647 0.9277272727272727 0.05176470588235294 0.04181818181818182
1 0.3285294117647059 0.0375 0.06764705882352941 0.017727272727272727
1 0.6741176470588235 0.41545454545454547 0.18705882352941178 0.03636363636363636
1 0.5861764705882353 0.36886363636363634 0.1323529411764706 0.03681818181818182
1 0.4211764705882353 0.86 0.05529411764705883 0.04181818181818182
1 0.5923529411764706 0.9263636363636364 0.0611764705882353 0.03909090909090909
1 0.39205882352941174 0.5302272727272728 0.16411764705882353 0.04045454545454545
1 0.5747058823529412 0.5322727272727272 0.15176470588235294 0.03636363636363636
1 0.586764705882353 0.8590909090909091 0.05588235294117647 0.04454545454545455
1 0.09264705882352942 0.5297727272727273 0.06647058823529411 0.03681818181818182
1 0.5588235294117647 0.037954545454545456 0.11058823529411765 0.023181818181818182
1 0.5041176470588236 0.9265909090909091 0.058823529411764705 0.04318181818181818
1 0.8464705882352941 0.8572727272727273 0.05176470588235294 0.04090909090909091
1 0.6758823529411765 0.8579545454545454 0.06 0.04045454545454545
1 0.38588235294117645 0.45545454545454545 0.16470588235294117 0.04181818181818182
1 0.0888235294117647 0.7722727272727272 0.07294117647058823 0.034545454545454546
1 0.5452941176470588 0.45681818181818185 0.13529411764705881 0.03636363636363636
1 0.5 0.8588636363636364 0.052941176470588235 0.04045454545454545
1 0.40294117647058825 0.3709090909090909 0.19647058823529412 0.03909090909090909
1 0.09441176470588235 0.6127272727272727 0.0711764705882353 0.035454545454545454
1 0.6767647058823529 0.9259090909090909 0.05823529411764706 0.04363636363636364
1 0.3326470588235294 0.8602272727272727 0.057058823529411766 0.038636363636363635
1 0.7402941176470588 0.6897727272727273 0.12529411764705883 0.035
1 0.08411764705882353 0.7313636363636363 0.06705882352941177 0.035454545454545454
1 0.09970588235294117 0.4143181818181818 0.08764705882352941 0.03318181818181818
1 0.09029411764705883 0.5722727272727273 0.07470588235294118 0.03
1 0.6455882352941177 0.695 0.05352941176470588 0.042727272727272725
1 0.40352941176470586 0.7281818181818182 0.20470588235294118 0.038181818181818185
1 0.27588235294117647 0.03590909090909091 0.03529411764705882 0.022727272727272728
1 0.6385294117647059 0.7272727272727273 0.04058823529411765 0.04454545454545455
1 0.5564705882352942 0.7838636363636363 0.03529411764705882 0.03318181818181818