1 0.7617647058823529 0.8565909090909091 0.06588235294117648 0.04409090909090909
1 0.8541176470588235 0.9275 0.06823529411764706 0.03954545454545454
1 0.4173529411764706 0.9240909090909091 0.06411764705882353 0.04090909090909091
1 0.8552941176470589 0.8572727272727273 0.07764705882352942 0.04181818181818182
1 0.36058823529411765 0.6193181818181818 0.11764705882352941 0.030454545454545453
1 0.6347058823529412 0.7709090909090909 0.0611764705882353 0.031818181818181815
1 0.4088235294117647 0.6863636363636364 0.20588235294117646 0.03727272727272727
1 0.10264705882352941 0.6802272727272727 0.06529411764705882 0.035
1 0.09 0.44636363636363635 0.06705882352941177 0.034545454545454546
1 0.09235294117647058 0.3615909090909091 0.07411764705882352 0.03681818181818182
1 0.5032352941176471 0.7695454545454545 0.09705882352941177 0.035454545454545454
1 0.5614705882352942 0.7297727272727272 0.028823529411764706 0.030454545454545453
1 0.16147058823529412 0.9229545454545455 0.06529411764705882 0.042272727272727274
1 0.75 0.5265909090909091 0.10705882352941176 0.03227272727272727
1 0.3291176470588235 0.9238636363636363 0.061764705882352944 0.03954545454545454
1 0.16147058823529412 0.8554545454545455 0.061764705882352944 0.04181818181818182
1 0.7355882352941177 0.6865909090909091 0.09470588235294118 0.03318181818181818
1 0.09323529411764706 0.5247727272727273 0.07 0.035
1 0.24235294117647058 0.8570454545454546 0.05058823529411765 0.04045454545454545
1 0.6702941176470588 0.5302272727272728 0.04294117647058823 0.03227272727272727
1 0.2447058823529412 0.9227272727272727 0.06235294117647059 0.04181818181818182
1 0.3761764705882353 0.7709090909090909 0.1511764705882353 0.03909090909090909
1 0.7641176470588236 0.9254545454545454 0.06470588235294118 0.04090909090909091
1 0.6614705882352941 0.45704545454545453 0.07588235294117647 0.031363636363636364
1 0.41794117647058826 0.8577272727272728 0.06294117647058824 0.04181818181818182
1 0.5920588235294117 0.8634090909090909 0.05352941176470588 0.045
1 0.08764705882352941 0.5709090909090909 0.06352941176470588 0.034545454545454546
1 0.3885294117647059 0.5315909090909091 0.16294117647058823 0.03772727272727273
1 0.5602941176470588 0.5293181818181818 0.15235294117647058 0.035
1 0.5761764705882353 0.7765909090909091 0.02411764705882353 0.03409090909090909
1 0.08911764705882352 0.40454545454545454 0.0688235294117647 0.035454545454545454
1 0.6061764705882353 0.4590909090909091 0.028823529411764706 0.03090909090909091
1 0.5758823529411765 0.03727272727272727 0.11411764705882353 0.023636363636363636
1 0.7508823529411764 0.415 0.10882352941176471 0.034545454545454546
1 0.5073529411764706 0.9240909090909091 0.06764705882352941 0.04
1 0.6767647058823529 0.8631818181818182 0.054705882352941174 0.046363636363636364
1 0.5832352941176471 0.6809090909090909 0.12294117647058823 0.035454545454545454
1 0.3835294117647059 0.44886363636363635 0.15058823529411763 0.03772727272727273
1 0.0988235294117647 0.7334090909090909 0.07058823529411765 0.035
1 0.7247058823529412 0.37227272727272726 0.04352941176470588 0.03090909090909091
1 0.5276470588235294 0.45181818181818184 0.10941176470588235 0.034545454545454546
1 0.616764705882353 0.7345454545454545 0.0711764705882353 0.03363636363636364
1 0.5032352941176471 0.8565909090909091 0.054705882352941174 0.042272727272727274
1 0.6711764705882353 0.4168181818181818 0.03529411764705882 0.03272727272727273
1 0.8238235294117647 0.37522727272727274 0.13823529411764707 0.035
1 0.42323529411764704 0.36568181818181816 0.2288235294117647 0.038636363636363635
1 0.5397058823529411 0.6168181818181818 0.02411764705882353 0.031818181818181815
1 0.09 0.6143181818181818 0.06588235294117648 0.03590909090909091
1 0.6761764705882353 0.9254545454545454 0.057058823529411766 0.04090909090909091
1 0.6223529411764706 0.36886363636363634 0.1623529411764706 0.03681818181818182
1 0.3285294117647059 0.8577272727272728 0.05823529411764706 0.04181818181818182
1 0.29558823529411765 0.03568181818181818 0.033529411764705884 0.021363636363636362
1 0.34 0.03681818181818182 0.042352941176470586 0.023636363636363636
1 0.09970588235294117 0.7713636363636364 0.0688235294117647 0.03
1 0.3935294117647059 0.41 0.16941176470588235 0.042727272727272725
1 0.566764705882353 0.41113636363636363 0.15705882352941178 0.04045454545454545
1 0.4738235294117647 0.6195454545454545 0.09941176470588235 0.02727272727272727
1 0.595 0.6195454545454545 0.06294117647058824 0.02727272727272727
1 0.36 0.5727272727272728 0.11294117647058824 0.031818181818181815
1 0.4717647058823529 0.5731818181818182 0.1 0.03090909090909091
1 0.5370588235294118 0.5761363636363637 0.02235294117647059 0.023181818181818182
1 0.591764705882353 0.5729545454545455 0.07647058823529412 0.03681818181818182
1 0.5882352941176471 0.9254545454545454 0.06588235294117648 0.042727272727272725
1 0.6664705882352941 0.6865909090909091 0.02823529411764706 0.03772727272727273
1 0.37588235294117645 0.7315909090909091 0.13647058823529412 0.03772727272727273
1 0.4902941176470588 0.7297727272727272 0.08294117647058824 0.038636363636363635