1 0.41911764705882354 0.6879545454545455 0.21 0.035
1 0.5808823529411765 0.6202272727272727 0.025294117647058825 0.030454545454545453
1 0.7597058823529412 0.8602272727272727 0.05235294117647059 0.038636363636363635
1 0.8455882352941176 0.9286363636363636 0.054705882352941174 0.04
1 0.9588235294117647 0.7327272727272728 0.08235294117647059 0.04454545454545455
1 0.41323529411764703 0.9270454545454545 0.05235294117647059 0.03681818181818182
1 0.553235294117647 0.5254545454545455 0.13 0.03727272727272727
1 0.8426470588235294 0.8629545454545454 0.04411764705882353 0.04045454545454545
1 0.36176470588235293 0.6213636363636363 0.11529411764705882 0.034545454545454546
1 0.6944117647058824 0.7775 0.06294117647058824 0.029545454545454545
1 0.69 0.6870454545454545 0.03411764705882353 0.03318181818181818
1 0.485 0.7297727272727272 0.3629411764705882 0.038636363636363635
1 0.7191176470588235 0.5238636363636363 0.0688235294117647 0.03227272727272727
1 0.3814705882352941 0.4652272727272727 0.1688235294117647 0.029545454545454545
1 0.10176470588235294 0.6843181818181818 0.06941176470588235 0.035
1 0.09735294117647059 0.4525 0.07352941176470588 0.03590909090909091
1 0.765 0.571590909090909 0.03470588235294118 0.03409090909090909
1 0.09705882352941177 0.3709090909090909 0.06941176470588235 0.034545454545454546
1 0.15794117647058822 0.9238636363636363 0.05588235294117647 0.038636363636363635
1 0.8435294117647059 0.5718181818181818 0.0988235294117647 0.03636363636363636
1 0.33088235294117646 0.9272727272727272 0.054705882352941174 0.03636363636363636
1 0.16029411764705884 0.8604545454545455 0.05235294117647059 0.03909090909090909
1 0.09852941176470588 0.5259090909090909 0.06647058823529411 0.034545454545454546
1 0.6329411764705882 0.6259090909090909 0.05764705882352941 0.03
1 0.9244117647058824 0.3831818181818182 0.08529411764705883 0.02181818181818182
1 0.24735294117647058 0.8613636363636363 0.057058823529411766 0.03727272727272727
1 0.6535294117647059 0.5265909090909091 0.03411764705882353 0.03227272727272727
1 0.24441176470588236 0.9252272727272727 0.051176470588235295 0.03772727272727273
1 0.3876470588235294 0.7702272727272728 0.1623529411764706 0.035
1 0.7594117647058823 0.9286363636363636 0.04941176470588235 0.04
1 0.28705882352941176 0.03659090909090909 0.04352941176470588 0.02409090909090909
1 0.553235294117647 0.7811363636363636 0.1111764705882353 0.03227272727272727
1 0.6747058823529412 0.4697727272727273 0.09058823529411765 0.03227272727272727
1 0.6420588235294118 0.4068181818181818 0.16176470588235295 0.031818181818181815
1 0.4273529411764706 0.8595454545454545 0.0688235294117647 0.038181818181818185
1 0.5811764705882353 0.9279545454545455 0.04470588235294118 0.04045454545454545
1 0.3952941176470588 0.5315909090909091 0.16823529411764707 0.03772727272727273
1 0.4958823529411765 0.6247727272727273 0.10941176470588235 0.03227272727272727
1 0.6011764705882353 0.8640909090909091 0.07529411764705882 0.03909090909090909
1 0.1011764705882353 0.5681818181818182 0.0611764705882353 0.03363636363636364
1 0.6485294117647059 0.5693181818181818 0.1923529411764706 0.03772727272727273
1 0.56 0.04022727272727273 0.09647058823529411 0.021363636363636362
1 0.6014705882352941 0.4668181818181818 0.03588235294117647 0.03272727272727273
1 0.8305882352941176 0.4090909090909091 0.13529411764705881 0.02909090909090909
1 0.7708823529411765 0.7311363636363636 0.2088235294117647 0.03681818181818182
1 0.5047058823529412 0.9275 0.05647058823529412 0.03954545454545454
1 0.6829411764705883 0.8593181818181819 0.06588235294117648 0.038636363636363635
1 0.6032352941176471 0.6890909090909091 0.1323529411764706 0.034545454545454546
1 0.8920588235294118 0.7281818181818182 0.04647058823529412 0.04
1 0.42470588235294116 0.5661363636363637 0.23176470588235293 0.038636363636363635
1 0.09441176470588235 0.774090909090909 0.06529411764705882 0.035454545454545454
1 0.7561764705882353 0.3734090909090909 0.18764705882352942 0.03772727272727273
1 0.5320588235294118 0.46386363636363637 0.10882352941176471 0.035
1 0.6317647058823529 0.7763636363636364 0.03058823529411765 0.03363636363636364
1 0.508235294117647 0.8604545454545455 0.06352941176470588 0.03909090909090909
1 0.49176470588235294 0.3729545454545454 0.35411764705882354 0.03409090909090909
1 0.10676470588235294 0.610909090909091 0.0711764705882353 0.034545454545454546
1 0.6708823529411765 0.9275 0.05235294117647059 0.04045454545454545
1 0.3376470588235294 0.860909090909091 0.06352941176470588 0.038181818181818185
1 0.7585294117647059 0.6856818181818182 0.07823529411764706 0.03409090909090909
1 0.8770588235294118 0.3684090909090909 0.041176470588235294 0.029545454545454545
1 0.4285294117647059 0.41295454545454546 0.2570588235294118 0.035
1 0.7438235294117647 0.4072727272727273 0.03588235294117647 0.02909090909090909
1 0.09794117647058824 0.73 0.06764705882352941 0.03909090909090909