1 0.5555882352941176 0.6897727272727273 0.09588235294117647 0.035
1 0.7532352941176471 0.8613636363636363 0.05941176470588235 0.04
1 0.8370588235294117 0.9270454545454545 0.05176470588235294 0.038636363636363635
1 0.4032352941176471 0.9240909090909091 0.057058823529411766 0.03727272727272727
1 0.8379411764705882 0.8618181818181818 0.054705882352941174 0.04090909090909091
1 0.3635294117647059 0.610909090909091 0.1188235294117647 0.035454545454545454
1 0.6705882352941176 0.8575 0.06 0.03954545454545454
1 0.395 0.7254545454545455 0.18411764705882352 0.035454545454545454
1 0.7470588235294118 0.5284090909090909 0.10823529411764705 0.03590909090909091
1 0.40441176470588236 0.4134090909090909 0.20529411764705882 0.03772727272727273
1 0.10264705882352941 0.6756818181818182 0.07823529411764706 0.03409090909090909
1 0.0988235294117647 0.44636363636363635 0.06941176470588235 0.035454545454545454
1 0.4011764705882353 0.6813636363636364 0.18 0.04363636363636364
1 0.10029411764705883 0.36045454545454547 0.07352941176470588 0.034545454545454546
1 0.4573529411764706 0.7711363636363636 0.08294117647058824 0.035
1 0.5632352941176471 0.7327272727272728 0.10882352941176471 0.03363636363636364
1 0.15 0.9240909090909091 0.05058823529411765 0.03727272727272727
1 0.8185294117647058 0.5702272727272727 0.04176470588235294 0.035
1 0.14911764705882352 0.855 0.05235294117647059 0.03727272727272727
1 0.5976470588235294 0.4109090909090909 0.1623529411764706 0.04181818181818182
1 0.40147058823529413 0.53 0.19588235294117648 0.03636363636363636
1 0.10529411764705883 0.5177272727272727 0.07529411764705882 0.034545454545454546
1 0.6273529411764706 0.6177272727272727 0.09 0.03090909090909091
1 0.2338235294117647 0.8570454545454546 0.0488235294117647 0.03590909090909091
1 0.6673529411764706 0.5309090909090909 0.028823529411764706 0.03272727272727273
1 0.23676470588235293 0.9231818181818182 0.05352941176470588 0.03636363636363636
1 0.3623529411764706 0.775 0.11647058823529412 0.03636363636363636
1 0.7505882352941177 0.9265909090909091 0.05058823529411765 0.038636363636363635
1 0.3070588235294118 0.031363636363636364 0.03764705882352941 0.02727272727272727
1 0.6476470588235295 0.37795454545454543 0.03294117647058824 0.028636363636363637
1 0.4041176470588235 0.8572727272727273 0.047058823529411764 0.038181818181818185
1 0.575 0.9256818181818182 0.05235294117647059 0.03590909090909091
1 0.0961764705882353 0.5634090909090909 0.07470588235294118 0.03409090909090909
1 0.5591176470588235 0.46386363636363637 0.033529411764705884 0.02772727272727273
1 0.49058823529411766 0.4615909090909091 0.10588235294117647 0.03409090909090909
1 0.5764705882352941 0.8595454545454545 0.04470588235294118 0.04181818181818182
1 0.0988235294117647 0.4036363636363636 0.07411764705882352 0.034545454545454546
1 0.6088235294117647 0.4636363636363636 0.05764705882352941 0.023636363636363636
1 0.5502941176470588 0.035227272727272725 0.08411764705882353 0.02409090909090909
1 0.7714705882352941 0.4138636363636364 0.08294117647058824 0.042272727272727274
1 0.49058823529411766 0.9265909090909091 0.05647058823529412 0.038636363636363635
1 0.5602941176470588 0.37204545454545457 0.13941176470588235 0.03772727272727273
1 0.8894117647058823 0.5688636363636363 0.10470588235294118 0.038636363636363635
1 0.36323529411764705 0.4593181818181818 0.10882352941176471 0.03681818181818182
1 0.10147058823529412 0.7611363636363636 0.08294117647058824 0.035
1 0.10029411764705883 0.7188636363636364 0.08058823529411764 0.03590909090909091
1 0.72 0.37545454545454543 0.08352941176470588 0.03090909090909091
1 0.4973529411764706 0.8570454545454546 0.04764705882352941 0.038636363636363635
1 0.5811764705882353 0.5311363636363636 0.11529411764705882 0.03590909090909091
1 0.3870588235294118 0.3675 0.16117647058823528 0.03772727272727273
1 0.49058823529411766 0.6097727272727272 0.11764705882352941 0.03409090909090909
1 0.09588235294117647 0.6052272727272727 0.07529411764705882 0.03409090909090909
1 0.663235294117647 0.9265909090909091 0.051176470588235295 0.038636363636363635
1 0.6847058823529412 0.5668181818181818 0.2023529411764706 0.04
1 0.31941176470588234 0.8581818181818182 0.0611764705882353 0.042727272727272725
1 0.31823529411764706 0.9247727272727273 0.058823529411764705 0.03590909090909091
1 0.44029411764705884 0.5686363636363636 0.2735294117647059 0.04181818181818182
1 0.7076470588235294 0.41454545454545455 0.042352941176470586 0.038181818181818185
1 0.5608823529411765 0.6265909090909091 0.03235294117647059 0.035