1 0.4067647058823529 0.4134090909090909 0.18058823529411766 0.03227272727272727
1 0.7608823529411765 0.8661363636363636 0.057058823529411766 0.03590909090909091
1 0.8547058823529412 0.9304545454545454 0.07176470588235294 0.03909090909090909
1 0.41205882352941176 0.9286363636363636 0.05941176470588235 0.035454545454545454
1 0.8464705882352941 0.8695454545454545 0.05647058823529412 0.038181818181818185
1 0.4023529411764706 0.6161363636363636 0.21411764705882352 0.03318181818181818
1 0.7105882352941176 0.7897727272727273 0.15529411764705883 0.03318181818181818
1 0.6544117647058824 0.6211363636363636 0.21235294117647058 0.03227272727272727
1 0.4476470588235294 0.7304545454545455 0.30823529411764705 0.034545454545454546
1 0.11 0.6856818181818182 0.09176470588235294 0.029545454545454545
1 0.3938235294117647 0.6840909090909091 0.1864705882352941 0.035454545454545454
1 0.11029411764705882 0.5259090909090909 0.10058823529411764 0.031818181818181815
1 0.1188235294117647 0.45886363636363636 0.11058823529411765 0.03772727272727273
1 0.43941176470588234 0.7781818181818182 0.26823529411764707 0.031818181818181815
1 0.155 0.9259090909090909 0.057058823529411766 0.038181818181818185
1 0.3291176470588235 0.928409090909091 0.06529411764705882 0.03681818181818182
1 0.16117647058823528 0.8575 0.06352941176470588 0.03954545454545454
1 0.7544117647058823 0.7361363636363636 0.19588235294117648 0.03590909090909091
1 0.8464705882352941 0.37363636363636366 0.11529411764705882 0.034545454545454546
1 0.24529411764705883 0.86 0.06352941176470588 0.03909090909090909
1 0.24794117647058825 0.9277272727272727 0.06294117647058824 0.03636363636363636
1 0.7605882352941177 0.9286363636363636 0.06235294117647059 0.03909090909090909
1 0.1223529411764706 0.36613636363636365 0.11647058823529412 0.03590909090909091
1 0.7311764705882353 0.37386363636363634 0.042352941176470586 0.03227272727272727
1 0.6232352941176471 0.4147727272727273 0.22647058823529412 0.031363636363636364
1 0.41823529411764704 0.8602272727272727 0.05411764705882353 0.038636363636363635
1 0.5941176470588235 0.9288636363636363 0.06941176470588235 0.03772727272727273
1 0.10911764705882353 0.5729545454545455 0.10176470588235294 0.03590909090909091
1 0.39235294117647057 0.5293181818181818 0.18352941176470589 0.03590909090909091
1 0.4235294117647059 0.5722727272727273 0.24823529411764705 0.034545454545454546
1 0.5891176470588235 0.8640909090909091 0.05941176470588235 0.03727272727272727
1 0.11852941176470588 0.4113636363636364 0.09705882352941177 0.038181818181818185
1 0.7155882352941176 0.5756818181818182 0.26294117647058823 0.03681818181818182
1 0.5826470588235294 0.04045454545454545 0.12176470588235294 0.023636363636363636
1 0.5955882352941176 0.37386363636363634 0.16647058823529412 0.03772727272727273
1 0.7994117647058824 0.4690909090909091 0.12588235294117647 0.03272727272727273
1 0.5047058823529412 0.9279545454545455 0.06823529411764706 0.03772727272727273
1 0.6752941176470588 0.865 0.06 0.03636363636363636
1 0.8761764705882353 0.41659090909090907 0.13117647058823528 0.038636363636363635
1 0.37470588235294117 0.45386363636363636 0.13529411764705881 0.03681818181818182
1 0.1038235294117647 0.7656818181818181 0.0888235294117647 0.038636363636363635
1 0.10911764705882353 0.7245454545454545 0.0888235294117647 0.038181818181818185
1 0.78 0.4213636363636364 0.041176470588235294 0.03272727272727273
1 0.5564705882352942 0.4627272727272727 0.1564705882352941 0.035454545454545454
1 0.6235294117647059 0.6961363636363637 0.14352941176470588 0.03318181818181818
1 0.5035294117647059 0.8638636363636364 0.05176470588235294 0.03954545454545454
1 0.6991176470588235 0.4727272727272727 0.039411764705882354 0.035454545454545454
1 0.6111764705882353 0.5334090909090909 0.18352941176470589 0.035
1 0.11029411764705882 0.6147727272727272 0.08647058823529412 0.038636363636363635
1 0.6767647058823529 0.9288636363636363 0.0688235294117647 0.03772727272727273
1 0.3361764705882353 0.8602272727272727 0.06529411764705882 0.038636363636363635
1 0.39588235294117646 0.3715909090909091 0.13294117647058823 0.03681818181818182
1 0.3138235294117647 0.0375 0.04411764705882353 0.021363636363636362