1 0.4208823529411765 0.6852272727272727 0.2311764705882353 0.035
1 0.37676470588235295 0.37204545454545457 0.14411764705882352 0.031363636363636364
1 0.7623529411764706 0.8629545454545454 0.07294117647058823 0.03772727272727273
1 0.8473529411764706 0.93 0.0688235294117647 0.03909090909090909
1 0.5341176470588235 0.6136363636363636 0.11764705882352941 0.03363636363636364
1 0.4123529411764706 0.9297727272727273 0.06352941176470588 0.03681818181818182
1 0.5702941176470588 0.5293181818181818 0.13117647058823528 0.035
1 0.8464705882352941 0.8665909090909091 0.06235294117647059 0.03772727272727273
1 0.3885294117647059 0.6147727272727272 0.16411764705882353 0.03681818181818182
1 0.6611764705882353 0.7715909090909091 0.06588235294117648 0.035
1 0.6191176470588236 0.6877272727272727 0.16058823529411764 0.03363636363636364
1 0.4294117647058823 0.7304545454545455 0.26 0.038181818181818185
1 0.09529411764705882 0.6806818181818182 0.07411764705882352 0.03590909090909091
1 0.09588235294117647 0.45295454545454544 0.06705882352941177 0.035
1 0.7241176470588235 0.5311363636363636 0.11058823529411765 0.03318181818181818
1 0.09411764705882353 0.3668181818181818 0.07411764705882352 0.035454545454545454
1 0.5197058823529411 0.7727272727272727 0.14411764705882352 0.03272727272727273
1 0.16176470588235295 0.9268181818181818 0.07176470588235294 0.03909090909090909
1 0.8544117647058823 0.5740909090909091 0.14529411764705882 0.03727272727272727
1 0.32676470588235296 0.9281818181818182 0.06294117647058824 0.03727272727272727
1 0.15823529411764706 0.8595454545454545 0.06588235294117648 0.04
1 0.6644117647058824 0.7306818181818182 0.19941176470588234 0.03590909090909091
1 0.5844117647058824 0.45545454545454545 0.07705882352941176 0.03
1 0.10088235294117646 0.5247727272727273 0.07823529411764706 0.03409090909090909
1 0.67 0.6143181818181818 0.1 0.03318181818181818
1 0.24176470588235294 0.8604545454545455 0.05647058823529412 0.038181818181818185
1 0.24147058823529413 0.9277272727272727 0.05588235294117647 0.038181818181818185
1 0.3735294117647059 0.7720454545454546 0.14588235294117646 0.03409090909090909
1 0.7547058823529412 0.9306818181818182 0.05411764705882353 0.038636363636363635
1 0.30617647058823527 0.03431818181818182 0.04176470588235294 0.02590909090909091
1 0.5902941176470589 0.3725 0.07235294117647059 0.035
1 0.5905882352941176 0.41363636363636364 0.10941176470588235 0.03636363636363636
1 0.41205882352941176 0.860909090909091 0.05941176470588235 0.03636363636363636
1 0.5876470588235294 0.93 0.06470588235294118 0.04
1 0.40176470588235297 0.5304545454545454 0.19647058823529412 0.038181818181818185
1 0.49117647058823527 0.4586363636363636 0.06588235294117648 0.031818181818181815
1 0.5864705882352941 0.8629545454545454 0.06470588235294118 0.038636363636363635
1 0.1 0.40954545454545455 0.07647058823529412 0.035454545454545454
1 0.5670588235294117 0.0425 0.12588235294117647 0.026818181818181817
1 0.66 0.4134090909090909 0.02823529411764706 0.04045454545454545
1 0.7352941176470589 0.4127272727272727 0.12117647058823529 0.03636363636363636
1 0.7838235294117647 0.7318181818181818 0.03470588235294118 0.03727272727272727
1 0.5014705882352941 0.9306818181818182 0.06411764705882353 0.038636363636363635
1 0.6738235294117647 0.8638636363636364 0.05588235294117647 0.03681818181818182
1 0.8620588235294118 0.730909090909091 0.10764705882352942 0.035454545454545454
1 0.38058823529411767 0.45636363636363636 0.15176470588235294 0.038181818181818185
1 0.1 0.7677272727272727 0.07294117647058823 0.035454545454545454
1 0.09852941176470588 0.7254545454545455 0.07470588235294118 0.034545454545454546
1 0.5061764705882353 0.8611363636363636 0.06764705882352941 0.03772727272727273
1 0.10441176470588236 0.6127272727272727 0.08176470588235295 0.035454545454545454
1 0.6755882352941176 0.9288636363636363 0.057058823529411766 0.038636363636363635
1 0.32294117647058823 0.8604545454545455 0.047058823529411764 0.038181818181818185
1 0.7802941176470588 0.6868181818181818 0.0888235294117647 0.034545454545454546
1 0.48323529411764704 0.3725 0.05823529411764706 0.030454545454545453
1 0.5341176470588235 0.37522727272727274 0.03529411764705882 0.026818181818181817
1 0.4167647058823529 0.4131818181818182 0.22294117647058823 0.04090909090909091
1 0.1011764705882353 0.5702272727272727 0.07647058823529412 0.03318181818181818
1 0.6044117647058823 0.6202272727272727 0.019411764705882354 0.02590909090909091
1 0.6529411764705882 0.5336363636363637 0.029411764705882353 0.024545454545454544
1 0.4308823529411765 0.5725 0.2747058823529412 0.03954545454545454
1 0.6597058823529411 0.5729545454545455 0.1688235294117647 0.038636363636363635
1 0.7664705882352941 0.5725 0.03176470588235294 0.03590909090909091
1 0.72 0.6879545454545455 0.027058823529411764 0.03227272727272727
1 0.6114705882352941 0.7745454545454545 0.033529411764705884 0.031818181818181815
1 0.5338235294117647 0.4575 0.031176470588235295 0.03409090909090909