1 0.41441176470588237 0.6843181818181818 0.21588235294117647 0.042272727272727274
1 0.7605882352941177 0.8618181818181818 0.05058823529411765 0.04090909090909091
1 0.8458823529411764 0.9277272727272727 0.05764705882352941 0.03909090909090909
1 0.6885294117647058 0.5695454545454546 0.18764705882352942 0.04363636363636364
1 0.8461764705882353 0.860909090909091 0.054705882352941174 0.04090909090909091
1 0.395 0.6138636363636364 0.17941176470588235 0.04045454545454545
1 0.7341176470588235 0.6161363636363636 0.0976470588235294 0.035
1 0.7494117647058823 0.5295454545454545 0.11176470588235295 0.038181818181818185
1 0.39558823529411763 0.7711363636363636 0.19117647058823528 0.04318181818181818
1 0.2961764705882353 0.0375 0.0488235294117647 0.023181818181818182
1 0.5647058823529412 0.7734090909090909 0.14705882352941177 0.038636363636363635
1 0.15441176470588236 0.9240909090909091 0.05 0.04090909090909091
1 0.4164705882352941 0.9256818181818182 0.05764705882352941 0.03954545454545454
1 0.41352941176470587 0.5261363636363636 0.22470588235294117 0.042272727272727274
1 0.6032352941176471 0.5272727272727272 0.13941176470588235 0.04090909090909091
1 0.32529411764705884 0.9252272727272727 0.05764705882352941 0.038636363636363635
1 0.7679411764705882 0.9268181818181818 0.06764705882352941 0.038181818181818185
1 0.4761764705882353 0.7277272727272728 0.34294117647058825 0.042727272727272725
1 0.6788235294117647 0.3795454545454545 0.03764705882352941 0.04909090909090909
1 0.6108823529411764 0.4093181818181818 0.1676470588235294 0.03954545454545454
1 0.41970588235294115 0.8586363636363636 0.05941176470588235 0.04090909090909091
1 0.5885294117647059 0.9252272727272727 0.057058823529411766 0.03954545454545454
1 0.44676470588235295 0.5681818181818182 0.28647058823529414 0.03909090909090909
1 0.5811764705882353 0.46454545454545454 0.02588235294117647 0.035454545454545454
1 0.5135294117647059 0.455 0.10941176470588235 0.03363636363636364
1 0.5902941176470589 0.8584090909090909 0.05352941176470588 0.041363636363636366
1 0.6429411764705882 0.4586363636363636 0.0811764705882353 0.031818181818181815
1 0.5814705882352941 0.36818181818181817 0.13588235294117648 0.03909090909090909
1 0.8188235294117647 0.41409090909090907 0.1411764705882353 0.04454545454545455
1 0.7755882352941177 0.7256818181818182 0.23941176470588235 0.03772727272727273
1 0.5032352941176471 0.9259090909090909 0.061764705882352944 0.04090909090909091
1 0.6788235294117647 0.8584090909090909 0.05411764705882353 0.04045454545454545
1 0.8855882352941177 0.5688636363636363 0.13 0.03772727272727273
1 0.375 0.45545454545454545 0.1323529411764706 0.035454545454545454
1 0.14588235294117646 0.8534090909090909 0.04352941176470588 0.042272727272727274
1 0.23676470588235293 0.8556818181818182 0.04764705882352941 0.03954545454545454
1 0.7591176470588236 0.37477272727272726 0.11941176470588236 0.03681818181818182
1 0.6038235294117648 0.6852272727272727 0.14411764705882352 0.03590909090909091
1 0.5020588235294118 0.8604545454545455 0.05352941176470588 0.03909090909090909
1 0.40911764705882353 0.36818181818181817 0.20176470588235293 0.04181818181818182
1 0.5620588235294117 0.615 0.15 0.03727272727272727
1 0.6735294117647059 0.9265909090909091 0.05647058823529412 0.03954545454545454
1 0.3270588235294118 0.8581818181818182 0.052941176470588235 0.04090909090909091
1 0.41441176470588237 0.4118181818181818 0.22176470588235295 0.042727272727272725
1 0.7214705882352941 0.4115909090909091 0.05 0.035
1 0.8 0.5697727272727273 0.02823529411764706 0.038636363636363635
1 0.6629411764705883 0.6254545454545455 0.042352941176470586 0.05818181818181818
1 0.23911764705882352 0.9247727272727273 0.054705882352941174 0.038636363636363635