1 0.38676470588235295 0.7256818181818182 0.17823529411764705 0.03772727272727273
1 0.3991176470588235 0.4097727272727273 0.19588235294117648 0.04045454545454545
1 0.768235294117647 0.8634090909090909 0.052941176470588235 0.03681818181818182
1 0.8358823529411765 0.9295454545454546 0.04941176470588235 0.038181818181818185
1 0.5755882352941176 0.7286363636363636 0.18529411764705883 0.04090909090909091
1 0.4061764705882353 0.9286363636363636 0.05 0.038181818181818185
1 0.07676470588235294 0.5247727272727273 0.0488235294117647 0.03590909090909091
1 0.8382352941176471 0.8645454545454545 0.04588235294117647 0.03727272727272727
1 0.385 0.6154545454545455 0.15705882352941178 0.035454545454545454
1 0.6341176470588236 0.78 0.08588235294117647 0.03272727272727273
1 0.09411764705882353 0.6788636363636363 0.07647058823529412 0.035
1 0.10794117647058823 0.4515909090909091 0.10882352941176471 0.03954545454545454
1 0.4885294117647059 0.7759090909090909 0.11 0.034545454545454546
1 0.15058823529411763 0.9247727272727273 0.04823529411764706 0.038636363636363635
1 0.32 0.9270454545454545 0.047058823529411764 0.038636363636363635
1 0.1514705882352941 0.8563636363636363 0.05 0.03909090909090909
1 0.10441176470588236 0.4088636363636364 0.10176470588235294 0.03681818181818182
1 0.6929411764705883 0.7322727272727273 0.03058823529411765 0.03272727272727273
1 0.23823529411764705 0.8584090909090909 0.04588235294117647 0.03772727272727273
1 0.2388235294117647 0.9256818181818182 0.041176470588235294 0.03772727272727273
1 0.36323529411764705 0.7731818181818182 0.1323529411764706 0.03363636363636364
1 0.7579411764705882 0.9268181818181818 0.057058823529411766 0.03636363636363636
1 0.1 0.36613636363636365 0.10941176470588235 0.038636363636363635
1 0.4073529411764706 0.8588636363636364 0.045294117647058825 0.03772727272727273
1 0.5802941176470588 0.9293181818181818 0.04764705882352941 0.038636363636363635
1 0.08 0.6077272727272728 0.04941176470588235 0.03727272727272727
1 0.41441176470588237 0.5720454545454545 0.21941176470588236 0.042272727272727274
1 0.6011764705882353 0.4709090909090909 0.02588235294117647 0.031818181818181815
1 0.5641176470588235 0.7822727272727272 0.02588235294117647 0.03363636363636364
1 0.07705882352941176 0.5661363636363637 0.05058823529411765 0.03590909090909091
1 0.6611764705882353 0.46295454545454545 0.06941176470588235 0.031363636363636364
1 0.5547058823529412 0.03954545454545454 0.08705882352941176 0.024545454545454544
1 0.7202941176470589 0.415 0.09588235294117647 0.035454545454545454
1 0.7858823529411765 0.7320454545454546 0.13294117647058823 0.03681818181818182
1 0.4973529411764706 0.9275 0.05235294117647059 0.03772727272727273
1 0.6717647058823529 0.860909090909091 0.05764705882352941 0.03727272727272727
1 0.5641176470588235 0.4109090909090909 0.12823529411764706 0.03727272727272727
1 0.3735294117647059 0.45840909090909093 0.15529411764705883 0.035
1 0.09823529411764706 0.7659090909090909 0.08352941176470588 0.035454545454545454
1 0.09323529411764706 0.7268181818181818 0.08294117647058824 0.03636363636363636
1 0.5220588235294118 0.46136363636363636 0.11352941176470588 0.03363636363636364
1 0.49176470588235294 0.8604545454545455 0.047058823529411764 0.038181818181818185
1 0.6638235294117647 0.9297727272727273 0.05 0.038636363636363635
1 0.32176470588235295 0.8581818181818182 0.042352941176470586 0.038181818181818185
1 0.30911764705882355 0.034772727272727275 0.03588235294117647 0.023181818181818182
1 0.6505882352941177 0.41204545454545455 0.04 0.03954545454545454
1 0.5794117647058824 0.8611363636363636 0.052941176470588235 0.03681818181818182