1 0.3914705882352941 0.6786363636363636 0.17 0.04
1 0.5458823529411765 0.6788636363636363 0.11529411764705882 0.03590909090909091
1 0.7644117647058823 0.8593181818181819 0.06764705882352941 0.041363636363636366
1 0.8482352941176471 0.925 0.07058823529411765 0.04363636363636364
1 0.5608823529411765 0.6122727272727273 0.15 0.03636363636363636
1 0.4167647058823529 0.9227272727272727 0.05941176470588235 0.04363636363636364
1 0.5629411764705883 0.52 0.15058823529411763 0.03727272727272727
1 0.8464705882352941 0.8579545454545454 0.06705882352941177 0.042272727272727274
1 0.39 0.6081818181818182 0.16705882352941176 0.03727272727272727
1 0.6444117647058824 0.775 0.03588235294117647 0.03909090909090909
1 0.3926470588235294 0.45295454545454544 0.1711764705882353 0.038636363636363635
1 0.7173529411764706 0.68 0.10058823529411764 0.03636363636363636
1 0.42323529411764704 0.7234090909090909 0.24529411764705883 0.03681818181818182
1 0.73 0.519090909090909 0.09411764705882353 0.034545454545454546
1 0.45794117647058824 0.4084090909090909 0.3029411764705882 0.03954545454545454
1 0.10764705882352942 0.68 0.08823529411764706 0.03636363636363636
1 0.11352941176470588 0.45227272727272727 0.11176470588235295 0.038181818181818185
1 0.6494117647058824 0.7261363636363637 0.17411764705882352 0.03590909090909091
1 0.16794117647058823 0.9213636363636364 0.07941176470588235 0.042727272727272725
1 0.8970588235294118 0.5665909090909091 0.10941176470588235 0.04318181818181818
1 0.3338235294117647 0.9231818181818182 0.06647058823529411 0.04181818181818182
1 0.16294117647058823 0.855909090909091 0.06470588235294118 0.04181818181818182
1 0.7252941176470589 0.7704545454545455 0.0988235294117647 0.03272727272727273
1 0.38794117647058823 0.5213636363636364 0.16176470588235295 0.038181818181818185
1 0.11558823529411764 0.5227272727272727 0.09823529411764706 0.03909090909090909
1 0.9017647058823529 0.4052272727272727 0.0988235294117647 0.04045454545454545
1 0.2461764705882353 0.8572727272727273 0.05823529411764706 0.04181818181818182
1 0.6635294117647059 0.6222727272727273 0.029411764705882353 0.03636363636363636
1 0.2511764705882353 0.9247727272727273 0.05529411764705883 0.03954545454545454
1 0.3820588235294118 0.7704545454545455 0.15823529411764706 0.035454545454545454
1 0.7658823529411765 0.9243181818181818 0.07294117647058823 0.04045454545454545
1 0.11058823529411765 0.36613636363636365 0.08235294117647059 0.03590909090909091
1 0.5452941176470588 0.7697727272727273 0.12352941176470589 0.03409090909090909
1 0.7102941176470589 0.4561363636363636 0.08411764705882353 0.03318181818181818
1 0.6838235294117647 0.37 0.051176470588235295 0.03272727272727273
1 0.6514705882352941 0.45795454545454545 0.03470588235294118 0.03681818181818182
1 0.41705882352941176 0.8568181818181818 0.06705882352941177 0.042727272727272725
1 0.5944117647058823 0.9254545454545454 0.0711764705882353 0.03909090909090909
1 0.11352941176470588 0.5684090909090909 0.09647058823529411 0.03772727272727273
1 0.5932352941176471 0.8570454545454546 0.06764705882352941 0.04045454545454545
1 0.10794117647058823 0.40636363636363637 0.09 0.04090909090909091
1 0.6788235294117647 0.5679545454545455 0.20588235294117646 0.04045454545454545
1 0.5611764705882353 0.035454545454545454 0.10235294117647059 0.024545454545454544
1 0.6620588235294118 0.5238636363636363 0.03235294117647059 0.035
1 0.5055882352941177 0.9245454545454546 0.0711764705882353 0.04
1 0.6814705882352942 0.8588636363636364 0.07 0.03954545454545454
1 0.7714705882352941 0.36704545454545456 0.09470588235294118 0.03772727272727273
1 0.8658823529411764 0.7209090909090909 0.13647058823529412 0.04090909090909091
1 0.11294117647058824 0.7661363636363636 0.10941176470588235 0.03772727272727273
1 0.09705882352941177 0.7225 0.0976470588235294 0.03772727272727273
1 0.7073529411764706 0.40863636363636363 0.18411764705882352 0.04181818181818182
1 0.5541176470588235 0.45204545454545453 0.12941176470588237 0.03681818181818182
1 0.5035294117647059 0.8568181818181818 0.06235294117647059 0.042727272727272725
1 0.6358823529411765 0.6847727272727273 0.04 0.038636363636363635
1 0.40441176470588236 0.3654545454545455 0.19941176470588234 0.04
1 0.11205882352941177 0.6075 0.09941176470588235 0.041363636363636366
1 0.6814705882352942 0.9252272727272727 0.060588235294117644 0.03954545454545454
1 0.5888235294117647 0.3659090909090909 0.12117647058823529 0.04
1 0.3288235294117647 0.8556818181818182 0.05764705882352941 0.041363636363636366
1 0.7320588235294118 0.6122727272727273 0.0888235294117647 0.03363636363636364
1 0.7652941176470588 0.7254545454545455 0.047058823529411764 0.03636363636363636
1 0.30117647058823527 0.03613636363636363 0.04 0.022272727272727274
1 0.8320588235294117 0.41409090909090907 0.03823529411764706 0.04909090909090909
1 0.4326470588235294 0.5681818181818182 0.2723529411764706 0.038181818181818185
1 0.8191176470588235 0.5675 0.03823529411764706 0.04318181818181818