1 0.4541176470588235 0.6847727272727273 0.29764705882352943 0.045
1 0.7585294117647059 0.86 0.057058823529411766 0.04181818181818182
1 0.8473529411764706 0.9272727272727272 0.07 0.04
1 0.5982352941176471 0.6190909090909091 0.12705882352941175 0.03272727272727273
1 0.4188235294117647 0.9256818181818182 0.07058823529411765 0.03954545454545454
1 0.46794117647058825 0.5718181818181818 0.3264705882352941 0.03636363636363636
1 0.41411764705882353 0.6184090909090909 0.22705882352941176 0.03772727272727273
1 0.6985294117647058 0.7870454545454545 0.03588235294117647 0.03954545454545454
1 0.4 0.455 0.18705882352941178 0.038181818181818185
1 0.7147058823529412 0.6886363636363636 0.2188235294117647 0.04363636363636364
1 0.44382352941176473 0.7284090909090909 0.3111764705882353 0.038636363636363635
1 0.8482352941176471 0.5345454545454545 0.12705882352941175 0.038181818181818185
1 0.10441176470588236 0.6790909090909091 0.09 0.03636363636363636
1 0.10558823529411765 0.4475 0.09 0.03681818181818182
1 0.7570588235294118 0.54 0.03176470588235294 0.03636363636363636
1 0.1564705882352941 0.9238636363636363 0.06588235294117648 0.03954545454545454
1 0.8385294117647059 0.5727272727272728 0.03470588235294118 0.038181818181818185
1 0.32676470588235296 0.9259090909090909 0.06294117647058824 0.04
1 0.1561764705882353 0.8568181818181818 0.054705882352941174 0.038181818181818185
1 0.7094117647058824 0.7302272727272727 0.2223529411764706 0.03772727272727273
1 0.435 0.5254545454545455 0.25588235294117645 0.04
1 0.10088235294117646 0.5229545454545454 0.09 0.03590909090909091
1 0.8614705882352941 0.3740909090909091 0.07823529411764706 0.03363636363636364
1 0.24058823529411766 0.8588636363636364 0.052941176470588235 0.04045454545454545
1 0.6508823529411765 0.5304545454545454 0.15941176470588236 0.03727272727272727
1 0.2411764705882353 0.9263636363636364 0.06588235294117648 0.038181818181818185
1 0.3973529411764706 0.7763636363636364 0.20176470588235293 0.038181818181818185
1 0.76 0.925 0.0611764705882353 0.045454545454545456
1 0.10911764705882353 0.36227272727272725 0.09352941176470589 0.03727272727272727
1 0.5897058823529412 0.7786363636363637 0.1711764705882353 0.034545454545454546
1 0.6976470588235294 0.46045454545454545 0.07764705882352942 0.03272727272727273
1 0.6744117647058824 0.3729545454545454 0.20058823529411765 0.03954545454545454
1 0.41352941176470587 0.8606818181818182 0.06588235294117648 0.03954545454545454
1 0.585 0.9263636363636364 0.05588235294117647 0.04
1 0.09 0.5690909090909091 0.08470588235294117 0.03727272727272727
1 0.585 0.8593181818181819 0.057058823529411766 0.03954545454545454
1 0.1111764705882353 0.40795454545454546 0.0988235294117647 0.03681818181818182
1 0.6420588235294118 0.4656818181818182 0.028823529411764706 0.03590909090909091
1 0.5538235294117647 0.03704545454545455 0.09352941176470589 0.022272727272727274
1 0.7935294117647059 0.41363636363636364 0.036470588235294116 0.03909090909090909
1 0.7688235294117647 0.7804545454545454 0.09176470588235294 0.03363636363636364
1 0.5011764705882353 0.9263636363636364 0.06705882352941177 0.03909090909090909
1 0.8967647058823529 0.6918181818181818 0.0888235294117647 0.03909090909090909
1 0.6752941176470588 0.8606818181818182 0.07647058823529412 0.04045454545454545
1 0.6776470588235294 0.41204545454545455 0.16941176470588235 0.03590909090909091
1 0.8364705882352941 0.7334090909090909 0.03411764705882353 0.04045454545454545
1 0.1038235294117647 0.7638636363636364 0.0888235294117647 0.03590909090909091
1 0.10176470588235294 0.7218181818181818 0.09294117647058824 0.03727272727272727
1 0.7961764705882353 0.37863636363636366 0.04176470588235294 0.035454545454545454
1 0.5544117647058824 0.45840909090909093 0.1264705882352941 0.035
1 0.5002941176470588 0.8602272727272727 0.06647058823529411 0.038636363636363635
1 0.44 0.3725 0.25058823529411767 0.03772727272727273
1 0.09205882352941176 0.6084090909090909 0.08647058823529412 0.03772727272727273
1 0.6761764705882353 0.9261363636363636 0.07352941176470588 0.041363636363636366
1 0.32529411764705884 0.8584090909090909 0.05764705882352941 0.03954545454545454
1 0.725 0.5736363636363636 0.18529411764705883 0.03909090909090909
1 0.30558823529411766 0.035454545454545454 0.0488235294117647 0.03
1 0.85 0.4147727272727273 0.08352941176470588 0.03409090909090909
1 0.4461764705882353 0.4097727272727273 0.29352941176470587 0.04045454545454545
1 0.9026470588235294 0.5738636363636364 0.09470588235294118 0.04409090909090909
1 0.6817647058823529 0.6290909090909091 0.03176470588235294 0.03909090909090909
1 0.7497058823529412 0.6186363636363637 0.09117647058823529 0.03909090909090909
1 0.8979411764705882 0.7325 0.09470588235294118 0.042272727272727274
1 0.8373529411764706 0.7036363636363636 0.022941176470588236 0.03090909090909091
1 0.8488235294117648 0.8656818181818182 0.07882352941176471 0.03954545454545454