1 0.40352941176470586 0.6788636363636363 0.2223529411764706 0.03954545454545454
1 0.42764705882352944 0.4040909090909091 0.2541176470588235 0.038181818181818185
1 0.7641176470588236 0.8547727272727272 0.07647058823529412 0.04318181818181818
1 0.8420588235294117 0.9252272727272727 0.07352941176470588 0.041363636363636366
1 0.6155882352941177 0.5706818181818182 0.16058823529411764 0.03681818181818182
1 0.41147058823529414 0.9211363636363636 0.0711764705882353 0.04045454545454545
1 0.5526470588235294 0.5297727272727273 0.13941176470588235 0.029545454545454545
1 0.8464705882352941 0.8556818181818182 0.07176470588235294 0.04045454545454545
1 0.36411764705882355 0.6086363636363636 0.1388235294117647 0.035454545454545454
1 0.6752941176470588 0.8540909090909091 0.07411764705882352 0.042727272727272725
1 0.3855882352941176 0.45022727272727275 0.17 0.03954545454545454
1 0.39029411764705885 0.7225 0.19588235294117648 0.03772727272727273
1 0.11147058823529411 0.6731818181818182 0.05352941176470588 0.03636363636363636
1 0.10029411764705883 0.44386363636363635 0.09 0.03681818181818182
1 0.7144117647058823 0.53 0.09941176470588235 0.034545454545454546
1 0.09794117647058824 0.36068181818181816 0.09 0.03772727272727273
1 0.6341176470588236 0.6179545454545454 0.10588235294117647 0.03409090909090909
1 0.8052941176470588 0.5747727272727273 0.12588235294117647 0.03681818181818182
1 0.3288235294117647 0.9195454545454546 0.08 0.04
1 0.1561764705882353 0.8518181818181818 0.07 0.04181818181818182
1 0.7232352941176471 0.5740909090909091 0.03 0.034545454545454546
1 0.3847058823529412 0.524090909090909 0.18588235294117647 0.04454545454545455
1 0.09411764705882353 0.5206818181818181 0.08352941176470588 0.038636363636363635
1 0.24176470588235294 0.8540909090909091 0.07647058823529412 0.04454545454545455
1 0.6455882352941177 0.5365909090909091 0.03588235294117647 0.03318181818181818
1 0.23852941176470588 0.9193181818181818 0.0711764705882353 0.04045454545454545
1 0.3664705882352941 0.7675 0.1623529411764706 0.03772727272727273
1 0.7570588235294118 0.9240909090909091 0.07176470588235294 0.04
1 0.2911764705882353 0.0275 0.047058823529411764 0.02590909090909091
1 0.6961764705882353 0.4540909090909091 0.09117647058823529 0.03363636363636364
1 0.6935294117647058 0.37863636363636366 0.05411764705882353 0.03363636363636364
1 0.5955882352941176 0.3663636363636364 0.13470588235294118 0.038181818181818185
1 0.4158823529411765 0.8543181818181819 0.07529411764705882 0.041363636363636366
1 0.586764705882353 0.9231818181818182 0.0711764705882353 0.03909090909090909
1 0.09176470588235294 0.5634090909090909 0.0811764705882353 0.03590909090909091
1 0.40794117647058825 0.5665909090909091 0.2288235294117647 0.03954545454545454
1 0.49558823529411766 0.6129545454545454 0.11705882352941177 0.035
1 0.5826470588235294 0.8565909090909091 0.07352941176470588 0.04318181818181818
1 0.10441176470588236 0.4 0.09470588235294118 0.03727272727272727
1 0.6326470588235295 0.46204545454545454 0.03588235294117647 0.035
1 0.5441176470588235 0.03318181818181818 0.07882352941176471 0.022727272727272728
1 0.6476470588235295 0.4093181818181818 0.16941176470588235 0.038636363636363635
1 0.5020588235294118 0.9193181818181818 0.08529411764705883 0.041363636363636366
1 0.7755882352941177 0.37454545454545457 0.11470588235294117 0.02727272727272727
1 0.09352941176470589 0.7609090909090909 0.05529411764705883 0.035454545454545454
1 0.7591176470588236 0.40863636363636363 0.033529411764705884 0.04
1 0.538235294117647 0.4565909090909091 0.12 0.03409090909090909
1 0.5020588235294118 0.8527272727272728 0.07352941176470588 0.04090909090909091
1 0.8379411764705882 0.40954545454545455 0.11941176470588236 0.03909090909090909
1 0.40794117647058825 0.3615909090909091 0.21235294117647058 0.038636363636363635
1 0.10058823529411764 0.6013636363636363 0.08235294117647059 0.03636363636363636
1 0.6688235294117647 0.9222727272727272 0.07176470588235294 0.042727272727272725
1 0.3261764705882353 0.8536363636363636 0.07705882352941176 0.04454545454545455
1 0.10029411764705883 0.7190909090909091 0.05235294117647059 0.035454545454545454
1 0.5664705882352942 0.6161363636363636 0.03176470588235294 0.029545454545454545
1 0.15588235294117647 0.9215909090909091 0.0811764705882353 0.03954545454545454