1 0.385 0.6818181818181818 0.16058823529411764 0.03727272727272727
1 0.5461764705882353 0.6845454545454546 0.14882352941176472 0.03636363636363636
1 0.76 0.8611363636363636 0.05529411764705883 0.035
1 0.8444117647058823 0.9277272727272727 0.06411764705882353 0.03909090909090909
1 0.566764705882353 0.6129545454545454 0.15941176470588236 0.03590909090909091
1 0.4097058823529412 0.9277272727272727 0.06294117647058824 0.03727272727272727
1 0.8485294117647059 0.8640909090909091 0.06529411764705882 0.03636363636363636
1 0.395 0.6134090909090909 0.18411764705882352 0.03772727272727273
1 0.6717647058823529 0.774090909090909 0.06588235294117648 0.03272727272727273
1 0.6814705882352942 0.6834090909090909 0.06647058823529411 0.03590909090909091
1 0.41058823529411764 0.7238636363636364 0.2011764705882353 0.03772727272727273
1 0.37441176470588233 0.36772727272727274 0.14647058823529413 0.03727272727272727
1 0.7376470588235294 0.5265909090909091 0.08705882352941176 0.035
1 0.3905882352941176 0.4127272727272727 0.17411764705882352 0.035454545454545454
1 0.09323529411764706 0.6815909090909091 0.07470588235294118 0.03590909090909091
1 0.1 0.45340909090909093 0.07294117647058823 0.03590909090909091
1 0.10088235294117646 0.36522727272727273 0.07941176470588235 0.035
1 0.59 0.7243181818181819 0.16470588235294117 0.03681818181818182
1 0.14852941176470588 0.9238636363636363 0.05235294117647059 0.03954545454545454
1 0.3179411764705882 0.9290909090909091 0.051176470588235295 0.038181818181818185
1 0.14794117647058824 0.8579545454545454 0.060588235294117644 0.038636363636363635
1 0.6952941176470588 0.7256818181818182 0.02823529411764706 0.035
1 0.5897058823529412 0.45636363636363636 0.08176470588235295 0.034545454545454546
1 0.3947058823529412 0.5281818181818182 0.19294117647058823 0.03363636363636364
1 0.09705882352941177 0.5222727272727272 0.06941176470588235 0.034545454545454546
1 0.6623529411764706 0.6140909090909091 0.027058823529411764 0.035454545454545454
1 0.23911764705882352 0.9259090909090909 0.057058823529411766 0.03727272727272727
1 0.3841176470588235 0.77 0.15411764705882353 0.035454545454545454
1 0.7570588235294118 0.9277272727272727 0.05411764705882353 0.03909090909090909
1 0.538235294117647 0.7702272727272728 0.13294117647058823 0.03409090909090909
1 0.6226470588235294 0.4131818181818182 0.09 0.035454545454545454
1 0.5941176470588235 0.3684090909090909 0.08823529411764706 0.03409090909090909
1 0.41205882352941176 0.8606818181818182 0.054705882352941174 0.038636363636363635
1 0.5841176470588235 0.9275 0.05647058823529412 0.03954545454545454
1 0.4152941176470588 0.5722727272727273 0.24588235294117647 0.03636363636363636
1 0.5797058823529412 0.5263636363636364 0.15823529411764706 0.038181818181818185
1 0.4844117647058824 0.4577272727272727 0.07470588235294118 0.03909090909090909
1 0.5891176470588235 0.8593181818181819 0.06529411764705882 0.038636363636363635
1 0.09911764705882353 0.4056818181818182 0.07941176470588235 0.03590909090909091
1 0.0988235294117647 0.5681818181818182 0.07882352941176471 0.035454545454545454
1 0.625 0.5725 0.17705882352941177 0.03227272727272727
1 0.566764705882353 0.03954545454545454 0.09705882352941177 0.02181818181818182
1 0.7364705882352941 0.5713636363636364 0.041176470588235294 0.03363636363636364
1 0.7517647058823529 0.7236363636363636 0.07764705882352942 0.034545454545454546
1 0.5041176470588236 0.9263636363636364 0.07294117647058823 0.03909090909090909
1 0.6714705882352942 0.8611363636363636 0.05352941176470588 0.03954545454545454
1 0.5370588235294118 0.3729545454545454 0.03176470588235294 0.03590909090909091
1 0.37029411764705883 0.45590909090909093 0.14882352941176472 0.03636363636363636
1 0.09647058823529411 0.7681818181818182 0.07647058823529412 0.035454545454545454
1 0.09823529411764706 0.7238636363636364 0.07882352941176471 0.03590909090909091
1 0.5005882352941177 0.8590909090909091 0.06705882352941177 0.03909090909090909
1 0.6773529411764706 0.5304545454545454 0.031176470588235295 0.03909090909090909
1 0.6317647058823529 0.685 0.03176470588235294 0.034545454545454546
1 0.09058823529411765 0.6106818181818182 0.07529411764705882 0.03681818181818182
1 0.6714705882352942 0.928409090909091 0.05588235294117647 0.04045454545454545
1 0.3270588235294118 0.8595454545454545 0.0611764705882353 0.03909090909090909
1 0.7126470588235294 0.6115909090909091 0.0711764705882353 0.03227272727272727
1 0.3029411764705882 0.03772727272727273 0.04823529411764706 0.031818181818181815
1 0.4861764705882353 0.36818181818181817 0.0711764705882353 0.03636363636363636
1 0.51 0.41 0.08235294117647059 0.03636363636363636
1 0.5673529411764706 0.4125 0.03235294117647059 0.03409090909090909
1 0.533235294117647 0.46045454545454545 0.03 0.034545454545454546
1 0.5655882352941176 0.41113636363636363 0.031176470588235295 0.031363636363636364
1 0.7894117647058824 0.5720454545454545 0.0811764705882353 0.035
1 0.23588235294117646 0.8618181818181818 0.05647058823529412 0.035454545454545454
1 0.6305882352941177 0.7804545454545454 0.03411764705882353 0.03909090909090909