1 0.36264705882352943 0.6772727272727272 0.12411764705882353 0.03727272727272727
1 0.4238235294117647 0.4022727272727273 0.23823529411764705 0.03727272727272727
1 0.7570588235294118 0.8563636363636363 0.07058823529411765 0.04090909090909091
1 0.8432352941176471 0.9254545454545454 0.07 0.03909090909090909
1 0.4073529411764706 0.92 0.060588235294117644 0.038181818181818185
1 0.3726470588235294 0.6045454545454545 0.13470588235294118 0.03727272727272727
1 0.7126470588235294 0.7218181818181818 0.12411764705882353 0.034545454545454546
1 0.6626470588235294 0.6795454545454546 0.03235294117647059 0.035454545454545454
1 0.34294117647058825 0.7652272727272728 0.08588235294117647 0.029545454545454545
1 0.09323529411764706 0.6793181818181818 0.0711764705882353 0.035
1 0.09529411764705882 0.4431818181818182 0.08235294117647059 0.034545454545454546
1 0.37441176470588233 0.7179545454545454 0.14882352941176472 0.038636363636363635
1 0.09823529411764706 0.3618181818181818 0.08470588235294117 0.03636363636363636
1 0.14705882352941177 0.92 0.05411764705882353 0.03909090909090909
1 0.33029411764705885 0.9188636363636363 0.07 0.038636363636363635
1 0.14911764705882352 0.8520454545454546 0.05941176470588235 0.038636363636363635
1 0.4097058823529412 0.5170454545454546 0.20647058823529413 0.038636363636363635
1 0.09470588235294118 0.5143181818181818 0.07411764705882352 0.03409090909090909
1 0.6467647058823529 0.7247727272727272 0.026470588235294117 0.030454545454545453
1 0.8297058823529412 0.36863636363636365 0.06529411764705882 0.031818181818181815
1 0.2411764705882353 0.8518181818181818 0.06470588235294118 0.04
1 0.23558823529411765 0.9193181818181818 0.05823529411764706 0.038636363636363635
1 0.7523529411764706 0.9225 0.0611764705882353 0.04045454545454545
1 0.5676470588235294 0.7656818181818181 0.07529411764705882 0.031363636363636364
1 0.6352941176470588 0.4065909090909091 0.16941176470588235 0.03590909090909091
1 0.6497058823529411 0.365 0.19941176470588234 0.03909090909090909
1 0.5820588235294117 0.4552272727272727 0.03235294117647059 0.026818181818181817
1 0.40911764705882353 0.8543181818181819 0.060588235294117644 0.038636363636363635
1 0.5826470588235294 0.9215909090909091 0.061764705882352944 0.038636363636363635
1 0.41705882352941176 0.5622727272727273 0.2223529411764706 0.034545454545454546
1 0.6626470588235294 0.5204545454545455 0.28411764705882353 0.04
1 0.5805882352941176 0.855 0.052941176470588235 0.038181818181818185
1 0.09852941176470588 0.3993181818181818 0.08764705882352941 0.035
1 0.095 0.5581818181818182 0.07352941176470588 0.03363636363636364
1 0.7888235294117647 0.4106818181818182 0.06470588235294118 0.03409090909090909
1 0.4958823529411765 0.9218181818181819 0.06470588235294118 0.04
1 0.8423529411764706 0.8577272727272728 0.07176470588235294 0.04181818181818182
1 0.6655882352941176 0.8554545454545455 0.057058823529411766 0.04
1 0.5302941176470588 0.6756818181818182 0.18411764705882352 0.04045454545454545
1 0.38294117647058823 0.44522727272727275 0.14941176470588236 0.03681818181818182
1 0.08941176470588236 0.7595454545454545 0.06705882352941177 0.03363636363636364
1 0.7347058823529412 0.4115909090909091 0.027058823529411764 0.03681818181818182
1 0.5061764705882353 0.4481818181818182 0.10882352941176471 0.03363636363636364
1 0.4973529411764706 0.8538636363636364 0.06529411764705882 0.038636363636363635
1 0.4264705882352941 0.36318181818181816 0.22823529411764706 0.04454545454545455
1 0.09235294117647058 0.600909090909091 0.07647058823529412 0.03363636363636364
1 0.6697058823529412 0.9209090909090909 0.06764705882352941 0.04
1 0.32529411764705884 0.8522727272727273 0.0611764705882353 0.038181818181818185
1 0.7505882352941177 0.6777272727272727 0.11176470588235295 0.035454545454545454
1 0.09029411764705883 0.7168181818181818 0.06764705882352941 0.03272727272727273
1 0.2902941176470588 0.027954545454545454 0.026470588235294117 0.028636363636363637
1 0.5438235294117647 0.03386363636363637 0.07235294117647059 0.023181818181818182
1 0.7679411764705882 0.37136363636363634 0.033529411764705884 0.031818181818181815
1 0.6191176470588236 0.44977272727272727 0.05588235294117647 0.02409090909090909
1 0.6767647058823529 0.5681818181818182 0.2817647058823529 0.03636363636363636
1 0.5335294117647059 0.6093181818181819 0.2 0.028636363636363637
1 0.5388235294117647 0.7193181818181819 0.17411764705882352 0.031363636363636364
1 0.445 0.7638636363636364 0.12529411764705883 0.030454545454545453
1 0.5167647058823529 0.77 0.020588235294117647 0.025454545454545455