1 0.7552941176470588 0.8645454545454545 0.06352941176470588 0.04
1 0.8435294117647059 0.9320454545454545 0.07176470588235294 0.03954545454545454
1 0.41823529411764704 0.928409090909091 0.07764705882352942 0.03954545454545454
1 0.8461764705882353 0.8640909090909091 0.07588235294117647 0.04090909090909091
1 0.4061764705882353 0.36863636363636365 0.21823529411764706 0.042727272727272725
1 0.37441176470588233 0.6184090909090909 0.16647058823529412 0.03681818181818182
1 0.43970588235294117 0.4131818181818182 0.2876470588235294 0.03909090909090909
1 0.10205882352941177 0.6822727272727273 0.05235294117647059 0.03636363636363636
1 0.09823529411764706 0.45431818181818184 0.09058823529411765 0.03772727272727273
1 0.105 0.3654545454545455 0.09941176470588235 0.03727272727272727
1 0.63 0.6238636363636364 0.03529411764705882 0.030454545454545453
1 0.3255882352941176 0.9277272727272727 0.06529411764705882 0.04
1 0.1514705882352941 0.8588636363636364 0.06529411764705882 0.03954545454545454
1 0.42764705882352944 0.5297727272727273 0.26588235294117646 0.041363636363636366
1 0.09676470588235295 0.5256818181818181 0.08764705882352941 0.03590909090909091
1 0.7808823529411765 0.3759090909090909 0.09823529411764706 0.03727272727272727
1 0.24147058823529413 0.8611363636363636 0.07588235294117647 0.038636363636363635
1 0.6588235294117647 0.5297727272727273 0.17411764705882352 0.03681818181818182
1 0.24294117647058824 0.9270454545454545 0.07411764705882352 0.03772727272727273
1 0.36558823529411766 0.73 0.13941176470588235 0.03636363636363636
1 0.7591176470588236 0.9279545454545455 0.06411764705882353 0.03954545454545454
1 0.30941176470588233 0.03659090909090909 0.03882352941176471 0.02409090909090909
1 0.6088235294117647 0.37454545454545457 0.16941176470588235 0.03909090909090909
1 0.4167647058823529 0.8590909090909091 0.0711764705882353 0.04
1 0.5908823529411765 0.9275 0.08176470588235295 0.03590909090909091
1 0.6108823529411764 0.47 0.028823529411764706 0.034545454545454546
1 0.45176470588235296 0.571590909090909 0.3129411764705882 0.03954545454545454
1 0.5885294117647059 0.8636363636363636 0.08176470588235295 0.04090909090909091
1 0.10323529411764706 0.4052272727272727 0.09823529411764706 0.038636363636363635
1 0.09470588235294118 0.5681818181818182 0.08823529411764706 0.03727272727272727
1 0.5497058823529412 0.042727272727272725 0.09117647058823529 0.02181818181818182
1 0.6835294117647058 0.4168181818181818 0.18941176470588236 0.03909090909090909
1 0.4961764705882353 0.9302272727272727 0.06411764705882353 0.038636363636363635
1 0.6667647058823529 0.8636363636363636 0.06529411764705882 0.04727272727272727
1 0.9079411764705883 0.5743181818181818 0.09941176470588235 0.03772727272727273
1 0.3785294117647059 0.4593181818181818 0.16647058823529412 0.03409090909090909
1 0.0988235294117647 0.7684090909090909 0.05058823529411765 0.03681818181818182
1 0.7094117647058824 0.38295454545454544 0.036470588235294116 0.03227272727272727
1 0.5317647058823529 0.4640909090909091 0.10823529411764705 0.03636363636363636
1 0.5038235294117647 0.8645454545454545 0.07705882352941176 0.04090909090909091
1 0.6714705882352942 0.4618181818181818 0.08647058823529412 0.03363636363636364
1 0.8814705882352941 0.41659090909090907 0.12176470588235294 0.03954545454545454
1 0.53 0.6163636363636363 0.12588235294117647 0.03363636363636364
1 0.09823529411764706 0.6077272727272728 0.08705882352941176 0.038181818181818185
1 0.6726470588235294 0.9297727272727273 0.07823529411764706 0.03954545454545454
1 0.3291176470588235 0.86 0.06764705882352941 0.03909090909090909
1 0.715 0.5731818181818182 0.20058823529411765 0.04
1 0.8420588235294117 0.5322727272727272 0.08529411764705883 0.03636363636363636
1 0.10088235294117646 0.7238636363636364 0.051176470588235295 0.042272727272727274
1 0.8064705882352942 0.4184090909090909 0.027058823529411764 0.04318181818181818
1 0.7835294117647059 0.5463636363636364 0.041176470588235294 0.026363636363636363
1 0.8423529411764706 0.5738636363636364 0.03058823529411765 0.03681818181818182
1 0.6855882352941176 0.6247727272727273 0.06294117647058824 0.025
1 0.33941176470588236 0.6845454545454546 0.0988235294117647 0.04181818181818182
1 0.32529411764705884 0.7765909090909091 0.07176470588235294 0.02590909090909091
1 0.15676470588235294 0.9247727272727273 0.07823529411764706 0.04045454545454545