1 0.4088235294117647 0.6813636363636364 0.22470588235294117 0.03727272727272727
1 0.39588235294117646 0.4077272727272727 0.19058823529411764 0.03727272727272727
1 0.7588235294117647 0.8597727272727272 0.0611764705882353 0.03772727272727273
1 0.8426470588235294 0.9263636363636364 0.06294117647058824 0.038181818181818185
1 0.5370588235294118 0.6093181818181819 0.15294117647058825 0.03681818181818182
1 0.4111764705882353 0.9256818181818182 0.06352941176470588 0.03681818181818182
1 0.8455882352941176 0.8620454545454546 0.07352941176470588 0.03772727272727273
1 0.3773529411764706 0.6095454545454545 0.15823529411764706 0.031818181818181815
1 0.67 0.7709090909090909 0.10588235294117647 0.031818181818181815
1 0.6717647058823529 0.6913636363636364 0.03294117647058824 0.03363636363636364
1 0.39676470588235296 0.7243181818181819 0.20058823529411765 0.03590909090909091
1 0.32029411764705884 0.03340909090909091 0.04176470588235294 0.030454545454545453
1 0.08823529411764706 0.6806818181818182 0.07058823529411765 0.03590909090909091
1 0.09 0.44931818181818184 0.07882352941176471 0.03590909090909091
1 0.09588235294117647 0.36318181818181816 0.07882352941176471 0.035454545454545454
1 0.15235294117647058 0.9229545454545455 0.0611764705882353 0.04045454545454545
1 0.7585294117647059 0.6834090909090909 0.12764705882352942 0.03318181818181818
1 0.3276470588235294 0.9252272727272727 0.06588235294117648 0.038636363636363635
1 0.15058823529411763 0.8565909090909091 0.06352941176470588 0.04045454545454545
1 0.3914705882352941 0.5238636363636363 0.1888235294117647 0.03681818181818182
1 0.08911764705882352 0.5222727272727272 0.07470588235294118 0.03636363636363636
1 0.6973529411764706 0.7284090909090909 0.12176470588235294 0.029545454545454545
1 0.2388235294117647 0.8568181818181818 0.05647058823529412 0.03909090909090909
1 0.24029411764705882 0.9240909090909091 0.060588235294117644 0.038181818181818185
1 0.3811764705882353 0.7659090909090909 0.17058823529411765 0.03090909090909091
1 0.755 0.9306818181818182 0.05235294117647059 0.04045454545454545
1 0.5264705882352941 0.7672727272727272 0.11176470588235295 0.034545454545454546
1 0.5452941176470588 0.4088636363636364 0.08941176470588236 0.03409090909090909
1 0.4126470588235294 0.8568181818181818 0.060588235294117644 0.04
1 0.5858823529411765 0.925 0.058823529411764705 0.03727272727272727
1 0.3947058823529412 0.5677272727272727 0.18705882352941178 0.03636363636363636
1 0.5773529411764706 0.5243181818181818 0.17352941176470588 0.03590909090909091
1 0.46911764705882353 0.4527272727272727 0.07352941176470588 0.034545454545454546
1 0.5797058823529412 0.8590909090909091 0.051176470588235295 0.04090909090909091
1 0.09176470588235294 0.4040909090909091 0.0811764705882353 0.035454545454545454
1 0.09088235294117647 0.5638636363636363 0.07588235294117647 0.03590909090909091
1 0.5841176470588235 0.5704545454545454 0.18 0.04181818181818182
1 0.4988235294117647 0.9265909090909091 0.06470588235294118 0.038636363636363635
1 0.6691176470588235 0.8627272727272727 0.05941176470588235 0.04090909090909091
1 0.5544117647058824 0.37227272727272726 0.09117647058823529 0.034545454545454546
1 0.36264705882352943 0.4506818181818182 0.1264705882352941 0.03318181818181818
1 0.08647058823529412 0.764090909090909 0.07411764705882352 0.035454545454545454
1 0.08529411764705883 0.7227272727272728 0.07058823529411765 0.03636363636363636
1 0.6005882352941176 0.7747727272727273 0.029411764705882353 0.03227272727272727
1 0.4935294117647059 0.8602272727272727 0.05647058823529412 0.03954545454545454
1 0.5920588235294117 0.6822727272727273 0.12294117647058823 0.03636363636363636
1 0.4041176470588235 0.3668181818181818 0.20352941176470588 0.038181818181818185
1 0.09176470588235294 0.6052272727272727 0.07529411764705882 0.03590909090909091
1 0.6747058823529412 0.9259090909090909 0.06941176470588235 0.03909090909090909
1 0.32735294117647057 0.8563636363636363 0.060588235294117644 0.03727272727272727
1 0.5585294117647058 0.035 0.10764705882352942 0.028181818181818183
1 0.5567647058823529 0.725909090909091 0.12058823529411765 0.03272727272727273
1 0.6288235294117647 0.7288636363636364 0.02588235294117647 0.026818181818181817