1 0.43441176470588233 0.730909090909091 0.2735294117647059 0.03636363636363636
1 0.7538235294117647 0.8647727272727272 0.05941176470588235 0.038636363636363635
1 0.8379411764705882 0.9263636363636364 0.054705882352941174 0.04363636363636364
1 0.5914705882352941 0.6118181818181818 0.13588235294117648 0.034545454545454546
1 0.4088235294117647 0.9256818181818182 0.0611764705882353 0.03681818181818182
1 0.5844117647058824 0.5220454545454546 0.11941176470588236 0.03681818181818182
1 0.4011764705882353 0.6106818181818182 0.21411764705882352 0.03681818181818182
1 0.6638235294117647 0.7779545454545455 0.033529411764705884 0.035
1 0.40558823529411764 0.4527272727272727 0.19823529411764707 0.03
1 0.7902941176470588 0.4106818181818182 0.039411764705882354 0.03772727272727273
1 0.4455882352941177 0.4077272727272727 0.28294117647058825 0.03363636363636364
1 0.08676470588235294 0.6840909090909091 0.08411764705882353 0.038181818181818185
1 0.40558823529411764 0.6834090909090909 0.20529411764705882 0.03681818181818182
1 0.7644117647058823 0.5734090909090909 0.03470588235294118 0.03318181818181818
1 0.10029411764705883 0.45045454545454544 0.10176470588235294 0.03727272727272727
1 0.5708823529411765 0.7806818181818181 0.13117647058823528 0.03318181818181818
1 0.6817647058823529 0.7331818181818182 0.18823529411764706 0.035454545454545454
1 0.15676470588235294 0.9229545454545455 0.05941176470588235 0.03954545454545454
1 0.8488235294117648 0.5729545454545455 0.11176470588235295 0.03681818181818182
1 0.3288235294117647 0.925 0.06588235294117648 0.03727272727272727
1 0.14529411764705882 0.86 0.05647058823529412 0.04
1 0.4123529411764706 0.5275 0.2188235294117647 0.03681818181818182
1 0.08676470588235294 0.5275 0.08176470588235295 0.03590909090909091
1 0.7088235294117647 0.6145454545454545 0.09411764705882353 0.03272727272727273
1 0.2388235294117647 0.8565909090909091 0.05529411764705883 0.03772727272727273
1 0.6676470588235294 0.5275 0.03764705882352941 0.03318181818181818
1 0.2373529411764706 0.9245454545454546 0.05823529411764706 0.03727272727272727
1 0.3941176470588235 0.7775 0.20588235294117646 0.026818181818181817
1 0.7520588235294118 0.9286363636363636 0.05352941176470588 0.03909090909090909
1 0.10529411764705883 0.3675 0.11411764705882353 0.038636363636363635
1 0.6679411764705883 0.45545454545454545 0.03588235294117647 0.034545454545454546
1 0.6567647058823529 0.36886363636363634 0.1264705882352941 0.035
1 0.4067647058823529 0.8593181818181819 0.05 0.03772727272727273
1 0.5829411764705882 0.8588636363636364 0.05529411764705883 0.038636363636363635
1 0.08705882352941176 0.5706818181818182 0.08588235294117647 0.038636363636363635
1 0.43058823529411766 0.5688636363636363 0.26941176470588235 0.035
1 0.09941176470588235 0.4102272727272727 0.0976470588235294 0.03681818181818182
1 0.6570588235294118 0.5702272727272727 0.1564705882352941 0.03590909090909091
1 0.5741176470588235 0.038863636363636364 0.11647058823529412 0.023181818181818182
1 0.7220588235294118 0.4525 0.06647058823529411 0.031363636363636364
1 0.4958823529411765 0.9272727272727272 0.05647058823529412 0.03727272727272727
1 0.8052941176470588 0.7306818181818182 0.04470588235294118 0.03772727272727273
1 0.7361764705882353 0.7788636363636363 0.08411764705882353 0.03409090909090909
1 0.6520588235294118 0.6893181818181818 0.039411764705882354 0.03227272727272727
1 0.8841176470588236 0.7281818181818182 0.09647058823529411 0.038181818181818185
1 0.10147058823529412 0.7652272727272728 0.09235294117647058 0.03772727272727273
1 0.10058823529411764 0.7275 0.09294117647058824 0.03954545454545454
1 0.6844117647058824 0.4088636363636364 0.17352941176470588 0.03772727272727273
1 0.5794117647058824 0.45227272727272727 0.12470588235294118 0.035454545454545454
1 0.4964705882352941 0.8593181818181819 0.04823529411764706 0.038636363636363635
1 0.8532352941176471 0.4125 0.08294117647058824 0.03772727272727273
1 0.45176470588235296 0.3668181818181818 0.2788235294117647 0.02909090909090909
1 0.09323529411764706 0.6095454545454545 0.09470588235294118 0.038181818181818185
1 0.6647058823529411 0.9272727272727272 0.05764705882352941 0.03909090909090909
1 0.3197058823529412 0.8575 0.045294117647058825 0.038636363636363635
1 0.7235294117647059 0.6875 0.08 0.03409090909090909
1 0.7347058823529412 0.3709090909090909 0.02588235294117647 0.026363636363636363
1 0.7820588235294118 0.36886363636363634 0.05 0.026818181818181817
1 0.7208823529411764 0.5259090909090909 0.06411764705882353 0.03272727272727273
1 0.5735294117647058 0.6931818181818182 0.11529411764705882 0.031818181818181815
1 0.6638235294117647 0.8613636363636363 0.051176470588235295 0.03636363636363636
1 0.836764705882353 0.8602272727272727 0.05941176470588235 0.03590909090909091
1 0.576764705882353 0.9293181818181818 0.0488235294117647 0.03409090909090909
1 0.3111764705882353 0.038181818181818185 0.04588235294117647 0.02181818181818182