1 0.415 0.6877272727272727 0.1676470588235294 0.04181818181818182
1 0.40088235294117647 0.5304545454545454 0.13941176470588235 0.03909090909090909
1 0.7576470588235295 0.8665909090909091 0.052941176470588235 0.038636363636363635
1 0.8405882352941176 0.9272727272727272 0.05529411764705883 0.03909090909090909
1 0.5908823529411765 0.5736363636363636 0.16411764705882353 0.03909090909090909
1 0.4097058823529412 0.9272727272727272 0.05941176470588235 0.03727272727272727
1 0.558235294117647 0.5320454545454546 0.12470588235294118 0.038636363636363635
1 0.8441176470588235 0.8627272727272727 0.06823529411764706 0.04
1 0.3855882352941176 0.6218181818181818 0.09823529411764706 0.03363636363636364
1 0.5970588235294118 0.7725 0.06705882352941177 0.02590909090909091
1 0.4682352941176471 0.4138636363636364 0.2847058823529412 0.041363636363636366
1 0.4202941176470588 0.7265909090909091 0.21470588235294116 0.03772727272727273
1 0.5764705882352941 0.9311363636363637 0.04588235294117647 0.035
1 0.09588235294117647 0.6836363636363636 0.07176470588235294 0.03636363636363636
1 0.10205882352941177 0.45386363636363636 0.060588235294117644 0.03681818181818182
1 0.6994117647058824 0.5390909090909091 0.05764705882352941 0.025454545454545455
1 0.10411764705882352 0.36363636363636365 0.07176470588235294 0.03636363636363636
1 0.4964705882352941 0.7731818181818182 0.0811764705882353 0.03090909090909091
1 0.6376470588235295 0.7272727272727273 0.18941176470588236 0.031818181818181815
1 0.1511764705882353 0.9263636363636364 0.052941176470588235 0.03909090909090909
1 0.7758823529411765 0.5759090909090909 0.09294117647058824 0.03636363636363636
1 0.32529411764705884 0.9277272727272727 0.05647058823529412 0.03727272727272727
1 0.15705882352941178 0.8568181818181818 0.05647058823529412 0.03727272727272727
1 0.7626470588235295 0.73 0.033529411764705884 0.03636363636363636
1 0.5811764705882353 0.46045454545454545 0.15411764705882353 0.03636363636363636
1 0.10617647058823529 0.5284090909090909 0.0688235294117647 0.03681818181818182
1 0.6347058823529412 0.6256818181818182 0.05058823529411765 0.030454545454545453
1 0.6470588235294118 0.5436363636363636 0.02823529411764706 0.028181818181818183
1 0.2388235294117647 0.9245454545454546 0.058823529411764705 0.038181818181818185
1 0.3764705882352941 0.7770454545454546 0.12705882352941175 0.041363636363636366
1 0.7555882352941177 0.9295454545454546 0.05235294117647059 0.03727272727272727
1 0.28441176470588236 0.038636363636363635 0.039411764705882354 0.02181818181818182
1 0.6220588235294118 0.3725 0.1888235294117647 0.03681818181818182
1 0.42176470588235293 0.8629545454545454 0.06470588235294118 0.03954545454545454
1 0.5855882352941176 0.8677272727272727 0.05588235294117647 0.038181818181818185
1 0.4152941176470588 0.5722727272727273 0.17058823529411765 0.04090909090909091
1 0.5491176470588235 0.7786363636363637 0.026470588235294117 0.028181818181818183
1 0.09676470588235295 0.40795454545454546 0.06529411764705882 0.03681818181818182
1 0.10823529411764705 0.5704545454545454 0.07058823529411765 0.04
1 0.4985294117647059 0.9259090909090909 0.05823529411764706 0.03909090909090909
1 0.673235294117647 0.8665909090909091 0.06764705882352941 0.03954545454545454
1 0.5470588235294118 0.042045454545454546 0.08470588235294117 0.019545454545454546
1 0.5847058823529412 0.6938636363636363 0.1223529411764706 0.031363636363636364
1 0.8502941176470589 0.730909090909091 0.12176470588235294 0.03727272727272727
1 0.4067647058823529 0.45704545454545453 0.16411764705882353 0.04409090909090909
1 0.10647058823529412 0.7675 0.07294117647058823 0.03590909090909091
1 0.09941176470588235 0.7265909090909091 0.07647058823529412 0.035
1 0.5017647058823529 0.8613636363636363 0.06 0.04090909090909091
1 0.6829411764705883 0.47909090909090907 0.029411764705882353 0.03363636363636364
1 0.7447058823529412 0.4163636363636364 0.2752941176470588 0.045454545454545456
1 0.5729411764705883 0.6327272727272727 0.029411764705882353 0.034545454545454546
1 0.41794117647058826 0.3718181818181818 0.2076470588235294 0.04
1 0.4929411764705882 0.6225 0.08941176470588236 0.03318181818181818
1 0.10911764705882353 0.6122727272727273 0.06411764705882353 0.04090909090909091
1 0.6661764705882353 0.9263636363636364 0.057058823529411766 0.03909090909090909
1 0.32823529411764707 0.8604545454545455 0.06235294117647059 0.03909090909090909
1 0.7429411764705882 0.6984090909090909 0.08235294117647059 0.02590909090909091
1 0.7258823529411764 0.47113636363636363 0.05529411764705883 0.019545454545454546
1 0.7088235294117647 0.5731818181818182 0.03411764705882353 0.03909090909090909
1 0.6741176470588235 0.7031818181818181 0.029411764705882353 0.02727272727272727
1 0.23970588235294119 0.8611363636363636 0.060588235294117644 0.03681818181818182