1 0.4108823529411765 0.6854545454545454 0.1935294117647059 0.04181818181818182
1 0.7588235294117647 0.8629545454545454 0.07176470588235294 0.041363636363636366
1 0.8497058823529412 0.9265909090909091 0.07352941176470588 0.041363636363636366
1 0.5838235294117647 0.5713636363636364 0.14647058823529413 0.03636363636363636
1 0.41205882352941176 0.9259090909090909 0.06411764705882353 0.03909090909090909
1 0.5485294117647059 0.5293181818181818 0.15705882352941178 0.041363636363636366
1 0.38029411764705884 0.6186363636363637 0.15470588235294117 0.05
1 0.4173529411764706 0.7247727272727272 0.20529411764705882 0.03772727272727273
1 0.7438235294117647 0.5334090909090909 0.09705882352941177 0.03681818181818182
1 0.39 0.4102272727272727 0.16117647058823528 0.03318181818181818
1 0.10558823529411765 0.6775 0.09352941176470589 0.03681818181818182
1 0.10735294117647058 0.4486363636363636 0.09823529411764706 0.03727272727272727
1 0.6126470588235294 0.7272727272727273 0.15823529411764706 0.03636363636363636
1 0.15470588235294117 0.9240909090909091 0.07176470588235294 0.045454545454545456
1 0.7385294117647059 0.5711363636363637 0.09117647058823529 0.03318181818181818
1 0.33147058823529413 0.925 0.07235294117647059 0.04
1 0.15558823529411764 0.8584090909090909 0.06411764705882353 0.042272727272727274
1 0.6938235294117647 0.6163636363636363 0.07705882352941176 0.031818181818181815
1 0.38 0.5254545454545455 0.15411764705882353 0.042727272727272725
1 0.10058823529411764 0.5206818181818181 0.09529411764705882 0.03590909090909091
1 0.2464705882352941 0.8570454545454546 0.06588235294117648 0.03954545454545454
1 0.6547058823529411 0.5422727272727272 0.03176470588235294 0.03727272727272727
1 0.24411764705882352 0.9227272727272727 0.07058823529411765 0.04
1 0.38441176470588234 0.7706818181818181 0.1511764705882353 0.03590909090909091
1 0.763235294117647 0.9275 0.07235294117647059 0.03954545454545454
1 0.10352941176470588 0.36772727272727274 0.09058823529411765 0.03636363636363636
1 0.5344117647058824 0.7720454545454546 0.13 0.038636363636363635
1 0.6526470588235294 0.46136363636363636 0.07 0.031818181818181815
1 0.6476470588235295 0.38636363636363635 0.036470588235294116 0.04090909090909091
1 0.41823529411764704 0.8577272727272728 0.06470588235294118 0.04090909090909091
1 0.595 0.9259090909090909 0.07470588235294118 0.042727272727272725
1 0.09823529411764706 0.5640909090909091 0.09411764705882353 0.03727272727272727
1 0.4011764705882353 0.5663636363636364 0.18705882352941178 0.03636363636363636
1 0.5891176470588235 0.4693181818181818 0.03235294117647059 0.038636363636363635
1 0.5455882352941176 0.6138636363636364 0.13588235294117648 0.03590909090909091
1 0.5861764705882353 0.860909090909091 0.06647058823529411 0.042727272727272725
1 0.10617647058823529 0.40613636363636363 0.09705882352941177 0.03681818181818182
1 0.5694117647058824 0.03772727272727273 0.1011764705882353 0.022727272727272728
1 0.7211764705882353 0.41454545454545455 0.09176470588235294 0.03363636363636364
1 0.49970588235294117 0.9240909090909091 0.0711764705882353 0.042727272727272725
1 0.845 0.865909090909091 0.0688235294117647 0.04090909090909091
1 0.6764705882352942 0.8634090909090909 0.06470588235294118 0.03954545454545454
1 0.5544117647058824 0.37022727272727274 0.14294117647058824 0.04409090909090909
1 0.37558823529411767 0.4531818181818182 0.13470588235294118 0.038181818181818185
1 0.10647058823529412 0.7636363636363637 0.09647058823529411 0.03727272727272727
1 0.105 0.7218181818181818 0.09941176470588235 0.038181818181818185
1 0.7364705882352941 0.3740909090909091 0.1011764705882353 0.03727272727272727
1 0.5120588235294118 0.4540909090909091 0.11 0.035454545454545454
1 0.6026470588235294 0.6865909090909091 0.1652941176470588 0.041363636363636366
1 0.5014705882352941 0.8606818181818182 0.0711764705882353 0.03954545454545454
1 0.6814705882352942 0.5697727272727273 0.03 0.03318181818181818
1 0.3855882352941176 0.3693181818181818 0.16411764705882353 0.04318181818181818
1 0.1011764705882353 0.6045454545454545 0.09647058823529411 0.03727272727272727
1 0.6788235294117647 0.9381818181818182 0.06588235294117648 0.05909090909090909
1 0.33147058823529413 0.855909090909091 0.0688235294117647 0.03909090909090909
1 0.29205882352941176 0.0325 0.039411764705882354 0.02409090909090909
1 0.553235294117647 0.4102272727272727 0.14647058823529413 0.03590909090909091
1 0.6455882352941177 0.41545454545454547 0.033529411764705884 0.028181818181818183
1 0.6273529411764706 0.6202272727272727 0.033529411764705884 0.03318181818181818