1 0.3976470588235294 0.6829545454545455 0.21176470588235294 0.03681818181818182
1 0.7576470588235295 0.8636363636363636 0.06352941176470588 0.035454545454545454
1 0.8382352941176471 0.9277272727272727 0.06 0.03909090909090909
1 0.5538235294117647 0.6143181818181818 0.11588235294117646 0.035
1 0.4076470588235294 0.9259090909090909 0.058823529411764705 0.038181818181818185
1 0.39647058823529413 0.6129545454545454 0.20941176470588235 0.038636363636363635
1 0.4164705882352941 0.4147727272727273 0.12588235294117647 0.035
1 0.6402941176470588 0.7702272727272728 0.05823529411764706 0.031363636363636364
1 0.40558823529411764 0.4590909090909091 0.10294117647058823 0.034545454545454546
1 0.711764705882353 0.6888636363636363 0.03294117647058824 0.035
1 0.38794117647058823 0.7252272727272727 0.17470588235294118 0.03590909090909091
1 0.09588235294117647 0.6790909090909091 0.06941176470588235 0.034545454545454546
1 0.6855882352941176 0.5709090909090909 0.026470588235294117 0.034545454545454546
1 0.11088235294117647 0.365 0.054705882352941174 0.035454545454545454
1 0.10352941176470588 0.44886363636363635 0.052941176470588235 0.035
1 0.596764705882353 0.7727272727272727 0.03 0.035454545454545454
1 0.15235294117647058 0.9261363636363636 0.058823529411764705 0.03954545454545454
1 0.32794117647058824 0.9256818181818182 0.06647058823529411 0.038636363636363635
1 0.15470588235294117 0.8554545454545455 0.0611764705882353 0.04
1 0.6808823529411765 0.7302272727272727 0.06647058823529411 0.031363636363636364
1 0.6005882352941176 0.5713636363636364 0.14 0.035454545454545454
1 0.43558823529411766 0.5254545454545455 0.25588235294117645 0.03727272727272727
1 0.10441176470588236 0.5213636363636364 0.07588235294117647 0.03363636363636364
1 0.23794117647058824 0.8579545454545454 0.060588235294117644 0.038636363636363635
1 0.2376470588235294 0.9247727272727273 0.058823529411764705 0.038636363636363635
1 0.3779411764705882 0.7697727272727273 0.16058823529411764 0.03681818181818182
1 0.7502941176470588 0.9306818181818182 0.05235294117647059 0.03681818181818182
1 0.5514705882352942 0.7272727272727273 0.14529411764705882 0.034545454545454546
1 0.6370588235294118 0.5275 0.13647058823529412 0.035
1 0.4076470588235294 0.3684090909090909 0.12588235294117647 0.03590909090909091
1 0.4126470588235294 0.8590909090909091 0.06294117647058824 0.03909090909090909
1 0.5823529411764706 0.9272727272727272 0.06 0.03727272727272727
1 0.09970588235294117 0.5668181818181818 0.07 0.034545454545454546
1 0.5852941176470589 0.8577272727272728 0.05764705882352941 0.04
1 0.10617647058823529 0.4047727272727273 0.05823529411764706 0.03590909090909091
1 0.6264705882352941 0.6143181818181818 0.03058823529411765 0.03681818181818182
1 0.56 0.03772727272727273 0.10705882352941176 0.02090909090909091
1 0.7491176470588236 0.5713636363636364 0.09705882352941177 0.03363636363636364
1 0.49676470588235294 0.9279545454545455 0.06529411764705882 0.03954545454545454
1 0.84 0.8622727272727273 0.06235294117647059 0.03909090909090909
1 0.6702941176470588 0.8613636363636363 0.06294117647058824 0.038181818181818185
1 0.5982352941176471 0.6847727272727273 0.17882352941176471 0.03681818181818182
1 0.09529411764705882 0.7663636363636364 0.07176470588235294 0.034545454545454546
1 0.09647058823529411 0.7234090909090909 0.06823529411764706 0.035
1 0.7270588235294118 0.5322727272727272 0.02823529411764706 0.03272727272727273
1 0.4929411764705882 0.8588636363636364 0.04941176470588235 0.03954545454545454
1 0.8135294117647058 0.5275 0.12705882352941175 0.03409090909090909
1 0.09794117647058824 0.6079545454545454 0.07470588235294118 0.03590909090909091
1 0.6644117647058824 0.9297727272727273 0.05235294117647059 0.03954545454545454
1 0.32588235294117646 0.8572727272727273 0.06235294117647059 0.038181818181818185
1 0.28147058823529414 0.03431818181818182 0.04294117647058823 0.02409090909090909
1 0.5194117647058824 0.7715909090909091 0.11176470588235295 0.03772727272727273
1 0.41 0.5734090909090909 0.22588235294117648 0.035
1 0.6794117647058824 0.6143181818181818 0.08705882352941176 0.02590909090909091
1 0.7694117647058824 0.6847727272727273 0.07176470588235294 0.03681818181818182
1 0.6335294117647059 0.7265909090909091 0.02588235294117647 0.02590909090909091