1 0.42285041224970554 0.7018223234624146 0.21554770318021202 0.0387243735763098
1 0.5812720848056537 0.7027334851936219 0.09187279151943463 0.03416856492027335
1 0.4160777385159011 0.43530751708428245 0.22202591283863368 0.03507972665148064
1 0.7567726737338045 0.8735763097949886 0.05889281507656066 0.03690205011389522
1 0.8492343934040048 0.937129840546697 0.07420494699646643 0.03826879271070615
1 0.41460541813898705 0.9407744874715261 0.053003533568904596 0.03553530751708428
1 0.4997055359246172 0.5471526195899772 0.14782096584216725 0.03826879271070615
1 0.8351001177856302 0.8749430523917996 0.05653710247349823 0.0387243735763098
1 0.36484098939929327 0.6309794988610479 0.11719670200235571 0.0337129840546697
1 0.6180800942285041 0.784738041002278 0.11837455830388692 0.03325740318906606
1 0.3919316843345112 0.47517084282460137 0.16666666666666666 0.03553530751708428
1 0.43462897526501765 0.7861047835990889 0.24263839811542992 0.03507972665148064
1 0.7614840989399293 0.4328018223234624 0.03180212014134275 0.03280182232346242
1 0.11925795053003534 0.70250569476082 0.08539458186101295 0.03462414578587699
1 0.12279151943462897 0.47517084282460137 0.07832744405182568 0.03280182232346242
1 0.44758539458186103 0.7439635535307517 0.27326266195524146 0.03644646924829157
1 0.1157243816254417 0.3908883826879271 0.07832744405182568 0.03462414578587699
1 0.16166077738515902 0.9400911161731207 0.05594817432273263 0.03599088838268793
1 0.7223203769140165 0.6309794988610479 0.13250883392226148 0.03462414578587699
1 0.3327444051825677 0.9391799544419135 0.05653710247349823 0.03507972665148064
1 0.16136631330977622 0.8747152619589977 0.05889281507656066 0.03735763097949886
1 0.3674911660777385 0.5478359908883826 0.11425206124852769 0.03690205011389522
1 0.11837455830388692 0.5478359908883826 0.07891637220259129 0.03507972665148064
1 0.6348645465253239 0.6341685649202734 0.038869257950530034 0.03280182232346242
1 0.2505889281507656 0.8744874715261959 0.06301531213191991 0.03599088838268793
1 0.6475265017667845 0.5895216400911162 0.035924617196702 0.03189066059225513
1 0.24734982332155478 0.9394077448747152 0.05889281507656066 0.03644646924829157
1 0.7582449941107184 0.9387243735763098 0.061837455830388695 0.03690205011389522
1 0.30094228504122494 0.0621867881548975 0.06478209658421673 0.026879271070615034
1 0.6528268551236749 0.3956719817767654 0.037102473498233215 0.03507972665148064
1 0.5577149587750294 0.3927107061503417 0.15429917550058891 0.03735763097949886
1 0.4172555948174323 0.8744874715261959 0.04770318021201413 0.0387243735763098
1 0.5836277974087162 0.9396355353075171 0.05889281507656066 0.03690205011389522
1 0.37014134275618377 0.5892938496583143 0.13015312131919907 0.03507972665148064
1 0.5892226148409894 0.5480637813211845 0.035924617196702 0.03462414578587699
1 0.519434628975265 0.6305239179954442 0.17785630153121318 0.03462414578587699
1 0.5851001177856302 0.8753986332574032 0.05712603062426384 0.03781321184510251
1 0.11395759717314488 0.4328018223234624 0.06890459363957598 0.03280182232346242
1 0.1163133097762073 0.5895216400911162 0.07361601884570082 0.0337129840546697
1 0.6590106007067138 0.47904328018223236 0.03651354534746761 0.03234624145785877
1 0.5933451118963486 0.06469248291571754 0.1772673733804476 0.02642369020501139
1 0.6366313309776207 0.4330296127562642 0.21083627797408716 0.03690205011389522
1 0.7152532391048292 0.4763097949886105 0.07597173144876325 0.03143507972665148
1 0.49646643109540634 0.9414578587699317 0.04946996466431095 0.03690205011389522
1 0.6707891637220259 0.8751708428246013 0.06007067137809187 0.03735763097949886
1 0.7090694935217904 0.39225512528473805 0.07302709069493522 0.03280182232346242
1 0.5297408716136631 0.5876993166287016 0.17491166077738515 0.03553530751708428
1 0.12249705535924617 0.7863325740318906 0.08716136631330977 0.03462414578587699
1 0.5606595995288575 0.47517084282460137 0.15901060070671377 0.03553530751708428
1 0.6545936395759717 0.7430523917995444 0.12426383981154299 0.0337129840546697
1 0.5032391048292109 0.8758542141230068 0.05712603062426384 0.03781321184510251
1 0.6595995288574794 0.5469248291571754 0.10836277974087162 0.03599088838268793
1 0.8256772673733804 0.4334851936218679 0.09305064782096584 0.03325740318906606
1 0.3928150765606596 0.3927107061503417 0.16725559481743227 0.03917995444191344
1 0.11837455830388692 0.6312072892938496 0.07302709069493522 0.03325740318906606
1 0.3336277974087161 0.8749430523917996 0.06419316843345112 0.03690205011389522
1 0.7264428739693758 0.588382687927107 0.11837455830388692 0.03507972665148064
1 0.12308598351001178 0.7471526195899773 0.08716136631330977 0.03280182232346242