1 0.37323529411764705 0.6779545454545455 0.1476470588235294 0.038636363636363635
1 0.7647058823529411 0.8579545454545454 0.06941176470588235 0.03681818181818182
1 0.8447058823529412 0.9315909090909091 0.05764705882352941 0.04772727272727273
1 0.5911764705882353 0.6093181818181819 0.14705882352941177 0.035
1 0.4167647058823529 0.9215909090909091 0.060588235294117644 0.03954545454545454
1 0.8491176470588235 0.8631818181818182 0.07352941176470588 0.04181818181818182
1 0.40147058823529413 0.605909090909091 0.18764705882352942 0.035454545454545454
1 0.6547058823529411 0.6813636363636364 0.03882352941176471 0.03636363636363636
1 0.4611764705882353 0.7670454545454546 0.11058823529411765 0.03681818181818182
1 0.7817647058823529 0.5340909090909091 0.03764705882352941 0.03727272727272727
1 0.4541176470588235 0.40545454545454546 0.30470588235294116 0.031818181818181815
1 0.11382352941176471 0.673409090909091 0.07941176470588235 0.03681818181818182
1 0.11382352941176471 0.4459090909090909 0.09705882352941177 0.03727272727272727
1 0.37529411764705883 0.7211363636363637 0.15176470588235294 0.035
1 0.10970588235294118 0.3584090909090909 0.09 0.03590909090909091
1 0.616764705882353 0.7679545454545454 0.10058823529411764 0.03318181818181818
1 0.16676470588235295 0.9193181818181818 0.07 0.041363636363636366
1 0.32823529411764707 0.9206818181818182 0.07294117647058823 0.04045454545454545
1 0.15941176470588236 0.850909090909091 0.06823529411764706 0.04181818181818182
1 0.7044117647058824 0.7234090909090909 0.11823529411764706 0.035
1 0.42823529411764705 0.5188636363636364 0.2447058823529412 0.038636363636363635
1 0.1126470588235294 0.5163636363636364 0.0888235294117647 0.034545454545454546
1 0.6947058823529412 0.6115909090909091 0.027058823529411764 0.035
1 0.8644117647058823 0.5315909090909091 0.10411764705882352 0.029545454545454545
1 0.24764705882352941 0.8531818181818182 0.06470588235294118 0.04090909090909091
1 0.6402941176470588 0.5659090909090909 0.20411764705882354 0.03363636363636364
1 0.24794117647058825 0.9209090909090909 0.06294117647058824 0.04181818181818182
1 0.3511764705882353 0.7668181818181818 0.09647058823529411 0.035454545454545454
1 0.7588235294117647 0.9254545454545454 0.06823529411764706 0.04090909090909091
1 0.315 0.026818181818181817 0.04411764705882353 0.02
1 0.5447058823529412 0.7720454545454546 0.02588235294117647 0.03772727272727273
1 0.6629411764705883 0.40613636363636363 0.1 0.035
1 0.7073529411764706 0.36772727272727274 0.10058823529411764 0.03636363636363636
1 0.4126470588235294 0.8545454545454545 0.061764705882352944 0.04181818181818182
1 0.41205882352941176 0.5643181818181818 0.21941176470588236 0.03318181818181818
1 0.653235294117647 0.5245454545454545 0.19941176470588234 0.03
1 0.5929411764705882 0.8586363636363636 0.07176470588235294 0.03909090909090909
1 0.10970588235294118 0.40136363636363637 0.08647058823529412 0.035454545454545454
1 0.11147058823529411 0.56 0.08647058823529412 0.034545454545454546
1 0.5752941176470588 0.035227272727272725 0.1 0.02590909090909091
1 0.5061764705882353 0.9243181818181818 0.06764705882352941 0.045909090909090906
1 0.7614705882352941 0.6847727272727273 0.15 0.035
1 0.6776470588235294 0.8579545454545454 0.07411764705882352 0.038636363636363635
1 0.5314705882352941 0.6804545454545454 0.1288235294117647 0.034545454545454546
1 0.8314705882352941 0.5679545454545455 0.07588235294117647 0.03318181818181818
1 0.4164705882352941 0.45 0.22941176470588234 0.035454545454545454
1 0.11205882352941177 0.7593181818181818 0.07941176470588235 0.035
1 0.11794117647058823 0.7159090909090909 0.07941176470588235 0.035454545454545454
1 0.5770588235294117 0.45022727272727275 0.07294117647058823 0.03318181818181818
1 0.6208823529411764 0.7213636363636363 0.03 0.03636363636363636
1 0.4767647058823529 0.36613636363636365 0.33 0.03227272727272727
1 0.5288235294117647 0.72 0.1411764705882353 0.03636363636363636
1 0.10941176470588235 0.6034090909090909 0.09058823529411765 0.03590909090909091
1 0.6770588235294117 0.9277272727272727 0.06941176470588235 0.04181818181818182
1 0.33147058823529413 0.8543181818181819 0.0688235294117647 0.04045454545454545
1 0.741764705882353 0.6102272727272727 0.06470588235294118 0.031363636363636364
1 0.7658823529411765 0.5690909090909091 0.03882352941176471 0.035454545454545454
1 0.5902941176470589 0.9238636363636363 0.07235294117647059 0.03681818181818182