1 0.41 0.6840909090909091 0.20941176470588235 0.03727272727272727
1 0.7638235294117647 0.8652272727272727 0.07 0.03772727272727273
1 0.8429411764705882 0.9377272727272727 0.05058823529411765 0.05090909090909091
1 0.41441176470588237 0.9286363636363636 0.06411764705882353 0.038181818181818185
1 0.845 0.8618181818181818 0.057058823529411766 0.04
1 0.38735294117647057 0.6125 0.1535294117647059 0.03409090909090909
1 0.7373529411764705 0.7306818181818182 0.028823529411764706 0.03227272727272727
1 0.41058823529411764 0.7265909090909091 0.20588235294117646 0.03772727272727273
1 0.1038235294117647 0.6825 0.07470588235294118 0.03409090909090909
1 0.7347058823529412 0.5745454545454546 0.02588235294117647 0.031818181818181815
1 0.105 0.45181818181818184 0.08764705882352941 0.03636363636363636
1 0.616764705882353 0.7288636363636364 0.18176470588235294 0.03590909090909091
1 0.15735294117647058 0.9275 0.05235294117647059 0.03954545454545454
1 0.3261764705882353 0.9279545454545455 0.054705882352941174 0.038636363636363635
1 0.15970588235294117 0.8572727272727273 0.06294117647058824 0.03909090909090909
1 0.7208823529411764 0.7761363636363636 0.06647058823529411 0.030454545454545453
1 0.4361764705882353 0.53 0.25470588235294117 0.03727272727272727
1 0.10617647058823529 0.5281818181818182 0.07588235294117647 0.034545454545454546
1 0.23941176470588235 0.8604545454545455 0.06 0.035454545454545454
1 0.24294117647058824 0.9275 0.058823529411764705 0.03772727272727273
1 0.3914705882352941 0.7697727272727273 0.1652941176470588 0.03409090909090909
1 0.7623529411764706 0.9275 0.0611764705882353 0.03954545454545454
1 0.11029411764705882 0.3668181818181818 0.08411764705882353 0.034545454545454546
1 0.5611764705882353 0.7715909090909091 0.15176470588235294 0.03227272727272727
1 0.6258823529411764 0.41613636363636364 0.16588235294117648 0.03681818181818182
1 0.6044117647058823 0.3718181818181818 0.14647058823529413 0.035454545454545454
1 0.41205882352941176 0.8611363636363636 0.04764705882352941 0.038636363636363635
1 0.591764705882353 0.9281818181818182 0.0611764705882353 0.038181818181818185
1 0.10058823529411764 0.5675 0.07647058823529412 0.035
1 0.5423529411764706 0.6152272727272727 0.13176470588235295 0.028636363636363637
1 0.5861764705882353 0.860909090909091 0.05823529411764706 0.03909090909090909
1 0.10794117647058823 0.4090909090909091 0.08764705882352941 0.03636363636363636
1 0.6279411764705882 0.5702272727272727 0.16294117647058823 0.03590909090909091
1 0.5488235294117647 0.038636363636363635 0.06705882352941177 0.02181818181818182
1 0.6594117647058824 0.5279545454545455 0.17411764705882352 0.03681818181818182
1 0.8064705882352942 0.5734090909090909 0.10705882352941176 0.035
1 0.8023529411764706 0.7320454545454546 0.08352941176470588 0.03590909090909091
1 0.5014705882352941 0.9279545454545455 0.05941176470588235 0.038636363636363635
1 0.6741176470588235 0.8615909090909091 0.0611764705882353 0.03772727272727273
1 0.6291176470588236 0.6847727272727273 0.20294117647058824 0.03772727272727273
1 0.8455882352941176 0.6895454545454546 0.08294117647058824 0.03272727272727273
1 0.10882352941176471 0.7675 0.07529411764705882 0.035
1 0.10470588235294118 0.7247727272727272 0.07647058823529412 0.035
1 0.7667647058823529 0.5381818181818182 0.03823529411764706 0.034545454545454546
1 0.5147058823529411 0.45704545454545453 0.1 0.03409090909090909
1 0.6608823529411765 0.7756818181818181 0.028823529411764706 0.03318181818181818
1 0.5029411764705882 0.8595454545454545 0.0611764705882353 0.04
1 0.8376470588235294 0.5304545454545454 0.09058823529411765 0.03363636363636364
1 0.6317647058823529 0.6190909090909091 0.029411764705882353 0.03363636363636364
1 0.41970588235294115 0.3690909090909091 0.21 0.03727272727272727
1 0.0961764705882353 0.6111363636363636 0.07588235294117647 0.03590909090909091
1 0.6758823529411765 0.9277272727272727 0.06588235294117648 0.03909090909090909
1 0.3326470588235294 0.8590909090909091 0.06764705882352941 0.03909090909090909
1 0.4158823529411765 0.4143181818181818 0.20823529411764705 0.03954545454545454
1 0.69 0.6195454545454545 0.07647058823529412 0.03090909090909091
1 0.7708823529411765 0.6915909090909091 0.04058823529411765 0.03590909090909091
1 0.27588235294117647 0.03613636363636363 0.03176470588235294 0.01681818181818182
1 0.3864705882352941 0.4581818181818182 0.14 0.031818181818181815
1 0.425 0.5725 0.22176470588235295 0.03409090909090909