1 0.3708823529411765 0.6834090909090909 0.15588235294117647 0.03772727272727273
1 0.5067647058823529 0.6868181818181818 0.07588235294117647 0.034545454545454546
1 0.7558823529411764 0.8570454545454546 0.052941176470588235 0.03681818181818182
1 0.8429411764705882 0.9270454545454545 0.05176470588235294 0.03772727272727273
1 0.5297058823529411 0.57 0.15470588235294117 0.03636363636363636
1 0.4076470588235294 0.9265909090909091 0.052941176470588235 0.03681818181818182
1 0.4808823529411765 0.5325 0.026470588235294117 0.03227272727272727
1 0.34441176470588236 0.6147727272727272 0.09705882352941177 0.03409090909090909
1 0.6032352941176471 0.7745454545454545 0.12058823529411765 0.034545454545454546
1 0.3905882352941176 0.45340909090909093 0.17647058823529413 0.03681818181818182
1 0.33588235294117647 0.5259090909090909 0.07882352941176471 0.034545454545454546
1 0.43588235294117644 0.7256818181818182 0.2752941176470588 0.04045454545454545
1 0.4108823529411765 0.4090909090909091 0.21235294117647058 0.03909090909090909
1 0.11529411764705882 0.6781818181818182 0.06823529411764706 0.03636363636363636
1 0.11147058823529411 0.3654545454545455 0.06764705882352941 0.034545454545454546
1 0.10617647058823529 0.4495454545454545 0.07470588235294118 0.03636363636363636
1 0.15558823529411764 0.9236363636363636 0.05235294117647059 0.03727272727272727
1 0.3241176470588235 0.9243181818181818 0.06 0.03681818181818182
1 0.14529411764705882 0.8563636363636363 0.04941176470588235 0.03909090909090909
1 0.6764705882352942 0.7290909090909091 0.16823529411764707 0.04
1 0.11911764705882352 0.5229545454545454 0.061764705882352944 0.035
1 0.6123529411764705 0.6152272727272727 0.06470588235294118 0.030454545454545453
1 0.23588235294117646 0.8575 0.041176470588235294 0.03590909090909091
1 0.2411764705882353 0.923409090909091 0.052941176470588235 0.03590909090909091
1 0.4052941176470588 0.7731818181818182 0.22705882352941176 0.042727272727272725
1 0.7608823529411765 0.9270454545454545 0.06764705882352941 0.03681818181818182
1 0.2944117647058824 0.0325 0.04294117647058823 0.029545454545454545
1 0.5855882352941176 0.41204545454545455 0.09117647058823529 0.035
1 0.47411764705882353 0.37363636363636366 0.06705882352941177 0.03363636363636364
1 0.4023529411764706 0.8568181818181818 0.042352941176470586 0.03727272727272727
1 0.5861764705882353 0.9288636363636363 0.05352941176470588 0.03681818181818182
1 0.36558823529411766 0.57 0.13823529411764707 0.04
1 0.5338235294117647 0.5304545454545454 0.07470588235294118 0.03272727272727273
1 0.4585294117647059 0.6154545454545455 0.11941176470588236 0.03727272727272727
1 0.5826470588235294 0.8563636363636363 0.051176470588235295 0.03636363636363636
1 0.10441176470588236 0.40636363636363637 0.07588235294117647 0.03636363636363636
1 0.11441176470588235 0.5656818181818182 0.06294117647058824 0.03590909090909091
1 0.5720588235294117 0.03772727272727273 0.1111764705882353 0.022727272727272728
1 0.7273529411764705 0.5740909090909091 0.11 0.04
1 0.49411764705882355 0.9256818181818182 0.0611764705882353 0.03772727272727273
1 0.8414705882352941 0.8581818181818182 0.04764705882352941 0.03727272727272727
1 0.6694117647058824 0.8570454545454546 0.05411764705882353 0.038636363636363635
1 0.11823529411764706 0.7622727272727273 0.06705882352941177 0.035454545454545454
1 0.11647058823529412 0.7227272727272728 0.06352941176470588 0.03636363636363636
1 0.5326470588235294 0.4575 0.08176470588235295 0.03954545454545454
1 0.4964705882352941 0.8563636363636363 0.047058823529411764 0.03727272727272727
1 0.643235294117647 0.5695454545454546 0.03823529411764706 0.03727272727272727
1 0.5458823529411765 0.6204545454545455 0.027058823529411764 0.031818181818181815
1 0.3673529411764706 0.3665909090909091 0.13470588235294118 0.03772727272727273
1 0.11411764705882353 0.6090909090909091 0.06235294117647059 0.035454545454545454
1 0.6741176470588235 0.9263636363636364 0.06235294117647059 0.03727272727272727
1 0.32176470588235295 0.8565909090909091 0.04352941176470588 0.03772727272727273
1 0.42411764705882354 0.5295454545454545 0.09176470588235294 0.031818181818181815