1 0.7567647058823529 0.8656818181818182 0.06647058823529411 0.042272727272727274
1 0.8435294117647059 0.9313636363636364 0.07294117647058823 0.04454545454545455
1 0.44058823529411767 0.5722727272727273 0.2964705882352941 0.04090909090909091
1 0.4126470588235294 0.9288636363636363 0.06764705882352941 0.038636363636363635
1 0.5611764705882353 0.5352272727272728 0.1588235294117647 0.03409090909090909
1 0.8405882352941176 0.8661363636363636 0.06470588235294118 0.03954545454545454
1 0.3738235294117647 0.6227272727272727 0.1652941176470588 0.02909090909090909
1 0.6711764705882353 0.7847727272727273 0.0811764705882353 0.022272727272727274
1 0.6873529411764706 0.6963636363636364 0.09 0.025454545454545455
1 0.4455882352941177 0.7311363636363636 0.3064705882352941 0.042272727272727274
1 0.7288235294117648 0.5388636363636363 0.06 0.029545454545454545
1 0.39205882352941174 0.41409090909090907 0.1888235294117647 0.04090909090909091
1 0.09264705882352942 0.6845454545454546 0.09352941176470589 0.03727272727272727
1 0.10294117647058823 0.45386363636363636 0.10352941176470588 0.04045454545454545
1 0.08941176470588236 0.5286363636363637 0.09058823529411765 0.03727272727272727
1 0.7055882352941176 0.5754545454545454 0.20529411764705882 0.04090909090909091
1 0.38941176470588235 0.7779545454545455 0.19411764705882353 0.030454545454545453
1 0.15411764705882353 0.9281818181818182 0.06823529411764706 0.04181818181818182
1 0.8302941176470588 0.5834090909090909 0.03 0.035
1 0.3270588235294118 0.928409090909091 0.07176470588235294 0.038636363636363635
1 0.14088235294117646 0.8611363636363636 0.0488235294117647 0.041363636363636366
1 0.6988235294117647 0.7325 0.19176470588235295 0.04045454545454545
1 0.6608823529411765 0.6240909090909091 0.07 0.02909090909090909
1 0.23911764705882352 0.9268181818181818 0.06294117647058824 0.03909090909090909
1 0.7585294117647059 0.9327272727272727 0.0688235294117647 0.04090909090909091
1 0.10294117647058823 0.36818181818181817 0.10470588235294118 0.035454545454545454
1 0.5526470588235294 0.7815909090909091 0.10411764705882352 0.026818181818181817
1 0.6544117647058824 0.37772727272727274 0.06411764705882353 0.03090909090909091
1 0.5088235294117647 0.37795454545454543 0.10941176470588235 0.02772727272727273
1 0.40705882352941175 0.8611363636363636 0.05529411764705883 0.042272727272727274
1 0.5852941176470589 0.9327272727272727 0.05764705882352941 0.04090909090909091
1 0.09235294117647058 0.5702272727272727 0.09176470588235294 0.03590909090909091
1 0.3876470588235294 0.5293181818181818 0.18470588235294116 0.041363636363636366
1 0.5661764705882353 0.4690909090909091 0.022941176470588236 0.02090909090909091
1 0.5229411764705882 0.6254545454545455 0.12352941176470589 0.02727272727272727
1 0.4861764705882353 0.465 0.11941176470588236 0.02727272727272727
1 0.5758823529411765 0.8656818181818182 0.047058823529411764 0.041363636363636366
1 0.1011764705882353 0.41113636363636363 0.11411764705882353 0.03954545454545454
1 0.6085294117647059 0.4672727272727273 0.04764705882352941 0.022727272727272728
1 0.5602941176470588 0.04090909090909091 0.10764705882352942 0.02181818181818182
1 0.8376470588235294 0.41795454545454547 0.10470588235294118 0.04045454545454545
1 0.5044117647058823 0.9270454545454545 0.07470588235294118 0.03954545454545454
1 0.8841176470588236 0.7365909090909091 0.10941176470588235 0.03409090909090909
1 0.6644117647058824 0.8656818181818182 0.04647058823529412 0.042272727272727274
1 0.5964705882352941 0.38136363636363635 0.036470588235294116 0.02727272727272727
1 0.8979411764705882 0.5786363636363636 0.0888235294117647 0.03727272727272727
1 0.35441176470588237 0.46454545454545454 0.11235294117647059 0.02727272727272727
1 0.09205882352941176 0.7706818181818181 0.09823529411764706 0.04045454545454545
1 0.09470588235294118 0.7286363636363636 0.0976470588235294 0.04
1 0.7558823529411764 0.4156818181818182 0.03176470588235294 0.03590909090909091
1 0.6155882352941177 0.41704545454545455 0.21470588235294116 0.038636363636363635
1 0.6161764705882353 0.6954545454545454 0.03705882352941176 0.026363636363636363
1 0.4929411764705882 0.8618181818181818 0.04941176470588235 0.03909090909090909
1 0.6720588235294118 0.5375 0.033529411764705884 0.02590909090909091
1 0.6073529411764705 0.6277272727272727 0.022941176470588236 0.023636363636363636
1 0.3638235294117647 0.3725 0.1288235294117647 0.03772727272727273
1 0.39 0.6920454545454545 0.1952941176470588 0.02772727272727273
1 0.09441176470588235 0.6125 0.09823529411764706 0.038636363636363635
1 0.67 0.9315909090909091 0.06941176470588235 0.041363636363636366
1 0.3214705882352941 0.8654545454545455 0.05823529411764706 0.03909090909090909
1 0.8129411764705883 0.7377272727272727 0.02823529411764706 0.031818181818181815
1 0.2711764705882353 0.03431818181818182 0.03411764705882353 0.02409090909090909
1 0.5394117647058824 0.6963636363636364 0.08941176470588236 0.025454545454545455
1 0.6176470588235294 0.7847727272727273 0.023529411764705882 0.029545454545454545
1 0.2326470588235294 0.8618181818181818 0.05588235294117647 0.04