1 0.3764705882352941 0.6829545454545455 0.1623529411764706 0.035
1 0.41411764705882353 0.4090909090909091 0.2411764705882353 0.03636363636363636
1 0.7605882352941177 0.8604545454545455 0.0811764705882353 0.03272727272727273
1 0.8455882352941176 0.9268181818181818 0.07352941176470588 0.04181818181818182
1 0.4547058823529412 0.5670454545454545 0.3235294117647059 0.03681818181818182
1 0.41411764705882353 0.9263636363636364 0.07764705882352942 0.04090909090909091
1 0.8447058823529412 0.8593181818181819 0.07529411764705882 0.03681818181818182
1 0.39235294117647057 0.45295454545454544 0.19647058823529412 0.03409090909090909
1 0.385 0.7256818181818182 0.18764705882352942 0.03590909090909091
1 0.4420588235294118 0.61 0.3052941176470588 0.03727272727272727
1 0.09529411764705882 0.6804545454545454 0.0976470588235294 0.035454545454545454
1 0.08529411764705883 0.4495454545454545 0.08235294117647059 0.03727272727272727
1 0.8723529411764706 0.5277272727272727 0.12705882352941175 0.035454545454545454
1 0.7814705882352941 0.5293181818181818 0.04058823529411765 0.038636363636363635
1 0.1 0.36068181818181816 0.10352941176470588 0.04045454545454545
1 0.6561764705882352 0.725909090909091 0.26529411764705885 0.03363636363636364
1 0.15323529411764705 0.9240909090909091 0.07588235294117647 0.03727272727272727
1 0.32794117647058824 0.9254545454545454 0.07470588235294118 0.03727272727272727
1 0.1564705882352941 0.8554545454545455 0.06823529411764706 0.04090909090909091
1 0.5929411764705882 0.4547727272727273 0.15764705882352942 0.03590909090909091
1 0.44823529411764707 0.524090909090909 0.3058823529411765 0.03636363636363636
1 0.10058823529411764 0.5209090909090909 0.10588235294117647 0.042727272727272725
1 0.6876470588235294 0.6115909090909091 0.12705882352941175 0.03590909090909091
1 0.8447058823529412 0.3693181818181818 0.11529411764705882 0.03318181818181818
1 0.24088235294117646 0.8556818181818182 0.0688235294117647 0.03681818181818182
1 0.6920588235294117 0.5297727272727273 0.14294117647058824 0.041363636363636366
1 0.24 0.9243181818181818 0.08470588235294117 0.03772727272727273
1 0.36205882352941177 0.7679545454545454 0.14058823529411765 0.03772727272727273
1 0.7605882352941177 0.928409090909091 0.06941176470588235 0.03681818181818182
1 0.5470588235294118 0.7686363636363637 0.17647058823529413 0.03727272727272727
1 0.7232352941176471 0.45840909090909093 0.03705882352941176 0.03590909090909091
1 0.6461764705882352 0.36886363636363634 0.18176470588235294 0.03772727272727273
1 0.41411764705882353 0.8586363636363636 0.07529411764705882 0.038181818181818185
1 0.5841176470588235 0.9265909090909091 0.07176470588235294 0.04045454545454545
1 0.5847058823529412 0.8606818181818182 0.07294117647058823 0.03681818181818182
1 0.09794117647058824 0.40545454545454546 0.10294117647058823 0.035454545454545454
1 0.09117647058823529 0.5645454545454546 0.1 0.03727272727272727
1 0.7952941176470588 0.45795454545454545 0.09411764705882353 0.03409090909090909
1 0.49941176470588233 0.9263636363636364 0.06941176470588235 0.04090909090909091
1 0.6755882352941176 0.8595454545454545 0.07823529411764706 0.035454545454545454
1 0.6064705882352941 0.6829545454545455 0.2529411764705882 0.035
1 0.8888235294117647 0.5725 0.0988235294117647 0.03681818181818182
1 0.09911764705882353 0.7645454545454545 0.09705882352941177 0.035454545454545454
1 0.0888235294117647 0.7229545454545454 0.0988235294117647 0.03772727272727273
1 0.7623529411764706 0.37272727272727274 0.03882352941176471 0.03363636363636364
1 0.5020588235294118 0.8590909090909091 0.07470588235294118 0.03909090909090909
1 0.8444117647058823 0.4122727272727273 0.15 0.03909090909090909
1 0.41794117647058826 0.36363636363636365 0.24411764705882352 0.04
1 0.09823529411764706 0.6072727272727273 0.1188235294117647 0.035454545454545454
1 0.67 0.9265909090909091 0.07294117647058823 0.03772727272727273
1 0.3264705882352941 0.8577272727272728 0.07294117647058823 0.04
1 0.7776470588235294 0.6134090909090909 0.03411764705882353 0.03681818181818182
1 0.2838235294117647 0.03363636363636364 0.03588235294117647 0.02
1 0.5605882352941176 0.03613636363636363 0.10941176470588235 0.021363636363636362
1 0.6367647058823529 0.4106818181818182 0.19 0.03772727272727273
1 0.7523529411764706 0.4102272727272727 0.03764705882352941 0.03681818181818182
1 0.8520588235294118 0.6156818181818182 0.07705882352941176 0.03590909090909091
1 0.8147058823529412 0.5697727272727273 0.04 0.041363636363636366
1 0.7047058823529412 0.571590909090909 0.16705882352941176 0.041363636363636366