1 0.7623529411764706 0.860909090909091 0.07647058823529412 0.03727272727272727
1 0.8391176470588235 0.9302272727272727 0.061764705882352944 0.03954545454545454
1 0.85 0.8611363636363636 0.08352941176470588 0.03772727272727273
1 0.3652941176470588 0.6204545454545455 0.14588235294117646 0.02909090909090909
1 0.4279411764705882 0.41295454545454546 0.26176470588235295 0.03772727272727273
1 0.40911764705882353 0.6845454545454546 0.23470588235294118 0.04
1 0.6420588235294118 0.6886363636363636 0.21 0.03090909090909091
1 0.4673529411764706 0.7272727272727273 0.33941176470588236 0.04454545454545455
1 0.39235294117647057 0.3715909090909091 0.19294117647058823 0.03681818181818182
1 0.10205882352941177 0.6845454545454546 0.07705882352941176 0.034545454545454546
1 0.08764705882352941 0.45227272727272727 0.09529411764705882 0.04181818181818182
1 0.3341176470588235 0.9268181818181818 0.08235294117647059 0.03909090909090909
1 0.15058823529411763 0.8604545454545455 0.05764705882352941 0.03909090909090909
1 0.40058823529411763 0.5297727272727273 0.21529411764705883 0.03772727272727273
1 0.08970588235294118 0.524090909090909 0.0688235294117647 0.035454545454545454
1 0.7938235294117647 0.7265909090909091 0.3088235294117647 0.038636363636363635
1 0.23941176470588235 0.8593181818181819 0.07529411764705882 0.042272727272727274
1 0.24588235294117647 0.9272727272727272 0.08588235294117647 0.03909090909090909
1 0.3735294117647059 0.7727272727272727 0.1635294117647059 0.03
1 0.7591176470588236 0.9268181818181818 0.06411764705882353 0.038181818181818185
1 0.10176470588235294 0.365 0.08823529411764706 0.035454545454545454
1 0.5394117647058824 0.7725 0.14941176470588236 0.035
1 0.5994117647058823 0.3718181818181818 0.20705882352941177 0.035454545454545454
1 0.4167647058823529 0.8622727272727273 0.07 0.04
1 0.5873529411764706 0.9297727272727273 0.07470588235294118 0.038636363636363635
1 0.5073529411764706 0.46 0.14882352941176472 0.034545454545454546
1 0.5926470588235294 0.8593181818181819 0.07941176470588235 0.03772727272727273
1 0.09911764705882353 0.4047727272727273 0.09470588235294118 0.03681818181818182
1 0.46058823529411763 0.5711363636363637 0.33176470588235296 0.03954545454545454
1 0.5523529411764706 0.04045454545454545 0.08941176470588236 0.023636363636363636
1 0.7091176470588235 0.4168181818181818 0.2747058823529412 0.03090909090909091
1 0.5032352941176471 0.9290909090909091 0.07352941176470588 0.038181818181818185
1 0.6794117647058824 0.8615909090909091 0.07764705882352942 0.03954545454545454
1 0.35705882352941176 0.4602272727272727 0.13294117647058823 0.030454545454545453
1 0.10352941176470588 0.7679545454545454 0.08588235294117647 0.035
1 0.10470588235294118 0.7213636363636363 0.08470588235294117 0.03636363636363636
1 0.07823529411764706 0.5677272727272727 0.06588235294117648 0.03363636363636364
1 0.5026470588235294 0.8588636363636364 0.060588235294117644 0.04045454545454545
1 0.08529411764705883 0.6097727272727272 0.07529411764705882 0.03681818181818182
1 0.6747058823529412 0.9309090909090909 0.07882352941176471 0.038181818181818185
1 0.33205882352941174 0.8597727272727272 0.07823529411764706 0.03954545454545454
1 0.30323529411764705 0.035227272727272725 0.04411764705882353 0.022272727272727274
1 0.155 0.9256818181818182 0.08058823529411764 0.04045454545454545
1 0.41441176470588237 0.9279545454545455 0.07823529411764706 0.042272727272727274