1 0.41705882352941176 0.6840909090909091 0.24235294117647058 0.03909090909090909
1 0.7602941176470588 0.8634090909090909 0.057058823529411766 0.03772727272727273
1 0.8420588235294117 0.9325 0.06764705882352941 0.041363636363636366
1 0.5576470588235294 0.5690909090909091 0.1 0.03363636363636364
1 0.41 0.9281818181818182 0.06235294117647059 0.03909090909090909
1 0.5191176470588236 0.5370454545454545 0.04294117647058823 0.03772727272727273
1 0.8432352941176471 0.8643181818181818 0.05823529411764706 0.03954545454545454
1 0.3714705882352941 0.6118181818181818 0.12529411764705883 0.034545454545454546
1 0.3847058823529412 0.45590909090909093 0.16823529411764707 0.031818181818181815
1 0.45323529411764707 0.6152272727272727 0.03235294117647059 0.03772727272727273
1 0.3952941176470588 0.7254545454545455 0.19411764705882353 0.03636363636363636
1 0.40058823529411763 0.40863636363636363 0.19647058823529412 0.035454545454545454
1 0.09735294117647059 0.6770454545454545 0.0688235294117647 0.035
1 0.10411764705882352 0.44772727272727275 0.08 0.03636363636363636
1 0.09852941176470588 0.3629545454545455 0.07823529411764706 0.035
1 0.5623529411764706 0.7261363636363637 0.12117647058823529 0.03409090909090909
1 0.1511764705882353 0.9220454545454545 0.0611764705882353 0.03954545454545454
1 0.325 0.9268181818181818 0.06411764705882353 0.04090909090909091
1 0.15058823529411763 0.8588636363636364 0.06470588235294118 0.03954545454545454
1 0.39647058823529413 0.525 0.19176470588235295 0.04
1 0.1126470588235294 0.5225 0.05823529411764706 0.035
1 0.63 0.6868181818181818 0.15294117647058825 0.035454545454545454
1 0.816764705882353 0.37681818181818183 0.12411764705882353 0.03090909090909091
1 0.6135294117647059 0.53 0.11529411764705882 0.034545454545454546
1 0.24 0.925 0.05764705882352941 0.04
1 0.3761764705882353 0.7686363636363637 0.14647058823529413 0.035454545454545454
1 0.7561764705882353 0.9340909090909091 0.06294117647058824 0.042727272727272725
1 0.2961764705882353 0.03568181818181818 0.033529411764705884 0.020454545454545454
1 0.5129411764705882 0.7686363636363637 0.09058823529411765 0.03272727272727273
1 0.6129411764705882 0.36977272727272725 0.17176470588235293 0.03409090909090909
1 0.41 0.8602272727272727 0.0611764705882353 0.038636363636363635
1 0.5894117647058823 0.9259090909090909 0.07176470588235294 0.03909090909090909
1 0.38058823529411767 0.5686363636363636 0.1564705882352941 0.03727272727272727
1 0.5105882352941177 0.6140909090909091 0.08235294117647059 0.02909090909090909
1 0.48 0.5709090909090909 0.03411764705882353 0.034545454545454546
1 0.5782352941176471 0.8640909090909091 0.05176470588235294 0.04181818181818182
1 0.10941176470588235 0.40636363636363637 0.08470588235294117 0.035454545454545454
1 0.10970588235294118 0.5636363636363636 0.054705882352941174 0.035454545454545454
1 0.5729411764705883 0.04 0.12117647058823529 0.022727272727272728
1 0.49441176470588233 0.9279545454545455 0.06411764705882353 0.042272727272727274
1 0.6729411764705883 0.8602272727272727 0.06470588235294118 0.041363636363636366
1 0.09647058823529411 0.7638636363636364 0.06823529411764706 0.035
1 0.0988235294117647 0.7188636363636364 0.07058823529411765 0.035
1 0.7258823529411764 0.37795454545454543 0.042352941176470586 0.03590909090909091
1 0.5514705882352942 0.4572727272727273 0.14294117647058824 0.03
1 0.4985294117647059 0.8627272727272727 0.057058823529411766 0.04
1 0.6488235294117647 0.4661363636363636 0.027058823529411764 0.035
1 0.7852941176470588 0.4131818181818182 0.10470588235294118 0.035454545454545454
1 0.41058823529411764 0.36863636363636365 0.2164705882352941 0.04090909090909091
1 0.1111764705882353 0.6052272727272727 0.06235294117647059 0.035
1 0.6697058823529412 0.9297727272727273 0.05941176470588235 0.045
1 0.32735294117647057 0.86 0.06294117647058824 0.03909090909090909
1 0.7141176470588235 0.4602272727272727 0.09411764705882353 0.03227272727272727
1 0.5858823529411765 0.4102272727272727 0.17411764705882352 0.03590909090909091
1 0.7064705882352941 0.4143181818181818 0.03764705882352941 0.03681818181818182
1 0.23058823529411765 0.8604545454545455 0.05176470588235294 0.03909090909090909