1 0.4258823529411765 0.6870454545454545 0.24823529411764705 0.038636363636363635
1 0.7670588235294118 0.8611363636363636 0.06588235294117648 0.045
1 0.8532352941176471 0.9263636363636364 0.07 0.03909090909090909
1 0.5305882352941177 0.6165909090909091 0.0988235294117647 0.03227272727272727
1 0.4214705882352941 0.9295454545454546 0.06411764705882353 0.04181818181818182
1 0.0976470588235294 0.5286363636363637 0.07647058823529412 0.03727272727272727
1 0.8532352941176471 0.8604545454545455 0.0688235294117647 0.04181818181818182
1 0.38294117647058823 0.6181818181818182 0.15764705882352942 0.03727272727272727
1 0.655 0.7722727272727272 0.07 0.03
1 0.4126470588235294 0.4156818181818182 0.17823529411764705 0.038636363636363635
1 0.6308823529411764 0.6852272727272727 0.1535294117647059 0.03954545454545454
1 0.4302941176470588 0.7268181818181818 0.24176470588235294 0.03363636363636364
1 0.36941176470588233 0.4572727272727273 0.10941176470588235 0.035454545454545454
1 0.09735294117647059 0.6893181818181818 0.06411764705882353 0.03590909090909091
1 0.13941176470588235 0.45840909090909093 0.06235294117647059 0.03409090909090909
1 0.12823529411764706 0.36977272727272725 0.06470588235294118 0.03227272727272727
1 0.135 0.4156818181818182 0.060588235294117644 0.03681818181818182
1 0.16441176470588234 0.93 0.07352941176470588 0.04181818181818182
1 0.8085294117647058 0.7247727272727272 0.11941176470588236 0.03590909090909091
1 0.3473529411764706 0.9272727272727272 0.07823529411764706 0.04
1 0.1661764705882353 0.860909090909091 0.06647058823529411 0.03909090909090909
1 0.6285294117647059 0.7261363636363637 0.15470588235294117 0.03590909090909091
1 0.25558823529411767 0.860909090909091 0.07588235294117647 0.03727272727272727
1 0.25058823529411767 0.9270454545454545 0.06235294117647059 0.03681818181818182
1 0.39029411764705885 0.7715909090909091 0.1535294117647059 0.03318181818181818
1 0.7735294117647059 0.9268181818181818 0.0811764705882353 0.042727272727272725
1 0.2938235294117647 0.038863636363636364 0.05 0.023181818181818182
1 0.5211764705882352 0.7702272727272728 0.10470588235294118 0.03227272727272727
1 0.4223529411764706 0.8627272727272727 0.06941176470588235 0.03727272727272727
1 0.5947058823529412 0.9318181818181818 0.0611764705882353 0.046363636363636364
1 0.09735294117647059 0.5706818181818182 0.07705882352941176 0.03590909090909091
1 0.42264705882352943 0.5327272727272727 0.2511764705882353 0.038181818181818185
1 0.4082352941176471 0.5720454545454545 0.21411764705882352 0.03954545454545454
1 0.5958823529411764 0.860909090909091 0.06705882352941177 0.03727272727272727
1 0.5976470588235294 0.5718181818181818 0.14352941176470588 0.034545454545454546
1 0.543235294117647 0.04090909090909091 0.07235294117647059 0.02181818181818182
1 0.6282352941176471 0.5325 0.15058823529411763 0.041363636363636366
1 0.7588235294117647 0.571590909090909 0.11529411764705882 0.035
1 0.5091176470588236 0.9286363636363636 0.06764705882352941 0.04181818181818182
1 0.8402941176470589 0.6854545454545454 0.15705882352941178 0.04090909090909091
1 0.6741176470588235 0.8604545454545455 0.058823529411764705 0.04
1 0.09735294117647059 0.7697727272727273 0.07588235294117647 0.035
1 0.09647058823529411 0.7279545454545454 0.07411764705882352 0.03681818181818182
1 0.7373529411764705 0.5290909090909091 0.04294117647058823 0.03090909090909091
1 0.5955882352941176 0.7725 0.03 0.03409090909090909
1 0.5055882352941177 0.8640909090909091 0.07 0.03909090909090909
1 0.6864705882352942 0.5718181818181818 0.02823529411764706 0.034545454545454546
1 0.8423529411764706 0.5306818181818181 0.16 0.03590909090909091
1 0.6005882352941176 0.6222727272727273 0.027058823529411764 0.03
1 0.4038235294117647 0.37386363636363634 0.15705882352941178 0.03772727272727273
1 0.09970588235294117 0.6122727272727273 0.07588235294117647 0.035454545454545454
1 0.6788235294117647 0.9293181818181818 0.07176470588235294 0.04681818181818182
1 0.3326470588235294 0.8634090909090909 0.06294117647058824 0.03772727272727273
1 0.6647058823529411 0.6197727272727273 0.06941176470588235 0.029545454545454545
1 0.74 0.6913636363636364 0.04 0.04454545454545455
1 0.721764705882353 0.7245454545454545 0.02588235294117647 0.03090909090909091