1 0.37029411764705883 0.5302272727272728 0.15235294117647058 0.035
1 0.7664705882352941 0.8588636363636364 0.06941176470588235 0.038636363636363635
1 0.8526470588235294 0.9263636363636364 0.06764705882352941 0.038181818181818185
1 0.4102941176470588 0.923409090909091 0.05235294117647059 0.03681818181818182
1 0.5447058823529412 0.5336363636363637 0.15411764705882353 0.02909090909090909
1 0.851764705882353 0.8593181818181819 0.0611764705882353 0.04045454545454545
1 0.3673529411764706 0.6186363636363637 0.14058823529411765 0.03363636363636364
1 0.6755882352941176 0.7245454545454545 0.03235294117647059 0.035454545454545454
1 0.475 0.6906818181818182 0.10647058823529412 0.028636363636363637
1 0.6288235294117647 0.6938636363636363 0.07176470588235294 0.02772727272727273
1 0.3811764705882353 0.7234090909090909 0.16705882352941176 0.03772727272727273
1 0.40705882352941175 0.4138636363636364 0.21411764705882352 0.035
1 0.09470588235294118 0.678409090909091 0.07647058823529412 0.03590909090909091
1 0.10176470588235294 0.45431818181818184 0.08470588235294117 0.03681818181818182
1 0.4602941176470588 0.7725 0.09352941176470589 0.03318181818181818
1 0.15411764705882353 0.923409090909091 0.052941176470588235 0.038636363636363635
1 0.3270588235294118 0.9229545454545455 0.058823529411764705 0.03772727272727273
1 0.1561764705882353 0.8561363636363636 0.057058823529411766 0.03954545454545454
1 0.10205882352941177 0.5220454545454546 0.08647058823529412 0.03409090909090909
1 0.24588235294117647 0.8625 0.06 0.04045454545454545
1 0.24323529411764705 0.9240909090909091 0.05235294117647059 0.038181818181818185
1 0.3488235294117647 0.7715909090909091 0.0988235294117647 0.035
1 0.7608823529411765 0.9238636363636363 0.05588235294117647 0.03954545454545454
1 0.10205882352941177 0.3663636363636364 0.08294117647058824 0.034545454545454546
1 0.6882352941176471 0.3790909090909091 0.041176470588235294 0.03636363636363636
1 0.6226470588235294 0.41613636363636364 0.1923529411764706 0.02772727272727273
1 0.41352941176470587 0.8595454545454545 0.052941176470588235 0.03909090909090909
1 0.5879411764705882 0.9213636363636364 0.05588235294117647 0.03909090909090909
1 0.41352941176470587 0.5725 0.2411764705882353 0.03409090909090909
1 0.5952941176470589 0.46090909090909093 0.029411764705882353 0.034545454545454546
1 0.5102941176470588 0.6206818181818182 0.13941176470588235 0.02590909090909091
1 0.5805882352941176 0.8647727272727272 0.04 0.04318181818181818
1 0.1 0.4077272727272727 0.08352941176470588 0.03636363636363636
1 0.0988235294117647 0.5711363636363637 0.07764705882352942 0.035
1 0.8135294117647058 0.415 0.08470588235294117 0.04181818181818182
1 0.7658823529411765 0.7247727272727272 0.0988235294117647 0.035
1 0.5058823529411764 0.9240909090909091 0.06352941176470588 0.04
1 0.6723529411764706 0.8575 0.052941176470588235 0.03772727272727273
1 0.5802941176470588 0.3729545454545454 0.13470588235294118 0.03681818181818182
1 0.36323529411764705 0.45136363636363636 0.12411764705882353 0.038181818181818185
1 0.095 0.7652272727272728 0.07588235294117647 0.035
1 0.09411764705882353 0.7218181818181818 0.07764705882352942 0.035454545454545454
1 0.7576470588235295 0.37454545454545457 0.07647058823529412 0.03363636363636364
1 0.5029411764705882 0.455 0.1188235294117647 0.034545454545454546
1 0.5005882352941177 0.8581818181818182 0.06 0.03909090909090909
1 0.6429411764705882 0.4556818181818182 0.06588235294117648 0.03227272727272727
1 0.7094117647058824 0.5768181818181818 0.31411764705882356 0.034545454545454546
1 0.39558823529411763 0.36818181818181817 0.17941176470588235 0.03727272727272727
1 0.5547058823529412 0.7297727272727272 0.15529411764705883 0.03227272727272727
1 0.09941176470588235 0.6054545454545455 0.08 0.035454545454545454
1 0.675 0.9252272727272727 0.061764705882352944 0.03772727272727273
1 0.32823529411764707 0.8570454545454546 0.05764705882352941 0.03954545454545454
1 0.305 0.03590909090909091 0.031176470588235295 0.017272727272727273
1 0.5567647058823529 0.04 0.09705882352941177 0.022727272727272728
1 0.571764705882353 0.7022727272727273 0.03058823529411765 0.031818181818181815
1 0.34558823529411764 0.6879545454545455 0.10529411764705883 0.02772727272727273
1 0.5317647058823529 0.7865909090909091 0.02588235294117647 0.02409090909090909
1 0.5814705882352941 0.7806818181818181 0.05941176470588235 0.028636363636363637
1 0.7505882352941177 0.4213636363636364 0.03411764705882353 0.02909090909090909