1 0.43176470588235294 0.36886363636363634 0.22470588235294117 0.03772727272727273
1 0.47205882352941175 0.41113636363636363 0.28647058823529414 0.03681818181818182
1 0.315 0.037954545454545456 0.03588235294117647 0.025
1 0.10235294117647059 0.45340909090909093 0.07529411764705882 0.03590909090909091
1 0.8338235294117647 0.4138636363636364 0.13588235294117648 0.03772727272727273
1 0.10794117647058823 0.41204545454545455 0.07470588235294118 0.035
1 0.12558823529411764 0.615909090909091 0.09235294117647058 0.034545454545454546
1 0.10764705882352942 0.37204545454545457 0.08 0.03318181818181818
1 0.1161764705882353 0.5288636363636363 0.09117647058823529 0.03318181818181818
1 0.5726470588235294 0.03681818181818182 0.1111764705882353 0.02181818181818182
1 0.11911764705882352 0.5763636363636364 0.09470588235294118 0.034545454545454546
1 0.6870588235294117 0.4147727272727273 0.09529411764705882 0.03409090909090909
1 0.7567647058823529 0.41363636363636364 0.03235294117647059 0.03909090909090909