1 0.36 0.6836363636363636 0.09058823529411765 0.03636363636363636
1 0.566764705882353 0.6877272727272727 0.03 0.03363636363636364
1 0.758235294117647 0.8602272727272727 0.05529411764705883 0.03681818181818182
1 0.8491176470588235 0.928409090909091 0.05823529411764706 0.03954545454545454
1 0.5661764705882353 0.5727272727272728 0.1111764705882353 0.03363636363636364
1 0.41147058823529414 0.9286363636363636 0.05235294117647059 0.03727272727272727
1 0.395 0.6122727272727273 0.15588235294117647 0.035454545454545454
1 0.6135294117647059 0.7731818181818182 0.07176470588235294 0.03090909090909091
1 0.41294117647058826 0.4127272727272727 0.19411764705882353 0.03363636363636364
1 0.47411764705882353 0.6829545454545455 0.12117647058823529 0.03590909090909091
1 0.6408823529411765 0.6852272727272727 0.10176470588235294 0.035
1 0.4761764705882353 0.7295454545454545 0.12764705882352942 0.03090909090909091
1 0.75 0.5295454545454545 0.06470588235294118 0.035454545454545454
1 0.11588235294117646 0.6781818181818182 0.0611764705882353 0.035454545454545454
1 0.11058823529411765 0.44931818181818184 0.07882352941176471 0.035
1 0.6858823529411765 0.5397727272727273 0.03176470588235294 0.03409090909090909
1 0.11588235294117646 0.36522727272727273 0.08235294117647059 0.035
1 0.4661764705882353 0.7709090909090909 0.11352941176470588 0.034545454545454546
1 0.1497058823529412 0.9265909090909091 0.05 0.04045454545454545
1 0.7185294117647059 0.5745454545454546 0.06647058823529411 0.03090909090909091
1 0.3305882352941176 0.928409090909091 0.05764705882352941 0.03772727272727273
1 0.1564705882352941 0.8565909090909091 0.052941176470588235 0.03954545454545454
1 0.6385294117647059 0.730909090909091 0.09352941176470589 0.028181818181818183
1 0.4026470588235294 0.5279545454545455 0.1723529411764706 0.03590909090909091
1 0.12676470588235295 0.5220454545454546 0.0711764705882353 0.035
1 0.6720588235294118 0.6170454545454546 0.051176470588235295 0.031363636363636364
1 0.25088235294117645 0.8586363636363636 0.057058823529411766 0.04
1 0.6464705882352941 0.5722727272727273 0.03176470588235294 0.031818181818181815
1 0.24058823529411766 0.9259090909090909 0.05529411764705883 0.03727272727272727
1 0.3538235294117647 0.7670454545454546 0.09117647058823529 0.03409090909090909
1 0.7602941176470588 0.9277272727272727 0.06294117647058824 0.038181818181818185
1 0.6847058823529412 0.3759090909090909 0.09529411764705882 0.03272727272727273
1 0.5988235294117648 0.4156818181818182 0.13411764705882354 0.03227272727272727
1 0.41352941176470587 0.8590909090909091 0.05176470588235294 0.04
1 0.586764705882353 0.9254545454545454 0.051176470588235295 0.038181818181818185
1 0.5814705882352941 0.5270454545454546 0.13941176470588235 0.03681818181818182
1 0.5605882352941176 0.615909090909091 0.09294117647058824 0.03363636363636364
1 0.5064705882352941 0.4575 0.09176470588235294 0.03318181818181818
1 0.5891176470588235 0.8595454545454545 0.060588235294117644 0.042727272727272725
1 0.11205882352941177 0.4052272727272727 0.07823529411764706 0.03590909090909091
1 0.11852941176470588 0.5659090909090909 0.0688235294117647 0.035454545454545454
1 0.6264705882352941 0.4593181818181818 0.07411764705882352 0.029545454545454545
1 0.5691176470588235 0.04068181818181818 0.08647058823529412 0.023181818181818182
1 0.7729411764705882 0.41659090909090907 0.09647058823529411 0.031363636363636364
1 0.4985294117647059 0.9281818181818182 0.05352941176470588 0.04
1 0.8485294117647059 0.8606818181818182 0.0711764705882353 0.04045454545454545
1 0.6723529411764706 0.8584090909090909 0.06235294117647059 0.03954545454545454
1 0.543235294117647 0.37068181818181817 0.08647058823529412 0.03772727272727273
1 0.3814705882352941 0.4561363636363636 0.13705882352941176 0.03227272727272727
1 0.11647058823529412 0.7652272727272728 0.06470588235294118 0.03590909090909091
1 0.11441176470588235 0.7240909090909091 0.05941176470588235 0.035454545454545454
1 0.6982352941176471 0.41659090909090907 0.03764705882352941 0.03227272727272727
1 0.5008823529411764 0.8595454545454545 0.0488235294117647 0.04
1 0.3988235294117647 0.36727272727272725 0.1588235294117647 0.038181818181818185
1 0.5608823529411765 0.730909090909091 0.026470588235294117 0.028181818181818183
1 0.1188235294117647 0.6068181818181818 0.07294117647058823 0.035454545454545454
1 0.6758823529411765 0.9281818181818182 0.05529411764705883 0.04
1 0.6105882352941177 0.3840909090909091 0.03058823529411765 0.031818181818181815
1 0.3335294117647059 0.8570454545454546 0.06352941176470588 0.042272727272727274
1 0.31088235294117644 0.03340909090909091 0.0488235294117647 0.021363636363636362
1 0.5764705882352941 0.4697727272727273 0.02 0.03227272727272727
1 0.3997058823529412 0.5734090909090909 0.16647058823529412 0.028636363636363637
1 0.6285294117647059 0.6311363636363636 0.02176470588235294 0.03227272727272727
1 0.5541176470588235 0.7888636363636363 0.03058823529411765 0.035
1 0.35794117647058826 0.7272727272727273 0.09 0.03090909090909091