1 0.5479411764705883 0.6243181818181818 0.11352941176470588 0.02772727272727273
1 0.7594117647058823 0.8636363636363636 0.04588235294117647 0.03636363636363636
1 0.85 0.9279545454545455 0.06941176470588235 0.038636363636363635
1 0.5402941176470588 0.5781818181818181 0.11705882352941177 0.03272727272727273
1 0.4111764705882353 0.9259090909090909 0.06 0.03636363636363636
1 0.8429411764705882 0.8631818181818182 0.05058823529411765 0.03636363636363636
1 0.3911764705882353 0.6213636363636363 0.18823529411764706 0.02727272727272727
1 0.513235294117647 0.3740909090909091 0.14882352941176472 0.034545454545454546
1 0.6920588235294117 0.7840909090909091 0.060588235294117644 0.02909090909090909
1 0.4176470588235294 0.6915909090909091 0.2411764705882353 0.030454545454545453
1 0.6173529411764705 0.6915909090909091 0.14411764705882352 0.031363636363636364
1 0.3811764705882353 0.7347727272727272 0.17529411764705882 0.031363636363636364
1 0.36705882352941177 0.36772727272727274 0.12941176470588237 0.03636363636363636
1 0.7226470588235294 0.5356818181818181 0.03235294117647059 0.031363636363636364
1 0.3488235294117647 0.42113636363636364 0.0988235294117647 0.028636363636363637
1 0.11235294117647059 0.6845454545454546 0.07647058823529412 0.034545454545454546
1 0.12205882352941176 0.4552272727272727 0.07235294117647059 0.03590909090909091
1 0.6182352941176471 0.7334090909090909 0.02823529411764706 0.03227272727272727
1 0.15794117647058822 0.9218181818181819 0.057058823529411766 0.038181818181818185
1 0.7891176470588235 0.6915909090909091 0.09588235294117647 0.03318181818181818
1 0.32794117647058824 0.9254545454545454 0.05588235294117647 0.038181818181818185
1 0.15676470588235294 0.8561363636363636 0.057058823529411766 0.03772727272727273
1 0.4202941176470588 0.5318181818181819 0.24058823529411766 0.03727272727272727
1 0.10970588235294118 0.5234090909090909 0.09352941176470589 0.035
1 0.665 0.7365909090909091 0.054705882352941174 0.031363636363636364
1 0.24323529411764705 0.8565909090909091 0.057058823529411766 0.03681818181818182
1 0.6308823529411764 0.5331818181818182 0.15 0.035454545454545454
1 0.23970588235294119 0.9231818181818182 0.05235294117647059 0.03727272727272727
1 0.38382352941176473 0.7790909090909091 0.16647058823529412 0.03090909090909091
1 0.7611764705882353 0.9270454545454545 0.06 0.03772727272727273
1 0.11764705882352941 0.37068181818181817 0.06941176470588235 0.035
1 0.5497058823529412 0.78 0.1323529411764706 0.03090909090909091
1 0.6173529411764705 0.3729545454545454 0.03588235294117647 0.030454545454545453
1 0.5982352941176471 0.42272727272727273 0.06 0.025454545454545455
1 0.46647058823529414 0.4222727272727273 0.11411764705882353 0.028181818181818183
1 0.4176470588235294 0.8590909090909091 0.06 0.038181818181818185
1 0.591764705882353 0.9272727272727272 0.05529411764705883 0.03636363636363636
1 0.4711764705882353 0.46295454545454545 0.11411764705882353 0.029545454545454545
1 0.5873529411764706 0.8595454545454545 0.05823529411764706 0.038181818181818185
1 0.11382352941176471 0.41113636363636363 0.08058823529411764 0.035
1 0.11058823529411765 0.5663636363636364 0.09411764705882353 0.035454545454545454
1 0.6214705882352941 0.5781818181818181 0.028823529411764706 0.03090909090909091
1 0.5641176470588235 0.03727272727272727 0.11176470588235295 0.025454545454545455
1 0.6082352941176471 0.4652272727272727 0.06705882352941177 0.028636363636363637
1 0.7847058823529411 0.5359090909090909 0.07764705882352942 0.03272727272727273
1 0.5058823529411764 0.9263636363636364 0.06941176470588235 0.03909090909090909
1 0.6741176470588235 0.8588636363636364 0.052941176470588235 0.03681818181818182
1 0.5473529411764706 0.4222727272727273 0.028823529411764706 0.028181818181818183
1 0.35205882352941176 0.4625 0.10529411764705883 0.031363636363636364
1 0.11235294117647059 0.7693181818181818 0.07764705882352942 0.03681818181818182
1 0.10970588235294118 0.725909090909091 0.07823529411764706 0.03727272727272727
1 0.6823529411764706 0.37795454545454543 0.08 0.03227272727272727
1 0.5547058823529412 0.47045454545454546 0.027058823529411764 0.025454545454545455
1 0.5023529411764706 0.8593181818181819 0.058823529411764705 0.03772727272727273
1 0.6773529411764706 0.6259090909090909 0.05823529411764706 0.03363636363636364
1 0.5426470588235294 0.7356818181818182 0.12529411764705883 0.028636363636363637
1 0.11382352941176471 0.605909090909091 0.09588235294117647 0.03727272727272727
1 0.6752941176470588 0.9261363636363636 0.05647058823529412 0.038636363636363635
1 0.3297058823529412 0.8568181818181818 0.051176470588235295 0.03727272727272727
1 0.6658823529411765 0.5809090909090909 0.06352941176470588 0.02727272727272727
1 0.7252941176470589 0.6906818181818182 0.03294117647058824 0.031363636363636364
1 0.6414705882352941 0.7890909090909091 0.028823529411764706 0.03
1 0.6235294117647059 0.6304545454545455 0.03176470588235294 0.03090909090909091
1 0.3820588235294118 0.5775 0.18294117647058825 0.03318181818181818
1 0.3270588235294118 0.035 0.041176470588235294 0.023636363636363636