1 0.3585294117647059 0.6834090909090909 0.13117647058823528 0.04045454545454545
1 0.5608823529411765 0.6945454545454546 0.031176470588235295 0.03363636363636364
1 0.7611764705882353 0.8647727272727272 0.07058823529411765 0.04045454545454545
1 0.8473529411764706 0.9311363636363637 0.07705882352941176 0.03954545454545454
1 0.4147058823529412 0.9263636363636364 0.07294117647058823 0.038181818181818185
1 0.8482352941176471 0.8647727272727272 0.07647058823529412 0.04045454545454545
1 0.37176470588235294 0.6138636363636364 0.15176470588235294 0.04045454545454545
1 0.6347058823529412 0.7777272727272727 0.07882352941176471 0.03090909090909091
1 0.445 0.4138636363636364 0.29470588235294115 0.038636363636363635
1 0.6373529411764706 0.6902272727272727 0.10294117647058823 0.026818181818181817
1 0.4429411764705882 0.7284090909090909 0.28352941176470586 0.038636363636363635
1 0.3726470588235294 0.3690909090909091 0.15 0.04090909090909091
1 0.783235294117647 0.5779545454545455 0.03588235294117647 0.03409090909090909
1 0.09264705882352942 0.6843181818181818 0.08411764705882353 0.03681818181818182
1 0.10735294117647058 0.45204545454545453 0.12294117647058823 0.03954545454545454
1 0.08970588235294118 0.5261363636363636 0.08411764705882353 0.03590909090909091
1 0.49264705882352944 0.7722727272727272 0.09588235294117647 0.03363636363636364
1 0.1526470588235294 0.9281818181818182 0.0711764705882353 0.04090909090909091
1 0.866764705882353 0.5743181818181818 0.1264705882352941 0.038636363636363635
1 0.32294117647058823 0.9270454545454545 0.06470588235294118 0.03772727272727273
1 0.1588235294117647 0.8615909090909091 0.07294117647058823 0.03954545454545454
1 0.6852941176470588 0.7295454545454545 0.1776470588235294 0.03727272727272727
1 0.3779411764705882 0.5277272727272727 0.16058823529411764 0.04090909090909091
1 0.10794117647058823 0.4106818181818182 0.12176470588235294 0.041363636363636366
1 0.6076470588235294 0.6175 0.06705882352941177 0.030454545454545453
1 0.24088235294117646 0.8618181818181818 0.07235294117647059 0.04
1 0.24058823529411766 0.9281818181818182 0.06470588235294118 0.03909090909090909
1 0.3652941176470588 0.7702272727272728 0.13411764705882354 0.03590909090909091
1 0.7617647058823529 0.9313636363636364 0.07764705882352942 0.038181818181818185
1 0.30205882352941177 0.03772727272727273 0.04647058823529412 0.023636363636363636
1 0.6947058823529412 0.41454545454545455 0.20588235294117646 0.03909090909090909
1 0.6526470588235294 0.3715909090909091 0.061764705882352944 0.035
1 0.4076470588235294 0.8629545454545454 0.058823529411764705 0.038636363636363635
1 0.5911764705882353 0.9288636363636363 0.07294117647058823 0.03681818181818182
1 0.09235294117647058 0.5654545454545454 0.08470588235294117 0.03727272727272727
1 0.435 0.5729545454545455 0.27705882352941175 0.03954545454545454
1 0.5932352941176471 0.5411363636363636 0.03470588235294118 0.03318181818181818
1 0.5620588235294117 0.7804545454545454 0.03 0.031818181818181815
1 0.1111764705882353 0.3679545454545455 0.10823529411764705 0.038636363636363635
1 0.668235294117647 0.575 0.16588235294117648 0.038181818181818185
1 0.5644117647058824 0.04181818181818182 0.11588235294117646 0.024545454545454544
1 0.6047058823529412 0.3795454545454545 0.03176470588235294 0.02909090909090909
1 0.7970588235294118 0.7315909090909091 0.03529411764705882 0.03590909090909091
1 0.5029411764705882 0.9263636363636364 0.07647058823529412 0.038181818181818185
1 0.6705882352941176 0.8647727272727272 0.07176470588235294 0.03954545454545454
1 0.5188235294117647 0.37136363636363634 0.14352941176470588 0.04090909090909091
1 0.8797058823529412 0.7293181818181819 0.11588235294117646 0.03681818181818182
1 0.385 0.45136363636363636 0.1688235294117647 0.03909090909090909
1 0.0961764705882353 0.7665909090909091 0.08411764705882353 0.03590909090909091
1 0.09529411764705882 0.7256818181818182 0.08705882352941176 0.03772727272727273
1 0.548235294117647 0.4565909090909091 0.13411764705882354 0.03590909090909091
1 0.49941176470588233 0.860909090909091 0.07058823529411765 0.03909090909090909
1 0.6561764705882352 0.5265909090909091 0.0711764705882353 0.035
1 0.8820588235294118 0.41818181818181815 0.09235294117647058 0.03727272727272727
1 0.4964705882352941 0.6175 0.08705882352941176 0.030454545454545453
1 0.09147058823529412 0.6097727272727272 0.0888235294117647 0.03681818181818182
1 0.6764705882352942 0.9297727272727273 0.07529411764705882 0.038636363636363635
1 0.3226470588235294 0.8620454545454546 0.06294117647058824 0.038636363636363635
1 0.8188235294117647 0.4159090909090909 0.03294117647058824 0.038181818181818185
1 0.6373529411764706 0.4652272727272727 0.03 0.02772727272727273
1 0.6876470588235294 0.45954545454545453 0.06705882352941177 0.035454545454545454
1 0.5179411764705882 0.5306818181818181 0.11470588235294117 0.038636363636363635
1 0.5514705882352942 0.6256818181818182 0.02176470588235294 0.022272727272727274
1 0.4864705882352941 0.6854545454545454 0.11176470588235295 0.03636363636363636
1 0.5882352941176471 0.8636363636363636 0.07529411764705882 0.038181818181818185