1 0.4161764705882353 0.6859090909090909 0.23941176470588235 0.042727272727272725
1 0.5658823529411765 0.6981818181818182 0.05058823529411765 0.04818181818181818
1 0.7667647058823529 0.8613636363636363 0.07352941176470588 0.03727272727272727
1 0.8502941176470589 0.9379545454545455 0.06647058823529411 0.055
1 0.41705882352941176 0.9272727272727272 0.06470588235294118 0.03727272727272727
1 0.8558823529411764 0.8634090909090909 0.06941176470588235 0.03954545454545454
1 0.43588235294117644 0.7302272727272727 0.03411764705882353 0.03227272727272727
1 0.09911764705882353 0.6804545454545454 0.05823529411764706 0.035454545454545454
1 0.10029411764705883 0.36727272727272725 0.09117647058823529 0.03363636363636364
1 0.11470588235294117 0.4552272727272727 0.09529411764705882 0.03590909090909091
1 0.1564705882352941 0.9256818181818182 0.058823529411764705 0.03772727272727273
1 0.33088235294117646 0.9281818181818182 0.060588235294117644 0.03727272727272727
1 0.1623529411764706 0.8581818181818182 0.06705882352941177 0.03909090909090909
1 0.4273529411764706 0.5309090909090909 0.24411764705882352 0.03909090909090909
1 0.10794117647058823 0.5238636363636363 0.09235294117647058 0.03409090909090909
1 0.6635294117647059 0.6911363636363637 0.12352941176470589 0.035
1 0.245 0.8593181818181819 0.05823529411764706 0.038636363636363635
1 0.24411764705882352 0.9272727272727272 0.06588235294117648 0.03727272727272727
1 0.36058823529411765 0.7279545454545454 0.12470588235294118 0.035
1 0.7532352941176471 0.9340909090909091 0.05823529411764706 0.04
1 0.30264705882352944 0.035 0.04176470588235294 0.022727272727272728
1 0.678235294117647 0.41295454545454546 0.06941176470588235 0.029545454545454545
1 0.6605882352941177 0.37386363636363634 0.1588235294117647 0.035
1 0.6035294117647059 0.45431818181818184 0.06 0.03227272727272727
1 0.4414705882352941 0.37022727272727274 0.25823529411764706 0.03590909090909091
1 0.41823529411764704 0.8595454545454545 0.05647058823529412 0.03909090909090909
1 0.5797058823529412 0.9322727272727273 0.06411764705882353 0.045454545454545456
1 0.3855882352941176 0.6161363636363636 0.16411764705882353 0.03409090909090909
1 0.6020588235294118 0.575 0.028823529411764706 0.031818181818181815
1 0.49 0.73 0.06941176470588235 0.031818181818181815
1 0.4970588235294118 0.45636363636363636 0.1 0.03272727272727273
1 0.5908823529411765 0.8606818181818182 0.06411764705882353 0.03681818181818182
1 0.5664705882352942 0.04090909090909091 0.11529411764705882 0.02090909090909091
1 0.4979411764705882 0.9265909090909091 0.057058823529411766 0.04045454545454545
1 0.675 0.8613636363636363 0.06647058823529411 0.03909090909090909
1 0.40205882352941175 0.4125 0.18058823529411766 0.03227272727272727
1 0.8541176470588235 0.5325 0.0988235294117647 0.035
1 0.3738235294117647 0.4565909090909091 0.14176470588235293 0.03409090909090909
1 0.10558823529411765 0.7656818181818181 0.07352941176470588 0.03681818181818182
1 0.10323529411764706 0.725 0.0688235294117647 0.03727272727272727
1 0.7664705882352941 0.3784090909090909 0.03411764705882353 0.03318181818181818
1 0.5035294117647059 0.8595454545454545 0.06352941176470588 0.04
1 0.6544117647058824 0.5311363636363636 0.18294117647058825 0.041363636363636366
1 0.8279411764705882 0.37886363636363635 0.07470588235294118 0.03318181818181818
1 0.581764705882353 0.6179545454545454 0.02588235294117647 0.03227272727272727
1 0.11294117647058824 0.4147727272727273 0.08470588235294117 0.03227272727272727
1 0.5220588235294118 0.615 0.10411764705882352 0.03727272727272727
1 0.11705882352941177 0.6115909090909091 0.10470588235294118 0.03681818181818182
1 0.6729411764705883 0.93 0.05764705882352941 0.04363636363636364
1 0.33294117647058824 0.8579545454545454 0.0611764705882353 0.038636363636363635
1 0.6476470588235295 0.5725 0.0611764705882353 0.030454545454545453
1 0.7705882352941177 0.5445454545454546 0.05058823529411765 0.045454545454545456
1 0.5541176470588235 0.41204545454545455 0.10470588235294118 0.029545454545454545
1 0.6270588235294118 0.4127272727272727 0.02823529411764706 0.03
1 0.5573529411764706 0.45954545454545453 0.03 0.028181818181818183
1 0.3814705882352941 0.5713636363636364 0.15588235294117647 0.02909090909090909
1 0.5255882352941177 0.5718181818181818 0.11941176470588236 0.02909090909090909
1 0.6211764705882353 0.6175 0.05411764705882353 0.025
1 0.35058823529411764 0.7697727272727273 0.10705882352941176 0.03681818181818182
1 0.41352941176470587 0.7720454545454546 0.03411764705882353 0.029545454545454545
1 0.46176470588235297 0.7725 0.0611764705882353 0.02409090909090909
1 0.11441176470588235 0.5697727272727273 0.10411764705882352 0.038636363636363635