1 0.3417647058823529 0.6804545454545454 0.08705882352941176 0.03090909090909091
1 0.7544117647058823 0.860909090909091 0.05235294117647059 0.034545454545454546
1 0.8432352941176471 0.9320454545454545 0.05352941176470588 0.03772727272727273
1 0.41058823529411764 0.925 0.052941176470588235 0.03909090909090909
1 0.40147058823529413 0.5218181818181818 0.20294117647058824 0.031818181818181815
1 0.4294117647058823 0.7670454545454546 0.07411764705882352 0.029545454545454545
1 0.415 0.3659090909090909 0.21235294117647058 0.02727272727272727
1 0.43411764705882355 0.4084090909090909 0.2564705882352941 0.030454545454545453
1 0.09117647058823529 0.6761363636363636 0.0611764705882353 0.03318181818181818
1 0.09941176470588235 0.44545454545454544 0.07647058823529412 0.035454545454545454
1 0.35205882352941176 0.7227272727272728 0.10058823529411764 0.031818181818181815
1 0.5644117647058824 0.7229545454545454 0.02411764705882353 0.029545454545454545
1 0.14676470588235294 0.9209090909090909 0.051176470588235295 0.03909090909090909
1 0.3173529411764706 0.9227272727272727 0.0488235294117647 0.038181818181818185
1 0.15088235294117647 0.8522727272727273 0.05588235294117647 0.03636363636363636
1 0.08970588235294118 0.5193181818181818 0.06411764705882353 0.030454545454545453
1 0.6244117647058823 0.7263636363636363 0.08176470588235295 0.02909090909090909
1 0.23705882352941177 0.8547727272727272 0.05058823529411765 0.035
1 0.6085294117647059 0.6809090909090909 0.07823529411764706 0.02909090909090909
1 0.2288235294117647 0.9215909090909091 0.04588235294117647 0.038636363636363635
1 0.3411764705882353 0.7656818181818181 0.0811764705882353 0.03409090909090909
1 0.7623529411764706 0.9302272727272727 0.0611764705882353 0.03681818181818182
1 0.10529411764705883 0.36227272727272725 0.07882352941176471 0.034545454545454546
1 0.5235294117647059 0.7686363636363637 0.04470588235294118 0.03272727272727273
1 0.5761764705882353 0.038863636363636364 0.07470588235294118 0.021363636363636362
1 0.41323529411764703 0.8556818181818182 0.06411764705882353 0.03681818181818182
1 0.5823529411764706 0.9268181818181818 0.05529411764705883 0.035454545454545454
1 0.40558823529411764 0.5684090909090909 0.2111764705882353 0.03227272727272727
1 0.528235294117647 0.5225 0.047058823529411764 0.03227272727272727
1 0.37676470588235295 0.6079545454545454 0.15941176470588236 0.03681818181818182
1 0.5779411764705882 0.8595454545454545 0.04294117647058823 0.038181818181818185
1 0.10529411764705883 0.40295454545454545 0.08 0.030454545454545453
1 0.08970588235294118 0.5622727272727273 0.06411764705882353 0.03363636363636364
1 0.5555882352941176 0.5665909090909091 0.06764705882352941 0.030454545454545453
1 0.49823529411764705 0.9259090909090909 0.06352941176470588 0.03727272727272727
1 0.8391176470588235 0.8606818181818182 0.05 0.03409090909090909
1 0.6638235294117647 0.8597727272727272 0.04294117647058823 0.03772727272727273
1 0.46205882352941174 0.6815909090909091 0.10411764705882352 0.03318181818181818
1 0.3870588235294118 0.4531818181818182 0.16117647058823528 0.03272727272727273
1 0.09205882352941176 0.7627272727272727 0.05941176470588235 0.034545454545454546
1 0.4985294117647059 0.8581818181818182 0.04647058823529412 0.03636363636363636
1 0.47852941176470587 0.7206818181818182 0.13352941176470587 0.029545454545454545
1 0.09029411764705883 0.605909090909091 0.0688235294117647 0.03090909090909091
1 0.6773529411764706 0.9286363636363636 0.05941176470588235 0.03636363636363636
1 0.3220588235294118 0.8572727272727273 0.051176470588235295 0.03727272727272727
1 0.09088235294117647 0.7209090909090909 0.061764705882352944 0.03
1 0.3176470588235294 0.03318181818181818 0.05529411764705883 0.01818181818181818
1 0.5555882352941176 0.6861363636363637 0.025294117647058825 0.026818181818181817
1 0.48470588235294115 0.7704545454545455 0.02 0.03272727272727273
1 0.48558823529411765 0.6140909090909091 0.051176470588235295 0.025454545454545455