1 0.3652941176470588 0.7265909090909091 0.13529411764705881 0.038636363636363635
1 0.7623529411764706 0.8602272727272727 0.07294117647058823 0.03954545454545454
1 0.8502941176470589 0.9302272727272727 0.07823529411764706 0.041363636363636366
1 0.5235294117647059 0.6154545454545455 0.07529411764705882 0.03363636363636364
1 0.41352941176470587 0.9263636363636364 0.07176470588235294 0.04181818181818182
1 0.3914705882352941 0.6122727272727273 0.1711764705882353 0.03636363636363636
1 0.6667647058823529 0.7731818181818182 0.09705882352941177 0.03090909090909091
1 0.48970588235294116 0.6868181818181818 0.1476470588235294 0.03636363636363636
1 0.6791176470588235 0.6893181818181818 0.12058823529411765 0.035
1 0.4211764705882353 0.4115909090909091 0.2376470588235294 0.03954545454545454
1 0.10735294117647058 0.6779545454545455 0.07235294117647059 0.03409090909090909
1 0.09382352941176471 0.4456818181818182 0.0688235294117647 0.03590909090909091
1 0.4885294117647059 0.7736363636363637 0.1711764705882353 0.03272727272727273
1 0.14352941176470588 0.9245454545454546 0.04941176470588235 0.04454545454545455
1 0.7794117647058824 0.7277272727272728 0.14352941176470588 0.034545454545454546
1 0.32294117647058823 0.9265909090909091 0.05529411764705883 0.04045454545454545
1 0.16058823529411764 0.8565909090909091 0.07294117647058823 0.04045454545454545
1 0.6026470588235294 0.4572727272727273 0.09352941176470589 0.03363636363636364
1 0.41441176470588237 0.5265909090909091 0.2311764705882353 0.03409090909090909
1 0.09705882352941177 0.5213636363636364 0.06823529411764706 0.03363636363636364
1 0.23823529411764705 0.9261363636363636 0.05764705882352941 0.041363636363636366
1 0.34794117647058825 0.7713636363636364 0.09941176470588235 0.035454545454545454
1 0.7588235294117647 0.9272727272727272 0.06823529411764706 0.04
1 0.09382352941176471 0.36454545454545456 0.06764705882352941 0.034545454545454546
1 0.5458823529411765 0.7261363636363637 0.21176470588235294 0.031363636363636364
1 0.6079411764705882 0.4113636363636364 0.10882352941176471 0.03727272727272727
1 0.41147058823529414 0.8602272727272727 0.061764705882352944 0.04318181818181818
1 0.5935294117647059 0.9290909090909091 0.06941176470588235 0.04090909090909091
1 0.09411764705882353 0.5645454545454546 0.07294117647058823 0.034545454545454546
1 0.6038235294117648 0.5279545454545455 0.13117647058823528 0.03227272727272727
1 0.5879411764705882 0.8586363636363636 0.06529411764705882 0.042727272727272725
1 0.09529411764705882 0.40454545454545454 0.07176470588235294 0.035454545454545454
1 0.5570588235294117 0.038863636363636364 0.0988235294117647 0.020454545454545454
1 0.5 0.9286363636363636 0.06823529411764706 0.04363636363636364
1 0.8485294117647059 0.8586363636363636 0.07352941176470588 0.04363636363636364
1 0.6767647058823529 0.8588636363636364 0.0711764705882353 0.04045454545454545
1 0.5594117647058824 0.3718181818181818 0.08588235294117647 0.034545454545454546
1 0.4273529411764706 0.4561363636363636 0.24764705882352941 0.031363636363636364
1 0.0961764705882353 0.7634090909090909 0.0688235294117647 0.035
1 0.10588235294117647 0.7234090909090909 0.07176470588235294 0.035
1 0.5988235294117648 0.79 0.03411764705882353 0.03727272727272727
1 0.49941176470588233 0.8590909090909091 0.06352941176470588 0.04090909090909091
1 0.5947058823529412 0.6877272727272727 0.03294117647058824 0.03636363636363636
1 0.40852941176470586 0.3665909090909091 0.21 0.03954545454545454
1 0.09147058823529412 0.6040909090909091 0.0711764705882353 0.035454545454545454
1 0.6776470588235294 0.9265909090909091 0.07058823529411765 0.04045454545454545
1 0.32029411764705884 0.8581818181818182 0.05 0.04
1 0.6364705882352941 0.5720454545454545 0.12588235294117647 0.03590909090909091
1 0.3079411764705882 0.03568181818181818 0.04294117647058823 0.019545454545454546
1 0.43117647058823527 0.5713636363636364 0.27058823529411763 0.03636363636363636
1 0.3538235294117647 0.6829545454545455 0.1111764705882353 0.03318181818181818
1 0.6811764705882353 0.7279545454545454 0.03764705882352941 0.035
1 0.245 0.8590909090909091 0.061764705882352944 0.038181818181818185