1 0.5352941176470588 0.6809090909090909 0.1188235294117647 0.03636363636363636
1 0.7544117647058823 0.8636363636363636 0.06294117647058824 0.038181818181818185
1 0.8429411764705882 0.9290909090909091 0.06588235294117648 0.03909090909090909
1 0.5314705882352941 0.5740909090909091 0.06647058823529411 0.031818181818181815
1 0.10088235294117646 0.5265909090909091 0.057058823529411766 0.035
1 0.5088235294117647 0.5263636363636364 0.07411764705882352 0.03363636363636364
1 0.8447058823529412 0.8618181818181818 0.07764705882352942 0.04090909090909091
1 0.3461764705882353 0.6227272727272727 0.09823529411764706 0.03090909090909091
1 0.45235294117647057 0.5304545454545454 0.03176470588235294 0.03272727272727273
1 0.39941176470588236 0.7254545454545455 0.18823529411764706 0.035454545454545454
1 0.3729411764705882 0.4656818181818182 0.15411764705882353 0.029545454545454545
1 0.10411764705882352 0.6802272727272727 0.06470588235294118 0.03409090909090909
1 0.10264705882352941 0.4556818181818182 0.07 0.03590909090909091
1 0.38088235294117645 0.6836363636363636 0.16176470588235295 0.035454545454545454
1 0.10411764705882352 0.5677272727272727 0.05058823529411765 0.03363636363636364
1 0.5632352941176471 0.7272727272727273 0.14529411764705882 0.03363636363636364
1 0.15441176470588236 0.9261363636363636 0.05941176470588235 0.03772727272727273
1 0.40352941176470586 0.9268181818181818 0.05764705882352941 0.03727272727272727
1 0.15764705882352942 0.8570454545454546 0.06470588235294118 0.03772727272727273
1 0.24970588235294117 0.8575 0.07235294117647059 0.03954545454545454
1 0.23970588235294119 0.9247727272727273 0.05588235294117647 0.03590909090909091
1 0.35294117647058826 0.7806818181818181 0.11647058823529412 0.029545454545454545
1 0.7547058823529412 0.9334090909090909 0.06235294117647059 0.03772727272727273
1 0.40852941176470586 0.4147727272727273 0.22176470588235295 0.03590909090909091
1 0.41794117647058826 0.8584090909090909 0.07352941176470588 0.03954545454545454
1 0.5808823529411765 0.9265909090909091 0.057058823529411766 0.038636363636363635
1 0.36676470588235294 0.5265909090909091 0.1323529411764706 0.03681818181818182
1 0.47794117647058826 0.575 0.033529411764705884 0.03090909090909091
1 0.0961764705882353 0.3679545454545455 0.0711764705882353 0.035
1 0.37823529411764706 0.5727272727272728 0.14941176470588236 0.034545454545454546
1 0.5470588235294118 0.042272727272727274 0.07529411764705882 0.023636363636363636
1 0.7429411764705882 0.41795454545454547 0.09294117647058824 0.03318181818181818
1 0.4958823529411765 0.9265909090909091 0.06352941176470588 0.03772727272727273
1 0.6723529411764706 0.8604545454545455 0.06588235294117648 0.038181818181818185
1 0.10441176470588236 0.7643181818181818 0.07 0.03318181818181818
1 0.72 0.36886363636363634 0.0811764705882353 0.03681818181818182
1 0.5035294117647059 0.46545454545454545 0.09176470588235294 0.031818181818181815
1 0.5894117647058823 0.865 0.08235294117647059 0.04090909090909091
1 0.4988235294117647 0.8581818181818182 0.06470588235294118 0.03909090909090909
1 0.39941176470588236 0.3665909090909091 0.19647058823529412 0.03772727272727273
1 0.4582352941176471 0.6229545454545454 0.05411764705882353 0.029545454545454545
1 0.10235294117647059 0.6097727272727272 0.04588235294117647 0.03409090909090909
1 0.6711764705882353 0.9259090909090909 0.06235294117647059 0.038181818181818185
1 0.3326470588235294 0.8577272727272728 0.0711764705882353 0.04
1 0.6329411764705882 0.46636363636363637 0.05647058823529412 0.03090909090909091
1 0.10352941176470588 0.7229545454545454 0.06235294117647059 0.03318181818181818
1 0.2979411764705882 0.03681818181818182 0.027647058823529413 0.02181818181818182
1 0.3423529411764706 0.0375 0.058823529411764705 0.019545454545454546
1 0.09823529411764706 0.4115909090909091 0.06823529411764706 0.03590909090909091
1 0.5805882352941176 0.3684090909090909 0.13294117647058823 0.04045454545454545
1 0.6658823529411765 0.3704545454545455 0.03411764705882353 0.034545454545454546
1 0.5894117647058823 0.4147727272727273 0.1223529411764706 0.03681818181818182
1 0.675 0.4159090909090909 0.03823529411764706 0.03363636363636364
1 0.5747058823529412 0.4690909090909091 0.03764705882352941 0.034545454545454546
1 0.41205882352941176 0.6259090909090909 0.027647058823529413 0.025454545454545455
1 0.46352941176470586 0.7806818181818181 0.09294117647058824 0.03318181818181818
1 0.3235294117647059 0.9281818181818182 0.06235294117647059 0.03636363636363636