1 0.41705882352941176 0.6890909090909091 0.2235294117647059 0.03909090909090909
1 0.5408823529411765 0.6175 0.027647058823529413 0.03318181818181818
1 0.84 0.9329545454545455 0.0611764705882353 0.03954545454545454
1 0.923235294117647 0.41795454545454547 0.04058823529411765 0.03681818181818182
1 0.40588235294117647 0.9286363636363636 0.052941176470588235 0.03909090909090909
1 0.48705882352941177 0.5306818181818181 0.09294117647058824 0.03590909090909091
1 0.3644117647058824 0.6163636363636363 0.1111764705882353 0.034545454545454546
1 0.6258823529411764 0.7754545454545455 0.1388235294117647 0.03727272727272727
1 0.6908823529411765 0.6890909090909091 0.04058823529411765 0.03272727272727273
1 0.4541176470588235 0.7261363636363637 0.3070588235294118 0.041363636363636366
1 0.49676470588235294 0.4115909090909091 0.37470588235294117 0.03954545454545454
1 0.11029411764705882 0.6813636363636364 0.11588235294117646 0.04181818181818182
1 0.10617647058823529 0.4470454545454545 0.10176470588235294 0.038636363636363635
1 0.11352941176470588 0.3654545454545455 0.11176470588235295 0.03909090909090909
1 0.6076470588235294 0.6206818181818182 0.09411764705882353 0.03227272727272727
1 0.15323529411764705 0.925 0.05823529411764706 0.03909090909090909
1 0.81 0.7288636363636364 0.03411764705882353 0.038636363636363635
1 0.32676470588235296 0.9279545454545455 0.05823529411764706 0.038636363636363635
1 0.1538235294117647 0.8572727272727273 0.05352941176470588 0.04
1 0.3720588235294118 0.5252272727272728 0.1288235294117647 0.03681818181818182
1 0.10323529411764706 0.5236363636363637 0.09352941176470589 0.02909090909090909
1 0.8570588235294118 0.3784090909090909 0.12117647058823529 0.035
1 0.24147058823529413 0.8579545454545454 0.05941176470588235 0.03954545454545454
1 0.6176470588235294 0.5336363636363637 0.06352941176470588 0.03272727272727273
1 0.23647058823529413 0.9243181818181818 0.05647058823529412 0.038636363636363635
1 0.4194117647058824 0.7720454545454546 0.23058823529411765 0.038636363636363635
1 0.7626470588235295 0.9275 0.06411764705882353 0.038636363636363635
1 0.4102941176470588 0.860909090909091 0.060588235294117644 0.03727272727272727
1 0.5808823529411765 0.8647727272727272 0.05235294117647059 0.03681818181818182
1 0.10441176470588236 0.5634090909090909 0.09705882352941177 0.03772727272727273
1 0.37 0.5695454545454546 0.12588235294117647 0.03636363636363636
1 0.5573529411764706 0.5725 0.03588235294117647 0.035
1 0.4738235294117647 0.6179545454545454 0.08294117647058824 0.03409090909090909
1 0.4902941176470588 0.571590909090909 0.09588235294117647 0.035
1 0.11205882352941177 0.40613636363636363 0.11235294117647059 0.03954545454545454
1 0.6379411764705882 0.5727272727272728 0.11470588235294117 0.035454545454545454
1 0.5664705882352942 0.03772727272727273 0.08 0.02181818181818182
1 0.7429411764705882 0.4615909090909091 0.09294117647058824 0.03227272727272727
1 0.7761764705882352 0.7743181818181818 0.07352941176470588 0.031363636363636364
1 0.49911764705882355 0.9290909090909091 0.06294117647058824 0.038181818181818185
1 0.6717647058823529 0.8625 0.06 0.03954545454545454
1 0.8791176470588236 0.7284090909090909 0.09588235294117647 0.038636363636363635
1 0.41058823529411764 0.45704545454545453 0.1976470588235294 0.04045454545454545
1 0.10264705882352941 0.765 0.10882352941176471 0.03909090909090909
1 0.7779411764705882 0.3840909090909091 0.04058823529411765 0.04454545454545455
1 0.5894117647058823 0.4586363636363636 0.13176470588235295 0.03909090909090909
1 0.4964705882352941 0.8611363636363636 0.052941176470588235 0.03954545454545454
1 0.6717647058823529 0.4622727272727273 0.029411764705882353 0.03363636363636364
1 0.7976470588235294 0.41363636363636364 0.2223529411764706 0.038181818181818185
1 0.6097058823529412 0.6918181818181818 0.12764705882352942 0.03636363636363636
1 0.4188235294117647 0.3665909090909091 0.2211764705882353 0.03772727272727273
1 0.7029411764705882 0.7304545454545455 0.18588235294117647 0.04
1 0.1038235294117647 0.605909090909091 0.10058823529411764 0.03727272727272727
1 0.6679411764705883 0.9281818181818182 0.054705882352941174 0.03909090909090909
1 0.6411764705882353 0.3756818181818182 0.2164705882352941 0.03772727272727273
1 0.3288235294117647 0.8593181818181819 0.0611764705882353 0.04045454545454545
1 0.7488235294117647 0.7059090909090909 0.06941176470588235 0.03363636363636364
1 0.1126470588235294 0.7222727272727273 0.12058823529411765 0.03909090909090909
1 0.31058823529411766 0.03431818181818182 0.03882352941176471 0.02409090909090909
1 0.5494117647058824 0.53 0.03764705882352941 0.04181818181818182
1 0.5829411764705882 0.9302272727272727 0.05764705882352941 0.03681818181818182
1 0.7573529411764706 0.8640909090909091 0.06294117647058824 0.038181818181818185
1 0.8408823529411765 0.865909090909091 0.057058823529411766 0.03636363636363636
1 0.7132352941176471 0.7802272727272728 0.04647058823529412 0.04772727272727273