1 0.39705882352941174 0.6838636363636363 0.21294117647058824 0.03590909090909091
1 0.565 0.6852272727272727 0.11705882352941177 0.035
1 0.7558823529411764 0.8604545454545455 0.058823529411764705 0.038181818181818185
1 0.8376470588235294 0.9311363636363637 0.05647058823529412 0.03681818181818182
1 0.8347058823529412 0.8618181818181818 0.05411764705882353 0.038181818181818185
1 0.38029411764705884 0.6125 0.17941176470588235 0.03590909090909091
1 0.6164705882352941 0.7718181818181818 0.06823529411764706 0.034545454545454546
1 0.6494117647058824 0.6870454545454545 0.03882352941176471 0.035
1 0.41411764705882353 0.7268181818181818 0.24 0.03636363636363636
1 0.7661764705882353 0.5256818181818181 0.12294117647058823 0.03590909090909091
1 0.4158823529411765 0.4134090909090909 0.24 0.03590909090909091
1 0.0888235294117647 0.6813636363636364 0.0988235294117647 0.034545454545454546
1 0.7441176470588236 0.5711363636363637 0.04352941176470588 0.03681818181818182
1 0.10294117647058823 0.44977272727272727 0.09529411764705882 0.03772727272727273
1 0.3711764705882353 0.7681818181818182 0.15764705882352942 0.035454545454545454
1 0.7055882352941176 0.7293181818181819 0.03823529411764706 0.03409090909090909
1 0.14529411764705882 0.9263636363636364 0.0611764705882353 0.04090909090909091
1 0.8402941176470589 0.5734090909090909 0.14529411764705882 0.03681818181818182
1 0.4082352941176471 0.9279545454545455 0.058823529411764705 0.03318181818181818
1 0.14558823529411766 0.855909090909091 0.051176470588235295 0.04090909090909091
1 0.09147058823529412 0.5234090909090909 0.09588235294117647 0.04045454545454545
1 0.6617647058823529 0.6156818181818182 0.1 0.03227272727272727
1 0.2326470588235294 0.8588636363636364 0.05352941176470588 0.03681818181818182
1 0.24058823529411766 0.9254545454545454 0.06588235294117648 0.038181818181818185
1 0.7570588235294118 0.9309090909090909 0.06470588235294118 0.03636363636363636
1 0.10529411764705883 0.3668181818181818 0.09411764705882353 0.03636363636363636
1 0.6473529411764706 0.4138636363636364 0.21470588235294116 0.041363636363636366
1 0.6661764705882353 0.37227272727272726 0.033529411764705884 0.03272727272727273
1 0.4023529411764706 0.8613636363636363 0.05176470588235294 0.034545454545454546
1 0.5838235294117647 0.9290909090909091 0.06647058823529411 0.035454545454545454
1 0.3997058823529412 0.5279545454545455 0.21235294117647058 0.03681818181818182
1 0.5844117647058824 0.5256818181818181 0.14411764705882352 0.03772727272727273
1 0.5288235294117647 0.6143181818181818 0.11176470588235295 0.03409090909090909
1 0.4758823529411765 0.45704545454545453 0.11176470588235295 0.029545454545454545
1 0.5785294117647058 0.8622727272727273 0.054705882352941174 0.03363636363636364
1 0.10176470588235294 0.4084090909090909 0.10235294117647059 0.038636363636363635
1 0.09058823529411765 0.5677272727272727 0.08823529411764706 0.031818181818181815
1 0.635 0.5709090909090909 0.16647058823529412 0.034545454545454546
1 0.5485294117647059 0.038636363636363635 0.09352941176470589 0.02090909090909091
1 0.8564705882352941 0.41363636363636364 0.1376470588235294 0.04
1 0.8014705882352942 0.7302272727272727 0.1511764705882353 0.03409090909090909
1 0.49970588235294117 0.9272727272727272 0.07705882352941176 0.031818181818181815
1 0.6679411764705883 0.8627272727272727 0.06294117647058824 0.034545454545454546
1 0.5652941176470588 0.37 0.1623529411764706 0.03363636363636364
1 0.3585294117647059 0.45204545454545453 0.11941176470588236 0.03772727272727273
1 0.08647058823529412 0.7663636363636364 0.1011764705882353 0.038181818181818185
1 0.09117647058823529 0.7243181818181819 0.1 0.03590909090909091
1 0.7276470588235294 0.3704545454545455 0.08941176470588236 0.031818181818181815
1 0.5502941176470588 0.4572727272727273 0.033529411764705884 0.03636363636363636
1 0.6108823529411764 0.7295454545454545 0.1511764705882353 0.035454545454545454
1 0.4988235294117647 0.8611363636363636 0.07294117647058823 0.03590909090909091
1 0.6817647058823529 0.5302272727272728 0.03882352941176471 0.035
1 0.385 0.36977272727272725 0.18176470588235294 0.03590909090909091
1 0.09176470588235294 0.61 0.09176470588235294 0.03727272727272727
1 0.6705882352941176 0.9286363636363636 0.06470588235294118 0.038181818181818185
1 0.31941176470588234 0.8602272727272727 0.05764705882352941 0.03409090909090909
1 0.721764705882353 0.685 0.0988235294117647 0.034545454545454546
1 0.30676470588235294 0.03568181818181818 0.05352941176470588 0.021363636363636362
1 0.606764705882353 0.4572727272727273 0.07352941176470588 0.03363636363636364
1 0.42205882352941176 0.5675 0.25470588235294117 0.03409090909090909
1 0.5985294117647059 0.6138636363636364 0.026470588235294117 0.03590909090909091
1 0.5 0.7702272727272728 0.0988235294117647 0.03590909090909091
1 0.565 0.7704545454545455 0.03 0.038181818181818185
1 0.32382352941176473 0.9281818181818182 0.061764705882352944 0.035454545454545454
1 0.7664705882352941 0.4143181818181818 0.027058823529411764 0.03590909090909091