1 0.39794117647058824 0.6779545454545455 0.20647058823529413 0.038636363636363635
1 0.3973529411764706 0.40545454545454546 0.19117647058823528 0.03090909090909091
1 0.7529411764705882 0.8534090909090909 0.05647058823529412 0.038636363636363635
1 0.8379411764705882 0.9231818181818182 0.05941176470588235 0.03909090909090909
1 0.5608823529411765 0.5645454545454546 0.08529411764705883 0.03272727272727273
1 0.40911764705882353 0.9211363636363636 0.06294117647058824 0.038636363636363635
1 0.8438235294117648 0.8556818181818182 0.06764705882352941 0.04045454545454545
1 0.37 0.6054545454545455 0.13294117647058823 0.034545454545454546
1 0.6720588235294118 0.8565909090909091 0.06411764705882353 0.03681818181818182
1 0.38235294117647056 0.44636363636363635 0.1564705882352941 0.034545454545454546
1 0.6 0.6772727272727272 0.1588235294117647 0.03727272727272727
1 0.3776470588235294 0.7636363636363637 0.1623529411764706 0.03
1 0.3073529411764706 0.02772727272727273 0.04411764705882353 0.019090909090909092
1 0.10764705882352942 0.6718181818181819 0.07647058823529412 0.035454545454545454
1 0.10470588235294118 0.44136363636363635 0.08352941176470588 0.035454545454545454
1 0.405 0.7209090909090909 0.21 0.03
1 0.10558823529411765 0.35818181818181816 0.08764705882352941 0.03636363636363636
1 0.6058823529411764 0.7220454545454545 0.1776470588235294 0.030454545454545453
1 0.1535294117647059 0.9188636363636363 0.06470588235294118 0.038636363636363635
1 0.3220588235294118 0.9204545454545454 0.06294117647058824 0.038181818181818185
1 0.15470588235294117 0.8511363636363637 0.06470588235294118 0.03681818181818182
1 0.40441176470588236 0.519090909090909 0.19941176470588234 0.03272727272727273
1 0.10647058823529412 0.515 0.07529411764705882 0.035454545454545454
1 0.2388235294117647 0.8520454545454546 0.06352941176470588 0.03681818181818182
1 0.23676470588235293 0.9193181818181818 0.054705882352941174 0.038636363636363635
1 0.7570588235294118 0.9236363636363636 0.06235294117647059 0.03909090909090909
1 0.5302941176470588 0.7636363636363637 0.1323529411764706 0.03
1 0.6308823529411764 0.45022727272727275 0.028823529411764706 0.031363636363636364
1 0.643235294117647 0.3654545454545455 0.17470588235294118 0.038181818181818185
1 0.4076470588235294 0.8531818181818182 0.06352941176470588 0.04
1 0.5864705882352941 0.9215909090909091 0.07411764705882352 0.04045454545454545
1 0.40647058823529414 0.5634090909090909 0.20941176470588235 0.029545454545454545
1 0.5676470588235294 0.5209090909090909 0.10588235294117647 0.03
1 0.4814705882352941 0.6065909090909091 0.0711764705882353 0.03409090909090909
1 0.585 0.8563636363636363 0.0711764705882353 0.03727272727272727
1 0.10735294117647058 0.39886363636363636 0.08764705882352941 0.03590909090909091
1 0.10823529411764705 0.5577272727272727 0.07764705882352942 0.034545454545454546
1 0.7723529411764706 0.4097727272727273 0.07764705882352942 0.03409090909090909
1 0.49441176470588233 0.9211363636363636 0.06647058823529411 0.04045454545454545
1 0.5861764705882353 0.4065909090909091 0.17470588235294118 0.031363636363636364
1 0.7514705882352941 0.37477272727272726 0.033529411764705884 0.03318181818181818
1 0.12088235294117647 0.7618181818181818 0.08647058823529412 0.034545454545454546
1 0.11411764705882353 0.7186363636363636 0.08352941176470588 0.035454545454545454
1 0.5361764705882353 0.4475 0.1288235294117647 0.03409090909090909
1 0.5 0.8554545454545455 0.06823529411764706 0.04
1 0.7055882352941176 0.4059090909090909 0.03 0.035454545454545454
1 0.8302941176470588 0.3725 0.09352941176470589 0.03318181818181818
1 0.42205882352941176 0.36522727272727273 0.23588235294117646 0.03409090909090909
1 0.10676470588235294 0.6002272727272727 0.08294117647058824 0.035
1 0.6685294117647059 0.9215909090909091 0.05588235294117647 0.04045454545454545
1 0.32676470588235296 0.8522727272727273 0.06647058823529411 0.038181818181818185
1 0.6835294117647058 0.44772727272727275 0.06235294117647059 0.031818181818181815
1 0.566764705882353 0.03340909090909091 0.10176470588235294 0.02409090909090909