1 0.4061764705882353 0.37386363636363634 0.19823529411764707 0.035
1 0.7808823529411765 0.8588636363636364 0.07 0.04045454545454545
1 0.8644117647058823 0.9256818181818182 0.07470588235294118 0.041363636363636366
1 0.5523529411764706 0.58 0.08823529411764706 0.02090909090909091
1 0.4288235294117647 0.9329545454545455 0.06235294117647059 0.038636363636363635
1 0.385 0.6234090909090909 0.1652941176470588 0.028636363636363637
1 0.6514705882352941 0.7361363636363636 0.10411764705882352 0.03227272727272727
1 0.44382352941176473 0.6881818181818182 0.2723529411764706 0.03727272727272727
1 0.6438235294117647 0.6895454545454546 0.1111764705882353 0.035454545454545454
1 0.44882352941176473 0.7365909090909091 0.28352941176470586 0.026818181818181817
1 0.3761764705882353 0.4615909090909091 0.1535294117647059 0.03409090909090909
1 0.115 0.685 0.08176470588235295 0.035454545454545454
1 0.11323529411764706 0.45840909090909093 0.08176470588235295 0.03409090909090909
1 0.17088235294117646 0.9281818181818182 0.06529411764705882 0.03727272727272727
1 0.34147058823529414 0.9290909090909091 0.061764705882352944 0.03636363636363636
1 0.16294117647058823 0.8602272727272727 0.058823529411764705 0.03772727272727273
1 0.42058823529411765 0.5327272727272727 0.22470588235294117 0.03727272727272727
1 0.10794117647058823 0.53 0.07352941176470588 0.03363636363636364
1 0.2585294117647059 0.8661363636363636 0.06294117647058824 0.03772727272727273
1 0.6123529411764705 0.5338636363636363 0.10588235294117647 0.03318181818181818
1 0.25882352941176473 0.9304545454545454 0.06235294117647059 0.035454545454545454
1 0.40205882352941175 0.7806818181818181 0.19588235294117648 0.03681818181818182
1 0.7747058823529411 0.9277272727272727 0.07058823529411765 0.038181818181818185
1 0.29823529411764704 0.04159090909090909 0.03529411764705882 0.023181818181818182
1 0.558235294117647 0.7784090909090909 0.08 0.030454545454545453
1 0.6032352941176471 0.3756818181818182 0.15 0.03590909090909091
1 0.3891176470588235 0.42477272727272725 0.17823529411764705 0.021363636363636362
1 0.42764705882352944 0.8627272727272727 0.05764705882352941 0.03636363636363636
1 0.6005882352941176 0.9286363636363636 0.06705882352941177 0.03636363636363636
1 0.3985294117647059 0.5784090909090909 0.1864705882352941 0.02590909090909091
1 0.1038235294117647 0.37636363636363634 0.07470588235294118 0.03272727272727273
1 0.5611764705882353 0.03954545454545454 0.10941176470588235 0.02181818181818182
1 0.7141176470588235 0.42272727272727273 0.10235294117647059 0.023636363636363636
1 0.5167647058823529 0.9286363636363636 0.06764705882352941 0.03727272727272727
1 0.6894117647058824 0.8602272727272727 0.06588235294117648 0.03772727272727273
1 0.8647058823529412 0.8568181818181818 0.07058823529411765 0.04
1 0.11441176470588235 0.7747727272727273 0.07588235294117647 0.03227272727272727
1 0.115 0.725909090909091 0.09 0.034545454545454546
1 0.5397058823529411 0.4606818181818182 0.12411764705882353 0.03409090909090909
1 0.6052941176470589 0.8593181818181819 0.06705882352941177 0.03772727272727273
1 0.5120588235294118 0.8595454545454545 0.060588235294117644 0.035454545454545454
1 0.7844117647058824 0.3740909090909091 0.13 0.03363636363636364
1 0.5244117647058824 0.6245454545454545 0.09235294117647058 0.03090909090909091
1 0.09911764705882353 0.6170454545454546 0.07705882352941176 0.035
1 0.6938235294117647 0.9252272727272727 0.07588235294117647 0.03772727272727273
1 0.3391176470588235 0.8618181818181818 0.05823529411764706 0.035454545454545454
1 0.6982352941176471 0.46045454545454545 0.09176470588235294 0.03272727272727273
1 0.10029411764705883 0.4188636363636364 0.07 0.025
1 0.5608823529411765 0.4238636363636364 0.13588235294117648 0.019545454545454546
1 0.105 0.5759090909090909 0.0711764705882353 0.02727272727272727
1 0.6952941176470588 0.3759090909090909 0.03764705882352941 0.045454545454545456
1 0.64 0.41795454545454547 0.03294117647058824 0.042272727272727274
1 0.6244117647058823 0.46454545454545454 0.04411764705882353 0.042727272727272725