1 0.39558823529411763 0.7304545454545455 0.19941176470588234 0.03636363636363636
1 0.5705882352941176 0.7322727272727273 0.14705882352941177 0.034545454545454546
1 0.7608823529411765 0.8620454545454546 0.05823529411764706 0.03681818181818182
1 0.8485294117647059 0.9290909090909091 0.05823529411764706 0.03909090909090909
1 0.6970588235294117 0.6240909090909091 0.08470588235294117 0.03090909090909091
1 0.4167647058823529 0.9290909090909091 0.051176470588235295 0.035454545454545454
1 0.3835294117647059 0.6181818181818182 0.17411764705882352 0.03363636363636364
1 0.4388235294117647 0.4706818181818182 0.02823529411764706 0.03409090909090909
1 0.7144117647058823 0.7811363636363636 0.08294117647058824 0.031363636363636364
1 0.11588235294117646 0.6890909090909091 0.07764705882352942 0.03272727272727273
1 0.08764705882352941 0.36954545454545457 0.06823529411764706 0.035454545454545454
1 0.0961764705882353 0.4527272727272727 0.057058823529411766 0.035454545454545454
1 0.15794117647058822 0.9286363636363636 0.05352941176470588 0.03636363636363636
1 0.3323529411764706 0.93 0.05058823529411765 0.034545454545454546
1 0.15735294117647058 0.8588636363636364 0.054705882352941174 0.04045454545454545
1 0.4011764705882353 0.5768181818181818 0.20941176470588235 0.03090909090909091
1 0.10529411764705883 0.5290909090909091 0.08352941176470588 0.03363636363636364
1 0.24823529411764705 0.8602272727272727 0.05176470588235294 0.038636363636363635
1 0.6367647058823529 0.6293181818181818 0.026470588235294117 0.03318181818181818
1 0.2485294117647059 0.9281818181818182 0.05588235294117647 0.035454545454545454
1 0.39235294117647057 0.7738636363636363 0.19176470588235295 0.04045454545454545
1 0.7588235294117647 0.9288636363636363 0.04941176470588235 0.03681818181818182
1 0.5585294117647058 0.7763636363636364 0.10882352941176471 0.031818181818181815
1 0.41823529411764704 0.8625 0.04941176470588235 0.03954545454545454
1 0.5932352941176471 0.928409090909091 0.057058823529411766 0.038636363636363635
1 0.5970588235294118 0.5761363636363637 0.16588235294117648 0.03318181818181818
1 0.5970588235294118 0.8636363636363636 0.06 0.04181818181818182
1 0.09294117647058824 0.41204545454545455 0.06352941176470588 0.035
1 0.7711764705882352 0.5784090909090909 0.1 0.03318181818181818
1 0.5014705882352941 0.9302272727272727 0.04176470588235294 0.03954545454545454
1 0.8532352941176471 0.8615909090909091 0.07470588235294118 0.04045454545454545
1 0.6764705882352942 0.860909090909091 0.06352941176470588 0.038181818181818185
1 0.3585294117647059 0.4581818181818182 0.12411764705882353 0.04363636363636364
1 0.1111764705882353 0.7718181818181818 0.08470588235294117 0.034545454545454546
1 0.12294117647058823 0.7313636363636363 0.08235294117647059 0.031818181818181815
1 0.7005882352941176 0.5779545454545455 0.02823529411764706 0.030454545454545453
1 0.49911764705882355 0.4643181818181818 0.08411764705882353 0.031363636363636364
1 0.5038235294117647 0.8606818181818182 0.05235294117647059 0.038636363636363635
1 0.09735294117647059 0.6177272727272727 0.0688235294117647 0.03090909090909091
1 0.6776470588235294 0.9293181818181818 0.04823529411764706 0.03772727272727273
1 0.33294117647058824 0.8604545454545455 0.052941176470588235 0.03636363636363636
1 0.3779411764705882 0.4152272727272727 0.16058823529411764 0.03772727272727273
1 0.54 0.6184090909090909 0.1388235294117647 0.035
1 0.658235294117647 0.7352272727272727 0.029411764705882353 0.03318181818181818
1 0.6526470588235294 0.7929545454545455 0.03235294117647059 0.030454545454545453
1 0.3085294117647059 0.03681818181818182 0.03705882352941176 0.025454545454545455
1 0.5558823529411765 0.03954545454545454 0.10352941176470588 0.02181818181818182
1 0.47294117647058825 0.41545454545454547 0.03764705882352941 0.031818181818181815
1 0.1011764705882353 0.5697727272727273 0.09176470588235294 0.03954545454545454
1 0.7188235294117648 0.7370454545454546 0.09294117647058824 0.03681818181818182
1 0.5414705882352941 0.41704545454545455 0.10176470588235294 0.03681818181818182