1 0.45 0.6802272727272727 0.2811764705882353 0.03318181818181818
1 0.7555882352941177 0.8602272727272727 0.06647058823529411 0.045909090909090906
1 0.8464705882352941 0.9288636363636363 0.07411764705882352 0.04772727272727273
1 0.5702941176470588 0.6093181818181819 0.13117647058823528 0.03590909090909091
1 0.4111764705882353 0.9227272727272727 0.06470588235294118 0.038181818181818185
1 0.8432352941176471 0.8577272727272728 0.07352941176470588 0.04181818181818182
1 0.3985294117647059 0.6070454545454546 0.17823529411764705 0.03772727272727273
1 0.4258823529411765 0.40545454545454546 0.2211764705882353 0.03727272727272727
1 0.6873529411764706 0.7836363636363637 0.026470588235294117 0.034545454545454546
1 0.40588235294117647 0.4506818181818182 0.1952941176470588 0.03954545454545454
1 0.7014705882352941 0.6838636363636363 0.18764705882352942 0.03227272727272727
1 0.11088235294117647 0.6738636363636363 0.10529411764705883 0.038636363636363635
1 0.11176470588235295 0.4425 0.1011764705882353 0.035
1 0.6470588235294118 0.7277272727272728 0.1776470588235294 0.03272727272727273
1 0.15529411764705883 0.9181818181818182 0.06705882352941177 0.03272727272727273
1 0.33205882352941174 0.9209090909090909 0.07470588235294118 0.03636363636363636
1 0.1588235294117647 0.8504545454545455 0.07058823529411765 0.04
1 0.7605882352941177 0.7277272727272728 0.036470588235294116 0.03272727272727273
1 0.40588235294117647 0.52 0.1988235294117647 0.04
1 0.10970588235294118 0.5145454545454545 0.10764705882352942 0.03727272727272727
1 0.8505882352941176 0.3734090909090909 0.15058823529411763 0.03590909090909091
1 0.24235294117647058 0.8543181818181819 0.07176470588235294 0.04045454545454545
1 0.23941176470588235 0.9195454545454546 0.0611764705882353 0.03909090909090909
1 0.41294117647058826 0.7675 0.22470588235294117 0.031363636363636364
1 0.7597058823529412 0.9254545454545454 0.07235294117647059 0.03636363636363636
1 0.10735294117647058 0.3584090909090909 0.0888235294117647 0.03772727272727273
1 0.5985294117647059 0.7702272727272728 0.12529411764705883 0.03318181818181818
1 0.6497058823529411 0.36818181818181817 0.1723529411764706 0.03727272727272727
1 0.6276470588235294 0.41045454545454546 0.1564705882352941 0.03727272727272727
1 0.4158823529411765 0.8536363636363636 0.06941176470588235 0.04
1 0.5832352941176471 0.9277272727272727 0.061764705882352944 0.042727272727272725
1 0.41147058823529414 0.5643181818181818 0.21352941176470588 0.03681818181818182
1 0.58 0.5202272727272728 0.13294117647058823 0.03681818181818182
1 0.5864705882352941 0.855 0.06588235294117648 0.04363636363636364
1 0.11470588235294117 0.3990909090909091 0.10588235294117647 0.03636363636363636
1 0.10617647058823529 0.5604545454545454 0.10529411764705883 0.03727272727272727
1 0.6085294117647059 0.5679545454545455 0.15588235294117647 0.03590909090909091
1 0.7479411764705882 0.7722727272727272 0.07823529411764706 0.03272727272727273
1 0.5038235294117647 0.9252272727272727 0.0688235294117647 0.04409090909090909
1 0.8767647058823529 0.6856818181818182 0.09 0.035
1 0.6744117647058824 0.8584090909090909 0.0711764705882353 0.04318181818181818
1 0.8464705882352941 0.7304545454545455 0.10823529411764705 0.03363636363636364
1 0.10882352941176471 0.7545454545454545 0.10705882352941176 0.03727272727272727
1 0.575 0.45136363636363636 0.13941176470588235 0.03727272727272727
1 0.4935294117647059 0.8534090909090909 0.05058823529411765 0.045
1 0.7311764705882353 0.4113636363636364 0.03882352941176471 0.03636363636363636
1 0.8320588235294117 0.4113636363636364 0.13470588235294118 0.03636363636363636
1 0.435 0.36454545454545456 0.24294117647058824 0.03272727272727273
1 0.4264705882352941 0.7231818181818181 0.25882352941176473 0.031818181818181815
1 0.10588235294117647 0.6018181818181818 0.1 0.03727272727272727
1 0.6708823529411765 0.9336363636363636 0.057058823529411766 0.05
1 0.33176470588235296 0.8522727272727273 0.07058823529411765 0.04090909090909091
1 0.7479411764705882 0.4547727272727273 0.1264705882352941 0.035
1 0.11029411764705882 0.7156818181818182 0.10764705882352942 0.03772727272727273
1 0.6664705882352941 0.4675 0.03529411764705882 0.03227272727272727
1 0.7514705882352941 0.38022727272727275 0.02411764705882353 0.03681818181818182
1 0.8144117647058824 0.6977272727272728 0.033529411764705884 0.02909090909090909