1 0.4573529411764706 0.68 0.3123529411764706 0.03363636363636364
1 0.7597058823529412 0.8563636363636363 0.0711764705882353 0.04090909090909091
1 0.8420588235294117 0.9272727272727272 0.07705882352941176 0.03909090909090909
1 0.8902941176470588 0.5252272727272728 0.09 0.03409090909090909
1 0.5794117647058824 0.6184090909090909 0.13647058823529412 0.035
1 0.4102941176470588 0.9213636363636364 0.07 0.04
1 0.4379411764705882 0.5245454545454545 0.2735294117647059 0.04090909090909091
1 0.8414705882352941 0.8575 0.06764705882352941 0.042272727272727274
1 0.39676470588235296 0.6120454545454546 0.20294117647058824 0.04409090909090909
1 0.3938235294117647 0.45431818181818184 0.18529411764705883 0.041363636363636366
1 0.6670588235294118 0.6856818181818182 0.09176470588235294 0.03318181818181818
1 0.43441176470588233 0.4084090909090909 0.26529411764705885 0.045909090909090906
1 0.08705882352941176 0.6775 0.07882352941176471 0.03772727272727273
1 0.10970588235294118 0.445 0.10882352941176471 0.03727272727272727
1 0.10794117647058823 0.35818181818181816 0.09941176470588235 0.03636363636363636
1 0.5085294117647059 0.7736363636363637 0.0711764705882353 0.03363636363636364
1 0.6320588235294118 0.7338636363636364 0.08529411764705883 0.03318181818181818
1 0.14823529411764705 0.9195454545454546 0.06 0.04181818181818182
1 0.8073529411764706 0.5831818181818181 0.03705882352941176 0.03272727272727273
1 0.33294117647058824 0.9181818181818182 0.0811764705882353 0.04090909090909091
1 0.15294117647058825 0.8502272727272727 0.06941176470588235 0.03772727272727273
1 0.7282352941176471 0.6222727272727273 0.08 0.03363636363636364
1 0.08764705882352941 0.52 0.08470588235294117 0.03727272727272727
1 0.8738235294117647 0.3675 0.12176470588235294 0.04045454545454545
1 0.24235294117647058 0.8520454545454546 0.08470588235294117 0.03954545454545454
1 0.6970588235294117 0.5277272727272727 0.22 0.03909090909090909
1 0.23970588235294119 0.9186363636363636 0.06764705882352941 0.04
1 0.38176470588235295 0.7675 0.17058823529411765 0.03954545454545454
1 0.7620588235294118 0.9320454545454545 0.0888235294117647 0.05409090909090909
1 0.2911764705882353 0.026590909090909092 0.05176470588235294 0.028636363636363637
1 0.6605882352941177 0.36613636363636365 0.1776470588235294 0.03772727272727273
1 0.6826470588235294 0.4113636363636364 0.19117647058823528 0.04181818181818182
1 0.4088235294117647 0.8554545454545455 0.06470588235294118 0.04090909090909091
1 0.5811764705882353 0.935 0.07764705882352942 0.06727272727272728
1 0.44735294117647056 0.5695454545454546 0.3052941176470588 0.035454545454545454
1 0.5808823529411765 0.8577272727272728 0.07470588235294118 0.04727272727272727
1 0.10705882352941176 0.40204545454545454 0.10352941176470588 0.03681818181818182
1 0.08852941176470588 0.5638636363636363 0.08058823529411764 0.035
1 0.6458823529411765 0.45704545454545453 0.036470588235294116 0.03318181818181818
1 0.7944117647058824 0.41863636363636364 0.03705882352941176 0.034545454545454546
1 0.5032352941176471 0.9202272727272728 0.07470588235294118 0.042272727272727274
1 0.6744117647058824 0.8620454545454546 0.07470588235294118 0.05409090909090909
1 0.8797058823529412 0.5761363636363637 0.09823529411764706 0.04045454545454545
1 0.08558823529411765 0.7647727272727273 0.08058823529411764 0.03590909090909091
1 0.7823529411764706 0.37386363636363634 0.05647058823529412 0.03772727272727273
1 0.5629411764705883 0.45022727272727275 0.12 0.03590909090909091
1 0.5023529411764706 0.8540909090909091 0.07764705882352942 0.042727272727272725
1 0.8673529411764705 0.4184090909090909 0.10294117647058823 0.03681818181818182
1 0.43323529411764705 0.3625 0.26294117647058823 0.041363636363636366
1 0.43676470588235294 0.7243181818181819 0.28647058823529414 0.038636363636363635
1 0.09176470588235294 0.6025 0.08235294117647059 0.03590909090909091
1 0.6720588235294118 0.9240909090909091 0.0711764705882353 0.04090909090909091
1 0.3247058823529412 0.8529545454545454 0.06588235294117648 0.041363636363636366
1 0.6941176470588235 0.5706818181818182 0.17294117647058824 0.03772727272727273
1 0.8264705882352941 0.5329545454545455 0.03176470588235294 0.03318181818181818
1 0.0888235294117647 0.7220454545454545 0.08823529411764706 0.03590909090909091
1 0.5747058823529412 0.0325 0.1376470588235294 0.03409090909090909
1 0.6988235294117647 0.4586363636363636 0.07294117647058823 0.03909090909090909
1 0.6720588235294118 0.6259090909090909 0.033529411764705884 0.028181818181818183