1 0.3635294117647059 0.7334090909090909 0.13529411764705881 0.03590909090909091
1 0.3911764705882353 0.3715909090909091 0.1811764705882353 0.038636363636363635
1 0.7594117647058823 0.8618181818181818 0.05529411764705883 0.03727272727272727
1 0.8435294117647059 0.9268181818181818 0.0611764705882353 0.038181818181818185
1 0.6064705882352941 0.5718181818181818 0.13529411764705881 0.035454545454545454
1 0.4111764705882353 0.9261363636363636 0.05764705882352941 0.03772727272727273
1 0.85 0.8613636363636363 0.06941176470588235 0.03727272727272727
1 0.38176470588235295 0.6229545454545454 0.1411764705882353 0.035
1 0.6447058823529411 0.7795454545454545 0.06941176470588235 0.03
1 0.42323529411764704 0.4163636363636364 0.2311764705882353 0.038181818181818185
1 0.08470588235294117 0.6906818181818182 0.06588235294117648 0.035
1 0.7020588235294117 0.5720454545454545 0.03470588235294118 0.03227272727272727
1 0.09058823529411765 0.3668181818181818 0.06941176470588235 0.03363636363636364
1 0.08911764705882352 0.4531818181818182 0.07235294117647059 0.035454545454545454
1 0.4647058823529412 0.7768181818181819 0.10941176470588235 0.03363636363636364
1 0.6223529411764706 0.7370454545454546 0.03411764705882353 0.03227272727272727
1 0.15235294117647058 0.9265909090909091 0.05764705882352941 0.03681818181818182
1 0.7902941176470588 0.5722727272727273 0.11470588235294117 0.03636363636363636
1 0.3241176470588235 0.9277272727272727 0.05058823529411765 0.038181818181818185
1 0.15588235294117647 0.8584090909090909 0.052941176470588235 0.038636363636363635
1 0.7123529411764706 0.7340909090909091 0.10705882352941176 0.034545454545454546
1 0.41911764705882354 0.5729545454545455 0.22411764705882353 0.03772727272727273
1 0.0888235294117647 0.5268181818181819 0.07529411764705882 0.034545454545454546
1 0.6811764705882353 0.6161363636363636 0.08352941176470588 0.03227272727272727
1 0.7597058823529412 0.3725 0.11 0.03590909090909091
1 0.24352941176470588 0.8588636363636364 0.05411764705882353 0.03681818181818182
1 0.23352941176470587 0.9261363636363636 0.04823529411764706 0.038636363636363635
1 0.3473529411764706 0.7731818181818182 0.09117647058823529 0.03363636363636364
1 0.7626470588235295 0.9275 0.06411764705882353 0.03772727272727273
1 0.27941176470588236 0.03409090909090909 0.041176470588235294 0.025454545454545455
1 0.6323529411764706 0.4138636363636364 0.14941176470588236 0.03681818181818182
1 0.41294117647058826 0.8597727272727272 0.06 0.03772727272727273
1 0.5852941176470589 0.9286363636363636 0.052941176470588235 0.038181818181818185
1 0.5997058823529412 0.46045454545454545 0.028823529411764706 0.031818181818181815
1 0.5288235294117647 0.6195454545454545 0.11058823529411765 0.03363636363636364
1 0.5923529411764706 0.8590909090909091 0.06823529411764706 0.03909090909090909
1 0.09147058823529412 0.4084090909090909 0.07470588235294118 0.035
1 0.5564705882352942 0.03840909090909091 0.11058823529411765 0.023181818181818182
1 0.5026470588235294 0.9304545454545454 0.045294117647058825 0.04
1 0.6744117647058824 0.860909090909091 0.061764705882352944 0.03727272727272727
1 0.5638235294117647 0.37318181818181817 0.12058823529411765 0.03636363636363636
1 0.37411764705882355 0.4525 0.13529411764705881 0.03681818181818182
1 0.09558823529411764 0.7768181818181819 0.07470588235294118 0.034545454545454546
1 0.09264705882352942 0.7322727272727273 0.07352941176470588 0.034545454545454546
1 0.7405882352941177 0.4143181818181818 0.03411764705882353 0.03409090909090909
1 0.5170588235294118 0.45795454545454545 0.10235294117647059 0.03318181818181818
1 0.5023529411764706 0.8579545454545454 0.06352941176470588 0.03954545454545454
1 0.668235294117647 0.45840909090909093 0.07176470588235294 0.031363636363636364
1 0.8176470588235294 0.4143181818181818 0.10941176470588235 0.03681818181818182
1 0.6182352941176471 0.6197727272727273 0.03058823529411765 0.030454545454545453
1 0.5205882352941177 0.7331818181818182 0.14588235294117646 0.03636363636363636
1 0.08970588235294118 0.6190909090909091 0.07823529411764706 0.035454545454545454
1 0.6720588235294118 0.9265909090909091 0.06529411764705882 0.038636363636363635
1 0.32529411764705884 0.8570454545454546 0.052941176470588235 0.038636363636363635
1 0.08941176470588236 0.5738636363636364 0.06941176470588235 0.02772727272727273
1 0.668235294117647 0.37795454545454543 0.04941176470588235 0.03409090909090909
1 0.5747058823529412 0.7838636363636363 0.03764705882352941 0.03318181818181818