1 0.3891176470588235 0.6763636363636364 0.17588235294117646 0.03909090909090909
1 0.7520588235294118 0.8568181818181818 0.05588235294117647 0.042727272727272725
1 0.8373529411764706 0.9252272727272727 0.060588235294117644 0.03954545454545454
1 0.8391176470588235 0.8586363636363636 0.054705882352941174 0.04
1 0.3773529411764706 0.6127272727272727 0.17823529411764705 0.03272727272727273
1 0.6129411764705882 0.7665909090909091 0.06470588235294118 0.03409090909090909
1 0.6894117647058824 0.6986363636363636 0.041176470588235294 0.03636363636363636
1 0.31558823529411767 0.023863636363636365 0.05235294117647059 0.02590909090909091
1 0.7938235294117647 0.5363636363636364 0.04764705882352941 0.04090909090909091
1 0.11176470588235295 0.673409090909091 0.10588235294117647 0.03954545454545454
1 0.11764705882352941 0.4470454545454545 0.07882352941176471 0.03590909090909091
1 0.3982352941176471 0.7222727272727273 0.21764705882352942 0.03909090909090909
1 0.12794117647058822 0.36113636363636364 0.09588235294117647 0.04045454545454545
1 0.48705882352941177 0.7672727272727272 0.10352941176470588 0.03727272727272727
1 0.5785294117647058 0.7277272727272728 0.12411764705882353 0.03727272727272727
1 0.1476470588235294 0.9170454545454545 0.052941176470588235 0.03954545454545454
1 0.40705882352941175 0.9186363636363636 0.06235294117647059 0.04
1 0.15088235294117647 0.8497727272727272 0.05823529411764706 0.03590909090909091
1 0.7314705882352941 0.725909090909091 0.07823529411764706 0.03363636363636364
1 0.43970588235294117 0.5225 0.2723529411764706 0.04045454545454545
1 0.12058823529411765 0.5177272727272727 0.11647058823529412 0.038181818181818185
1 0.6652941176470588 0.6118181818181818 0.06352941176470588 0.031818181818181815
1 0.23852941176470588 0.8504545454545455 0.054705882352941174 0.03727272727272727
1 0.23558823529411765 0.9170454545454545 0.0488235294117647 0.03954545454545454
1 0.36176470588235293 0.7643181818181818 0.13529411764705881 0.03681818181818182
1 0.7555882352941177 0.9268181818181818 0.05941176470588235 0.04
1 0.5588235294117647 0.7713636363636364 0.03176470588235294 0.038181818181818185
1 0.6561764705882352 0.37113636363636365 0.15823529411764706 0.03681818181818182
1 0.40647058823529414 0.8522727272727273 0.05411764705882353 0.04
1 0.5802941176470588 0.9206818181818182 0.06411764705882353 0.03954545454545454
1 0.43 0.5654545454545454 0.2635294117647059 0.038181818181818185
1 0.533235294117647 0.6138636363636364 0.11470588235294117 0.035
1 0.5832352941176471 0.8534090909090909 0.05588235294117647 0.04045454545454545
1 0.12764705882352942 0.3997727272727273 0.08352941176470588 0.038636363636363635
1 0.10882352941176471 0.5634090909090909 0.11176470588235295 0.035
1 0.6576470588235294 0.5681818181818182 0.1588235294117647 0.03727272727272727
1 0.5555882352941176 0.03 0.09941176470588235 0.02727272727272727
1 0.7641176470588236 0.5745454545454546 0.03411764705882353 0.03090909090909091
1 0.49441176470588233 0.92 0.05588235294117647 0.04
1 0.6679411764705883 0.8543181818181819 0.06294117647058824 0.042272727272727274
1 0.5808823529411765 0.4109090909090909 0.14529411764705882 0.03727272727272727
1 0.5844117647058824 0.68 0.13117647058823528 0.03636363636363636
1 0.8341176470588235 0.575 0.08352941176470588 0.03363636363636364
1 0.36764705882352944 0.4509090909090909 0.1411764705882353 0.03727272727272727
1 0.10764705882352942 0.7647727272727273 0.08941176470588236 0.03590909090909091
1 0.10911764705882353 0.7186363636363636 0.09470588235294118 0.038181818181818185
1 0.5061764705882353 0.45227272727272727 0.11352941176470588 0.035454545454545454
1 0.6738235294117647 0.7279545454545454 0.03705882352941176 0.03227272727272727
1 0.4979411764705882 0.8518181818181818 0.06764705882352941 0.03909090909090909
1 0.6652941176470588 0.5231818181818182 0.17294117647058824 0.038181818181818185
1 0.8585294117647059 0.5288636363636363 0.08529411764705883 0.03318181818181818
1 0.6158823529411764 0.615909090909091 0.02823529411764706 0.03090909090909091
1 0.43941176470588234 0.365 0.2647058823529412 0.03909090909090909
1 0.10911764705882353 0.6072727272727273 0.09352941176470589 0.03727272727272727
1 0.6694117647058824 0.9211363636363636 0.06941176470588235 0.03954545454545454
1 0.3191176470588235 0.8520454545454546 0.04764705882352941 0.038636363636363635
1 0.7538235294117647 0.6825 0.09117647058823529 0.03409090909090909
1 0.4067647058823529 0.4088636363636364 0.20294117647058824 0.038636363636363635
1 0.3205882352941177 0.9165909090909091 0.0611764705882353 0.041363636363636366