1 0.355 0.6809090909090909 0.1111764705882353 0.03636363636363636
1 0.7588235294117647 0.8613636363636363 0.05411764705882353 0.03909090909090909
1 0.8394117647058823 0.9265909090909091 0.0611764705882353 0.03954545454545454
1 0.575 0.5725 0.1476470588235294 0.035
1 0.4102941176470588 0.9261363636363636 0.061764705882352944 0.038636363636363635
1 0.5388235294117647 0.5254545454545455 0.12823529411764706 0.03636363636363636
1 0.3652941176470588 0.6084090909090909 0.12588235294117647 0.03590909090909091
1 0.47205882352941175 0.68 0.09 0.04
1 0.4888235294117647 0.7265909090909091 0.11529411764705882 0.035
1 0.7405882352941177 0.5302272727272728 0.07882352941176471 0.03590909090909091
1 0.3961764705882353 0.4090909090909091 0.18529411764705883 0.04
1 0.09647058823529411 0.6772727272727272 0.06470588235294118 0.03636363636363636
1 0.08970588235294118 0.44772727272727275 0.07352941176470588 0.03636363636363636
1 0.6994117647058824 0.575 0.03176470588235294 0.03363636363636364
1 0.4320588235294118 0.7684090909090909 0.07823529411764706 0.035
1 0.5997058823529412 0.6186363636363637 0.025294117647058825 0.03363636363636364
1 0.15323529411764705 0.9236363636363636 0.057058823529411766 0.04090909090909091
1 0.7844117647058824 0.5743181818181818 0.10882352941176471 0.03590909090909091
1 0.3276470588235294 0.9247727272727273 0.06235294117647059 0.03772727272727273
1 0.1561764705882353 0.8563636363636363 0.06294117647058824 0.03909090909090909
1 0.10205882352941177 0.5206818181818181 0.07823529411764706 0.03409090909090909
1 0.6588235294117647 0.6156818181818182 0.07058823529411765 0.03227272727272727
1 0.23794117647058824 0.8570454545454546 0.057058823529411766 0.04045454545454545
1 0.6517647058823529 0.5309090909090909 0.036470588235294116 0.03636363636363636
1 0.24 0.923409090909091 0.06 0.03772727272727273
1 0.3426470588235294 0.7675 0.09588235294117647 0.035
1 0.7585294117647059 0.9279545454545455 0.06294117647058824 0.038636363636363635
1 0.095 0.36454545454545456 0.07705882352941176 0.035454545454545454
1 0.6694117647058824 0.37113636363636365 0.04 0.03409090909090909
1 0.5864705882352941 0.40863636363636363 0.15176470588235294 0.038181818181818185
1 0.4102941176470588 0.8584090909090909 0.05235294117647059 0.03954545454545454
1 0.5914705882352941 0.9277272727272727 0.0688235294117647 0.038181818181818185
1 0.37941176470588234 0.5311363636363636 0.14470588235294118 0.03681818181818182
1 0.6164705882352941 0.46090909090909093 0.029411764705882353 0.034545454545454546
1 0.5135294117647059 0.45681818181818185 0.11529411764705882 0.03363636363636364
1 0.5820588235294117 0.8579545454545454 0.057058823529411766 0.042272727272727274
1 0.09294117647058824 0.40295454545454545 0.08 0.035
1 0.09529411764705882 0.5634090909090909 0.08 0.03590909090909091
1 0.5620588235294117 0.0375 0.09352941176470589 0.023181818181818182
1 0.78 0.4118181818181818 0.12117647058823529 0.038181818181818185
1 0.5 0.9261363636363636 0.06941176470588235 0.038636363636363635
1 0.8444117647058823 0.8625 0.05941176470588235 0.03954545454545454
1 0.6723529411764706 0.8588636363636364 0.052941176470588235 0.041363636363636366
1 0.565 0.37113636363636365 0.13588235294117648 0.03772727272727273
1 0.7532352941176471 0.37363636363636366 0.07705882352941176 0.03363636363636364
1 0.3652941176470588 0.45 0.12470588235294118 0.038181818181818185
1 0.09176470588235294 0.7631818181818182 0.06823529411764706 0.03636363636363636
1 0.09176470588235294 0.7206818181818182 0.06941176470588235 0.03681818181818182
1 0.5020588235294118 0.8581818181818182 0.06529411764705882 0.03909090909090909
1 0.6897058823529412 0.4125 0.04058823529411765 0.03772727272727273
1 0.39705882352941174 0.36522727272727273 0.17882352941176471 0.03954545454545454
1 0.5091176470588236 0.6186363636363637 0.10764705882352942 0.03363636363636364
1 0.10088235294117646 0.6065909090909091 0.08176470588235295 0.03590909090909091
1 0.6761764705882353 0.9270454545454545 0.06647058823529411 0.038636363636363635
1 0.3261764705882353 0.8575 0.05941176470588235 0.038636363636363635
1 0.6844117647058824 0.45636363636363636 0.0711764705882353 0.031818181818181815
1 0.3173529411764706 0.034772727272727275 0.05 0.021363636363636362
1 0.3602941176470588 0.7263636363636363 0.12294117647058823 0.03909090909090909
1 0.39294117647058824 0.5720454545454545 0.18588235294117647 0.03318181818181818