1 0.5447058823529412 0.6822727272727273 0.07529411764705882 0.035454545454545454
1 0.8479411764705882 0.9259090909090909 0.05941176470588235 0.04
1 0.4244117647058824 0.9259090909090909 0.05823529411764706 0.03636363636363636
1 0.4244117647058824 0.4106818181818182 0.21470588235294116 0.03772727272727273
1 0.6764705882352942 0.8543181818181819 0.04352941176470588 0.038636363636363635
1 0.41411764705882353 0.45886363636363636 0.1776470588235294 0.03681818181818182
1 0.475 0.6822727272727273 0.033529411764705884 0.035454545454545454
1 0.4032352941176471 0.7265909090909091 0.16647058823529412 0.035
1 0.7094117647058824 0.5234090909090909 0.06352941176470588 0.031363636363636364
1 0.09647058823529411 0.6838636363636363 0.05529411764705883 0.035
1 0.10352941176470588 0.3675 0.058823529411764705 0.03409090909090909
1 0.10470588235294118 0.44795454545454544 0.06352941176470588 0.03590909090909091
1 0.5826470588235294 0.7234090909090909 0.10882352941176471 0.03409090909090909
1 0.16441176470588234 0.9272727272727272 0.05352941176470588 0.038181818181818185
1 0.3361764705882353 0.9265909090909091 0.061764705882352944 0.03590909090909091
1 0.16470588235294117 0.8593181818181819 0.05058823529411765 0.038636363636363635
1 0.7641176470588236 0.8561363636363636 0.05411764705882353 0.038636363636363635
1 0.4073529411764706 0.5238636363636363 0.17705882352941177 0.03772727272727273
1 0.09676470588235295 0.5254545454545455 0.07352941176470588 0.035454545454545454
1 0.2485294117647059 0.8588636363636364 0.05352941176470588 0.038636363636363635
1 0.2523529411764706 0.9265909090909091 0.06470588235294118 0.038636363636363635
1 0.38029411764705884 0.7688636363636364 0.12411764705882353 0.035
1 0.7641176470588236 0.9238636363636363 0.052941176470588235 0.03772727272727273
1 0.2988235294117647 0.03931818181818182 0.036470588235294116 0.028636363636363637
1 0.5126470588235295 0.7652272727272728 0.08176470588235295 0.03409090909090909
1 0.42264705882352943 0.8590909090909091 0.05352941176470588 0.038181818181818185
1 0.5888235294117647 0.9236363636363636 0.052941176470588235 0.038181818181818185
1 0.09470588235294118 0.5654545454545454 0.07294117647058823 0.035454545454545454
1 0.3861764705882353 0.6815909090909091 0.1288235294117647 0.03590909090909091
1 0.3785294117647059 0.615 0.14647058823529413 0.034545454545454546
1 0.5926470588235294 0.8579545454545454 0.05352941176470588 0.038636363636363635
1 0.10411764705882352 0.4059090909090909 0.06823529411764706 0.03636363636363636
1 0.5826470588235294 0.5681818181818182 0.13588235294117648 0.03636363636363636
1 0.5641176470588235 0.037954545454545456 0.13647058823529412 0.029545454545454545
1 0.5685294117647058 0.5261363636363636 0.14176470588235293 0.03681818181818182
1 0.7373529411764705 0.5661363636363637 0.09823529411764706 0.03318181818181818
1 0.5067647058823529 0.9238636363636363 0.05588235294117647 0.038636363636363635
1 0.851764705882353 0.8568181818181818 0.058823529411764705 0.038181818181818185
1 0.09941176470588235 0.7665909090909091 0.052941176470588235 0.035
1 0.0988235294117647 0.7277272727272728 0.05176470588235294 0.034545454545454546
1 0.5070588235294118 0.8588636363636364 0.04823529411764706 0.03954545454545454
1 0.3947058823529412 0.36772727272727274 0.17882352941176471 0.03727272727272727
1 0.5070588235294118 0.7256818181818182 0.03294117647058824 0.03227272727272727
1 0.0976470588235294 0.6063636363636363 0.07294117647058823 0.035454545454545454
1 0.6758823529411765 0.9243181818181818 0.05647058823529412 0.038636363636363635
1 0.3388235294117647 0.8579545454545454 0.058823529411764705 0.03772727272727273
1 0.6541176470588236 0.5322727272727272 0.029411764705882353 0.03090909090909091
1 0.4202941176470588 0.5659090909090909 0.1935294117647059 0.04
1 0.34647058823529414 0.03931818181818182 0.05764705882352941 0.020454545454545454
1 0.45088235294117646 0.769090909090909 0.03235294117647059 0.03909090909090909
1 0.6670588235294118 0.5652272727272727 0.03882352941176471 0.035
1 0.5091176470588236 0.6152272727272727 0.12176470588235294 0.03227272727272727
1 0.6223529411764706 0.6122727272727273 0.07764705882352942 0.031818181818181815
1 0.576764705882353 0.6209090909090909 0.026470588235294117 0.028181818181818183