1 0.7573529411764706 0.8668181818181818 0.07235294117647059 0.045454545454545456
1 0.8352941176470589 0.9295454545454546 0.052941176470588235 0.03363636363636364
1 0.44029411764705884 0.5722727272727273 0.29470588235294115 0.03909090909090909
1 0.41147058823529414 0.9318181818181818 0.05941176470588235 0.04090909090909091
1 0.39941176470588236 0.6188636363636364 0.21176470588235294 0.03227272727272727
1 0.41970588235294115 0.4122727272727273 0.2323529411764706 0.038181818181818185
1 0.38676470588235295 0.4625 0.17941176470588235 0.03590909090909091
1 0.425 0.7304545454545455 0.2735294117647059 0.04181818181818182
1 0.10205882352941177 0.6895454545454546 0.06294117647058824 0.038181818181818185
1 0.10323529411764706 0.3665909090909091 0.05823529411764706 0.028636363636363637
1 0.10617647058823529 0.4536363636363636 0.06294117647058824 0.03
1 0.5770588235294117 0.6909090909090909 0.13647058823529412 0.04090909090909091
1 0.1514705882352941 0.9315909090909091 0.06294117647058824 0.04409090909090909
1 0.32382352941176473 0.93 0.06764705882352941 0.045454545454545456
1 0.16205882352941176 0.8636363636363636 0.07705882352941176 0.05
1 0.6788235294117647 0.7315909090909091 0.2 0.045909090909090906
1 0.5641176470588235 0.4661363636363636 0.14470588235294118 0.031363636363636364
1 0.4073529411764706 0.5309090909090909 0.2252941176470588 0.04727272727272727
1 0.09323529411764706 0.5290909090909091 0.05352941176470588 0.031818181818181815
1 0.24323529411764705 0.8654545454545455 0.060588235294117644 0.04363636363636364
1 0.5764705882352941 0.5322727272727272 0.09647058823529411 0.042727272727272725
1 0.23705882352941177 0.9315909090909091 0.06352941176470588 0.045909090909090906
1 0.38382352941176473 0.7790909090909091 0.18529411764705883 0.031818181818181815
1 0.7494117647058823 0.9318181818181818 0.05764705882352941 0.04
1 0.27676470588235297 0.038181818181818185 0.03705882352941176 0.022727272727272728
1 0.5576470588235294 0.7790909090909091 0.12941176470588237 0.031818181818181815
1 0.6541176470588236 0.41 0.21176470588235294 0.034545454545454546
1 0.41147058823529414 0.8613636363636363 0.07 0.04181818181818182
1 0.5776470588235294 0.9356818181818182 0.04941176470588235 0.04772727272727273
1 0.0976470588235294 0.5720454545454545 0.05764705882352941 0.03590909090909091
1 0.5785294117647058 0.8686363636363637 0.054705882352941174 0.05272727272727273
1 0.10352941176470588 0.4102272727272727 0.0611764705882353 0.031363636363636364
1 0.5588235294117647 0.04159090909090909 0.10235294117647059 0.02409090909090909
1 0.49529411764705883 0.935 0.06470588235294118 0.04727272727272727
1 0.8414705882352941 0.8688636363636364 0.05588235294117647 0.03954545454545454
1 0.6673529411764706 0.8661363636363636 0.06411764705882353 0.04772727272727273
1 0.5670588235294117 0.375 0.14470588235294118 0.04454545454545455
1 0.09852941176470588 0.7725 0.0688235294117647 0.038636363636363635
1 0.10411764705882352 0.725909090909091 0.06352941176470588 0.034545454545454546
1 0.5 0.8652272727272727 0.07058823529411765 0.042272727272727274
1 0.5755882352941176 0.6234090909090909 0.09705882352941177 0.029545454545454545
1 0.3897058823529412 0.36977272727272725 0.18529411764705883 0.05045454545454545
1 0.0976470588235294 0.6106818181818182 0.05411764705882353 0.03227272727272727
1 0.6694117647058824 0.9315909090909091 0.07647058823529412 0.045909090909090906
1 0.3264705882352941 0.860909090909091 0.06588235294117648 0.042727272727272725
1 0.6988235294117647 0.5720454545454545 0.16823529411764707 0.04045454545454545
1 0.3255882352941176 0.037954545454545456 0.054705882352941174 0.022272727272727274
1 0.3947058823529412 0.6868181818181818 0.20588235294117646 0.04454545454545455