1 0.3635294117647059 0.6811363636363637 0.10941176470588235 0.03772727272727273
1 0.7720588235294118 0.8593181818181819 0.07941176470588235 0.03954545454545454
1 0.8558823529411764 0.9259090909090909 0.07294117647058823 0.04090909090909091
1 0.42470588235294116 0.9252272727272727 0.07647058823529412 0.038636363636363635
1 0.11735294117647059 0.5275 0.10529411764705883 0.03590909090909091
1 0.38 0.6172727272727273 0.1376470588235294 0.035454545454545454
1 0.3985294117647059 0.4581818181818182 0.17823529411764705 0.03
1 0.36676470588235294 0.7272727272727273 0.12294117647058823 0.03636363636363636
1 0.10705882352941176 0.6793181818181818 0.03764705882352941 0.03681818181818182
1 0.0961764705882353 0.4540909090909091 0.0711764705882353 0.03636363636363636
1 0.6617647058823529 0.5254545454545455 0.12588235294117647 0.03636363636363636
1 0.10264705882352941 0.36954545454545457 0.08058823529411764 0.034545454545454546
1 0.16794117647058823 0.9229545454545455 0.07588235294117647 0.03954545454545454
1 0.33088235294117646 0.9281818181818182 0.060588235294117644 0.03727272727272727
1 0.16823529411764707 0.8565909090909091 0.06941176470588235 0.038636363636363635
1 0.4385294117647059 0.5277272727272727 0.2664705882352941 0.04181818181818182
1 0.6335294117647059 0.5706818181818182 0.1188235294117647 0.03590909090909091
1 0.25029411764705883 0.8565909090909091 0.06647058823529411 0.04045454545454545
1 0.24352941176470588 0.9252272727272727 0.058823529411764705 0.03772727272727273
1 0.3517647058823529 0.7704545454545455 0.09176470588235294 0.03363636363636364
1 0.7691176470588236 0.9275 0.07 0.03772727272727273
1 0.6779411764705883 0.4131818181818182 0.14529411764705882 0.038181818181818185
1 0.4379411764705882 0.4159090909090909 0.2641176470588235 0.034545454545454546
1 0.4214705882352941 0.8586363636363636 0.057058823529411766 0.03727272727272727
1 0.5982352941176471 0.9256818181818182 0.06588235294117648 0.03681818181818182
1 0.11352941176470588 0.5690909090909091 0.09647058823529411 0.03727272727272727
1 0.4264705882352941 0.5722727272727273 0.25058823529411767 0.038181818181818185
1 0.09529411764705882 0.41045454545454546 0.07529411764705882 0.035454545454545454
1 0.5732352941176471 0.038636363636363635 0.10882352941176471 0.022727272727272728
1 0.505 0.9261363636363636 0.05941176470588235 0.038636363636363635
1 0.8532352941176471 0.8625 0.06647058823529411 0.03772727272727273
1 0.6776470588235294 0.8572727272727273 0.0611764705882353 0.038181818181818185
1 0.11852941176470588 0.7693181818181818 0.03823529411764706 0.03681818181818182
1 0.6702941176470588 0.37318181818181817 0.1511764705882353 0.03727272727272727
1 0.5591176470588235 0.46045454545454545 0.09352941176470589 0.03363636363636364
1 0.5926470588235294 0.8586363636363636 0.061764705882352944 0.03727272727272727
1 0.5023529411764706 0.8597727272727272 0.05647058823529412 0.03772727272727273
1 0.42823529411764705 0.36863636363636365 0.23647058823529413 0.038181818181818185
1 0.5038235294117647 0.6195454545454545 0.07588235294117647 0.03272727272727273
1 0.11058823529411765 0.6075 0.09176470588235294 0.03772727272727273
1 0.6814705882352942 0.9256818181818182 0.06294117647058824 0.03772727272727273
1 0.33647058823529413 0.8575 0.06941176470588235 0.03954545454545454
1 0.11235294117647059 0.7236363636363636 0.03764705882352941 0.03636363636363636
1 0.31882352941176473 0.03318181818181818 0.03529411764705882 0.022727272727272728