1 0.5335294117647059 0.6831818181818182 0.05058823529411765 0.03090909090909091
1 0.8494117647058823 0.9270454545454545 0.06705882352941177 0.03954545454545454
1 0.5241176470588236 0.5647727272727273 0.11058823529411765 0.03318181818181818
1 0.4102941176470588 0.9254545454545454 0.054705882352941174 0.03909090909090909
1 0.49264705882352944 0.5225 0.10882352941176471 0.03318181818181818
1 0.36 0.6090909090909091 0.11764705882352941 0.03272727272727273
1 0.3511764705882353 0.6804545454545454 0.10823529411764705 0.034545454545454546
1 0.3776470588235294 0.7263636363636363 0.15764705882352942 0.035454545454545454
1 0.3614705882352941 0.3643181818181818 0.11588235294117646 0.035
1 0.37176470588235294 0.40613636363636363 0.1411764705882353 0.03590909090909091
1 0.11176470588235295 0.6781818181818182 0.07176470588235294 0.034545454545454546
1 0.11970588235294118 0.4495454545454545 0.06529411764705882 0.03636363636363636
1 0.46088235294117647 0.7659090909090909 0.0711764705882353 0.034545454545454546
1 0.5091176470588236 0.7229545454545454 0.09941176470588235 0.031363636363636364
1 0.15941176470588236 0.9238636363636363 0.05058823529411765 0.03772727272727273
1 0.32588235294117646 0.9240909090909091 0.04941176470588235 0.038181818181818185
1 0.155 0.8581818181818182 0.04764705882352941 0.03727272727272727
1 0.758235294117647 0.8579545454545454 0.047058823529411764 0.03772727272727273
1 0.5570588235294117 0.45045454545454544 0.09529411764705882 0.02727272727272727
1 0.36323529411764705 0.5243181818181818 0.09705882352941177 0.03590909090909091
1 0.10205882352941177 0.5236363636363637 0.054705882352941174 0.03636363636363636
1 0.24588235294117647 0.8565909090909091 0.04823529411764706 0.038636363636363635
1 0.24411764705882352 0.9222727272727272 0.04823529411764706 0.038181818181818185
1 0.35558823529411765 0.7681818181818182 0.11235294117647059 0.034545454545454546
1 0.7591176470588236 0.9261363636363636 0.051176470588235295 0.038636363636363635
1 0.11205882352941177 0.36477272727272725 0.07 0.03590909090909091
1 0.5526470588235294 0.7688636363636364 0.05588235294117647 0.026818181818181817
1 0.6211764705882353 0.4077272727272727 0.11176470588235295 0.035454545454545454
1 0.5591176470588235 0.3629545454545455 0.09 0.029545454545454545
1 0.4838235294117647 0.4072727272727273 0.08647058823529412 0.03636363636363636
1 0.4173529411764706 0.8590909090909091 0.05588235294117647 0.03727272727272727
1 0.5879411764705882 0.9252272727272727 0.0488235294117647 0.038636363636363635
1 0.495 0.6047727272727272 0.09470588235294118 0.029545454545454545
1 0.1161764705882353 0.4040909090909091 0.07352941176470588 0.03727272727272727
1 0.10764705882352942 0.5668181818181818 0.06235294117647059 0.035454545454545454
1 0.5732352941176471 0.03909090909090909 0.09 0.02181818181818182
1 0.5047058823529412 0.9256818181818182 0.05058823529411765 0.038636363636363635
1 0.675 0.8597727272727272 0.05235294117647059 0.041363636363636366
1 0.545 0.4088636363636364 0.026470588235294117 0.035
1 0.8438235294117648 0.8575 0.045294117647058825 0.038636363636363635
1 0.3523529411764706 0.4509090909090909 0.10470588235294118 0.03636363636363636
1 0.1161764705882353 0.7672727272727272 0.07352941176470588 0.035454545454545454
1 0.11294117647058824 0.7234090909090909 0.07176470588235294 0.035
1 0.5929411764705882 0.8570454545454546 0.052941176470588235 0.038636363636363635
1 0.5008823529411764 0.8584090909090909 0.04411764705882353 0.038636363636363635
1 0.45588235294117646 0.365 0.06352941176470588 0.03
1 0.10558823529411765 0.6052272727272727 0.06529411764705882 0.03681818181818182
1 0.6723529411764706 0.9256818181818182 0.04941176470588235 0.038636363636363635
1 0.3305882352941176 0.8586363636363636 0.05058823529411765 0.03909090909090909
1 0.30558823529411766 0.03386363636363637 0.03705882352941176 0.02409090909090909
1 0.5017647058823529 0.3709090909090909 0.024705882352941175 0.023636363636363636
1 0.4476470588235294 0.4495454545454545 0.07647058823529412 0.03090909090909091
1 0.4970588235294118 0.4547727272727273 0.024705882352941175 0.029545454545454545
1 0.4252941176470588 0.5334090909090909 0.02588235294117647 0.026818181818181817
1 0.3738235294117647 0.5659090909090909 0.14529411764705882 0.03363636363636364
1 0.4597058823529412 0.5634090909090909 0.027647058823529413 0.03227272727272727
1 0.43470588235294116 0.6161363636363636 0.024705882352941175 0.028636363636363637
1 0.4476470588235294 0.6804545454545454 0.07764705882352942 0.034545454545454546
1 0.4976470588235294 0.6863636363636364 0.02235294117647059 0.026363636363636363
1 0.611764705882353 0.7222727272727273 0.05764705882352941 0.028181818181818183
1 0.5111764705882353 0.7718181818181818 0.02823529411764706 0.02909090909090909