1 0.3729411764705882 0.6847727272727273 0.14352941176470588 0.038636363636363635
1 0.5688235294117647 0.6936363636363636 0.03411764705882353 0.035454545454545454
1 0.7576470588235295 0.8620454545454546 0.047058823529411764 0.03954545454545454
1 0.8388235294117647 0.9295454545454546 0.04823529411764706 0.04090909090909091
1 0.8379411764705882 0.8670454545454546 0.04294117647058823 0.042272727272727274
1 0.3688235294117647 0.615909090909091 0.12117647058823529 0.031818181818181815
1 0.5941176470588235 0.7772727272727272 0.052941176470588235 0.028181818181818183
1 0.6297058823529412 0.6888636363636363 0.07352941176470588 0.029545454545454545
1 0.3870588235294118 0.7281818181818182 0.17411764705882352 0.031818181818181815
1 0.35441176470588237 0.3668181818181818 0.08764705882352941 0.03363636363636364
1 0.37411764705882355 0.4134090909090909 0.13411764705882354 0.031363636363636364
1 0.11588235294117646 0.6797727272727273 0.07058823529411765 0.035
1 0.07088235294117647 0.45181818181818184 0.03 0.03363636363636364
1 0.6994117647058824 0.5309090909090909 0.06588235294117648 0.03636363636363636
1 0.48323529411764704 0.775 0.09117647058823529 0.02909090909090909
1 0.14941176470588236 0.9243181818181818 0.052941176470588235 0.04409090909090909
1 0.40176470588235297 0.9272727272727272 0.04470588235294118 0.04090909090909091
1 0.15058823529411763 0.8602272727272727 0.04470588235294118 0.04318181818181818
1 0.5541176470588235 0.41818181818181815 0.10941176470588235 0.034545454545454546
1 0.11235294117647059 0.5256818181818181 0.06235294117647059 0.031363636363636364
1 0.6370588235294118 0.7336363636363636 0.02823529411764706 0.03
1 0.2411764705882353 0.8597727272727272 0.04470588235294118 0.04045454545454545
1 0.2311764705882353 0.9297727272727273 0.036470588235294116 0.03954545454545454
1 0.365 0.7743181818181818 0.1288235294117647 0.030454545454545453
1 0.7555882352941177 0.9297727272727273 0.05 0.041363636363636366
1 0.6467647058823529 0.38522727272727275 0.039411764705882354 0.03409090909090909
1 0.4697058823529412 0.4222727272727273 0.02411764705882353 0.03272727272727273
1 0.40088235294117647 0.8590909090909091 0.04294117647058823 0.04090909090909091
1 0.581764705882353 0.9254545454545454 0.047058823529411764 0.04090909090909091
1 0.10264705882352941 0.36704545454545456 0.07941176470588235 0.03409090909090909
1 0.5788235294117647 0.5270454545454546 0.1388235294117647 0.03681818181818182
1 0.41970588235294115 0.5729545454545455 0.21470588235294116 0.030454545454545453
1 0.46794117647058825 0.45954545454545453 0.07823529411764706 0.02909090909090909
1 0.5929411764705882 0.8638636363636364 0.04470588235294118 0.041363636363636366
1 0.07588235294117647 0.4077272727272727 0.047058823529411764 0.03363636363636364
1 0.10794117647058823 0.5665909090909091 0.05823529411764706 0.031363636363636364
1 0.5938235294117648 0.5725 0.11470588235294117 0.03409090909090909
1 0.5752941176470588 0.03977272727272727 0.10235294117647059 0.022272727272727274
1 0.571764705882353 0.37363636363636366 0.1 0.03727272727272727
1 0.7235294117647059 0.3781818181818182 0.09176470588235294 0.034545454545454546
1 0.7220588235294118 0.7329545454545454 0.1264705882352941 0.03409090909090909
1 0.49323529411764705 0.9272727272727272 0.04764705882352941 0.03909090909090909
1 0.6723529411764706 0.8615909090909091 0.04941176470588235 0.038636363636363635
1 0.47352941176470587 0.3693181818181818 0.06 0.03318181818181818
1 0.5011764705882353 0.6890909090909091 0.07411764705882352 0.03363636363636364
1 0.8726470588235294 0.6920454545454545 0.07235294117647059 0.03227272727272727
1 0.3514705882352941 0.4561363636363636 0.08764705882352941 0.029545454545454545
1 0.12058823529411765 0.764090909090909 0.07647058823529412 0.03727272727272727
1 0.11941176470588236 0.7245454545454545 0.07529411764705882 0.03636363636363636
1 0.49264705882352944 0.8622727272727273 0.04411764705882353 0.04181818181818182
1 0.41705882352941176 0.37136363636363634 0.02823529411764706 0.03272727272727273
1 0.5444117647058824 0.7290909090909091 0.11941176470588236 0.034545454545454546
1 0.10794117647058823 0.6104545454545455 0.05823529411764706 0.031818181818181815
1 0.663235294117647 0.9279545454545455 0.045294117647058825 0.042272727272727274
1 0.32029411764705884 0.8588636363636364 0.039411764705882354 0.041363636363636366
1 0.7573529411764706 0.6897727272727273 0.15941176470588236 0.03318181818181818
1 0.31176470588235294 0.03340909090909091 0.05529411764705883 0.021363636363636362
1 0.40941176470588236 0.4647727272727273 0.01764705882352941 0.02590909090909091
1 0.48294117647058826 0.6163636363636363 0.0811764705882353 0.03090909090909091
1 0.3688235294117647 0.5279545454545455 0.10352941176470588 0.03409090909090909
1 0.45441176470588235 0.5293181818181818 0.057058823529411766 0.035
1 0.5470588235294118 0.7865909090909091 0.02235294117647059 0.02772727272727273
1 0.32294117647058823 0.9270454545454545 0.04352941176470588 0.038636363636363635