1 0.3985294117647059 0.40795454545454546 0.18294117647058825 0.03681818181818182
1 0.38 0.4527272727272727 0.15294117647058825 0.035454545454545454
1 0.6982352941176471 0.62 0.02588235294117647 0.03
1 0.39176470588235296 0.615909090909091 0.17176470588235293 0.035454545454545454
1 0.1011764705882353 0.6829545454545455 0.06941176470588235 0.035
1 0.1 0.4486363636363636 0.08235294117647059 0.035454545454545454
1 0.7561764705882353 0.5743181818181818 0.03235294117647059 0.029545454545454545
1 0.5791176470588235 0.6181818181818182 0.16411764705882353 0.03363636363636364
1 0.8444117647058823 0.5759090909090909 0.12058823529411765 0.035454545454545454
1 0.40588235294117647 0.7777272727272727 0.2 0.034545454545454546
1 0.11 0.7261363636363637 0.06823529411764706 0.035
1 0.4088235294117647 0.5697727272727273 0.20470588235294118 0.03681818181818182
1 0.10147058823529412 0.5243181818181818 0.08058823529411764 0.03409090909090909
1 0.6279411764705882 0.5720454545454545 0.18411764705882352 0.03590909090909091
1 0.11235294117647059 0.7695454545454545 0.07294117647058823 0.035454545454545454
1 0.10470588235294118 0.3675 0.07647058823529412 0.03318181818181818
1 0.45235294117647057 0.7288636363636364 0.2917647058823529 0.03227272727272727
1 0.5855882352941176 0.4138636363636364 0.1476470588235294 0.03681818181818182
1 0.0961764705882353 0.4077272727272727 0.07823529411764706 0.035454545454545454
1 0.10323529411764706 0.5625 0.08647058823529412 0.03590909090909091
1 0.638235294117647 0.45590909090909093 0.029411764705882353 0.034545454545454546
1 0.5673529411764706 0.03977272727272727 0.0888235294117647 0.020454545454545454
1 0.7464705882352941 0.4127272727272727 0.06823529411764706 0.031818181818181815
1 0.7858823529411765 0.6202272727272727 0.10588235294117647 0.03227272727272727
1 0.543235294117647 0.4547727272727273 0.13 0.03590909090909091
1 0.6867647058823529 0.4131818181818182 0.03705882352941176 0.031818181818181815
1 0.10352941176470588 0.6084090909090909 0.08705882352941176 0.035
1 0.6944117647058824 0.4561363636363636 0.07235294117647059 0.031363636363636364
1 0.2735294117647059 0.035454545454545454 0.03294117647058824 0.031818181818181815
1 0.34 0.038863636363636364 0.08352941176470588 0.031363636363636364