1 0.4076470588235294 0.6897727272727273 0.18705882352941178 0.038636363636363635
1 0.5444117647058824 0.6931818181818182 0.03705882352941176 0.03363636363636364
1 0.7735294117647059 0.8606818181818182 0.07882352941176471 0.041363636363636366
1 0.8570588235294118 0.8590909090909091 0.07411764705882352 0.04090909090909091
1 0.6105882352941177 0.5702272727272727 0.15058823529411763 0.03409090909090909
1 0.4279411764705882 0.8604545454545455 0.08294117647058824 0.04363636363636364
1 0.5670588235294117 0.5306818181818181 0.13176470588235295 0.03590909090909091
1 0.38823529411764707 0.6154545454545455 0.17058823529411765 0.035454545454545454
1 0.6323529411764706 0.7272727272727273 0.11294117647058824 0.034545454545454546
1 0.4167647058823529 0.5702272727272727 0.23352941176470587 0.03772727272727273
1 0.6391176470588236 0.6238636363636364 0.027647058823529413 0.030454545454545453
1 0.4152941176470588 0.7288636363636364 0.20352941176470588 0.03681818181818182
1 0.7338235294117647 0.5311363636363636 0.10294117647058823 0.03409090909090909
1 0.40941176470588236 0.41363636363636364 0.21176470588235294 0.035454545454545454
1 0.10617647058823529 0.6836363636363636 0.057058823529411766 0.03636363636363636
1 0.10794117647058823 0.45386363636363636 0.07235294117647059 0.035
1 0.10441176470588236 0.3679545454545455 0.08176470588235295 0.035
1 0.4802941176470588 0.78 0.028823529411764706 0.03363636363636364
1 0.17323529411764707 0.8604545454545455 0.07588235294117647 0.04181818181818182
1 0.7870588235294118 0.5679545454545455 0.07058823529411765 0.03227272727272727
1 0.3426470588235294 0.8604545454545455 0.08058823529411764 0.04181818181818182
1 0.6905882352941176 0.6195454545454545 0.05647058823529412 0.03
1 0.6202941176470588 0.41454545454545455 0.15705882352941178 0.03272727272727273
1 0.6558823529411765 0.5393181818181818 0.03411764705882353 0.03409090909090909
1 0.25794117647058823 0.8606818181818182 0.08058823529411764 0.041363636363636366
1 0.6852941176470588 0.8606818181818182 0.07294117647058823 0.03954545454545454
1 0.2926470588235294 0.03659090909090909 0.04294117647058823 0.022272727272727274
1 0.5417647058823529 0.7752272727272728 0.08235294117647059 0.026818181818181817
1 0.6529411764705882 0.3759090909090909 0.041176470588235294 0.031818181818181815
1 0.6023529411764705 0.8618181818181818 0.07882352941176471 0.04181818181818182
1 0.3988235294117647 0.5286363636363637 0.1976470588235294 0.04090909090909091
1 0.5511764705882353 0.7284090909090909 0.03882352941176471 0.03227272727272727
1 0.105 0.4090909090909091 0.07941176470588235 0.034545454545454546
1 0.0988235294117647 0.5277272727272727 0.07294117647058823 0.034545454545454546
1 0.6102941176470589 0.46545454545454545 0.028823529411764706 0.031818181818181815
1 0.7379411764705882 0.4152272727272727 0.03470588235294118 0.03590909090909091
1 0.5620588235294117 0.37204545454545457 0.12529411764705883 0.03590909090909091
1 0.7214705882352941 0.37318181818181817 0.09 0.03272727272727273
1 0.38235294117647056 0.45886363636363636 0.15176470588235294 0.035
1 0.10676470588235294 0.7238636363636364 0.05352941176470588 0.035
1 0.10323529411764706 0.6115909090909091 0.07 0.035
1 0.5273529411764706 0.4611363636363636 0.10882352941176471 0.028636363636363637
1 0.638235294117647 0.6877272727272727 0.12117647058823529 0.03636363636363636
1 0.6597058823529411 0.46 0.05823529411764706 0.03
1 0.8061764705882353 0.41363636363636364 0.07941176470588235 0.034545454545454546
1 0.5494117647058824 0.6170454545454546 0.12705882352941175 0.03318181818181818
1 0.39205882352941174 0.37068181818181817 0.18411764705882352 0.038636363636363635
1 0.7261764705882353 0.5702272727272727 0.033529411764705884 0.031363636363636364
1 0.5632352941176471 0.03568181818181818 0.09235294117647058 0.025
1 0.1011764705882353 0.5693181818181818 0.08235294117647059 0.03590909090909091
1 0.10794117647058823 0.7652272727272728 0.0488235294117647 0.028636363636363637
1 0.3841176470588235 0.7747727272727273 0.14823529411764705 0.03318181818181818
1 0.515 0.8595454545454545 0.08647058823529412 0.04181818181818182