1 0.39794117647058824 0.6863636363636364 0.1923529411764706 0.038181818181818185
1 0.5444117647058824 0.6879545454545455 0.08058823529411764 0.03318181818181818
1 0.7611764705882353 0.8634090909090909 0.06823529411764706 0.042272727272727274
1 0.8494117647058823 0.9272727272727272 0.06588235294117648 0.04090909090909091
1 0.41205882352941176 0.9261363636363636 0.0688235294117647 0.03954545454545454
1 0.5902941176470589 0.5284090909090909 0.1476470588235294 0.03681818181818182
1 0.8479411764705882 0.8629545454545454 0.07588235294117647 0.042272727272727274
1 0.3835294117647059 0.6215909090909091 0.16705882352941176 0.03681818181818182
1 0.4214705882352941 0.7270454545454546 0.24294117647058824 0.038636363636363635
1 0.44323529411764706 0.41045454545454546 0.28294117647058825 0.038181818181818185
1 0.11058823529411765 0.6775 0.08941176470588236 0.03681818181818182
1 0.1111764705882353 0.36363636363636365 0.07764705882352942 0.035454545454545454
1 0.10970588235294118 0.4475 0.08176470588235295 0.03681818181818182
1 0.5094117647058823 0.7813636363636364 0.07294117647058823 0.03272727272727273
1 0.6152941176470588 0.7322727272727273 0.1223529411764706 0.03636363636363636
1 0.15441176470588236 0.9240909090909091 0.05823529411764706 0.04181818181818182
1 0.3261764705882353 0.9270454545454545 0.0711764705882353 0.041363636363636366
1 0.1564705882352941 0.8563636363636363 0.06235294117647059 0.04
1 0.3938235294117647 0.525 0.1888235294117647 0.038181818181818185
1 0.11088235294117647 0.5225 0.0888235294117647 0.03590909090909091
1 0.6864705882352942 0.62 0.1 0.03363636363636364
1 0.24764705882352941 0.8577272727272728 0.06352941176470588 0.04
1 0.6891176470588235 0.5311363636363636 0.031176470588235295 0.03227272727272727
1 0.23558823529411765 0.9256818181818182 0.057058823529411766 0.042272727272727274
1 0.3791176470588235 0.7768181818181819 0.16294117647058823 0.038181818181818185
1 0.7629411764705882 0.9265909090909091 0.07647058823529412 0.03954545454545454
1 0.6885294117647058 0.415 0.17 0.03909090909090909
1 0.4173529411764706 0.8588636363636364 0.07235294117647059 0.03954545454545454
1 0.5905882352941176 0.9252272727272727 0.06705882352941177 0.038636363636363635
1 0.10852941176470589 0.5681818181818182 0.08647058823529412 0.035454545454545454
1 0.4158823529411765 0.5665909090909091 0.22823529411764706 0.038636363636363635
1 0.5932352941176471 0.8575 0.07588235294117647 0.04045454545454545
1 0.11088235294117647 0.40545454545454546 0.09117647058823529 0.03727272727272727
1 0.6288235294117647 0.5681818181818182 0.16941176470588235 0.03636363636363636
1 0.565 0.03704545454545455 0.11705882352941177 0.022272727272727274
1 0.6079411764705882 0.4643181818181818 0.028823529411764706 0.03318181818181818
1 0.7976470588235294 0.4131818181818182 0.03411764705882353 0.03636363636363636
1 0.5023529411764706 0.9254545454545454 0.07176470588235294 0.04
1 0.6714705882352942 0.8613636363636363 0.0688235294117647 0.04090909090909091
1 0.6176470588235294 0.37318181818181817 0.15529411764705883 0.035454545454545454
1 0.7955882352941176 0.37477272727272726 0.07588235294117647 0.035
1 0.8270588235294117 0.5706818181818182 0.16588235294117648 0.03954545454545454
1 0.3776470588235294 0.45795454545454545 0.16 0.038636363636363635
1 0.10705882352941176 0.7638636363636364 0.08470588235294117 0.03590909090909091
1 0.1126470588235294 0.7195454545454546 0.09117647058823529 0.03727272727272727
1 0.7241176470588235 0.37636363636363634 0.03294117647058824 0.03272727272727273
1 0.5302941176470588 0.4634090909090909 0.10764705882352942 0.03409090909090909
1 0.5041176470588236 0.8595454545454545 0.07411764705882352 0.04
1 0.8670588235294118 0.41113636363636363 0.08588235294117647 0.03772727272727273
1 0.6176470588235294 0.6259090909090909 0.023529411764705882 0.031818181818181815
1 0.5402941176470588 0.6220454545454546 0.11941176470588236 0.03227272727272727
1 0.10647058823529412 0.6111363636363636 0.08588235294117647 0.03772727272727273
1 0.6702941176470588 0.9247727272727273 0.06529411764705882 0.041363636363636366
1 0.32735294117647057 0.8579545454545454 0.061764705882352944 0.03954545454545454
1 0.7885294117647059 0.5268181818181819 0.15235294117647058 0.038181818181818185
1 0.3085294117647059 0.03340909090909091 0.04764705882352941 0.03227272727272727
1 0.41058823529411764 0.37113636363636365 0.22470588235294117 0.038636363636363635
1 0.6623529411764706 0.4615909090909091 0.06 0.030454545454545453
1 0.7308823529411764 0.5672727272727273 0.02411764705882353 0.03272727272727273