1 0.40441176470588236 0.7190909090909091 0.20647058823529413 0.03909090909090909
1 0.758235294117647 0.8595454545454545 0.05411764705882353 0.03727272727272727
1 0.8505882352941176 0.9286363636363636 0.07058823529411765 0.038181818181818185
1 0.40941176470588236 0.9279545454545455 0.05647058823529412 0.03772727272727273
1 0.8305882352941176 0.774090909090909 0.10352941176470588 0.03363636363636364
1 0.4279411764705882 0.4127272727272727 0.27 0.03909090909090909
1 0.11588235294117646 0.6775 0.08941176470588236 0.03681818181818182
1 0.7302941176470589 0.7213636363636363 0.03823529411764706 0.03272727272727273
1 0.11705882352941177 0.4461363636363636 0.09294117647058824 0.03681818181818182
1 0.6023529411764705 0.7704545454545455 0.13647058823529412 0.035454545454545454
1 0.15588235294117647 0.9238636363636363 0.052941176470588235 0.03772727272727273
1 0.8291176470588235 0.7181818181818181 0.12294117647058823 0.03636363636363636
1 0.3255882352941176 0.9245454545454546 0.054705882352941174 0.03727272727272727
1 0.16029411764705884 0.8563636363636363 0.05823529411764706 0.038181818181818185
1 0.7258823529411764 0.7768181818181819 0.03294117647058824 0.034545454545454546
1 0.40852941176470586 0.5636363636363636 0.20529411764705882 0.03727272727272727
1 0.11529411764705882 0.5218181818181818 0.09058823529411765 0.03636363636363636
1 0.24176470588235294 0.8563636363636363 0.04823529411764706 0.03727272727272727
1 0.23294117647058823 0.9277272727272727 0.04941176470588235 0.038181818181818185
1 0.4097058823529412 0.7709090909090909 0.21941176470588236 0.038181818181818185
1 0.7570588235294118 0.9265909090909091 0.05647058823529412 0.038636363636363635
1 0.11411764705882353 0.3654545454545455 0.09294117647058824 0.03636363636363636
1 0.6411764705882353 0.45136363636363636 0.14941176470588236 0.034545454545454546
1 0.41205882352941176 0.8584090909090909 0.05235294117647059 0.03590909090909091
1 0.5855882352941176 0.9254545454545454 0.057058823529411766 0.03636363636363636
1 0.12058823529411765 0.5656818181818182 0.08470588235294117 0.03590909090909091
1 0.5888235294117647 0.5636363636363636 0.10235294117647059 0.034545454545454546
1 0.59 0.8563636363636363 0.0611764705882353 0.042727272727272725
1 0.11382352941176471 0.40454545454545454 0.10411764705882352 0.03636363636363636
1 0.6020588235294118 0.6106818181818182 0.11235294117647059 0.03409090909090909
1 0.5588235294117647 0.03909090909090909 0.09411764705882353 0.02181818181818182
1 0.6526470588235294 0.4075 0.15 0.03681818181818182
1 0.4970588235294118 0.9261363636363636 0.05764705882352941 0.03772727272727273
1 0.6735294117647059 0.8597727272727272 0.06 0.03772727272727273
1 0.6132352941176471 0.7193181818181819 0.1676470588235294 0.038636363636363635
1 0.41205882352941176 0.6075 0.21470588235294116 0.03772727272727273
1 0.12382352941176471 0.7643181818181818 0.09941176470588235 0.03681818181818182
1 0.11411764705882353 0.7227272727272728 0.09058823529411765 0.03727272727272727
1 0.7626470588235295 0.40636363636363637 0.03823529411764706 0.035454545454545454
1 0.5008823529411764 0.8597727272727272 0.06294117647058824 0.03590909090909091
1 0.8402941176470589 0.4127272727272727 0.08529411764705883 0.035454545454545454
1 0.12088235294117647 0.6061363636363636 0.08529411764705883 0.03681818181818182
1 0.6720588235294118 0.9256818181818182 0.05823529411764706 0.038636363636363635
1 0.32735294117647057 0.8568181818181818 0.05235294117647059 0.03727272727272727
1 0.41441176470588237 0.45454545454545453 0.23470588235294118 0.038181818181818185
1 0.7585294117647059 0.4561363636363636 0.03705882352941176 0.03409090909090909
1 0.8505882352941176 0.8625 0.06588235294117648 0.04045454545454545
1 0.2685294117647059 0.031136363636363636 0.03235294117647059 0.023181818181818182
1 0.84 0.46204545454545454 0.07882352941176471 0.03227272727272727