1 0.3547058823529412 0.5602272727272727 0.12 0.02409090909090909
1 0.8420588235294117 0.9265909090909091 0.045294117647058825 0.03681818181818182
1 0.4923529411764706 0.4456818181818182 0.06588235294117648 0.028636363636363637
1 0.6667647058823529 0.8681818181818182 0.03470588235294118 0.035454545454545454
1 0.41323529411764703 0.9261363636363636 0.05 0.035
1 0.37823529411764706 0.715 0.1623529411764706 0.024545454545454544
1 0.08764705882352941 0.44772727272727275 0.06588235294117648 0.035454545454545454
1 0.49529411764705883 0.8618181818181818 0.03764705882352941 0.038181818181818185
1 0.14852941176470588 0.9240909090909091 0.045294117647058825 0.03727272727272727
1 0.32441176470588234 0.9256818181818182 0.045294117647058825 0.035
1 0.7547058823529412 0.8622727272727273 0.04352941176470588 0.035454545454545454
1 0.09029411764705883 0.5254545454545455 0.061764705882352944 0.031818181818181815
1 0.6467647058823529 0.5597727272727273 0.07705882352941176 0.025
1 0.24176470588235294 0.8595454545454545 0.04470588235294118 0.038181818181818185
1 0.2373529411764706 0.9247727272727273 0.04411764705882353 0.03681818181818182
1 0.7567647058823529 0.9279545454545455 0.04411764705882353 0.03590909090909091
1 0.09176470588235294 0.3668181818181818 0.06 0.03363636363636364
1 0.41147058823529414 0.8586363636363636 0.03823529411764706 0.035454545454545454
1 0.5802941176470588 0.9252272727272727 0.04411764705882353 0.03590909090909091
1 0.3285294117647059 0.6031818181818182 0.07 0.02090909090909091
1 0.5773529411764706 0.8604545454545455 0.04058823529411765 0.03727272727272727
1 0.09029411764705883 0.41113636363636363 0.06294117647058824 0.03318181818181818
1 0.1011764705882353 0.6820454545454545 0.06588235294117648 0.03409090909090909
1 0.5414705882352941 0.03772727272727273 0.08176470588235295 0.02090909090909091
1 0.7414705882352941 0.4081818181818182 0.11823529411764706 0.03636363636363636
1 0.49323529411764705 0.9240909090909091 0.039411764705882354 0.03727272727272727
1 0.8373529411764706 0.8627272727272727 0.039411764705882354 0.02909090909090909
1 0.33294117647058824 0.4445454545454545 0.06941176470588235 0.02727272727272727
1 0.09705882352941177 0.7704545454545455 0.06823529411764706 0.035454545454545454
1 0.0988235294117647 0.7243181818181819 0.06941176470588235 0.03409090909090909
1 0.5452941176470588 0.40545454545454546 0.16941176470588235 0.038181818181818185
1 0.6602941176470588 0.4072727272727273 0.025294117647058825 0.038181818181818185
1 0.0961764705882353 0.6072727272727273 0.06529411764705882 0.034545454545454546
1 0.6694117647058824 0.9236363636363636 0.04941176470588235 0.03636363636363636
1 0.32794117647058824 0.8590909090909091 0.04058823529411765 0.035454545454545454
1 0.3773529411764706 0.40204545454545454 0.15823529411764706 0.03772727272727273
1 0.26823529411764707 0.035 0.03176470588235294 0.019090909090909092
1 0.40147058823529413 0.44272727272727275 0.06411764705882353 0.02181818181818182
1 0.44529411764705884 0.4506818181818182 0.02 0.020454545454545454
1 0.4985294117647059 0.5609090909090909 0.1535294117647059 0.03090909090909091
1 0.5941176470588235 0.5604545454545454 0.03058823529411765 0.03090909090909091
1 0.4011764705882353 0.6 0.08588235294117647 0.02090909090909091
1 0.4547058823529412 0.6088636363636364 0.027058823529411764 0.02590909090909091
1 0.4908823529411765 0.6004545454545455 0.051176470588235295 0.022727272727272728
1 0.09735294117647059 0.5729545454545455 0.07 0.025
1 0.49411764705882355 0.7143181818181819 0.07294117647058823 0.025
1 0.34352941176470586 0.76 0.09647058823529411 0.02181818181818182
1 0.415 0.7593181818181818 0.04411764705882353 0.019545454545454546
1 0.1438235294117647 0.8629545454545454 0.04647058823529412 0.029545454545454545