1 0.3561764705882353 0.6211363636363636 0.11470588235294117 0.03227272727272727
1 0.5761764705882353 0.5768181818181818 0.1323529411764706 0.03363636363636364
1 0.7664705882352941 0.7354545454545455 0.08352941176470588 0.034545454545454546
1 0.3914705882352941 0.575 0.18294117647058825 0.038181818181818185
1 0.3911764705882353 0.41295454545454546 0.18588235294117647 0.041363636363636366
1 0.4082352941176471 0.7325 0.22588235294117648 0.042272727272727274
1 0.09852941176470588 0.6829545454545455 0.0688235294117647 0.03409090909090909
1 0.08588235294117647 0.45386363636363636 0.06941176470588235 0.03590909090909091
1 0.6694117647058824 0.4661363636363636 0.05529411764705883 0.030454545454545453
1 0.09264705882352942 0.37204545454545457 0.07352941176470588 0.03590909090909091
1 0.5988235294117648 0.7334090909090909 0.15764705882352942 0.03681818181818182
1 0.09558823529411764 0.764090909090909 0.06529411764705882 0.034545454545454546
1 0.7594117647058823 0.5752272727272727 0.1 0.03409090909090909
1 0.36 0.7790909090909091 0.12117647058823529 0.035454545454545454
1 0.09794117647058824 0.7256818181818182 0.0711764705882353 0.03590909090909091
1 0.6726470588235294 0.5804545454545454 0.03470588235294118 0.03090909090909091
1 0.5823529411764706 0.41704545454545455 0.14705882352941177 0.03772727272727273
1 0.6252941176470588 0.7831818181818182 0.058823529411764705 0.034545454545454546
1 0.601764705882353 0.4693181818181818 0.027058823529411764 0.03227272727272727
1 0.5114705882352941 0.4636363636363636 0.09823529411764706 0.03272727272727273
1 0.5744117647058824 0.7890909090909091 0.025294117647058825 0.03636363636363636
1 0.09029411764705883 0.5270454545454546 0.06764705882352941 0.035
1 0.5670588235294117 0.038181818181818185 0.1188235294117647 0.02181818181818182
1 0.775 0.4177272727272727 0.10764705882352942 0.03636363636363636
1 0.4976470588235294 0.7804545454545454 0.1011764705882353 0.03272727272727273
1 0.7055882352941176 0.7370454545454546 0.03 0.03318181818181818
1 0.3679411764705882 0.46090909090909093 0.13705882352941176 0.03727272727272727
1 0.6047058823529412 0.6236363636363637 0.05529411764705883 0.024545454545454544
1 0.6894117647058824 0.42159090909090907 0.03411764705882353 0.03318181818181818
1 0.4885294117647059 0.6206818181818182 0.08764705882352941 0.029545454545454545
1 0.0826470588235294 0.6086363636363636 0.0688235294117647 0.03727272727272727
1 0.27294117647058824 0.03409090909090909 0.03411764705882353 0.023636363636363636
1 0.08794117647058823 0.4127272727272727 0.0711764705882353 0.03727272727272727
1 0.08029411764705882 0.5706818181818182 0.07 0.03954545454545454
1 0.5517647058823529 0.6263636363636363 0.029411764705882353 0.031818181818181815