1 0.39794117647058824 0.6868181818181818 0.1935294117647059 0.03909090909090909
1 0.5652941176470588 0.6856818181818182 0.0988235294117647 0.035
1 0.7541176470588236 0.8631818181818182 0.06823529411764706 0.04090909090909091
1 0.8441176470588235 0.9309090909090909 0.06823529411764706 0.04
1 0.5555882352941176 0.6172727272727273 0.11941176470588236 0.034545454545454546
1 0.40558823529411764 0.9270454545454545 0.05823529411764706 0.03954545454545454
1 0.8405882352941176 0.8709090909090909 0.06823529411764706 0.06272727272727273
1 0.39235294117647057 0.6138636363636364 0.18588235294117647 0.03409090909090909
1 0.42264705882352943 0.725 0.2488235294117647 0.03909090909090909
1 0.3876470588235294 0.36613636363636365 0.1588235294117647 0.03772727272727273
1 0.42823529411764705 0.4131818181818182 0.24823529411764705 0.04
1 0.10205882352941177 0.6772727272727272 0.07588235294117647 0.035454545454545454
1 0.09705882352941177 0.4475 0.07176470588235294 0.03590909090909091
1 0.706764705882353 0.5313636363636364 0.2088235294117647 0.04
1 0.10294117647058823 0.3640909090909091 0.07294117647058823 0.035454545454545454
1 0.49970588235294117 0.7786363636363637 0.08058823529411764 0.031818181818181815
1 0.6132352941176471 0.7263636363636363 0.10882352941176471 0.035454545454545454
1 0.14941176470588236 0.9225 0.05529411764705883 0.038636363636363635
1 0.3220588235294118 0.9263636363636364 0.057058823529411766 0.038181818181818185
1 0.14205882352941177 0.8545454545454545 0.04647058823529412 0.04181818181818182
1 0.5408823529411765 0.46 0.13941176470588235 0.034545454545454546
1 0.44676470588235295 0.5279545454545455 0.27941176470588236 0.03954545454545454
1 0.0961764705882353 0.5193181818181818 0.07 0.035
1 0.6344117647058823 0.6222727272727273 0.026470588235294117 0.034545454545454546
1 0.235 0.9243181818181818 0.05352941176470588 0.038636363636363635
1 0.37529411764705883 0.7786363636363637 0.14941176470588236 0.035454545454545454
1 0.7594117647058823 0.9293181818181818 0.06823529411764706 0.041363636363636366
1 0.6670588235294118 0.41204545454545455 0.20941176470588235 0.04045454545454545
1 0.4082352941176471 0.8586363636363636 0.05647058823529412 0.03909090909090909
1 0.5814705882352941 0.9275 0.060588235294117644 0.038636363636363635
1 0.45705882352941174 0.5686363636363636 0.31176470588235294 0.03909090909090909
1 0.5770588235294117 0.86 0.04941176470588235 0.04
1 0.09970588235294117 0.4036363636363636 0.07823529411764706 0.035454545454545454
1 0.09529411764705882 0.5620454545454545 0.07176470588235294 0.035
1 0.5764705882352941 0.03909090909090909 0.11294117647058824 0.022727272727272728
1 0.49558823529411766 0.9304545454545454 0.060588235294117644 0.04181818181818182
1 0.665 0.8618181818181818 0.057058823529411766 0.04
1 0.5455882352941176 0.36977272727272725 0.14529411764705882 0.03681818181818182
1 0.8741176470588236 0.5729545454545455 0.09294117647058824 0.03590909090909091
1 0.38794117647058823 0.46 0.15588235294117647 0.034545454545454546
1 0.09735294117647059 0.7625 0.07352941176470588 0.035
1 0.09647058823529411 0.72 0.07294117647058823 0.035454545454545454
1 0.49470588235294116 0.86 0.05529411764705883 0.04
1 0.8914705882352941 0.5338636363636363 0.10176470588235294 0.03772727272727273
1 0.09352941176470589 0.6031818181818182 0.07294117647058823 0.035454545454545454
1 0.6641176470588235 0.9277272727272727 0.05764705882352941 0.04
1 0.3247058823529412 0.8577272727272728 0.06352941176470588 0.03909090909090909
1 0.7061764705882353 0.5747727272727273 0.16294117647058823 0.038636363636363635
1 0.8132352941176471 0.5734090909090909 0.04294117647058823 0.03954545454545454
1 0.30676470588235294 0.03409090909090909 0.03823529411764706 0.03
1 0.8197058823529412 0.5402272727272728 0.039411764705882354 0.045
1 0.6764705882352942 0.6204545454545455 0.06 0.035454545454545454
1 0.23705882352941177 0.8577272727272728 0.06588235294117648 0.04