1 0.36058823529411765 0.6081818181818182 0.11647058823529412 0.034545454545454546
1 0.42058823529411765 0.3625 0.22 0.031363636363636364
1 0.28205882352941175 0.02431818181818182 0.039411764705882354 0.02590909090909091
1 0.3952941176470588 0.4043181818181818 0.18705882352941178 0.031363636363636364
1 0.09176470588235294 0.4440909090909091 0.07294117647058823 0.034545454545454546
1 0.7208823529411764 0.5677272727272727 0.028823529411764706 0.035454545454545454
1 0.09205882352941176 0.36022727272727273 0.07705882352941176 0.03590909090909091
1 0.8332352941176471 0.57 0.19705882352941176 0.04
1 0.08705882352941176 0.5152272727272728 0.06941176470588235 0.03409090909090909
1 0.655 0.6104545454545455 0.12411764705882353 0.034545454545454546
1 0.10529411764705883 0.7197727272727272 0.09411764705882353 0.035
1 0.41147058823529414 0.7659090909090909 0.21823529411764706 0.034545454545454546
1 0.6394117647058823 0.36704545454545456 0.1411764705882353 0.02772727272727273
1 0.5758823529411765 0.7729545454545454 0.08588235294117647 0.03409090909090909
1 0.38794117647058823 0.5663636363636364 0.15588235294117647 0.034545454545454546
1 0.49470588235294116 0.6093181818181819 0.14470588235294118 0.03318181818181818
1 0.47352941176470587 0.45386363636363636 0.036470588235294116 0.03590909090909091
1 0.09117647058823529 0.4 0.07411764705882352 0.034545454545454546
1 0.08823529411764706 0.5611363636363637 0.06705882352941177 0.03318181818181818
1 0.6029411764705882 0.4059090909090909 0.12352941176470589 0.03363636363636364
1 0.5664705882352942 0.03159090909090909 0.09411764705882353 0.02409090909090909
1 0.7270588235294118 0.7247727272727272 0.16470588235294117 0.038636363636363635
1 0.52 0.4056818181818182 0.03058823529411765 0.03681818181818182
1 0.5858823529411765 0.5677272727272727 0.2223529411764706 0.034545454545454546
1 0.37441176470588233 0.4481818181818182 0.14411764705882352 0.03636363636363636
1 0.10205882352941177 0.7627272727272727 0.09352941176470589 0.035454545454545454
1 0.5355882352941177 0.4506818181818182 0.09941176470588235 0.03227272727272727
1 0.5735294117647058 0.6131818181818182 0.029411764705882353 0.031818181818181815
1 0.0961764705882353 0.6045454545454545 0.07235294117647059 0.034545454545454546
1 0.47 0.7243181818181819 0.34 0.03409090909090909
1 0.5497058823529412 0.3659090909090909 0.031176470588235295 0.031818181818181815
1 0.10147058823529412 0.6756818181818182 0.0888235294117647 0.03227272727272727