1 0.45647058823529413 0.6802272727272727 0.24352941176470588 0.038636363636363635
1 0.7670588235294118 0.8588636363636364 0.06 0.03954545454545454
1 0.8520588235294118 0.9281818181818182 0.061764705882352944 0.038181818181818185
1 0.415 0.9252272727272727 0.04411764705882353 0.03590909090909091
1 0.8570588235294118 0.8588636363636364 0.07294117647058823 0.042272727272727274
1 0.36411764705882355 0.615909090909091 0.1188235294117647 0.034545454545454546
1 0.6961764705882353 0.7686363636363637 0.033529411764705884 0.034545454545454546
1 0.385 0.4484090909090909 0.1476470588235294 0.03772727272727273
1 0.6676470588235294 0.6804545454545454 0.17058823529411765 0.035454545454545454
1 0.4491176470588235 0.7279545454545454 0.28294117647058825 0.03954545454545454
1 0.42 0.40954545454545455 0.2164705882352941 0.03727272727272727
1 0.10735294117647058 0.6788636363636363 0.07941176470588235 0.03409090909090909
1 0.11088235294117647 0.36522727272727273 0.09705882352941177 0.03590909090909091
1 0.1111764705882353 0.45340909090909093 0.09176470588235294 0.03681818181818182
1 0.15705882352941178 0.9222727272727272 0.05411764705882353 0.038181818181818185
1 0.33441176470588235 0.9238636363636363 0.054705882352941174 0.03590909090909091
1 0.15823529411764706 0.8543181818181819 0.05764705882352941 0.04045454545454545
1 0.5976470588235294 0.45181818181818184 0.03058823529411765 0.034545454545454546
1 0.4111764705882353 0.5236363636363637 0.15529411764705883 0.03727272727272727
1 0.1111764705882353 0.5209090909090909 0.07647058823529412 0.035454545454545454
1 0.6929411764705883 0.7265909090909091 0.2 0.035
1 0.24911764705882353 0.8563636363636363 0.054705882352941174 0.04
1 0.24235294117647058 0.9220454545454545 0.04823529411764706 0.03772727272727273
1 0.3985294117647059 0.7681818181818182 0.1888235294117647 0.035454545454545454
1 0.7576470588235295 0.9270454545454545 0.05764705882352941 0.03772727272727273
1 0.30941176470588233 0.03568181818181818 0.03764705882352941 0.023181818181818182
1 0.5970588235294118 0.7686363636363637 0.17529411764705882 0.035454545454545454
1 0.663235294117647 0.45136363636363636 0.09117647058823529 0.03363636363636364
1 0.6494117647058824 0.37681818181818183 0.042352941176470586 0.03363636363636364
1 0.4288235294117647 0.8568181818181818 0.06705882352941177 0.03909090909090909
1 0.10441176470588236 0.5645454545454546 0.07470588235294118 0.03636363636363636
1 0.3788235294117647 0.5681818181818182 0.11764705882352941 0.03363636363636364
1 0.5226470588235295 0.615909090909091 0.18529411764705883 0.034545454545454546
1 0.5961764705882353 0.8575 0.0711764705882353 0.04045454545454545
1 0.11058823529411765 0.40954545454545455 0.09411764705882353 0.03727272727272727
1 0.6176470588235294 0.524090909090909 0.24352941176470588 0.038181818181818185
1 0.5811764705882353 0.03931818181818182 0.13529411764705881 0.022272727272727274
1 0.6079411764705882 0.4106818181818182 0.16176470588235295 0.03681818181818182
1 0.7711764705882352 0.41113636363636363 0.10352941176470588 0.035
1 0.7655882352941177 0.7661363636363636 0.08647058823529412 0.03227272727272727
1 0.5032352941176471 0.9240909090909091 0.05352941176470588 0.038181818181818185
1 0.8314705882352941 0.6829545454545455 0.07705882352941176 0.03409090909090909
1 0.6841176470588235 0.8577272727272728 0.06588235294117648 0.038181818181818185
1 0.5720588235294117 0.36818181818181817 0.11823529411764706 0.03363636363636364
1 0.8782352941176471 0.7254545454545455 0.10823529411764705 0.03727272727272727
1 0.11235294117647059 0.7668181818181818 0.07411764705882352 0.03363636363636364
1 0.11676470588235294 0.7256818181818182 0.09 0.03772727272727273
1 0.7208823529411764 0.37113636363636365 0.09823529411764706 0.03318181818181818
1 0.5205882352941177 0.4495454545454545 0.10823529411764705 0.03636363636363636
1 0.5088235294117647 0.8561363636363636 0.06705882352941177 0.04045454545454545
1 0.7044117647058824 0.41045454545454546 0.025294117647058825 0.03636363636363636
1 0.4123529411764706 0.37022727272727274 0.1952941176470588 0.03681818181818182
1 0.11029411764705882 0.6072727272727273 0.060588235294117644 0.03090909090909091
1 0.6779411764705883 0.9256818181818182 0.060588235294117644 0.03772727272727273
1 0.3402941176470588 0.8568181818181818 0.05941176470588235 0.03909090909090909
1 0.7658823529411765 0.6868181818181818 0.036470588235294116 0.034545454545454546
1 0.5244117647058824 0.5654545454545454 0.17588235294117646 0.035454545454545454
1 0.8076470588235294 0.7263636363636363 0.03294117647058824 0.038181818181818185
1 0.5929411764705882 0.9254545454545454 0.04941176470588235 0.04