1 0.3938235294117647 0.6854545454545454 0.19117647058823528 0.03909090909090909
1 0.5861764705882353 0.6877272727272727 0.13705882352941176 0.035454545454545454
1 0.7541176470588236 0.8595454545454545 0.05647058823529412 0.03727272727272727
1 0.84 0.9259090909090909 0.058823529411764705 0.04090909090909091
1 0.8408823529411765 0.86 0.05235294117647059 0.04
1 0.38294117647058823 0.6168181818181818 0.14352941176470588 0.035454545454545454
1 0.678235294117647 0.7290909090909091 0.03294117647058824 0.038181818181818185
1 0.6823529411764706 0.6972727272727273 0.03411764705882353 0.03727272727272727
1 0.39441176470588235 0.7265909090909091 0.1888235294117647 0.03772727272727273
1 0.09411764705882353 0.6797727272727273 0.06941176470588235 0.03590909090909091
1 0.8276470588235294 0.5320454545454546 0.0988235294117647 0.03681818181818182
1 0.09264705882352942 0.36113636363636364 0.0711764705882353 0.035
1 0.09676470588235295 0.44795454545454544 0.07235294117647059 0.03590909090909091
1 0.4661764705882353 0.7784090909090909 0.08294117647058824 0.02409090909090909
1 0.5826470588235294 0.7277272727272728 0.15470588235294117 0.035454545454545454
1 0.14794117647058824 0.9229545454545455 0.05235294117647059 0.03954545454545454
1 0.7855882352941177 0.575 0.03705882352941176 0.03272727272727273
1 0.41147058823529414 0.9272727272727272 0.057058823529411766 0.03909090909090909
1 0.15058823529411763 0.8545454545454545 0.052941176470588235 0.03909090909090909
1 0.4167647058823529 0.5215909090909091 0.22294117647058823 0.038636363636363635
1 0.09794117647058824 0.5209090909090909 0.07470588235294118 0.034545454545454546
1 0.6561764705882352 0.6186363636363637 0.06647058823529411 0.03
1 0.8594117647058823 0.37204545454545457 0.08 0.03227272727272727
1 0.2461764705882353 0.8565909090909091 0.05352941176470588 0.03772727272727273
1 0.6261764705882353 0.5306818181818181 0.17 0.03772727272727273
1 0.22970588235294118 0.9243181818181818 0.03470588235294118 0.035
1 0.7620588235294118 0.9261363636363636 0.0711764705882353 0.038636363636363635
1 0.29705882352941176 0.032045454545454544 0.04588235294117647 0.025
1 0.7052941176470588 0.41454545454545455 0.16705882352941176 0.038181818181818185
1 0.7114705882352941 0.3715909090909091 0.1323529411764706 0.035
1 0.4573529411764706 0.4097727272727273 0.2958823529411765 0.038636363636363635
1 0.4117647058823529 0.8590909090909091 0.0611764705882353 0.03909090909090909
1 0.5779411764705882 0.9272727272727272 0.04176470588235294 0.03090909090909091
1 0.43441176470588233 0.5740909090909091 0.2523529411764706 0.03090909090909091
1 0.5844117647058824 0.8581818181818182 0.061764705882352944 0.038181818181818185
1 0.09676470588235295 0.4047727272727273 0.07823529411764706 0.035
1 0.09911764705882353 0.5654545454545454 0.07352941176470588 0.035454545454545454
1 0.6635294117647059 0.5768181818181818 0.18588235294117647 0.025454545454545455
1 0.575 0.037954545454545456 0.10882352941176471 0.022272727272727274
1 0.81 0.4152272727272727 0.03529411764705882 0.03409090909090909
1 0.7588235294117647 0.730909090909091 0.1223529411764706 0.034545454545454546
1 0.4976470588235294 0.925 0.06470588235294118 0.038181818181818185
1 0.6697058823529412 0.8575 0.057058823529411766 0.03954545454545454
1 0.4970588235294118 0.36772727272727274 0.2858823529411765 0.04181818181818182
1 0.8488235294117648 0.5761363636363637 0.09529411764705882 0.03590909090909091
1 0.39176470588235296 0.4625 0.16823529411764707 0.02409090909090909
1 0.0961764705882353 0.7665909090909091 0.06529411764705882 0.035
1 0.09382352941176471 0.7263636363636363 0.07 0.035454545454545454
1 0.7944117647058824 0.37454545454545457 0.03588235294117647 0.035454545454545454
1 0.5391176470588235 0.46454545454545454 0.09823529411764706 0.017272727272727273
1 0.4976470588235294 0.8636363636363636 0.0611764705882353 0.031818181818181815
1 0.7467647058823529 0.5354545454545454 0.03705882352941176 0.03272727272727273
1 0.8697058823529412 0.4163636363636364 0.07588235294117647 0.03636363636363636
1 0.6011764705882353 0.62 0.02588235294117647 0.03363636363636364
1 0.5202941176470588 0.6202272727272727 0.12058823529411765 0.03318181818181818
1 0.09852941176470588 0.605 0.07588235294117647 0.03636363636363636
1 0.6694117647058824 0.9245454545454546 0.06 0.03909090909090909
1 0.32088235294117645 0.8563636363636363 0.051176470588235295 0.038181818181818185
1 0.763235294117647 0.6895454545454546 0.11941176470588236 0.034545454545454546
1 0.6 0.4718181818181818 0.02 0.024545454545454544
1 0.6320588235294118 0.46704545454545454 0.051176470588235295 0.021363636363636362
1 0.5323529411764706 0.7868181818181819 0.02588235294117647 0.02
1 0.5914705882352941 0.7838636363636363 0.08176470588235295 0.02409090909090909
1 0.35705882352941176 0.7788636363636363 0.12117647058823529 0.03227272727272727
1 0.32529411764705884 0.9268181818181818 0.05529411764705883 0.04454545454545455