1 0.3652941176470588 0.7318181818181818 0.14352941176470588 0.038181818181818185
1 0.7620588235294118 0.8636363636363636 0.0688235294117647 0.03636363636363636
1 0.8476470588235294 0.9295454545454546 0.06941176470588235 0.03909090909090909
1 0.4123529411764706 0.9270454545454545 0.07176470588235294 0.04045454545454545
1 0.565 0.5311363636363636 0.11941176470588236 0.04045454545454545
1 0.8473529411764706 0.8668181818181818 0.0688235294117647 0.038181818181818185
1 0.36764705882352944 0.6184090909090909 0.14823529411764705 0.038636363636363635
1 0.6152941176470588 0.7813636363636364 0.08 0.03090909090909091
1 0.4097058823529412 0.41613636363636364 0.22294117647058823 0.03772727272727273
1 0.6429411764705882 0.6986363636363636 0.03764705882352941 0.03363636363636364
1 0.37970588235294117 0.4622727272727273 0.16647058823529412 0.03727272727272727
1 0.1011764705882353 0.6886363636363636 0.07647058823529412 0.035454545454545454
1 0.09470588235294118 0.4593181818181818 0.07882352941176471 0.035
1 0.09147058823529412 0.36886363636363634 0.07235294117647059 0.03409090909090909
1 0.465 0.7772727272727272 0.12529411764705883 0.034545454545454546
1 0.145 0.9286363636363636 0.057058823529411766 0.04090909090909091
1 0.3326470588235294 0.9272727272727272 0.07470588235294118 0.04
1 0.1514705882352941 0.8618181818181818 0.0688235294117647 0.04181818181818182
1 0.10029411764705883 0.5322727272727272 0.07470588235294118 0.03363636363636364
1 0.6664705882352941 0.7345454545454545 0.029411764705882353 0.034545454545454546
1 0.2388235294117647 0.9275 0.06 0.038636363636363635
1 0.34294117647058825 0.7754545454545455 0.0976470588235294 0.03363636363636364
1 0.7558823529411764 0.9281818181818182 0.06235294117647059 0.04181818181818182
1 0.2964705882352941 0.03568181818181818 0.04588235294117647 0.02409090909090909
1 0.611764705882353 0.4177272727272727 0.1635294117647059 0.04090909090909091
1 0.4126470588235294 0.8640909090909091 0.05823529411764706 0.04090909090909091
1 0.5932352941176471 0.9345454545454546 0.06411764705882353 0.046363636363636364
1 0.3926470588235294 0.5302272727272728 0.20058823529411765 0.04409090909090909
1 0.48911764705882355 0.6220454545454546 0.07941176470588235 0.030454545454545453
1 0.42323529411764704 0.5740909090909091 0.25941176470588234 0.03909090909090909
1 0.5491176470588235 0.7847727272727273 0.03 0.03409090909090909
1 0.6294117647058823 0.5756818181818182 0.12941176470588237 0.03772727272727273
1 0.5555882352941176 0.042954545454545454 0.09705882352941177 0.02772727272727273
1 0.6038235294117648 0.4690909090909091 0.026470588235294117 0.03
1 0.8038235294117647 0.4213636363636364 0.12294117647058823 0.038181818181818185
1 0.7502941176470588 0.735 0.12058823529411765 0.03363636363636364
1 0.5002941176470588 0.9281818181818182 0.07 0.04090909090909091
1 0.6723529411764706 0.8647727272727272 0.06470588235294118 0.041363636363636366
1 0.6023529411764705 0.37227272727272726 0.1388235294117647 0.04181818181818182
1 0.8035294117647059 0.3734090909090909 0.12941176470588237 0.03590909090909091
1 0.5135294117647059 0.69 0.1776470588235294 0.04090909090909091
1 0.09411764705882353 0.7761363636363636 0.07882352941176471 0.03681818181818182
1 0.1011764705882353 0.7315909090909091 0.07882352941176471 0.03409090909090909
1 0.7091176470588235 0.3765909090909091 0.05 0.03681818181818182
1 0.5258823529411765 0.4656818181818182 0.10470588235294118 0.03318181818181818
1 0.5011764705882353 0.8622727272727273 0.07058823529411765 0.04090909090909091
1 0.6679411764705883 0.46886363636363637 0.08647058823529412 0.030454545454545453
1 0.4138235294117647 0.37136363636363634 0.22411764705882353 0.045454545454545456
1 0.543235294117647 0.7336363636363636 0.18176470588235294 0.03727272727272727
1 0.10411764705882352 0.6209090909090909 0.07764705882352942 0.035454545454545454
1 0.6764705882352942 0.9365909090909091 0.06823529411764706 0.05136363636363636
1 0.32941176470588235 0.8618181818181818 0.052941176470588235 0.04090909090909091
1 0.7270588235294118 0.6943181818181818 0.10470588235294118 0.042272727272727274
1 0.09382352941176471 0.4118181818181818 0.08529411764705883 0.04181818181818182
1 0.10088235294117646 0.5731818181818182 0.07941176470588235 0.03727272727272727
1 0.7173529411764706 0.41659090909090907 0.04294117647058823 0.042272727272727274
1 0.35441176470588237 0.6865909090909091 0.13 0.04318181818181818
1 0.23147058823529412 0.8631818181818182 0.054705882352941174 0.04454545454545455
1 0.5905882352941176 0.8629545454545454 0.08 0.04772727272727273