1 0.7491176470588236 0.8604545454545455 0.045294117647058825 0.03909090909090909
1 0.8411764705882353 0.9265909090909091 0.052941176470588235 0.03681818181818182
1 0.40705882352941175 0.9277272727272727 0.05411764705882353 0.035454545454545454
1 0.5138235294117647 0.5304545454545454 0.10411764705882352 0.03636363636363636
1 0.8405882352941176 0.8581818181818182 0.04470588235294118 0.03909090909090909
1 0.36176470588235293 0.615 0.13529411764705881 0.031818181818181815
1 0.6420588235294118 0.6147727272727272 0.06529411764705882 0.03409090909090909
1 0.40441176470588236 0.7288636363636364 0.2088235294117647 0.03681818181818182
1 0.3947058823529412 0.4109090909090909 0.19058823529411764 0.035454545454545454
1 0.09294117647058824 0.6820454545454545 0.06941176470588235 0.035
1 0.3776470588235294 0.6859090909090909 0.15176470588235294 0.03090909090909091
1 0.09647058823529411 0.44795454545454544 0.08588235294117647 0.03772727272727273
1 0.6335294117647059 0.7288636363636364 0.23058823529411765 0.030454545454545453
1 0.14852941176470588 0.9256818181818182 0.05352941176470588 0.038636363636363635
1 0.7658823529411765 0.5713636363636364 0.07411764705882352 0.03363636363636364
1 0.3214705882352941 0.9281818181818182 0.0488235294117647 0.03636363636363636
1 0.09235294117647058 0.7243181818181819 0.07176470588235294 0.03409090909090909
1 0.24235294117647058 0.8627272727272727 0.06352941176470588 0.03090909090909091
1 0.2373529411764706 0.9272727272727272 0.04411764705882353 0.035454545454545454
1 0.7538235294117647 0.9277272727272727 0.05235294117647059 0.03727272727272727
1 0.0976470588235294 0.36704545454545456 0.07647058823529412 0.035
1 0.6788235294117647 0.45590909090909093 0.08823529411764706 0.035454545454545454
1 0.4173529411764706 0.8613636363636363 0.06294117647058824 0.034545454545454546
1 0.36411764705882355 0.5295454545454545 0.1376470588235294 0.035454545454545454
1 0.5929411764705882 0.4102272727272727 0.1811764705882353 0.03954545454545454
1 0.4102941176470588 0.5702272727272727 0.22647058823529412 0.03590909090909091
1 0.58 0.860909090909091 0.04470588235294118 0.03909090909090909
1 0.09470588235294118 0.40613636363636363 0.08470588235294117 0.03681818181818182
1 0.09558823529411764 0.5290909090909091 0.07588235294117647 0.034545454545454546
1 0.6038235294117648 0.57 0.15588235294117647 0.035454545454545454
1 0.5564705882352942 0.03977272727272727 0.0976470588235294 0.022272727272727274
1 0.7791176470588236 0.41045454545454546 0.14294117647058824 0.038181818181818185
1 0.4864705882352941 0.9272727272727272 0.042352941176470586 0.038181818181818185
1 0.6735294117647059 0.8606818181818182 0.06235294117647059 0.03318181818181818
1 0.533235294117647 0.3690909090909091 0.1323529411764706 0.03727272727272727
1 0.3602941176470588 0.45636363636363636 0.1323529411764706 0.034545454545454546
1 0.09411764705882353 0.7654545454545455 0.07176470588235294 0.034545454545454546
1 0.6885294117647058 0.3693181818181818 0.09823529411764706 0.03590909090909091
1 0.5088235294117647 0.45431818181818184 0.1388235294117647 0.035
1 0.5023529411764706 0.8595454545454545 0.05176470588235294 0.038181818181818185
1 0.3788235294117647 0.36727272727272725 0.14588235294117646 0.038181818181818185
1 0.5052941176470588 0.6138636363636364 0.11176470588235295 0.031363636363636364
1 0.095 0.6102272727272727 0.08176470588235295 0.03590909090909091
1 0.6708823529411765 0.9254545454545454 0.06411764705882353 0.03727272727272727
1 0.3255882352941176 0.8597727272727272 0.04764705882352941 0.03227272727272727
1 0.2811764705882353 0.03636363636363636 0.041176470588235294 0.02090909090909091
1 0.6970588235294117 0.4115909090909091 0.021176470588235293 0.03772727272727273
1 0.6173529411764705 0.375 0.026470588235294117 0.031818181818181815
1 0.6032352941176471 0.4625 0.03588235294117647 0.029545454545454545
1 0.6044117647058823 0.5329545454545455 0.03 0.03227272727272727
1 0.6585294117647059 0.5318181818181819 0.07 0.03363636363636364
1 0.09588235294117647 0.5711363636363637 0.07529411764705882 0.029545454545454545
1 0.5908823529411765 0.6190909090909091 0.019411764705882354 0.035454545454545454
1 0.7082352941176471 0.5725 0.03294117647058824 0.03590909090909091
1 0.5476470588235294 0.6868181818181818 0.16 0.031818181818181815
1 0.37176470588235294 0.7752272727272728 0.14941176470588236 0.028636363636363637
1 0.5355882352941177 0.7743181818181818 0.15941176470588236 0.02772727272727273
1 0.58 0.9286363636363636 0.04823529411764706 0.03272727272727273
1 0.15441176470588236 0.8620454545454546 0.06411764705882353 0.03409090909090909