1 0.39676470588235296 0.6820454545454545 0.1864705882352941 0.038636363636363635
1 0.591764705882353 0.6845454545454546 0.1635294117647059 0.03636363636363636
1 0.3497058823529412 0.4088636363636364 0.10058823529411764 0.03590909090909091
1 0.7611764705882353 0.8604545454545455 0.07294117647058823 0.04
1 0.8491176470588235 0.9265909090909091 0.0711764705882353 0.04045454545454545
1 0.548235294117647 0.6138636363636364 0.11647058823529412 0.03954545454545454
1 0.4108823529411765 0.9281818181818182 0.05941176470588235 0.04
1 0.8461764705882353 0.8629545454545454 0.057058823529411766 0.04045454545454545
1 0.3982352941176471 0.6136363636363636 0.17058823529411765 0.03636363636363636
1 0.4923529411764706 0.4093181818181818 0.17411764705882352 0.038636363636363635
1 0.6785294117647059 0.7693181818181818 0.10294117647058823 0.03318181818181818
1 0.45176470588235296 0.45340909090909093 0.12823529411764706 0.03772727272727273
1 0.4126470588235294 0.5686363636363636 0.2288235294117647 0.035454545454545454
1 0.6970588235294117 0.7027272727272728 0.029411764705882353 0.034545454545454546
1 0.405 0.7265909090909091 0.1935294117647059 0.038636363636363635
1 0.10558823529411765 0.6795454545454546 0.08764705882352941 0.03636363636363636
1 0.115 0.4536363636363636 0.10294117647058823 0.03727272727272727
1 0.525 0.7686363636363637 0.13823529411764707 0.035454545454545454
1 0.15794117647058822 0.9222727272727272 0.07235294117647059 0.04181818181818182
1 0.32941176470588235 0.9238636363636363 0.07294117647058823 0.03954545454545454
1 0.15029411764705883 0.8552272727272727 0.05 0.038636363636363635
1 0.4097058823529412 0.5215909090909091 0.2076470588235294 0.03954545454545454
1 0.09647058823529411 0.5209090909090909 0.07764705882352942 0.034545454545454546
1 0.24205882352941177 0.9236363636363636 0.057058823529411766 0.038181818181818185
1 0.3773529411764706 0.7670454545454546 0.15235294117647058 0.03681818181818182
1 0.7611764705882353 0.9254545454545454 0.07176470588235294 0.04
1 0.10264705882352941 0.3654545454545455 0.09470588235294118 0.034545454545454546
1 0.3552941176470588 0.36772727272727274 0.11294117647058824 0.03727272727272727
1 0.42264705882352943 0.8597727272727272 0.06647058823529411 0.042272727272727274
1 0.5820588235294117 0.9259090909090909 0.05352941176470588 0.04
1 0.09088235294117647 0.5645454545454546 0.07823529411764706 0.03636363636363636
1 0.5932352941176471 0.5234090909090909 0.1323529411764706 0.038636363636363635
1 0.5861764705882353 0.8579545454545454 0.05941176470588235 0.041363636363636366
1 0.11235294117647059 0.4052272727272727 0.09411764705882353 0.03772727272727273
1 0.6023529411764705 0.5681818181818182 0.13411764705882354 0.035454545454545454
1 0.5479411764705883 0.04318181818181818 0.07705882352941176 0.025454545454545455
1 0.7785294117647059 0.7254545454545455 0.12411764705882353 0.035454545454545454
1 0.5014705882352941 0.9256818181818182 0.061764705882352944 0.042272727272727274
1 0.7979411764705883 0.6875 0.13705882352941176 0.03681818181818182
1 0.6729411764705883 0.8593181818181819 0.05411764705882353 0.042272727272727274
1 0.3417647058823529 0.4511363636363636 0.08823529411764706 0.03681818181818182
1 0.09823529411764706 0.7634090909090909 0.08705882352941176 0.03681818181818182
1 0.10352941176470588 0.7211363636363637 0.09411764705882353 0.03772727272727273
1 0.6055882352941176 0.7722727272727272 0.026470588235294117 0.035454545454545454
1 0.49911764705882355 0.8584090909090909 0.05588235294117647 0.04045454545454545
1 0.5914705882352941 0.7272727272727273 0.1723529411764706 0.034545454545454546
1 0.09029411764705883 0.6072727272727273 0.08058823529411764 0.035454545454545454
1 0.6747058823529412 0.9256818181818182 0.07058823529411765 0.03954545454545454
1 0.335 0.8568181818181818 0.07235294117647059 0.04
1 0.29970588235294116 0.035227272727272725 0.04764705882352941 0.017727272727272727
1 0.5017647058823529 0.36863636363636365 0.16470588235294117 0.04181818181818182
1 0.23588235294117646 0.8593181818181819 0.06 0.03954545454545454
1 0.6079411764705882 0.37522727272727274 0.05352941176470588 0.05227272727272727
1 0.7 0.37 0.13294117647058823 0.045454545454545456
1 0.5947058823529412 0.4125 0.03764705882352941 0.03954545454545454
1 0.528235294117647 0.4577272727272727 0.03294117647058824 0.05272727272727273
1 0.6726470588235294 0.4127272727272727 0.11823529411764706 0.04363636363636364
1 0.5947058823529412 0.4572727272727273 0.09529411764705882 0.04
1 0.6844117647058824 0.5320454545454546 0.0488235294117647 0.05136363636363636
1 0.6864705882352942 0.5740909090909091 0.042352941176470586 0.03909090909090909
1 0.6161764705882353 0.6197727272727273 0.025294117647058825 0.05227272727272727
1 0.7594117647058823 0.5275 0.11529411764705882 0.05409090909090909
1 0.7505882352941177 0.5725 0.0976470588235294 0.03590909090909091
1 0.6626470588235294 0.6129545454545454 0.07823529411764706 0.03681818181818182
1 0.6938235294117647 0.7297727272727272 0.03705882352941176 0.042272727272727274