1 0.39294117647058824 0.7340909090909091 0.15764705882352942 0.03727272727272727
1 0.4076470588235294 0.3743181818181818 0.19058823529411764 0.03772727272727273
1 0.7464705882352941 0.87 0.058823529411764705 0.04090909090909091
1 0.84 0.9340909090909091 0.07529411764705882 0.03909090909090909
1 0.5676470588235294 0.5329545454545455 0.14 0.03681818181818182
1 0.3991176470588235 0.9309090909090909 0.05352941176470588 0.03909090909090909
1 0.8264705882352941 0.8725 0.042352941176470586 0.04045454545454545
1 0.36205882352941177 0.6181818181818182 0.11941176470588236 0.034545454545454546
1 0.41323529411764703 0.4152272727272727 0.22764705882352942 0.03954545454545454
1 0.07794117647058824 0.6859090909090909 0.05823529411764706 0.03727272727272727
1 0.09323529411764706 0.4547727272727273 0.0711764705882353 0.03681818181818182
1 0.09470588235294118 0.36954545454545457 0.07764705882352942 0.03909090909090909
1 0.49529411764705883 0.7779545454545455 0.12117647058823529 0.03954545454545454
1 0.5770588235294117 0.7293181818181819 0.16 0.03681818181818182
1 0.13647058823529412 0.9286363636363636 0.04588235294117647 0.042727272727272725
1 0.3173529411764706 0.9293181818181818 0.06294117647058824 0.038636363636363635
1 0.1461764705882353 0.8606818181818182 0.04764705882352941 0.041363636363636366
1 0.7717647058823529 0.5806818181818182 0.03294117647058824 0.03681818181818182
1 0.08911764705882352 0.5220454545454546 0.06764705882352941 0.03409090909090909
1 0.6397058823529411 0.6184090909090909 0.05823529411764706 0.030454545454545453
1 0.6638235294117647 0.5343181818181818 0.03470588235294118 0.035
1 0.2361764705882353 0.9281818181818182 0.061764705882352944 0.03909090909090909
1 0.355 0.7738636363636363 0.10294117647058823 0.03409090909090909
1 0.7485294117647059 0.9336363636363636 0.05823529411764706 0.04
1 0.3023529411764706 0.03409090909090909 0.03764705882352941 0.025454545454545455
1 0.6708823529411765 0.3775 0.039411764705882354 0.03318181818181818
1 0.6267647058823529 0.4147727272727273 0.18176470588235294 0.04045454545454545
1 0.40705882352941175 0.8618181818181818 0.05529411764705883 0.038181818181818185
1 0.5864705882352941 0.9309090909090909 0.0611764705882353 0.038181818181818185
1 0.08205882352941177 0.5702272727272727 0.060588235294117644 0.031363636363636364
1 0.3870588235294118 0.5286363636363637 0.15764705882352942 0.03636363636363636
1 0.5617647058823529 0.47113636363636363 0.021176470588235293 0.02590909090909091
1 0.5020588235294118 0.6220454545454546 0.08294117647058824 0.03318181818181818
1 0.4767647058823529 0.4661363636363636 0.11235294117647059 0.02590909090909091
1 0.5782352941176471 0.8615909090909091 0.05764705882352941 0.03772727272727273
1 0.095 0.4097727272727273 0.08058823529411764 0.03772727272727273
1 0.5570588235294117 0.04022727272727273 0.09529411764705882 0.026818181818181817
1 0.6288235294117647 0.46136363636363636 0.04588235294117647 0.034545454545454546
1 0.7655882352941177 0.4177272727272727 0.03823529411764706 0.03727272727272727
1 0.49323529411764705 0.9295454545454546 0.05588235294117647 0.04
1 0.6623529411764706 0.8640909090909091 0.05411764705882353 0.04
1 0.5826470588235294 0.37795454545454543 0.12058823529411765 0.03590909090909091
1 0.5155882352941177 0.6840909090909091 0.15235294117647058 0.03727272727272727
1 0.8552941176470589 0.5781818181818181 0.1411764705882353 0.04090909090909091
1 0.35970588235294115 0.45454545454545453 0.10882352941176471 0.03727272727272727
1 0.08823529411764706 0.7645454545454545 0.06941176470588235 0.03909090909090909
1 0.23588235294117646 0.8611363636363636 0.06588235294117648 0.03772727272727273
1 0.7385294117647059 0.37931818181818183 0.07470588235294118 0.03409090909090909
1 0.49058823529411766 0.8604545454545455 0.058823529411764705 0.038181818181818185
1 0.8408823529411765 0.4202272727272727 0.08529411764705883 0.04045454545454545
1 0.5852941176470589 0.6284090909090909 0.03176470588235294 0.031363636363636364
1 0.07970588235294118 0.6134090909090909 0.061764705882352944 0.03681818181818182
1 0.6602941176470588 0.9315909090909091 0.05588235294117647 0.038636363636363635
1 0.3226470588235294 0.8597727272727272 0.05588235294117647 0.03681818181818182
1 0.6485294117647059 0.5795454545454546 0.19941176470588234 0.04
1 0.7544117647058823 0.5354545454545454 0.08764705882352941 0.034545454545454546
1 0.41323529411764703 0.5770454545454545 0.23588235294117646 0.03227272727272727
1 0.08823529411764706 0.7256818181818182 0.0611764705882353 0.03772727272727273
1 0.3538235294117647 0.6886363636363636 0.1111764705882353 0.03272727272727273