1 0.4576470588235294 0.6915909090909091 0.28941176470588237 0.041363636363636366
1 0.4497058823529412 0.3725 0.27941176470588236 0.030454545454545453
1 0.7670588235294118 0.8597727272727272 0.06235294117647059 0.04045454545454545
1 0.8520588235294118 0.9259090909090909 0.05823529411764706 0.038181818181818185
1 0.6244117647058823 0.6156818181818182 0.15235294117647058 0.03409090909090909
1 0.42911764705882355 0.9297727272727273 0.061764705882352944 0.03772727272727273
1 0.8102941176470588 0.7718181818181818 0.12058823529411765 0.03363636363636364
1 0.7220588235294118 0.7768181818181819 0.031176470588235295 0.03363636363636364
1 0.47705882352941176 0.4143181818181818 0.32235294117647056 0.03772727272727273
1 0.731764705882353 0.6147727272727272 0.03294117647058824 0.03227272727272727
1 0.42705882352941177 0.7325 0.23058823529411765 0.03772727272727273
1 0.8179411764705883 0.5302272727272728 0.03235294117647059 0.03318181818181818
1 0.11970588235294118 0.6904545454545454 0.09470588235294118 0.03909090909090909
1 0.10823529411764705 0.45840909090909093 0.09411764705882353 0.03681818181818182
1 0.8835294117647059 0.5245454545454545 0.09176470588235294 0.034545454545454546
1 0.6435294117647059 0.7343181818181819 0.16470588235294117 0.03409090909090909
1 0.1638235294117647 0.9318181818181818 0.05352941176470588 0.03909090909090909
1 0.7952941176470588 0.6111363636363636 0.07882352941176471 0.03318181818181818
1 0.34294117647058825 0.9306818181818182 0.05176470588235294 0.03772727272727273
1 0.1676470588235294 0.8640909090909091 0.06352941176470588 0.034545454545454546
1 0.7638235294117647 0.73 0.03588235294117647 0.03272727272727273
1 0.6394117647058823 0.4561363636363636 0.12117647058823529 0.03409090909090909
1 0.4511764705882353 0.5284090909090909 0.26823529411764707 0.03681818181818182
1 0.10794117647058823 0.5327272727272727 0.10294117647058823 0.03909090909090909
1 0.2564705882352941 0.8620454545454546 0.06 0.038636363636363635
1 0.7023529411764706 0.5343181818181818 0.19294117647058823 0.03772727272727273
1 0.2591176470588235 0.9315909090909091 0.06529411764705882 0.03772727272727273
1 0.4164705882352941 0.7763636363636364 0.19294117647058823 0.038181818181818185
1 0.7785294117647059 0.925 0.07235294117647059 0.04090909090909091
1 0.2791176470588235 0.03954545454545454 0.04647058823529412 0.023636363636363636
1 0.6164705882352941 0.7765909090909091 0.15764705882352942 0.031363636363636364
1 0.7270588235294118 0.4547727272727273 0.03764705882352941 0.03318181818181818
1 0.43176470588235294 0.8620454545454546 0.05764705882352941 0.038636363636363635
1 0.6011764705882353 0.9293181818181818 0.06 0.03681818181818182
1 0.4161764705882353 0.6177272727272727 0.19588235294117648 0.03636363636363636
1 0.4526470588235294 0.575 0.2676470588235294 0.03272727272727273
1 0.43529411764705883 0.4556818181818182 0.24 0.03681818181818182
1 0.11029411764705882 0.37681818181818183 0.10176470588235294 0.03727272727272727
1 0.7008823529411765 0.5745454545454546 0.18411764705882352 0.031818181818181815
1 0.8014705882352942 0.455 0.09470588235294118 0.03363636363636364
1 0.5108823529411765 0.9295454545454546 0.057058823529411766 0.03909090909090909
1 0.8697058823529412 0.6822727272727273 0.1476470588235294 0.038181818181818185
1 0.8629411764705882 0.3684090909090909 0.10705882352941176 0.03590909090909091
1 0.8808823529411764 0.5711363636363637 0.08764705882352941 0.035
1 0.11441176470588235 0.7736363636363637 0.09352941176470589 0.038181818181818185
1 0.7391176470588235 0.41409090909090907 0.16294117647058823 0.03363636363636364
1 0.7011764705882353 0.685 0.1811764705882353 0.03636363636363636
1 0.5105882352941177 0.8597727272727272 0.0611764705882353 0.038636363636363635
1 0.9061764705882352 0.4113636363636364 0.08764705882352941 0.03636363636363636
1 0.11058823529411765 0.5768181818181818 0.1011764705882353 0.04
1 0.6888235294117647 0.9288636363636363 0.05411764705882353 0.04045454545454545
1 0.68 0.3734090909090909 0.15294117647058825 0.03590909090909091
1 0.3452941176470588 0.8627272727272727 0.06352941176470588 0.03727272727272727
1 0.11205882352941177 0.41704545454545455 0.09705882352941177 0.03954545454545454
1 0.8373529411764706 0.4147727272727273 0.031176470588235295 0.030454545454545453
1 0.7805882352941177 0.3740909090909091 0.04352941176470588 0.03090909090909091
1 0.11735294117647059 0.6193181818181818 0.10294117647058823 0.04318181818181818
1 0.8108823529411765 0.5759090909090909 0.03470588235294118 0.03090909090909091
1 0.11176470588235295 0.7322727272727273 0.10470588235294118 0.03727272727272727
1 0.5947058823529412 0.8620454545454546 0.05411764705882353 0.03318181818181818
1 0.6838235294117647 0.8622727272727273 0.061764705882352944 0.038181818181818185
1 0.8623529411764705 0.8604545454545455 0.07058823529411765 0.03909090909090909
1 0.8585294117647059 0.7322727272727273 0.13 0.034545454545454546
1 0.5452941176470588 0.04090909090909091 0.0976470588235294 0.02727272727272727