1 0.37970588235294117 0.6811363636363637 0.15470588235294117 0.03227272727272727
1 0.5270588235294118 0.6813636363636364 0.10823529411764705 0.031818181818181815
1 0.7561764705882353 0.8577272727272728 0.06411764705882353 0.04
1 0.8452941176470589 0.9275 0.07058823529411765 0.03954545454545454
1 0.523235294117647 0.5706818181818182 0.07941176470588235 0.03227272727272727
1 0.4097058823529412 0.9263636363636364 0.06294117647058824 0.038181818181818185
1 0.51 0.5275 0.08 0.03409090909090909
1 0.355 0.6075 0.09941176470588235 0.03409090909090909
1 0.37411764705882355 0.45136363636363636 0.13529411764705881 0.03272727272727273
1 0.4585294117647059 0.5709090909090909 0.031176470588235295 0.03090909090909091
1 0.10352941176470588 0.6763636363636364 0.07411764705882352 0.034545454545454546
1 0.10147058823529412 0.4475 0.08411764705882353 0.03590909090909091
1 0.39676470588235296 0.7268181818181818 0.19470588235294117 0.03090909090909091
1 0.105 0.3625 0.09235294117647058 0.03590909090909091
1 0.5673529411764706 0.7293181818181819 0.12764705882352942 0.029545454545454545
1 0.15294117647058825 0.9229545454545455 0.06235294117647059 0.03954545454545454
1 0.32441176470588234 0.9236363636363636 0.060588235294117644 0.03909090909090909
1 0.1564705882352941 0.8540909090909091 0.06705882352941177 0.038181818181818185
1 0.7026470588235294 0.7275 0.06647058823529411 0.030454545454545453
1 0.3608823529411765 0.5243181818181818 0.11588235294117646 0.03227272727272727
1 0.09911764705882353 0.52 0.0688235294117647 0.035454545454545454
1 0.6520588235294118 0.7268181818181818 0.022941176470588236 0.03090909090909091
1 0.24352941176470588 0.8568181818181818 0.058823529411764705 0.04
1 0.606764705882353 0.6929545454545455 0.031176470588235295 0.028636363636363637
1 0.24235294117647058 0.9227272727272727 0.06470588235294118 0.04
1 0.36911764705882355 0.7665909090909091 0.13941176470588235 0.03590909090909091
1 0.7564705882352941 0.9268181818181818 0.06352941176470588 0.03909090909090909
1 0.5002941176470588 0.7686363636363637 0.09941176470588235 0.03272727272727273
1 0.6138235294117647 0.37363636363636366 0.028823529411764706 0.031818181818181815
1 0.4108823529411765 0.8584090909090909 0.05823529411764706 0.038636363636363635
1 0.5870588235294117 0.9288636363636363 0.06 0.038636363636363635
1 0.3729411764705882 0.5677272727272727 0.12705882352941175 0.03727272727272727
1 0.5588235294117647 0.4127272727272727 0.0976470588235294 0.034545454545454546
1 0.4708823529411765 0.610909090909091 0.06411764705882353 0.03272727272727273
1 0.5852941176470589 0.8595454545454545 0.06470588235294118 0.04
1 0.10088235294117646 0.4034090909090909 0.0888235294117647 0.035
1 0.10058823529411764 0.5627272727272727 0.0611764705882353 0.035454545454545454
1 0.6111764705882353 0.4527272727272727 0.07529411764705882 0.03363636363636364
1 0.5711764705882353 0.035454545454545454 0.11294117647058824 0.026363636363636363
1 0.6955882352941176 0.41409090909090907 0.08764705882352941 0.03363636363636364
1 0.5 0.9259090909090909 0.06941176470588235 0.03909090909090909
1 0.8494117647058823 0.8577272727272728 0.07411764705882352 0.04181818181818182
1 0.6794117647058824 0.8568181818181818 0.07764705882352942 0.04090909090909091
1 0.5488235294117647 0.3718181818181818 0.08 0.03272727272727273
1 0.10088235294117646 0.7602272727272728 0.07352941176470588 0.035
1 0.09823529411764706 0.7197727272727272 0.07411764705882352 0.035
1 0.6897058823529412 0.37227272727272726 0.07705882352941176 0.03272727272727273
1 0.4908823529411765 0.4536363636363636 0.08411764705882353 0.03090909090909091
1 0.49676470588235294 0.8584090909090909 0.06294117647058824 0.04045454545454545
1 0.6314705882352941 0.41545454545454547 0.026470588235294117 0.03
1 0.39647058823529413 0.3693181818181818 0.1811764705882353 0.03227272727272727
1 0.0988235294117647 0.6047727272727272 0.06588235294117648 0.03590909090909091
1 0.6705882352941176 0.9265909090909091 0.06235294117647059 0.03954545454545454
1 0.3326470588235294 0.8575 0.06647058823529411 0.03954545454545454
1 0.40176470588235297 0.40204545454545454 0.18941176470588236 0.038636363636363635
1 0.6623529411764706 0.6863636363636364 0.05647058823529412 0.02727272727272727
1 0.3129411764705882 0.03090909090909091 0.041176470588235294 0.022727272727272728
1 0.5458823529411765 0.4643181818181818 0.02 0.02409090909090909
1 0.4323529411764706 0.5325 0.018823529411764704 0.02590909090909091
1 0.42058823529411765 0.6170454545454546 0.02235294117647059 0.028636363636363637
1 0.5647058823529412 0.7784090909090909 0.018823529411764704 0.02590909090909091
1 0.6158823529411764 0.7731818181818182 0.07176470588235294 0.02727272727272727