1 0.4167647058823529 0.6852272727272727 0.19823529411764707 0.041363636363636366
1 0.41441176470588237 0.5290909090909091 0.1688235294117647 0.04
1 0.7591176470588236 0.8631818181818182 0.05941176470588235 0.04
1 0.8470588235294118 0.9320454545454545 0.06823529411764706 0.03954545454545454
1 0.41558823529411765 0.9261363636363636 0.06294117647058824 0.03772727272727273
1 0.8429411764705882 0.8656818181818182 0.06470588235294118 0.042272727272727274
1 0.3502941176470588 0.6152272727272727 0.09470588235294118 0.035
1 0.46852941176470586 0.4106818181818182 0.31823529411764706 0.04409090909090909
1 0.6702941176470588 0.78 0.05941176470588235 0.03
1 0.4973529411764706 0.625 0.061764705882352944 0.023636363636363636
1 0.6064705882352941 0.6865909090909091 0.14941176470588236 0.041363636363636366
1 0.45088235294117646 0.7290909090909091 0.2688235294117647 0.04090909090909091
1 0.3058823529411765 0.03568181818181818 0.04588235294117647 0.031363636363636364
1 0.12352941176470589 0.6829545454545455 0.09176470588235294 0.04045454545454545
1 0.10176470588235294 0.5265909090909091 0.06823529411764706 0.03590909090909091
1 0.1288235294117647 0.3684090909090909 0.09647058823529411 0.03590909090909091
1 0.12176470588235294 0.4552272727272727 0.10588235294117647 0.04409090909090909
1 0.14941176470588236 0.9275 0.05764705882352941 0.03772727272727273
1 0.32 0.9281818181818182 0.052941176470588235 0.038181818181818185
1 0.15823529411764706 0.8611363636363636 0.05529411764705883 0.03954545454545454
1 0.1223529411764706 0.41 0.09529411764705882 0.03727272727272727
1 0.7120588235294117 0.730909090909091 0.23 0.04
1 0.24441176470588236 0.8602272727272727 0.07235294117647059 0.04318181818181818
1 0.24176470588235294 0.9272727272727272 0.06235294117647059 0.03909090909090909
1 0.38 0.7747727272727273 0.15294117647058825 0.03681818181818182
1 0.7597058823529412 0.9309090909090909 0.05588235294117647 0.04
1 0.5258823529411765 0.7720454545454546 0.11647058823529412 0.03954545454545454
1 0.5858823529411765 0.37386363636363634 0.12941176470588237 0.03409090909090909
1 0.41058823529411764 0.8611363636363636 0.05529411764705883 0.04045454545454545
1 0.5891176470588235 0.9286363636363636 0.060588235294117644 0.04090909090909091
1 0.11794117647058823 0.610909090909091 0.060588235294117644 0.04
1 0.43676470588235294 0.5704545454545454 0.2570588235294118 0.04090909090909091
1 0.5747058823529412 0.53 0.06941176470588235 0.03363636363636364
1 0.5897058823529412 0.8631818181818182 0.0688235294117647 0.042727272727272725
1 0.6011764705882353 0.5729545454545455 0.05176470588235294 0.03954545454545454
1 0.581764705882353 0.03909090909090909 0.1188235294117647 0.025454545454545455
1 0.7435294117647059 0.415 0.19294117647058823 0.04181818181818182
1 0.5041176470588236 0.93 0.06823529411764706 0.04
1 0.678235294117647 0.8636363636363636 0.07176470588235294 0.04090909090909091
1 0.9076470588235294 0.7311363636363636 0.06470588235294118 0.04681818181818182
1 0.3761764705882353 0.4597727272727273 0.1511764705882353 0.04409090909090909
1 0.10794117647058823 0.769090909090909 0.09117647058823529 0.03909090909090909
1 0.11147058823529411 0.7236363636363636 0.09 0.038181818181818185
1 0.513235294117647 0.46295454545454545 0.09470588235294118 0.03227272727272727
1 0.5 0.8615909090909091 0.06352941176470588 0.04045454545454545
1 0.4108823529411765 0.36977272727272725 0.18764705882352942 0.04045454545454545
1 0.6658823529411765 0.9327272727272727 0.05176470588235294 0.04
1 0.32794117647058824 0.8606818181818182 0.060588235294117644 0.042272727272727274
1 0.6841176470588235 0.5718181818181818 0.10588235294117647 0.03636363636363636
1 0.7697058823529411 0.6909090909090909 0.0711764705882353 0.031818181818181815
1 0.11647058823529412 0.57 0.07058823529411765 0.03727272727272727
1 0.5185294117647059 0.5390909090909091 0.03588235294117647 0.02909090909090909
1 0.43676470588235294 0.6229545454545454 0.033529411764705884 0.02590909090909091
1 0.6029411764705882 0.7854545454545454 0.03764705882352941 0.028181818181818183
1 0.7005882352941176 0.7002272727272727 0.03764705882352941 0.030454545454545453
1 0.8576470588235294 0.7331818181818182 0.04470588235294118 0.04181818181818182