1 0.5464705882352942 0.6115909090909091 0.02823529411764706 0.03590909090909091
1 0.47147058823529414 0.525 0.13470588235294118 0.03909090909090909
1 0.3432352941176471 0.6102272727272727 0.09235294117647058 0.035
1 0.6258823529411764 0.7763636363636364 0.08235294117647059 0.03363636363636364
1 0.48411764705882354 0.5688636363636363 0.15294117647058825 0.03409090909090909
1 0.38382352941176473 0.4081818181818182 0.16411764705882353 0.03727272727272727
1 0.08235294117647059 0.6795454545454546 0.07294117647058823 0.035454545454545454
1 0.0961764705882353 0.44795454545454544 0.08058823529411764 0.03772727272727273
1 0.5032352941176471 0.7731818181818182 0.12176470588235294 0.03636363636363636
1 0.36058823529411765 0.7695454545454545 0.13294117647058823 0.03727272727272727
1 0.08470588235294117 0.7231818181818181 0.07764705882352942 0.03727272727272727
1 0.5602941176470588 0.4097727272727273 0.1652941176470588 0.03772727272727273
1 0.09529411764705882 0.5193181818181818 0.07176470588235294 0.03590909090909091
1 0.6158823529411764 0.6152272727272727 0.09411764705882353 0.03318181818181818
1 0.3897058823529412 0.725909090909091 0.18764705882352942 0.03727272727272727
1 0.10411764705882352 0.3659090909090909 0.08705882352941176 0.03727272727272727
1 0.5620588235294117 0.3690909090909091 0.15470588235294117 0.038181818181818185
1 0.34911764705882353 0.525 0.09823529411764706 0.035454545454545454
1 0.5594117647058824 0.5288636363636363 0.029411764705882353 0.035
1 0.46705882352941175 0.610909090909091 0.12117647058823529 0.03636363636363636
1 0.5676470588235294 0.7254545454545455 0.1623529411764706 0.03636363636363636
1 0.10147058823529412 0.4052272727272727 0.08647058823529412 0.03772727272727273
1 0.09647058823529411 0.5643181818181818 0.0811764705882353 0.03681818181818182
1 0.5658823529411765 0.038863636363636364 0.10823529411764705 0.021363636363636362
1 0.7438235294117647 0.7279545454545454 0.1288235294117647 0.03772727272727273
1 0.5747058823529412 0.6834090909090909 0.13529411764705881 0.030454545454545453
1 0.36676470588235294 0.4547727272727273 0.13352941176470587 0.03227272727272727
1 0.08794117647058823 0.7677272727272727 0.08411764705882353 0.038181818181818185
1 0.5035294117647059 0.4536363636363636 0.12117647058823529 0.035454545454545454
1 0.6326470588235295 0.5284090909090909 0.09941176470588235 0.03590909090909091
1 0.5755882352941176 0.5709090909090909 0.03 0.034545454545454546
1 0.39176470588235296 0.3654545454545455 0.17529411764705882 0.03727272727272727
1 0.09382352941176471 0.605909090909091 0.07941176470588235 0.03636363636363636
1 0.39647058823529413 0.6813636363636364 0.19647058823529412 0.03727272727272727
1 0.6620588235294118 0.57 0.1288235294117647 0.03636363636363636
1 0.7223529411764706 0.6804545454545454 0.10470588235294118 0.02727272727272727
1 0.28441176470588236 0.034545454545454546 0.03823529411764706 0.02181818181818182
1 0.33205882352941174 0.03386363636363637 0.05588235294117647 0.020454545454545454
1 0.3502941176470588 0.5675 0.10411764705882352 0.03409090909090909
1 0.6567647058823529 0.6806818181818182 0.028823529411764706 0.026818181818181817
1 0.6638235294117647 0.7243181818181819 0.031176470588235295 0.03954545454545454
1 0.5697058823529412 0.7706818181818181 0.026470588235294117 0.02590909090909091