1 0.7558823529411764 0.8590909090909091 0.05176470588235294 0.038181818181818185
1 0.8458823529411764 0.9275 0.06352941176470588 0.038636363636363635
1 0.6070588235294118 0.5772727272727273 0.1564705882352941 0.035454545454545454
1 0.4038235294117647 0.9286363636363636 0.0488235294117647 0.03909090909090909
1 0.09794117647058824 0.5225 0.08294117647058824 0.03772727272727273
1 0.5770588235294117 0.5338636363636363 0.14 0.035
1 0.8394117647058823 0.8597727272727272 0.0611764705882353 0.03954545454545454
1 0.41411764705882353 0.6122727272727273 0.2376470588235294 0.03636363636363636
1 0.5905882352941176 0.7722727272727272 0.1188235294117647 0.031818181818181815
1 0.4097058823529412 0.4586363636363636 0.23470588235294118 0.03
1 0.4211764705882353 0.7322727272727273 0.2541176470588235 0.028181818181818183
1 0.7238235294117648 0.5309090909090909 0.07470588235294118 0.03272727272727273
1 0.42 0.41659090909090907 0.25058823529411767 0.029545454545454545
1 0.10029411764705883 0.6829545454545455 0.08294117647058824 0.03590909090909091
1 0.7064705882352941 0.5747727272727273 0.027058823529411764 0.031363636363636364
1 0.09852941176470588 0.44795454545454544 0.0888235294117647 0.03772727272727273
1 0.6120588235294118 0.7327272727272728 0.11823529411764706 0.034545454545454546
1 0.15029411764705883 0.9281818181818182 0.04764705882352941 0.03909090909090909
1 0.7767647058823529 0.6220454545454546 0.08058823529411764 0.03590909090909091
1 0.32235294117647056 0.9293181818181818 0.05647058823529412 0.03681818181818182
1 0.15323529411764705 0.8590909090909091 0.04764705882352941 0.038181818181818185
1 0.7144117647058823 0.6161363636363636 0.03 0.03227272727272727
1 0.5923529411764706 0.46045454545454545 0.13058823529411764 0.034545454545454546
1 0.6126470588235294 0.6143181818181818 0.15941176470588236 0.03318181818181818
1 0.6652941176470588 0.5370454545454545 0.029411764705882353 0.03227272727272727
1 0.23676470588235293 0.9290909090909091 0.045294117647058825 0.04
1 0.40294117647058825 0.7743181818181818 0.22823529411764706 0.029545454545454545
1 0.7567647058823529 0.9268181818181818 0.05235294117647059 0.04
1 0.09735294117647059 0.3640909090909091 0.10294117647058823 0.03909090909090909
1 0.6238235294117647 0.41795454545454547 0.15941176470588236 0.030454545454545453
1 0.415 0.8629545454545454 0.057058823529411766 0.03590909090909091
1 0.5858823529411765 0.9261363636363636 0.05529411764705883 0.038636363636363635
1 0.39705882352941174 0.5318181818181819 0.20588235294117646 0.03636363636363636
1 0.5844117647058824 0.8615909090909091 0.06294117647058824 0.038636363636363635
1 0.09911764705882353 0.4065909090909091 0.10058823529411764 0.03590909090909091
1 0.09205882352941176 0.5706818181818182 0.07941176470588235 0.03227272727272727
1 0.5341176470588235 0.03227272727272727 0.07647058823529412 0.024545454545454544
1 0.65 0.37613636363636366 0.03058823529411765 0.03227272727272727
1 0.755 0.4652272727272727 0.12058823529411765 0.03409090909090909
1 0.4970588235294118 0.9277272727272727 0.05647058823529412 0.038181818181818185
1 0.6702941176470588 0.8584090909090909 0.057058823529411766 0.03954545454545454
1 0.5764705882352941 0.37545454545454543 0.10352941176470588 0.034545454545454546
1 0.09941176470588235 0.7659090909090909 0.08235294117647059 0.035454545454545454
1 0.09852941176470588 0.7238636363636364 0.08647058823529412 0.03681818181818182
1 0.7123529411764706 0.3770454545454546 0.0988235294117647 0.03318181818181818
1 0.4973529411764706 0.8606818181818182 0.06294117647058824 0.03772727272727273
1 0.6741176470588235 0.46136363636363636 0.03294117647058824 0.035454545454545454
1 0.7891176470588235 0.4184090909090909 0.12529411764705883 0.03681818181818182
1 0.40852941176470586 0.37522727272727274 0.22647058823529412 0.038636363636363635
1 0.5214705882352941 0.6863636363636364 0.09117647058823529 0.03272727272727273
1 0.0976470588235294 0.6118181818181818 0.09176470588235294 0.03636363636363636
1 0.6655882352941176 0.9254545454545454 0.05823529411764706 0.04
1 0.3247058823529412 0.8604545454545455 0.05058823529411765 0.03727272727272727
1 0.3811764705882353 0.6877272727272727 0.18588235294117647 0.03636363636363636
1 0.7164705882352941 0.42 0.021176470588235293 0.03
1 0.4147058823529412 0.5740909090909091 0.23529411764705882 0.035454545454545454
1 0.7585294117647059 0.5802272727272727 0.08529411764705883 0.03590909090909091
1 0.30411764705882355 0.03340909090909091 0.04 0.025
1 0.23294117647058823 0.8595454545454545 0.05647058823529412 0.04181818181818182