1 0.4123529411764706 0.72 0.1988235294117647 0.03636363636363636
1 0.7620588235294118 0.8593181818181819 0.054705882352941174 0.03590909090909091
1 0.8461764705882353 0.9238636363636363 0.06647058823529411 0.03772727272727273
1 0.4152941176470588 0.9256818181818182 0.05529411764705883 0.035
1 0.6376470588235295 0.6238636363636364 0.03058823529411765 0.02590909090909091
1 0.85 0.8606818181818182 0.06 0.04045454545454545
1 0.3788235294117647 0.6077272727272728 0.1411764705882353 0.034545454545454546
1 0.4273529411764706 0.4065909090909091 0.23 0.03772727272727273
1 0.38323529411764706 0.45 0.1535294117647059 0.03636363636363636
1 0.10294117647058823 0.6806818181818182 0.07176470588235294 0.03409090909090909
1 0.09235294117647058 0.36272727272727273 0.08705882352941176 0.03636363636363636
1 0.10058823529411764 0.4490909090909091 0.08352941176470588 0.02909090909090909
1 0.5017647058823529 0.8563636363636363 0.05176470588235294 0.03727272727272727
1 0.6076470588235294 0.7209090909090909 0.14470588235294118 0.034545454545454546
1 0.1535294117647059 0.925 0.05411764705882353 0.03727272727272727
1 0.785 0.5636363636363636 0.08294117647058824 0.03363636363636364
1 0.32588235294117646 0.9240909090909091 0.05411764705882353 0.035454545454545454
1 0.1588235294117647 0.8570454545454546 0.05764705882352941 0.03681818181818182
1 0.705 0.7243181818181819 0.03235294117647059 0.03227272727272727
1 0.4073529411764706 0.5654545454545454 0.1935294117647059 0.03636363636363636
1 0.09382352941176471 0.5222727272727272 0.0711764705882353 0.03272727272727273
1 0.2485294117647059 0.8575 0.05823529411764706 0.03681818181818182
1 0.24441176470588236 0.9225 0.054705882352941174 0.03681818181818182
1 0.38794117647058823 0.7711363636363636 0.15941176470588236 0.035
1 0.7629411764705882 0.9240909090909091 0.05411764705882353 0.03727272727272727
1 0.2985294117647059 0.03590909090909091 0.039411764705882354 0.024545454545454544
1 0.5567647058823529 0.769090909090909 0.11470588235294117 0.034545454545454546
1 0.7029411764705882 0.4525 0.11176470588235295 0.03409090909090909
1 0.6358823529411765 0.4052272727272727 0.18705882352941178 0.03772727272727273
1 0.6267647058823529 0.4611363636363636 0.03235294117647059 0.035
1 0.41852941176470587 0.8570454545454546 0.06647058823529411 0.03681818181818182
1 0.09205882352941176 0.5652272727272727 0.07352941176470588 0.03227272727272727
1 0.6035294117647059 0.5654545454545454 0.17529411764705882 0.03363636363636364
1 0.5311764705882352 0.6081818181818182 0.12588235294117647 0.034545454545454546
1 0.5952941176470589 0.8570454545454546 0.06352941176470588 0.03681818181818182
1 0.09058823529411765 0.4072727272727273 0.08352941176470588 0.02909090909090909
1 0.7711764705882352 0.7202272727272727 0.0976470588235294 0.03409090909090909
1 0.4976470588235294 0.9245454545454546 0.04588235294117647 0.03727272727272727
1 0.6773529411764706 0.8563636363636363 0.05941176470588235 0.03727272727272727
1 0.09823529411764706 0.7659090909090909 0.07529411764705882 0.034545454545454546
1 0.1011764705882353 0.7268181818181818 0.08 0.034545454545454546
1 0.7438235294117647 0.4068181818181818 0.027647058823529413 0.026363636363636363
1 0.5355882352941177 0.45204545454545453 0.12058823529411765 0.035
1 0.6464705882352941 0.7736363636363637 0.03882352941176471 0.031818181818181815
1 0.7179411764705882 0.5693181818181818 0.031176470588235295 0.03227272727272727
1 0.8408823529411765 0.4065909090909091 0.13 0.03772727272727273
1 0.09205882352941176 0.6054545454545455 0.07470588235294118 0.035454545454545454
1 0.6744117647058824 0.9245454545454546 0.060588235294117644 0.03636363636363636
1 0.33441176470588235 0.8572727272727273 0.06647058823529411 0.03636363636363636
1 0.6932352941176471 0.6140909090909091 0.07941176470588235 0.025454545454545455
1 0.5538235294117647 0.035227272727272725 0.09588235294117647 0.03227272727272727
1 0.715 0.7797727272727273 0.06411764705882353 0.020454545454545454
1 0.586764705882353 0.9297727272727273 0.060588235294117644 0.029545454545454545