1 0.38029411764705884 0.6856818181818182 0.15235294117647058 0.03409090909090909
1 0.5276470588235294 0.6886363636363636 0.10235294117647059 0.03272727272727273
1 0.7608823529411765 0.8604545454545455 0.061764705882352944 0.035454545454545454
1 0.8426470588235294 0.9288636363636363 0.05823529411764706 0.03681818181818182
1 0.5261764705882352 0.5697727272727273 0.07705882352941176 0.03227272727272727
1 0.40441176470588236 0.9277272727272727 0.04764705882352941 0.03636363636363636
1 0.46205882352941174 0.5279545454545455 0.039411764705882354 0.03318181818181818
1 0.8476470588235294 0.8652272727272727 0.06352941176470588 0.035
1 0.34794117647058825 0.6111363636363636 0.10411764705882352 0.035
1 0.6223529411764706 0.7711363636363636 0.06588235294117648 0.031363636363636364
1 0.3664705882352941 0.45 0.12470588235294118 0.035454545454545454
1 0.46441176470588236 0.5697727272727273 0.03823529411764706 0.031363636363636364
1 0.6664705882352941 0.6906818181818182 0.07176470588235294 0.026818181818181817
1 0.3988235294117647 0.7275 0.21058823529411766 0.03409090909090909
1 0.3941176470588235 0.41113636363636363 0.17529411764705882 0.035
1 0.10470588235294118 0.6797727272727273 0.07294117647058823 0.03409090909090909
1 0.09529411764705882 0.4490909090909091 0.05529411764705883 0.034545454545454546
1 0.6658823529411765 0.725 0.029411764705882353 0.031818181818181815
1 0.5785294117647058 0.7252272727272727 0.1288235294117647 0.03318181818181818
1 0.1514705882352941 0.9254545454545454 0.05235294117647059 0.03727272727272727
1 0.7352941176470589 0.7288636363636364 0.1 0.03318181818181818
1 0.32176470588235295 0.9275 0.052941176470588235 0.03590909090909091
1 0.14941176470588236 0.8579545454545454 0.047058823529411764 0.03681818181818182
1 0.5702941176470588 0.4125 0.09117647058823529 0.03227272727272727
1 0.36323529411764705 0.5268181818181819 0.11705882352941177 0.035454545454545454
1 0.09676470588235295 0.5220454545454546 0.051176470588235295 0.035
1 0.23794117647058824 0.8577272727272728 0.04294117647058823 0.03636363636363636
1 0.6047058823529412 0.6865909090909091 0.029411764705882353 0.03227272727272727
1 0.23794117647058824 0.9263636363636364 0.05 0.035454545454545454
1 0.3688235294117647 0.7702272727272728 0.14941176470588236 0.03318181818181818
1 0.7570588235294118 0.928409090909091 0.05411764705882353 0.03772727272727273
1 0.09705882352941177 0.3634090909090909 0.06 0.03590909090909091
1 0.4032352941176471 0.8586363636363636 0.04294117647058823 0.038181818181818185
1 0.5802941176470588 0.9265909090909091 0.051176470588235295 0.03590909090909091
1 0.36941176470588233 0.5688636363636363 0.14352941176470588 0.03318181818181818
1 0.5208823529411765 0.5256818181818181 0.04647058823529412 0.03318181818181818
1 0.46588235294117647 0.610909090909091 0.06235294117647059 0.03363636363636364
1 0.47441176470588237 0.45636363636363636 0.06647058823529411 0.03
1 0.5676470588235294 0.7761363636363636 0.027058823529411764 0.03318181818181818
1 0.09441176470588235 0.4043181818181818 0.05823529411764706 0.035
1 0.09970588235294117 0.5625 0.05588235294117647 0.035
1 0.5529411764705883 0.03931818181818182 0.07294117647058823 0.021363636363636362
1 0.5602941176470588 0.37136363636363634 0.06529411764705882 0.03363636363636364
1 0.4985294117647059 0.93 0.060588235294117644 0.03636363636363636
1 0.6744117647058824 0.8615909090909091 0.06529411764705882 0.035
1 0.4823529411764706 0.3693181818181818 0.03764705882352941 0.03318181818181818
1 0.11352941176470588 0.765 0.07647058823529412 0.034545454545454546
1 0.11470588235294117 0.7245454545454545 0.07529411764705882 0.034545454545454546
1 0.4923529411764706 0.8586363636363636 0.04588235294117647 0.038181818181818185
1 0.37441176470588233 0.36863636363636365 0.13117647058823528 0.038181818181818185
1 0.10470588235294118 0.6056818181818182 0.05411764705882353 0.03409090909090909
1 0.6679411764705883 0.9281818181818182 0.051176470588235295 0.038181818181818185
1 0.32294117647058823 0.8570454545454546 0.04470588235294118 0.03772727272727273
1 0.2926470588235294 0.03386363636363637 0.027647058823529413 0.023181818181818182
1 0.5041176470588236 0.4113636363636364 0.03058823529411765 0.03363636363636364
1 0.4161764705882353 0.6190909090909091 0.028823529411764706 0.03272727272727273
1 0.4979411764705882 0.7706818181818181 0.09588235294117647 0.03409090909090909
1 0.5829411764705882 0.8618181818181818 0.05176470588235294 0.03272727272727273
1 0.3382352941176471 0.03568181818181818 0.06352941176470588 0.021363636363636362