1 0.41018845700824497 0.678343949044586 0.1513545347467609 0.039126478616924476
1 0.559776207302709 0.6781164695177434 0.11366313309776208 0.034121929026387623
1 0.4796819787985866 0.39990900818926295 0.31743227326266193 0.039126478616924476
1 0.7697290930506479 0.8521383075523203 0.05889281507656066 0.03821656050955414
1 0.8548292108362779 0.9210646041856233 0.06890459363957598 0.03958143767060965
1 0.5918727915194346 0.6089626933575978 0.07773851590106007 0.03230209281164695
1 0.4193168433451119 0.9194722474977252 0.05418138987043581 0.039126478616924476
1 0.5335689045936396 0.5197907188353048 0.03180212014134275 0.0359417652411283
1 0.8589517078916372 0.8510009099181074 0.06772673733804475 0.04049135577797998
1 0.6419316843345112 0.7686533212010919 0.04004711425206125 0.03503184713375796
1 0.4275618374558304 0.44767970882620567 0.21319199057714958 0.036396724294813464
1 0.6466431095406361 0.6801637852593266 0.03769140164899882 0.03548680618744313
1 0.3118374558303887 0.02343039126478617 0.059481743227326266 0.028662420382165606
1 0.8094817432273262 0.4030937215650591 0.032391048292108364 0.03366696997270246
1 0.11454652532391048 0.6760691537761602 0.09246171967020024 0.03821656050955414
1 0.11484098939929328 0.44517743403093724 0.0977620730270907 0.03776160145586897
1 0.44817432273262664 0.7217925386715196 0.254416961130742 0.03867151956323931
1 0.10895170789163722 0.35850773430391264 0.0989399293286219 0.039126478616924476
1 0.15753828032979977 0.9201546860782529 0.05830388692579505 0.042311191992720654
1 0.7682567726737338 0.7181528662420382 0.04063604240282685 0.034121929026387623
1 0.336866902237927 0.9210646041856233 0.06713780918727916 0.03867151956323931
1 0.15547703180212014 0.8507734303912647 0.053003533568904596 0.042766151046405826
1 0.7061248527679623 0.7654686078252957 0.06949352179034157 0.03139217470427662
1 0.6051236749116607 0.4483621474067334 0.11366313309776208 0.034121929026387623
1 0.43138987043580684 0.517515923566879 0.14782096584216725 0.04049135577797998
1 0.10983510011778563 0.5170609645131938 0.07361601884570082 0.03776160145586897
1 0.657243816254417 0.7204276615104641 0.15783274440518258 0.036851683348498636
1 0.24381625441696114 0.8535031847133758 0.05535924617196702 0.036396724294813464
1 0.24646643109540636 0.9201546860782529 0.052414605418138985 0.04049135577797998
1 0.38810365135453473 0.7670609645131938 0.15429917550058891 0.03548680618744313
1 0.7732626619552415 0.9160600545950864 0.06713780918727916 0.04322111010009099
1 0.5424028268551236 0.7663785259326661 0.11778563015312132 0.034121929026387623
1 0.681095406360424 0.45018198362147405 0.030035335689045935 0.03230209281164695
1 0.7181978798586572 0.36237488626023656 0.037102473498233215 0.0359417652411283
1 0.6289752650176679 0.35896269335759784 0.12603062426383982 0.036396724294813464
1 0.4219670200235571 0.8521383075523203 0.052414605418138985 0.040036396724294813
1 0.5951118963486455 0.9181073703366697 0.0535924617196702 0.04094631483166515
1 0.4249116607773852 0.5621019108280255 0.19257950530035337 0.03867151956323931
1 0.6027679623085983 0.5197907188353048 0.08775029446407538 0.0359417652411283
1 0.5889281507656066 0.8514558689717925 0.050647820965842166 0.04049135577797998
1 0.11130742049469965 0.40013648771610555 0.09069493521790342 0.03776160145586897
1 0.11808009422850413 0.5584622383985441 0.07243816254416961 0.036851683348498636
1 0.6498822143698468 0.5607370336669699 0.0983510011778563 0.034121929026387623
1 0.5559481743227326 0.026387625113739762 0.05535924617196702 0.03002729754322111
1 0.7505889281507656 0.44699727024567787 0.10659599528857479 0.034121929026387623
1 0.5073616018845701 0.9206096451319381 0.059481743227326266 0.03958143767060965
1 0.6805064782096584 0.8519108280254777 0.052414605418138985 0.04049135577797998
1 0.7894581861012956 0.3580527752502275 0.09010600706713781 0.034576888080072796
1 0.8436395759717314 0.7190627843494085 0.09010600706713781 0.034121929026387623
1 0.12102473498233215 0.7606915377616015 0.08421672555948174 0.0373066424021838
1 0.12131919905771496 0.714968152866242 0.08716136631330977 0.036851683348498636
1 0.709658421672556 0.4021838034576888 0.14487632508833923 0.03548680618744313
1 0.5103062426383981 0.8523657870791629 0.06654888103651355 0.04322111010009099
1 0.8786808009422851 0.4005914467697907 0.09658421672555949 0.03503184713375796
1 0.5671378091872792 0.5611919927206551 0.030624263839811542 0.03230209281164695
1 0.44316843345111895 0.35691537761601455 0.23380447585394581 0.03867151956323931
1 0.5244405182567726 0.6087352138307552 0.03356890459363958 0.034576888080072796
1 0.12455830388692579 0.6039581437670609 0.07832744405182568 0.03776160145586897
1 0.6846289752650176 0.9201546860782529 0.06065959952885748 0.03867151956323931
1 0.33981154299175503 0.8555505004549591 0.06478209658421673 0.03776160145586897
1 0.7099528857479388 0.6776615104640582 0.07361601884570082 0.033212010919017286
1 0.42726737338044757 0.6060054595086443 0.1431095406360424 0.04185623293903549