1 0.5297058823529411 0.6795454545454546 0.08764705882352941 0.024545454545454544
1 0.41 0.4027272727272727 0.20823529411764705 0.031818181818181815
1 0.7552941176470588 0.8581818181818182 0.041176470588235294 0.031818181818181815
1 0.8385294117647059 0.923409090909091 0.054705882352941174 0.03954545454545454
1 0.5555882352941176 0.6072727272727273 0.027647058823529413 0.03636363636363636
1 0.40647058823529414 0.92 0.05647058823529412 0.038181818181818185
1 0.5211764705882352 0.5209090909090909 0.11647058823529412 0.02909090909090909
1 0.8435294117647059 0.8572727272727273 0.05529411764705883 0.034545454545454546
1 0.37058823529411766 0.6090909090909091 0.13176470588235295 0.025454545454545455
1 0.6135294117647059 0.7672727272727272 0.06705882352941177 0.03272727272727273
1 0.3905882352941176 0.45545454545454545 0.1588235294117647 0.024545454545454544
1 0.39294117647058824 0.6740909090909091 0.1635294117647059 0.038181818181818185
1 0.6355882352941177 0.6768181818181818 0.06764705882352941 0.034545454545454546
1 0.10941176470588235 0.6781818181818182 0.07529411764705882 0.035454545454545454
1 0.09558823529411764 0.44386363636363635 0.07941176470588235 0.035
1 0.40647058823529414 0.7170454545454545 0.20352941176470588 0.03681818181818182
1 0.6691176470588235 0.565 0.03235294117647059 0.03363636363636364
1 0.10617647058823529 0.35954545454545456 0.07352941176470588 0.035454545454545454
1 0.5038235294117647 0.7711363636363636 0.09470588235294118 0.023181818181818182
1 0.5808823529411765 0.7204545454545455 0.11352941176470588 0.03
1 0.1535294117647059 0.9179545454545455 0.04941176470588235 0.03772727272727273
1 0.3270588235294118 0.9181818181818182 0.04823529411764706 0.038181818181818185
1 0.1497058823529412 0.8504545454545455 0.04764705882352941 0.03636363636363636
1 0.7079411764705882 0.7193181818181819 0.08764705882352941 0.03318181818181818
1 0.38676470588235295 0.5195454545454545 0.1511764705882353 0.026363636363636363
1 0.10441176470588236 0.5131818181818182 0.07823529411764706 0.028181818181818183
1 0.2388235294117647 0.8515909090909091 0.04470588235294118 0.035
1 0.23970588235294119 0.9170454545454545 0.05 0.03772727272727273
1 0.3773529411764706 0.7695454545454545 0.15588235294117647 0.022727272727272728
1 0.7561764705882353 0.9218181818181819 0.054705882352941174 0.04
1 0.2797058823529412 0.024772727272727273 0.039411764705882354 0.026818181818181817
1 0.5888235294117647 0.405 0.13411764705882354 0.03090909090909091
1 0.4032352941176471 0.8518181818181818 0.04176470588235294 0.03727272727272727
1 0.5873529411764706 0.9197727272727273 0.05941176470588235 0.04045454545454545
1 0.40088235294117647 0.5595454545454546 0.18764705882352942 0.03636363636363636
1 0.4894117647058824 0.6102272727272727 0.10352941176470588 0.029545454545454545
1 0.5826470588235294 0.8547727272727272 0.05352941176470588 0.03681818181818182
1 0.09470588235294118 0.3981818181818182 0.07529411764705882 0.035454545454545454
1 0.09676470588235295 0.5572727272727273 0.07588235294117647 0.034545454545454546
1 0.5782352941176471 0.5631818181818182 0.14823529411764705 0.035454545454545454
1 0.5788235294117647 0.03295454545454545 0.08823529411764706 0.02409090909090909
1 0.7361764705882353 0.5634090909090909 0.10647058823529412 0.03318181818181818
1 0.4964705882352941 0.9188636363636363 0.06235294117647059 0.04045454545454545
1 0.6702941176470588 0.8536363636363636 0.05352941176470588 0.038181818181818185
1 0.10941176470588235 0.7545454545454545 0.07764705882352942 0.03363636363636364
1 0.5191176470588236 0.45431818181818184 0.09352941176470589 0.02590909090909091
1 0.49117647058823527 0.8515909090909091 0.04352941176470588 0.03772727272727273
1 0.6461764705882352 0.5163636363636364 0.07352941176470588 0.03272727272727273
1 0.38235294117647056 0.3584090909090909 0.15294117647058825 0.03681818181818182
1 0.10029411764705883 0.5993181818181819 0.08294117647058824 0.035
1 0.668235294117647 0.9209090909090909 0.05764705882352941 0.04090909090909091
1 0.5167647058823529 0.3629545454545455 0.09705882352941177 0.028636363636363637
1 0.3220588235294118 0.8511363636363637 0.04411764705882353 0.03681818181818182
1 0.10029411764705883 0.7172727272727273 0.06411764705882353 0.03363636363636364
1 0.3311764705882353 0.03227272727272727 0.06 0.02090909090909091
1 0.5970588235294118 0.6181818181818182 0.0611764705882353 0.02
1 0.5938235294117648 0.5245454545454545 0.026470588235294117 0.026363636363636363
1 0.5882352941176471 0.6861363636363637 0.03058823529411765 0.025
1 0.5620588235294117 0.7784090909090909 0.02176470588235294 0.02409090909090909
1 0.6488235294117647 0.7238636363636364 0.02235294117647059 0.030454545454545453
1 0.59 0.46 0.04 0.017272727272727273
1 0.705 0.41 0.06411764705882353 0.023636363636363636
1 0.5988235294117648 0.3625 0.04941176470588235 0.01681818181818182