1 0.40588235294117647 0.6822727272727273 0.19411764705882353 0.038181818181818185
1 0.5802941176470588 0.6845454545454546 0.12058823529411765 0.035454545454545454
1 0.758235294117647 0.8620454545454546 0.052941176470588235 0.03681818181818182
1 0.841764705882353 0.928409090909091 0.05647058823529412 0.038636363636363635
1 0.4158823529411765 0.9263636363636364 0.06705882352941177 0.04
1 0.09970588235294117 0.40545454545454546 0.09352941176470589 0.03909090909090909
1 0.8458823529411764 0.8643181818181818 0.06588235294117648 0.03772727272727273
1 0.3888235294117647 0.6131818181818182 0.1776470588235294 0.03363636363636364
1 0.44588235294117645 0.40954545454545455 0.27647058823529413 0.04
1 0.6726470588235294 0.730909090909091 0.17352941176470588 0.03727272727272727
1 0.40088235294117647 0.4525 0.1888235294117647 0.03681818181818182
1 0.44441176470588234 0.725909090909091 0.2747058823529412 0.03727272727272727
1 0.798235294117647 0.4177272727272727 0.03058823529411765 0.038181818181818185
1 0.09058823529411765 0.6806818181818182 0.08 0.03681818181818182
1 0.10029411764705883 0.44886363636363635 0.09 0.03772727272727273
1 0.1526470588235294 0.9231818181818182 0.060588235294117644 0.038181818181818185
1 0.7873529411764706 0.576590909090909 0.03470588235294118 0.03318181818181818
1 0.32382352941176473 0.9243181818181818 0.057058823529411766 0.03772727272727273
1 0.15088235294117647 0.8556818181818182 0.05235294117647059 0.03772727272727273
1 0.4073529411764706 0.5265909090909091 0.19941176470588234 0.04045454545454545
1 0.10294117647058823 0.5211363636363636 0.09647058823529411 0.03681818181818182
1 0.6726470588235294 0.6168181818181818 0.06411764705882353 0.03090909090909091
1 0.6835294117647058 0.5325 0.03529411764705882 0.03409090909090909
1 0.23705882352941177 0.9245454545454546 0.04941176470588235 0.038181818181818185
1 0.3841176470588235 0.7688636363636364 0.17529411764705882 0.03590909090909091
1 0.763235294117647 0.9259090909090909 0.06764705882352941 0.038181818181818185
1 0.10764705882352942 0.3643181818181818 0.08705882352941176 0.03681818181818182
1 0.5385294117647059 0.7738636363636363 0.11588235294117646 0.028636363636363637
1 0.6841176470588235 0.415 0.18352941176470589 0.03909090909090909
1 0.7135294117647059 0.3684090909090909 0.03764705882352941 0.03318181818181818
1 0.6305882352941177 0.36727272727272725 0.12588235294117647 0.03727272727272727
1 0.40705882352941175 0.8586363636363636 0.04941176470588235 0.038181818181818185
1 0.5876470588235294 0.9256818181818182 0.05647058823529412 0.03772727272727273
1 0.4361764705882353 0.5690909090909091 0.25588235294117645 0.03636363636363636
1 0.5902941176470589 0.5275 0.12764705882352942 0.035
1 0.5797058823529412 0.8597727272727272 0.045294117647058825 0.03954545454545454
1 0.10264705882352941 0.5652272727272727 0.09588235294117647 0.03681818181818182
1 0.6664705882352941 0.5727272727272728 0.17529411764705882 0.03636363636363636
1 0.5735294117647058 0.03772727272727273 0.0976470588235294 0.02181818181818182
1 0.6497058823529411 0.4625 0.03235294117647059 0.03318181818181818
1 0.5026470588235294 0.9247727272727273 0.054705882352941174 0.04045454545454545
1 0.6714705882352942 0.8595454545454545 0.05941176470588235 0.03636363636363636
1 0.8676470588235294 0.5745454545454546 0.0988235294117647 0.03636363636363636
1 0.0961764705882353 0.7636363636363637 0.08411764705882353 0.03727272727272727
1 0.09294117647058824 0.7234090909090909 0.08235294117647059 0.03772727272727273
1 0.5723529411764706 0.45636363636363636 0.10470588235294118 0.034545454545454546
1 0.4929411764705882 0.8595454545454545 0.05176470588235294 0.04
1 0.6252941176470588 0.6175 0.029411764705882353 0.03227272727272727
1 0.43529411764705883 0.3640909090909091 0.2411764705882353 0.03909090909090909
1 0.5467647058823529 0.6193181818181818 0.12294117647058823 0.031363636363636364
1 0.09852941176470588 0.6063636363636363 0.08647058823529412 0.038181818181818185
1 0.6744117647058824 0.9268181818181818 0.06294117647058824 0.038181818181818185
1 0.32735294117647057 0.8572727272727273 0.057058823529411766 0.038181818181818185
1 0.75 0.5295454545454545 0.06588235294117648 0.03272727272727273
1 0.30970588235294116 0.03409090909090909 0.0488235294117647 0.02
1 0.23529411764705882 0.8595454545454545 0.052941176470588235 0.03727272727272727
1 0.7826470588235294 0.36863636363636365 0.09705882352941177 0.03727272727272727
1 0.8776470588235294 0.4175 0.13058823529411764 0.038636363636363635
1 0.7102941176470589 0.4577272727272727 0.09352941176470589 0.04363636363636364