1 0.38676470588235295 0.6840909090909091 0.1511764705882353 0.04090909090909091
1 0.7608823529411765 0.860909090909091 0.05823529411764706 0.04090909090909091
1 0.855 0.9318181818181818 0.08176470588235295 0.04363636363636364
1 0.42205882352941176 0.9240909090909091 0.0688235294117647 0.04
1 0.8429411764705882 0.8709090909090909 0.06352941176470588 0.056363636363636366
1 0.3729411764705882 0.6145454545454545 0.13294117647058823 0.02909090909090909
1 0.35 0.7261363636363637 0.09176470588235294 0.03772727272727273
1 0.7920588235294118 0.5445454545454546 0.03470588235294118 0.03636363636363636
1 0.09911764705882353 0.6845454545454546 0.0711764705882353 0.03636363636363636
1 0.10147058823529412 0.4511363636363636 0.09 0.03681818181818182
1 0.5052941176470588 0.8647727272727272 0.06588235294117648 0.053181818181818184
1 0.63 0.7279545454545454 0.09058823529411765 0.031363636363636364
1 0.16294117647058823 0.9279545454545455 0.06941176470588235 0.041363636363636366
1 0.32676470588235296 0.9231818181818182 0.05941176470588235 0.04181818181818182
1 0.1561764705882353 0.855 0.05588235294117647 0.04090909090909091
1 0.7497058823529412 0.7009090909090909 0.03705882352941176 0.03636363636363636
1 0.11294117647058824 0.5279545454545455 0.0811764705882353 0.03409090909090909
1 0.24235294117647058 0.8554545454545455 0.05764705882352941 0.04090909090909091
1 0.2464705882352941 0.9290909090909091 0.06352941176470588 0.04090909090909091
1 0.7694117647058824 0.9286363636363636 0.07411764705882352 0.04
1 0.11205882352941177 0.3663636363636364 0.0888235294117647 0.034545454545454546
1 0.5470588235294118 0.78 0.05647058823529412 0.026363636363636363
1 0.5952941176470589 0.4113636363636364 0.16705882352941176 0.034545454545454546
1 0.4194117647058824 0.8581818181818182 0.06705882352941177 0.04181818181818182
1 0.6 0.9356818181818182 0.06470588235294118 0.05954545454545455
1 0.10176470588235294 0.5677272727272727 0.07882352941176471 0.035454545454545454
1 0.4435294117647059 0.5281818181818182 0.28352941176470586 0.04
1 0.49970588235294117 0.6154545454545455 0.09823529411764706 0.03272727272727273
1 0.3997058823529412 0.5727272727272728 0.18058823529411766 0.03727272727272727
1 0.5911764705882353 0.86 0.06588235294117648 0.042727272727272725
1 0.11176470588235295 0.4125 0.09294117647058824 0.03772727272727273
1 0.57 0.576590909090909 0.13176470588235295 0.03318181818181818
1 0.505 0.9263636363636364 0.061764705882352944 0.04363636363636364
1 0.678235294117647 0.8602272727272727 0.06352941176470588 0.041363636363636366
1 0.8608823529411764 0.6909090909090909 0.1535294117647059 0.038181818181818185
1 0.36941176470588233 0.45795454545454545 0.13176470588235295 0.03681818181818182
1 0.10676470588235294 0.7684090909090909 0.08529411764705883 0.03590909090909091
1 0.10676470588235294 0.7265909090909091 0.08058823529411764 0.03590909090909091
1 0.6435294117647059 0.37136363636363634 0.19411764705882353 0.03909090909090909
1 0.5073529411764706 0.4561363636363636 0.09235294117647058 0.03409090909090909
1 0.6941176470588235 0.5322727272727272 0.15764705882352942 0.03727272727272727
1 0.8573529411764705 0.5361363636363636 0.08058823529411764 0.03318181818181818
1 0.5961764705882353 0.6145454545454545 0.04411764705882353 0.025454545454545455
1 0.4288235294117647 0.3690909090909091 0.22705882352941176 0.03909090909090909
1 0.6032352941176471 0.6875 0.23588235294117646 0.03590909090909091
1 0.09470588235294118 0.6084090909090909 0.08 0.03590909090909091
1 0.6820588235294117 0.9263636363636364 0.06411764705882353 0.04090909090909091
1 0.33294117647058824 0.8597727272727272 0.058823529411764705 0.04409090909090909
1 0.3985294117647059 0.41409090909090907 0.1888235294117647 0.03727272727272727
1 0.7032352941176471 0.5768181818181818 0.07 0.02909090909090909
1 0.30970588235294116 0.03340909090909091 0.03470588235294118 0.022272727272727274
1 0.566764705882353 0.03659090909090909 0.11823529411764706 0.021363636363636362
1 0.5623529411764706 0.6184090909090909 0.02588235294117647 0.021363636363636362
1 0.6523529411764706 0.5786363636363636 0.03294117647058824 0.03272727272727273
1 0.3426470588235294 0.7761363636363636 0.06647058823529411 0.023181818181818182
1 0.42323529411764704 0.7765909090909091 0.09588235294117647 0.02772727272727273
1 0.49470588235294116 0.7815909090909091 0.027058823529411764 0.02772727272727273
1 0.46705882352941175 0.7261363636363637 0.15529411764705883 0.035
1 0.5632352941176471 0.7281818181818182 0.031176470588235295 0.031818181818181815