1 0.48470588235294115 0.7302272727272727 0.2752941176470588 0.03954545454545454
1 0.7552941176470588 0.8638636363636364 0.04823529411764706 0.042272727272727274
1 0.8423529411764706 0.9331818181818182 0.06823529411764706 0.038181818181818185
1 0.5794117647058824 0.5747727272727273 0.15058823529411763 0.03590909090909091
1 0.41441176470588237 0.9272727272727272 0.05941176470588235 0.03909090909090909
1 0.5797058823529412 0.5334090909090909 0.13588235294117648 0.03590909090909091
1 0.6270588235294118 0.7797727272727273 0.12705882352941175 0.031363636363636364
1 0.4223529411764706 0.4581818181818182 0.1635294117647059 0.03727272727272727
1 0.41205882352941176 0.6863636363636364 0.22176470588235295 0.045454545454545456
1 0.7547058823529412 0.5334090909090909 0.11529411764705882 0.035
1 0.09941176470588235 0.6852272727272727 0.08588235294117647 0.03681818181818182
1 0.11176470588235295 0.45681818181818185 0.08352941176470588 0.03636363636363636
1 0.6785294117647059 0.5777272727272728 0.031176470588235295 0.03272727272727273
1 0.7720588235294118 0.5768181818181818 0.14058823529411765 0.03727272727272727
1 0.33088235294117646 0.9281818181818182 0.06647058823529411 0.04
1 0.15558823529411764 0.8597727272727272 0.05 0.04045454545454545
1 0.7208823529411764 0.7340909090909091 0.17705882352941177 0.03636363636363636
1 0.1126470588235294 0.5284090909090909 0.0888235294117647 0.03590909090909091
1 0.6661764705882353 0.6231818181818182 0.03235294117647059 0.031818181818181815
1 0.7738235294117647 0.37681818181818183 0.09235294117647058 0.03363636363636364
1 0.24382352941176472 0.8611363636363636 0.05823529411764706 0.03954545454545454
1 0.6723529411764706 0.535 0.03411764705882353 0.03272727272727273
1 0.24058823529411766 0.9268181818181818 0.05411764705882353 0.04
1 0.44823529411764707 0.7772727272727272 0.19176470588235295 0.035454545454545454
1 0.7579411764705882 0.9295454545454546 0.054705882352941174 0.03909090909090909
1 0.11294117647058824 0.3679545454545455 0.0988235294117647 0.03772727272727273
1 0.701764705882353 0.37772727272727274 0.03764705882352941 0.03727272727272727
1 0.5779411764705882 0.41795454545454547 0.14647058823529413 0.03681818181818182
1 0.4158823529411765 0.8638636363636364 0.05058823529411765 0.03772727272727273
1 0.5926470588235294 0.9279545454545455 0.06764705882352941 0.03954545454545454
1 0.4076470588235294 0.5297727272727273 0.18470588235294116 0.04045454545454545
1 0.5902941176470589 0.8638636363636364 0.06294117647058824 0.03954545454545454
1 0.5685294117647058 0.04 0.11941176470588236 0.022727272727272728
1 0.6594117647058824 0.4647727272727273 0.02823529411764706 0.03409090909090909
1 0.7258823529411764 0.4640909090909091 0.09647058823529411 0.03363636363636364
1 0.4973529411764706 0.9286363636363636 0.05235294117647059 0.03909090909090909
1 0.8344117647058824 0.8631818181818182 0.054705882352941174 0.04090909090909091
1 0.6697058823529412 0.8654545454545455 0.05352941176470588 0.04090909090909091
1 0.606764705882353 0.37227272727272726 0.13941176470588235 0.03727272727272727
1 0.3976470588235294 0.5718181818181818 0.1988235294117647 0.038181818181818185
1 0.10294117647058823 0.7718181818181818 0.07647058823529412 0.034545454545454546
1 0.10323529411764706 0.7279545454545454 0.08764705882352941 0.03590909090909091
1 0.5711764705882353 0.4643181818181818 0.1223529411764706 0.035
1 0.6173529411764705 0.6877272727272727 0.15 0.03636363636363636
1 0.5008823529411764 0.8645454545454545 0.05823529411764706 0.04090909090909091
1 0.7629411764705882 0.41795454545454547 0.13294117647058823 0.03681818181818182
1 0.5741176470588235 0.6206818181818182 0.1388235294117647 0.03409090909090909
1 0.42823529411764705 0.37022727272727274 0.19647058823529412 0.038636363636363635
1 0.10647058823529412 0.6147727272727272 0.08470588235294117 0.03772727272727273
1 0.6755882352941176 0.9320454545454545 0.05588235294117647 0.03954545454545454
1 0.33147058823529413 0.8618181818181818 0.06411764705882353 0.038181818181818185
1 0.29676470588235293 0.03409090909090909 0.039411764705882354 0.028181818181818183
1 0.11382352941176471 0.4115909090909091 0.09941176470588235 0.041363636363636366
1 0.405 0.4122727272727273 0.18411764705882352 0.04454545454545455
1 0.6755882352941176 0.4213636363636364 0.03235294117647059 0.03363636363636364
1 0.11147058823529411 0.5681818181818182 0.09235294117647058 0.038181818181818185
1 0.4 0.6195454545454545 0.17176470588235293 0.038181818181818185
1 0.7467647058823529 0.6211363636363636 0.11823529411764706 0.035