1 0.3811764705882353 0.6945454545454546 0.1564705882352941 0.03636363636363636
1 0.3835294117647059 0.37681818181818183 0.14941176470588236 0.035454545454545454
1 0.7752941176470588 0.8597727272727272 0.07764705882352942 0.04045454545454545
1 0.8570588235294118 0.9270454545454545 0.07176470588235294 0.03954545454545454
1 0.6035294117647059 0.6209090909090909 0.16823529411764707 0.03909090909090909
1 0.4244117647058824 0.9277272727272727 0.054705882352941174 0.038181818181818185
1 0.5555882352941176 0.5304545454545454 0.13352941176470587 0.034545454545454546
1 0.8647058823529412 0.8597727272727272 0.07529411764705882 0.04045454545454545
1 0.4032352941176471 0.6220454545454546 0.19941176470588234 0.025
1 0.7111764705882353 0.6175 0.036470588235294116 0.031363636363636364
1 0.42764705882352944 0.7311363636363636 0.2447058823529412 0.03772727272727273
1 0.8470588235294118 0.5734090909090909 0.17294117647058824 0.03409090909090909
1 0.10558823529411765 0.45590909090909093 0.09 0.035454545454545454
1 0.7311764705882353 0.5761363636363637 0.03529411764705882 0.029545454545454545
1 0.10852941176470589 0.41295454545454546 0.08764705882352941 0.035
1 0.5102941176470588 0.7820454545454546 0.09117647058823529 0.03227272727272727
1 0.6391176470588236 0.7263636363636363 0.16411764705882353 0.035454545454545454
1 0.16441176470588234 0.9306818181818182 0.05588235294117647 0.03772727272727273
1 0.8111764705882353 0.615909090909091 0.13294117647058823 0.035454545454545454
1 0.34294117647058825 0.928409090909091 0.06235294117647059 0.03681818181818182
1 0.17176470588235293 0.8645454545454545 0.06705882352941177 0.03727272727272727
1 0.3905882352941176 0.5309090909090909 0.1635294117647059 0.035454545454545454
1 0.12294117647058823 0.5775 0.08 0.03409090909090909
1 0.8270588235294117 0.4175 0.04 0.03590909090909091
1 0.2535294117647059 0.8663636363636363 0.04941176470588235 0.035454545454545454
1 0.6494117647058824 0.5329545454545455 0.04470588235294118 0.031363636363636364
1 0.2564705882352941 0.9293181818181818 0.06235294117647059 0.03772727272727273
1 0.3738235294117647 0.7804545454545454 0.1535294117647059 0.034545454545454546
1 0.7814705882352941 0.9268181818181818 0.07470588235294118 0.04
1 0.2917647058823529 0.04159090909090909 0.041176470588235294 0.02409090909090909
1 0.6705882352941176 0.4193181818181818 0.2447058823529412 0.035
1 0.41970588235294115 0.8647727272727272 0.0488235294117647 0.03681818181818182
1 0.5958823529411764 0.9272727272727272 0.05764705882352941 0.038181818181818185
1 0.6241176470588236 0.5763636363636364 0.16705882352941176 0.024545454545454544
1 0.41823529411764704 0.5784090909090909 0.2376470588235294 0.03681818181818182
1 0.5988235294117648 0.8643181818181818 0.06823529411764706 0.03681818181818182
1 0.10529411764705883 0.37727272727272726 0.08705882352941176 0.03363636363636364
1 0.5473529411764706 0.04022727272727273 0.07823529411764706 0.021363636363636362
1 0.6447058823529411 0.46295454545454545 0.03176470588235294 0.03318181818181818
1 0.7052941176470588 0.46204545454545454 0.09176470588235294 0.03227272727272727
1 0.5197058823529411 0.9279545454545455 0.07470588235294118 0.03954545454545454
1 0.6802941176470588 0.8606818181818182 0.0488235294117647 0.03954545454545454
1 0.5426470588235294 0.37795454545454543 0.11941176470588236 0.031363636363636364
1 0.5197058823529411 0.6927272727272727 0.06294117647058824 0.03363636363636364
1 0.725 0.5329545454545455 0.08764705882352941 0.029545454545454545
1 0.36970588235294116 0.46 0.13117647058823528 0.034545454545454546
1 0.12205882352941176 0.7711363636363636 0.10176470588235294 0.03409090909090909
1 0.11529411764705882 0.6918181818181818 0.10588235294117647 0.03909090909090909
1 0.7052941176470588 0.37636363636363634 0.07529411764705882 0.03363636363636364
1 0.5414705882352941 0.4634090909090909 0.16176470588235295 0.031363636363636364
1 0.09441176470588235 0.5381818181818182 0.09588235294117647 0.03727272727272727
1 0.5111764705882353 0.8625 0.06 0.03772727272727273
1 0.9052941176470588 0.415 0.09176470588235294 0.038181818181818185
1 0.12735294117647059 0.6252272727272727 0.09941176470588235 0.035
1 0.6820588235294117 0.9265909090909091 0.05823529411764706 0.038636363636363635
1 0.34147058823529414 0.8638636363636364 0.05823529411764706 0.038636363636363635
1 0.4188235294117647 0.4184090909090909 0.24235294117647058 0.031363636363636364
1 0.6376470588235295 0.37931818181818183 0.03411764705882353 0.03227272727272727
1 0.12176470588235294 0.735 0.10941176470588235 0.034545454545454546