1 0.3779411764705882 0.6893181818181818 0.14411764705882352 0.041363636363636366
1 0.48764705882352943 0.6890909090909091 0.06235294117647059 0.03636363636363636
1 0.7785294117647059 0.860909090909091 0.07588235294117647 0.04363636363636364
1 0.851764705882353 0.9252272727272727 0.06235294117647059 0.041363636363636366
1 0.4229411764705882 0.9261363636363636 0.05647058823529412 0.04045454545454545
1 0.4661764705882353 0.5381818181818182 0.039411764705882354 0.035454545454545454
1 0.35294117647058826 0.6181818181818182 0.0976470588235294 0.04090909090909091
1 0.42411764705882354 0.63 0.029411764705882353 0.03727272727272727
1 0.44441176470588234 0.7284090909090909 0.27588235294117647 0.04681818181818182
1 0.10735294117647058 0.6881818181818182 0.07 0.034545454545454546
1 0.11705882352941177 0.3715909090909091 0.06941176470588235 0.03681818181818182
1 0.11205882352941177 0.45431818181818184 0.060588235294117644 0.04045454545454545
1 0.16970588235294118 0.9302272727272727 0.07941176470588235 0.041363636363636366
1 0.3311764705882353 0.9313636363636364 0.05647058823529412 0.04363636363636364
1 0.1676470588235294 0.8645454545454545 0.06470588235294118 0.04727272727272727
1 0.6526470588235294 0.7284090909090909 0.10411764705882352 0.045
1 0.105 0.5293181818181818 0.06764705882352941 0.03590909090909091
1 0.2514705882352941 0.8595454545454545 0.05941176470588235 0.03909090909090909
1 0.5526470588235294 0.5315909090909091 0.11 0.03318181818181818
1 0.2523529411764706 0.9256818181818182 0.0611764705882353 0.03954545454545454
1 0.38088235294117645 0.7756818181818181 0.1476470588235294 0.038636363636363635
1 0.7673529411764706 0.9272727272727272 0.05588235294117647 0.04
1 0.27441176470588236 0.03659090909090909 0.039411764705882354 0.02590909090909091
1 0.4914705882352941 0.7772727272727272 0.06529411764705882 0.03727272727272727
1 0.42176470588235293 0.8604545454545455 0.06 0.04090909090909091
1 0.36705882352941177 0.5295454545454545 0.13176470588235295 0.04363636363636364
1 0.5102941176470588 0.5695454545454546 0.04764705882352941 0.03727272727272727
1 0.49529411764705883 0.6218181818181818 0.08352941176470588 0.031818181818181815
1 0.3888235294117647 0.45954545454545453 0.17411764705882352 0.04
1 0.11176470588235295 0.41363636363636364 0.06470588235294118 0.04
1 0.6202941176470588 0.5679545454545455 0.16058823529411764 0.038636363636363635
1 0.5164705882352941 0.9270454545454545 0.07176470588235294 0.03954545454545454
1 0.6805882352941176 0.8554545454545455 0.05764705882352941 0.04
1 0.11176470588235295 0.7718181818181818 0.07176470588235294 0.03363636363636364
1 0.10647058823529412 0.73 0.07176470588235294 0.034545454545454546
1 0.43588235294117644 0.41363636363636364 0.2752941176470588 0.042727272727272725
1 0.5911764705882353 0.8627272727272727 0.05411764705882353 0.04181818181818182
1 0.5091176470588236 0.8581818181818182 0.05941176470588235 0.04181818181818182
1 0.40558823529411764 0.36977272727272725 0.20647058823529413 0.041363636363636366
1 0.10176470588235294 0.5759090909090909 0.06588235294117648 0.03727272727272727
1 0.5961764705882353 0.9293181818181818 0.0688235294117647 0.042272727272727274
1 0.3373529411764706 0.8613636363636363 0.061764705882352944 0.03909090909090909
1 0.543235294117647 0.04045454545454545 0.09470588235294118 0.03090909090909091
1 0.07852941176470589 0.6170454545454546 0.06411764705882353 0.03954545454545454
1 0.38941176470588235 0.5720454545454545 0.17647058823529413 0.03954545454545454
1 0.8523529411764705 0.8618181818181818 0.06235294117647059 0.04363636363636364
1 0.6847058823529412 0.928409090909091 0.07058823529411765 0.045