1 0.40441176470588236 0.6840909090909091 0.22411764705882353 0.045454545454545456
1 0.7511764705882353 0.8597727272727272 0.052941176470588235 0.042272727272727274
1 0.8494117647058823 0.9281818181818182 0.07294117647058823 0.04
1 0.6111764705882353 0.5704545454545454 0.15764705882352942 0.04363636363636364
1 0.8476470588235294 0.8622727272727273 0.07176470588235294 0.04090909090909091
1 0.3735294117647059 0.6168181818181818 0.1623529411764706 0.03363636363636364
1 0.6567647058823529 0.7752272727272728 0.10294117647058823 0.03318181818181818
1 0.7002941176470588 0.7295454545454545 0.03823529411764706 0.04181818181818182
1 0.4117647058823529 0.7261363636363637 0.24 0.04318181818181818
1 0.8161764705882353 0.5327272727272727 0.14176470588235293 0.03727272727272727
1 0.4088235294117647 0.4072727272727273 0.23647058823529413 0.03909090909090909
1 0.07823529411764706 0.6818181818181818 0.07176470588235294 0.03636363636363636
1 0.7232352941176471 0.5388636363636363 0.039411764705882354 0.03409090909090909
1 0.09411764705882353 0.36454545454545456 0.08470588235294117 0.034545454545454546
1 0.10029411764705883 0.4509090909090909 0.08529411764705883 0.035454545454545454
1 0.5020588235294118 0.7745454545454545 0.10764705882352942 0.034545454545454546
1 0.14705882352941177 0.9225 0.06352941176470588 0.042272727272727274
1 0.8197058823529412 0.5731818181818182 0.15470588235294117 0.04
1 0.4076470588235294 0.9231818181818182 0.06941176470588235 0.04090909090909091
1 0.1423529411764706 0.8577272727272728 0.05529411764705883 0.04181818181818182
1 0.41852941176470587 0.5277272727272727 0.2570588235294118 0.04454545454545455
1 0.10176470588235294 0.5234090909090909 0.0976470588235294 0.03590909090909091
1 0.6758823529411765 0.6204545454545455 0.0988235294117647 0.03363636363636364
1 0.23911764705882352 0.8577272727272728 0.06411764705882353 0.04
1 0.6235294117647059 0.5320454545454546 0.14352941176470588 0.03772727272727273
1 0.24205882352941177 0.9225 0.06764705882352941 0.03954545454545454
1 0.3673529411764706 0.7722727272727272 0.1535294117647059 0.03909090909090909
1 0.763235294117647 0.9256818181818182 0.07470588235294118 0.03954545454545454
1 0.30470588235294116 0.03386363636363637 0.04 0.02772727272727273
1 0.605 0.7302272727272727 0.14882352941176472 0.042272727272727274
1 0.6914705882352942 0.4068181818181818 0.03235294117647059 0.038181818181818185
1 0.6911764705882353 0.3740909090909091 0.03764705882352941 0.034545454545454546
1 0.6005882352941176 0.40704545454545454 0.1388235294117647 0.03772727272727273
1 0.4123529411764706 0.8568181818181818 0.06588235294117648 0.04090909090909091
1 0.5908823529411765 0.9231818181818182 0.07470588235294118 0.04
1 0.515 0.6184090909090909 0.11352941176470588 0.035
1 0.49411764705882355 0.45954545454545453 0.10235294117647059 0.038181818181818185
1 0.5788235294117647 0.7802272727272728 0.03058823529411765 0.03409090909090909
1 0.09676470588235295 0.4084090909090909 0.09 0.03681818181818182
1 0.09529411764705882 0.5686363636363636 0.0976470588235294 0.04
1 0.5455882352941176 0.03681818181818182 0.0711764705882353 0.022727272727272728
1 0.7576470588235295 0.4084090909090909 0.08941176470588236 0.03590909090909091
1 0.7988235294117647 0.7313636363636363 0.1564705882352941 0.042727272727272725
1 0.49941176470588233 0.9229545454545455 0.07058823529411765 0.04045454545454545
1 0.6664705882352941 0.8572727272727273 0.06 0.042727272727272725
1 0.7511764705882353 0.3675 0.07882352941176471 0.03318181818181818
1 0.3688235294117647 0.4615909090909091 0.1423529411764706 0.038636363636363635
1 0.07470588235294118 0.7659090909090909 0.06941176470588235 0.038181818181818185
1 0.5585294117647058 0.4675 0.031176470588235295 0.03681818181818182
1 0.495 0.8565909090909091 0.061764705882352944 0.04045454545454545
1 0.6008823529411764 0.6281818181818182 0.04411764705882353 0.03363636363636364
1 0.4108823529411765 0.36818181818181817 0.23470588235294118 0.04090909090909091
1 0.09588235294117647 0.61 0.10470588235294118 0.03636363636363636
1 0.6758823529411765 0.9247727272727273 0.05647058823529412 0.03954545454545454
1 0.32529411764705884 0.855909090909091 0.0611764705882353 0.04
1 0.7220588235294118 0.5729545454545455 0.03470588235294118 0.03590909090909091
1 0.7679411764705882 0.6884090909090909 0.10882352941176471 0.03590909090909091
1 0.07088235294117647 0.7245454545454545 0.06411764705882353 0.03909090909090909
1 0.5914705882352941 0.3690909090909091 0.11823529411764706 0.042727272727272725
1 0.6014705882352941 0.4625 0.051176470588235295 0.03409090909090909
1 0.4097058823529412 0.5675 0.24058823529411766 0.045
1 0.591764705882353 0.6870454545454545 0.13647058823529412 0.042272727272727274
1 0.6838235294117647 0.695 0.031176470588235295 0.038181818181818185
1 0.3220588235294118 0.9281818181818182 0.06764705882352941 0.04181818181818182
1 0.5852941176470589 0.8620454545454546 0.07058823529411765 0.042272727272727274