1 0.36991150442477877 0.706378132118451 0.09321533923303835 0.03963553530751709
1 0.5289085545722714 0.7150341685649203 0.0359882005899705 0.04054669703872437
1 0.7557522123893805 0.8788154897494306 0.05191740412979351 0.03735763097949886
1 0.8392330383480826 0.9444191343963554 0.04542772861356932 0.03917995444191344
1 0.41622418879056045 0.9453302961275627 0.03952802359882006 0.03644646924829157
1 0.40412979351032446 0.634624145785877 0.13215339233038348 0.03553530751708428
1 0.511504424778761 0.4380410022779043 0.10265486725663717 0.03416856492027335
1 0.459882005899705 0.7059225512528474 0.09734513274336283 0.03963553530751709
1 0.5988200589970502 0.710250569476082 0.09321533923303835 0.03644646924829157
1 0.4463126843657817 0.7924829157175398 0.07374631268436578 0.03690205011389522
1 0.6899705014749262 0.5517084282460136 0.07138643067846608 0.03735763097949886
1 0.3896755162241888 0.4366742596810934 0.13982300884955753 0.03507972665148064
1 0.46342182890855455 0.75125284738041 0.0831858407079646 0.03189066059225513
1 0.10707964601769912 0.7066059225512529 0.0584070796460177 0.03644646924829157
1 0.10383480825958702 0.48018223234624147 0.06253687315634218 0.0337129840546697
1 0.3687315634218289 0.7530751708428246 0.09085545722713864 0.03280182232346242
1 0.6769911504424779 0.593621867881549 0.07256637168141593 0.03189066059225513
1 0.10471976401179942 0.39612756264236904 0.06430678466076696 0.03599088838268793
1 0.5035398230088496 0.7990888382687927 0.032448377581120944 0.0428246013667426
1 0.5935103244837758 0.6405466970387244 0.029498525073746312 0.03826879271070615
1 0.1678466076696165 0.9446469248291571 0.04424778761061947 0.03781321184510251
1 0.33775811209439527 0.9453302961275627 0.04542772861356932 0.03644646924829157
1 0.1631268436578171 0.8772209567198178 0.043067846607669616 0.03690205011389522
1 0.5625368731563422 0.4845102505694761 0.027728613569321534 0.03325740318906606
1 0.40589970501474926 0.5492027334851937 0.1486725663716814 0.04054669703872437
1 0.1056047197640118 0.5517084282460136 0.06135693215339233 0.03553530751708428
1 0.24365781710914455 0.8785876993166287 0.04247787610619469 0.0387243735763098
1 0.6224188790560472 0.5929384965831435 0.02831858407079646 0.03507972665148064
1 0.24749262536873157 0.9444191343963554 0.04424778761061947 0.03735763097949886
1 0.363716814159292 0.7913439635535308 0.07728613569321534 0.03462414578587699
1 0.7601769911504425 0.9453302961275627 0.04542772861356932 0.03917995444191344
1 0.3053097345132743 0.0683371298405467 0.03716814159292035 0.02369020501138952
1 0.564306784660767 0.7931662870159454 0.06666666666666667 0.03280182232346242
1 0.6421828908554572 0.4394077448747153 0.07964601769911504 0.03143507972665148
1 0.6011799410029498 0.3977220956719818 0.035398230088495575 0.03826879271070615
1 0.515929203539823 0.39453302961275627 0.11976401179941003 0.04009111617312073
1 0.4215339233038348 0.8788154897494306 0.04424778761061947 0.03735763097949886
1 0.591740412979351 0.9439635535307517 0.05191740412979351 0.03735763097949886
1 0.4126843657817109 0.5943052391799545 0.15398230088495576 0.03690205011389522
1 0.5471976401179941 0.5501138952164009 0.11740412979351032 0.03963553530751709
1 0.5309734513274337 0.6355353075170843 0.0920353982300885 0.03280182232346242
1 0.49321533923303834 0.4806378132118451 0.10147492625368731 0.03553530751708428
1 0.5887905604719764 0.8783599088838269 0.05073746312684366 0.03735763097949886
1 0.10442477876106195 0.4380410022779043 0.06253687315634218 0.03416856492027335
1 0.10766961651917405 0.5938496583143508 0.0607669616519174 0.03416856492027335
1 0.6171091445427729 0.4815489749430524 0.07315634218289085 0.03280182232346242
1 0.5442477876106194 0.06674259681093395 0.04070796460176991 0.025968109339407745
1 0.5088495575221239 0.9446469248291571 0.052507374631268436 0.03781321184510251
1 0.8507374631268436 0.8783599088838269 0.06253687315634218 0.04009111617312073
1 0.6766961651917404 0.8765375854214122 0.049557522123893805 0.03917995444191344
1 0.5793510324483776 0.43895216400911163 0.027138643067846607 0.03234624145785877
1 0.6696165191740413 0.39840546697038726 0.0943952802359882 0.03416856492027335
1 0.38023598820058996 0.4813211845102506 0.11740412979351032 0.03690205011389522
1 0.10737463126843658 0.7924829157175398 0.05191740412979351 0.03507972665148064
1 0.5882005899705015 0.7494305239179955 0.08377581120943953 0.03280182232346242
1 0.5020648967551622 0.8785876993166287 0.04129793510324484 0.03690205011389522
1 0.6306784660766962 0.5567198177676538 0.03775811209439528 0.04100227790432802
1 0.5501474926253688 0.5933940774487472 0.11032448377581121 0.03416856492027335
1 0.3882005899705015 0.3954441913439636 0.12625368731563422 0.04100227790432802
1 0.10442477876106195 0.6350797266514806 0.05663716814159292 0.0337129840546697
1 0.6749262536873156 0.9453302961275627 0.0471976401179941 0.03917995444191344
1 0.3351032448377581 0.8790432801822323 0.0471976401179941 0.03599088838268793
1 0.6480825958702064 0.6387243735763098 0.06548672566371681 0.0337129840546697
1 0.10766961651917405 0.7503416856492028 0.05486725663716814 0.03553530751708428
1 0.5221238938053098 0.75125284738041 0.035398230088495575 0.0337129840546697