1 0.44529411764705884 0.685 0.2847058823529412 0.034545454545454546
1 0.76 0.8643181818181818 0.07411764705882352 0.038636363636363635
1 0.8502941176470589 0.9322727272727273 0.0688235294117647 0.03909090909090909
1 0.41705882352941176 0.9286363636363636 0.07176470588235294 0.038181818181818185
1 0.3508823529411765 0.6118181818181818 0.11 0.034545454545454546
1 0.3652941176470588 0.45636363636363636 0.12588235294117647 0.03727272727272727
1 0.32176470588235295 0.03636363636363636 0.058823529411764705 0.024545454545454544
1 0.38088235294117645 0.4134090909090909 0.15588235294117647 0.03681818181818182
1 0.10264705882352941 0.6804545454545454 0.08058823529411764 0.038181818181818185
1 0.6858823529411765 0.6877272727272727 0.19176470588235295 0.038181818181818185
1 0.10588235294117647 0.36704545454545456 0.07647058823529412 0.03954545454545454
1 0.09029411764705883 0.4509090909090909 0.0688235294117647 0.038181818181818185
1 0.5676470588235294 0.7727272727272727 0.1011764705882353 0.03272727272727273
1 0.15911764705882353 0.9245454545454546 0.06764705882352941 0.04090909090909091
1 0.3285294117647059 0.9275 0.061764705882352944 0.03954545454545454
1 0.1538235294117647 0.8581818181818182 0.057058823529411766 0.038181818181818185
1 0.10323529411764706 0.5247727272727273 0.08058823529411764 0.03681818181818182
1 0.2488235294117647 0.8588636363636364 0.06588235294117648 0.03954545454545454
1 0.2461764705882353 0.9252272727272727 0.060588235294117644 0.038636363636363635
1 0.4038235294117647 0.7718181818181818 0.2076470588235294 0.03090909090909091
1 0.7617647058823529 0.9304545454545454 0.06705882352941177 0.038181818181818185
1 0.5905882352941176 0.4156818181818182 0.14941176470588236 0.03590909090909091
1 0.4873529411764706 0.4202272727272727 0.04058823529411765 0.03590909090909091
1 0.41852941176470587 0.86 0.06411764705882353 0.04
1 0.5908823529411765 0.9293181818181818 0.060588235294117644 0.03954545454545454
1 0.10852941176470589 0.5690909090909091 0.08529411764705883 0.035454545454545454
1 0.38676470588235295 0.5286363636363637 0.16411764705882353 0.04
1 0.4497058823529412 0.4661363636363636 0.03470588235294118 0.03681818181818182
1 0.09676470588235295 0.4072727272727273 0.07352941176470588 0.03727272727272727
1 0.5808823529411765 0.035227272727272725 0.1323529411764706 0.03227272727272727
1 0.6261764705882353 0.3725 0.1888235294117647 0.038636363636363635
1 0.5055882352941177 0.9286363636363636 0.0688235294117647 0.03909090909090909
1 0.8441176470588235 0.8663636363636363 0.06705882352941177 0.04090909090909091
1 0.6711764705882353 0.8611363636363636 0.058823529411764705 0.035
1 0.5047058823529412 0.37545454545454543 0.03882352941176471 0.03727272727272727
1 0.10558823529411765 0.764090909090909 0.08529411764705883 0.035454545454545454
1 0.5402941176470588 0.4575 0.10294117647058823 0.03409090909090909
1 0.5932352941176471 0.8636363636363636 0.06647058823529411 0.038181818181818185
1 0.5014705882352941 0.8595454545454545 0.06294117647058824 0.04
1 0.3888235294117647 0.37113636363636365 0.1635294117647059 0.03590909090909091
1 0.44588235294117645 0.7295454545454545 0.29411764705882354 0.035454545454545454
1 0.10735294117647058 0.610909090909091 0.09 0.04
1 0.6735294117647059 0.9325 0.058823529411764705 0.041363636363636366
1 0.3326470588235294 0.8586363636363636 0.0688235294117647 0.03909090909090909
1 0.6817647058823529 0.7320454545454546 0.15411764705882353 0.03409090909090909
1 0.10029411764705883 0.7227272727272728 0.08058823529411764 0.03636363636363636
1 0.3947058823529412 0.57 0.17882352941176471 0.03727272727272727