1 0.41294117647058826 0.6877272727272727 0.2411764705882353 0.04090909090909091
1 0.38235294117647056 0.37477272727272726 0.16823529411764707 0.038636363636363635
1 0.7576470588235295 0.8595454545454545 0.05764705882352941 0.042727272727272725
1 0.8379411764705882 0.9304545454545454 0.060588235294117644 0.04090909090909091
1 0.5705882352941176 0.6218181818181818 0.08 0.03363636363636364
1 0.41147058823529414 0.9297727272727273 0.06529411764705882 0.03954545454545454
1 0.8338235294117647 0.8661363636363636 0.04647058823529412 0.038636363636363635
1 0.4023529411764706 0.6202272727272727 0.2188235294117647 0.03681818181818182
1 0.6461764705882352 0.6870454545454545 0.20176470588235293 0.04318181818181818
1 0.41441176470588237 0.7286363636363636 0.23823529411764705 0.03363636363636364
1 0.08441176470588235 0.6886363636363636 0.08058823529411764 0.035454545454545454
1 0.09441176470588235 0.3665909090909091 0.08764705882352941 0.038636363636363635
1 0.09235294117647058 0.45545454545454545 0.09529411764705882 0.04
1 0.15058823529411763 0.9240909090909091 0.058823529411764705 0.042727272727272725
1 0.32823529411764707 0.9279545454545455 0.06823529411764706 0.03954545454545454
1 0.15176470588235294 0.8575 0.05764705882352941 0.04318181818181818
1 0.5641176470588235 0.46295454545454545 0.17882352941176471 0.03590909090909091
1 0.08235294117647059 0.5284090909090909 0.08 0.04045454545454545
1 0.6238235294117647 0.735 0.15941176470588236 0.035454545454545454
1 0.23941176470588235 0.8595454545454545 0.05764705882352941 0.04090909090909091
1 0.23529411764705882 0.928409090909091 0.06 0.04045454545454545
1 0.3976470588235294 0.7738636363636363 0.20823529411764705 0.035
1 0.7538235294117647 0.9306818181818182 0.054705882352941174 0.041363636363636366
1 0.27941176470588236 0.03772727272727273 0.047058823529411764 0.025454545454545455
1 0.5764705882352941 0.7806818181818181 0.13176470588235295 0.03318181818181818
1 0.5879411764705882 0.41545454545454547 0.19588235294117648 0.04
1 0.41323529411764703 0.8588636363636364 0.06764705882352941 0.042272727272727274
1 0.585 0.9322727272727273 0.05941176470588235 0.042727272727272725
1 0.07911764705882353 0.5725 0.07352941176470588 0.03954545454545454
1 0.4429411764705882 0.5279545454545455 0.28705882352941176 0.03954545454545454
1 0.445 0.5722727272727273 0.2958823529411765 0.03727272727272727
1 0.5802941176470588 0.8606818181818182 0.05352941176470588 0.041363636363636366
1 0.08676470588235294 0.41363636363636364 0.08529411764705883 0.038181818181818185
1 0.5658823529411765 0.03954545454545454 0.12352941176470589 0.02090909090909091
1 0.7364705882352941 0.7736363636363637 0.1 0.031818181818181815
1 0.5023529411764706 0.9268181818181818 0.06705882352941177 0.04
1 0.8547058823529412 0.6929545454545455 0.1376470588235294 0.038636363636363635
1 0.668235294117647 0.8634090909090909 0.06235294117647059 0.04409090909090909
1 0.5708823529411765 0.3759090909090909 0.17705882352941177 0.03727272727272727
1 0.8208823529411765 0.7329545454545454 0.13 0.03772727272727273
1 0.38235294117647056 0.46136363636363636 0.16823529411764707 0.03363636363636364
1 0.08705882352941176 0.7720454545454546 0.09294117647058824 0.03590909090909091
1 0.09205882352941176 0.7338636363636364 0.10294117647058823 0.03409090909090909
1 0.4961764705882353 0.8606818181818182 0.060588235294117644 0.042272727272727274
1 0.6647058823529411 0.5311363636363636 0.10352941176470588 0.03590909090909091
1 0.675 0.9315909090909091 0.0711764705882353 0.042272727272727274
1 0.32382352941176473 0.8631818181818182 0.061764705882352944 0.04
1 0.6641176470588235 0.576590909090909 0.12352941176470589 0.03954545454545454
1 0.7258823529411764 0.7370454545454546 0.03294117647058824 0.03681818181818182
1 0.38676470588235295 0.4163636363636364 0.17470588235294118 0.038181818181818185
1 0.0738235294117647 0.615 0.0688235294117647 0.04
1 0.7694117647058824 0.7031818181818181 0.03411764705882353 0.04
1 0.6561764705882352 0.7909090909090909 0.033529411764705884 0.03909090909090909