1 0.3785294117647059 0.7275 0.16176470588235295 0.03681818181818182
1 0.76 0.8579545454545454 0.05764705882352941 0.03954545454545454
1 0.8420588235294117 0.9275 0.06529411764705882 0.03772727272727273
1 0.5276470588235294 0.6209090909090909 0.11294117647058824 0.035454545454545454
1 0.41352941176470587 0.9279545454545455 0.06352941176470588 0.03772727272727273
1 0.4173529411764706 0.4131818181818182 0.23705882352941177 0.04181818181818182
1 0.3855882352941176 0.46204545454545454 0.16176470588235295 0.029545454545454545
1 0.09705882352941177 0.6856818181818182 0.07294117647058823 0.031363636363636364
1 0.095 0.45181818181818184 0.07588235294117647 0.03636363636363636
1 0.4602941176470588 0.7831818181818182 0.09588235294117647 0.03909090909090909
1 0.5511764705882353 0.7277272727272728 0.1635294117647059 0.03727272727272727
1 0.15205882352941177 0.9243181818181818 0.05352941176470588 0.03772727272727273
1 0.7120588235294117 0.575 0.03470588235294118 0.03090909090909091
1 0.3261764705882353 0.9275 0.05823529411764706 0.03772727272727273
1 0.15735294117647058 0.8581818181818182 0.060588235294117644 0.04090909090909091
1 0.10294117647058823 0.5268181818181819 0.07647058823529412 0.03363636363636364
1 0.2388235294117647 0.8570454545454546 0.05058823529411765 0.03954545454545454
1 0.24323529411764705 0.9243181818181818 0.054705882352941174 0.03681818181818182
1 0.35 0.7747727272727273 0.09411764705882353 0.03318181818181818
1 0.7544117647058823 0.9265909090909091 0.05 0.038636363636363635
1 0.09705882352941177 0.36727272727272725 0.07529411764705882 0.034545454545454546
1 0.6338235294117647 0.4163636363636364 0.1711764705882353 0.03727272727272727
1 0.4108823529411765 0.8593181818181819 0.054705882352941174 0.03681818181818182
1 0.5841176470588235 0.9268181818181818 0.05764705882352941 0.038181818181818185
1 0.41205882352941176 0.5718181818181818 0.2323529411764706 0.035454545454545454
1 0.5823529411764706 0.86 0.04823529411764706 0.04090909090909091
1 0.09147058823529412 0.40613636363636363 0.07588235294117647 0.035
1 0.0961764705882353 0.5677272727272727 0.07352941176470588 0.03363636363636364
1 0.6120588235294118 0.5731818181818182 0.15470588235294117 0.03363636363636364
1 0.5017647058823529 0.9272727272727272 0.05058823529411765 0.038181818181818185
1 0.8411764705882353 0.8570454545454546 0.047058823529411764 0.04045454545454545
1 0.6691176470588235 0.8577272727272728 0.05941176470588235 0.038181818181818185
1 0.09058823529411765 0.7677272727272727 0.07294117647058823 0.034545454545454546
1 0.09147058823529412 0.7252272727272727 0.07235294117647059 0.03590909090909091
1 0.5405882352941176 0.4647727272727273 0.10588235294117647 0.02409090909090909
1 0.49970588235294117 0.8593181818181819 0.04647058823529412 0.041363636363636366
1 0.6064705882352941 0.6270454545454546 0.02588235294117647 0.03409090909090909
1 0.09823529411764706 0.6095454545454545 0.08235294117647059 0.03363636363636364
1 0.6738235294117647 0.925 0.057058823529411766 0.03727272727272727
1 0.32382352941176473 0.8572727272727273 0.051176470588235295 0.038181818181818185
1 0.2732352941176471 0.03659090909090909 0.03 0.023181818181818182
1 0.5526470588235294 0.03954545454545454 0.1111764705882353 0.02181818181818182
1 0.3788235294117647 0.6197727272727273 0.17058823529411765 0.03681818181818182
1 0.7717647058823529 0.57 0.09058823529411765 0.042727272727272725
1 0.645 0.6136363636363636 0.06529411764705882 0.04454545454545455