1 0.37323529411764705 0.6822727272727273 0.12058823529411765 0.035454545454545454
1 0.5311764705882352 0.685 0.02823529411764706 0.035454545454545454
1 0.7741176470588236 0.8552272727272727 0.06470588235294118 0.04045454545454545
1 0.8576470588235294 0.9247727272727273 0.06705882352941177 0.03954545454545454
1 0.5311764705882352 0.5711363636363637 0.11647058823529412 0.03318181818181818
1 0.4279411764705882 0.9275 0.05941176470588235 0.03954545454545454
1 0.4838235294117647 0.5252272727272728 0.10294117647058823 0.03409090909090909
1 0.36470588235294116 0.6138636363636364 0.1188235294117647 0.03409090909090909
1 0.47323529411764703 0.6813636363636364 0.08764705882352941 0.035454545454545454
1 0.5852941176470589 0.6834090909090909 0.0611764705882353 0.03318181818181818
1 0.3973529411764706 0.7243181818181819 0.1652941176470588 0.03590909090909091
1 0.37558823529411767 0.4127272727272727 0.1323529411764706 0.034545454545454546
1 0.09941176470588235 0.6872727272727273 0.05764705882352941 0.034545454545454546
1 0.10411764705882352 0.45954545454545453 0.05647058823529412 0.03363636363636364
1 0.4588235294117647 0.7715909090909091 0.08705882352941176 0.03318181818181818
1 0.5479411764705883 0.7268181818181818 0.11470588235294117 0.03272727272727273
1 0.16588235294117648 0.9281818181818182 0.05411764705882353 0.04
1 0.3388235294117647 0.9254545454545454 0.06470588235294118 0.04090909090909091
1 0.1688235294117647 0.8586363636363636 0.05529411764705883 0.038181818181818185
1 0.6841176470588235 0.7268181818181818 0.09058823529411765 0.03363636363636364
1 0.10352941176470588 0.5261363636363636 0.06 0.03409090909090909
1 0.6226470588235294 0.7256818181818182 0.027647058823529413 0.03318181818181818
1 0.2538235294117647 0.8575 0.060588235294117644 0.04045454545454545
1 0.25470588235294117 0.9247727272727273 0.0611764705882353 0.04045454545454545
1 0.3679411764705882 0.7720454545454546 0.10647058823529412 0.03318181818181818
1 0.7685294117647059 0.9245454545454546 0.05588235294117647 0.03636363636363636
1 0.275 0.03909090909090909 0.03588235294117647 0.024545454545454544
1 0.6079411764705882 0.4088636363636364 0.08176470588235295 0.03227272727272727
1 0.5505882352941176 0.36704545454545456 0.0611764705882353 0.03227272727272727
1 0.49117647058823527 0.41545454545454547 0.09529411764705882 0.03272727272727273
1 0.4308823529411765 0.8575 0.06647058823529411 0.041363636363636366
1 0.5985294117647059 0.9231818181818182 0.057058823529411766 0.04181818181818182
1 0.09529411764705882 0.37068181818181817 0.05764705882352941 0.03227272727272727
1 0.3708823529411765 0.5338636363636363 0.11823529411764706 0.03590909090909091
1 0.5555882352941176 0.5304545454545454 0.026470588235294117 0.034545454545454546
1 0.47147058823529414 0.6136363636363636 0.08764705882352941 0.03272727272727273
1 0.44794117647058823 0.45545454545454545 0.07588235294117647 0.03727272727272727
1 0.5982352941176471 0.8586363636363636 0.05411764705882353 0.04090909090909091
1 0.6061764705882353 0.57 0.026470588235294117 0.031818181818181815
1 0.5520588235294117 0.03977272727272727 0.09588235294117647 0.023181818181818182
1 0.5088235294117647 0.9243181818181818 0.06352941176470588 0.042272727272727274
1 0.6864705882352942 0.8545454545454545 0.06352941176470588 0.04090909090909091
1 0.861764705882353 0.8563636363636363 0.07882352941176471 0.04090909090909091
1 0.1111764705882353 0.7688636363636364 0.06470588235294118 0.031363636363636364
1 0.0988235294117647 0.725909090909091 0.06352941176470588 0.03272727272727273
1 0.5117647058823529 0.8572727272727273 0.0611764705882353 0.04
1 0.5985294117647059 0.5279545454545455 0.05823529411764706 0.031363636363636364
1 0.5341176470588235 0.6206818181818182 0.02588235294117647 0.022272727272727274
1 0.3652941176470588 0.37022727272727274 0.11294117647058824 0.035
1 0.09941176470588235 0.5704545454545454 0.06 0.03272727272727273
1 0.685 0.9252272727272727 0.05588235294117647 0.03954545454545454
1 0.34294117647058825 0.8568181818181818 0.0611764705882353 0.04
1 0.6591176470588235 0.5688636363636363 0.07470588235294118 0.03227272727272727
1 0.0976470588235294 0.4163636363636364 0.05058823529411765 0.02727272727272727
1 0.5529411764705883 0.41818181818181815 0.024705882352941175 0.025454545454545455
1 0.46205882352941174 0.36886363636363634 0.07470588235294118 0.03409090909090909
1 0.3561764705882353 0.4561363636363636 0.10176470588235294 0.03681818181818182
1 0.5464705882352942 0.46386363636363637 0.0611764705882353 0.019545454545454546
1 0.3911764705882353 0.5688636363636363 0.15411764705882353 0.028636363636363637
1 0.5761764705882353 0.6215909090909091 0.051176470588235295 0.01681818181818182
1 0.5176470588235295 0.7795454545454545 0.02235294117647059 0.02
1 0.5602941176470588 0.7793181818181818 0.05 0.019545454545454546
1 0.5097058823529412 0.3756818181818182 0.026470588235294117 0.02409090909090909
1 0.5014705882352941 0.46545454545454545 0.03 0.03