1 0.7535294117647059 0.8543181818181819 0.06470588235294118 0.04045454545454545
1 0.8402941176470589 0.9227272727272727 0.06764705882352941 0.038181818181818185
1 0.3985294117647059 0.9202272727272728 0.05823529411764706 0.03772727272727273
1 0.8429411764705882 0.8570454545454546 0.07294117647058823 0.041363636363636366
1 0.4505882352941176 0.4006818181818182 0.2917647058823529 0.03681818181818182
1 0.6635294117647059 0.8536363636363636 0.05176470588235294 0.038181818181818185
1 0.4088235294117647 0.4431818181818182 0.20588235294117646 0.03636363636363636
1 0.41441176470588237 0.6763636363636364 0.24176470588235294 0.04
1 0.4138235294117647 0.7595454545454545 0.23705882352941177 0.03727272727272727
1 0.8094117647058824 0.519090909090909 0.07294117647058823 0.03272727272727273
1 0.10647058823529412 0.39886363636363636 0.0988235294117647 0.03590909090909091
1 0.0988235294117647 0.6715909090909091 0.09294117647058824 0.038636363636363635
1 0.10294117647058823 0.44113636363636366 0.0976470588235294 0.03590909090909091
1 0.4520588235294118 0.7213636363636363 0.31470588235294117 0.035454545454545454
1 0.7517647058823529 0.5670454545454545 0.03294117647058824 0.035
1 0.10617647058823529 0.35909090909090907 0.09941176470588235 0.03727272727272727
1 0.6076470588235294 0.6034090909090909 0.13411764705882354 0.035
1 0.14558823529411766 0.9172727272727272 0.06294117647058824 0.04
1 0.821764705882353 0.5656818181818182 0.09529411764705882 0.035
1 0.32529411764705884 0.9175 0.05647058823529412 0.03772727272727273
1 0.15088235294117647 0.85 0.06294117647058824 0.03636363636363636
1 0.7561764705882353 0.6034090909090909 0.0711764705882353 0.035
1 0.6185294117647059 0.4475 0.16176470588235295 0.029545454545454545
1 0.41441176470588237 0.5147727272727273 0.21588235294117647 0.03772727272727273
1 0.10176470588235294 0.5111363636363636 0.09647058823529411 0.03590909090909091
1 0.2373529411764706 0.8511363636363637 0.05588235294117647 0.03590909090909091
1 0.2338235294117647 0.9172727272727272 0.05588235294117647 0.03727272727272727
1 0.7535294117647059 0.9227272727272727 0.058823529411764705 0.04
1 0.6102941176470589 0.3618181818181818 0.14529411764705882 0.034545454545454546
1 0.40352941176470586 0.8534090909090909 0.052941176470588235 0.038636363636363635
1 0.5852941176470589 0.9218181818181819 0.07647058823529412 0.03909090909090909
1 0.42676470588235293 0.5597727272727273 0.2488235294117647 0.03590909090909091
1 0.6276470588235294 0.5161363636363636 0.16941176470588235 0.03954545454545454
1 0.4126470588235294 0.6038636363636364 0.22764705882352942 0.031363636363636364
1 0.576764705882353 0.8515909090909091 0.06411764705882353 0.038636363636363635
1 0.10294117647058823 0.5561363636363637 0.0976470588235294 0.03590909090909091
1 0.5602941176470588 0.03295454545454545 0.10294117647058823 0.020454545454545454
1 0.7047058823529412 0.4036363636363636 0.2235294117647059 0.038181818181818185
1 0.4973529411764706 0.9202272727272728 0.0688235294117647 0.03772727272727273
1 0.10176470588235294 0.7565909090909091 0.1 0.03590909090909091
1 0.10441176470588236 0.7111363636363637 0.10411764705882352 0.03772727272727273
1 0.4935294117647059 0.8529545454545454 0.0611764705882353 0.038636363636363635
1 0.6452941176470588 0.5654545454545454 0.1623529411764706 0.03727272727272727
1 0.41352941176470587 0.35863636363636364 0.2164705882352941 0.03636363636363636
1 0.10411764705882352 0.5993181818181819 0.10235294117647059 0.03590909090909091
1 0.6741176470588235 0.9209090909090909 0.07294117647058823 0.03909090909090909
1 0.3197058823529412 0.8522727272727273 0.05941176470588235 0.038181818181818185
1 0.27558823529411763 0.026136363636363635 0.039411764705882354 0.023181818181818182
1 0.33647058823529413 0.028863636363636362 0.07294117647058823 0.021363636363636362
1 0.7297058823529412 0.5231818181818182 0.039411764705882354 0.03363636363636364
1 0.7026470588235294 0.6065909090909091 0.03235294117647059 0.031363636363636364