1 0.41970588235294115 0.6854545454545454 0.21941176470588236 0.03909090909090909
1 0.7629411764705882 0.8602272727272727 0.05764705882352941 0.049545454545454545
1 0.856764705882353 0.9252272727272727 0.07705882352941176 0.04318181818181818
1 0.5494117647058824 0.6097727272727272 0.1388235294117647 0.03590909090909091
1 0.4258823529411765 0.9268181818181818 0.05764705882352941 0.04
1 0.8614705882352941 0.8606818181818182 0.08411764705882353 0.045909090909090906
1 0.3864705882352941 0.6120454545454546 0.16117647058823528 0.03409090909090909
1 0.42617647058823527 0.4147727272727273 0.23 0.035
1 0.6770588235294117 0.7713636363636364 0.09529411764705882 0.03363636363636364
1 0.39441176470588235 0.45340909090909093 0.1676470588235294 0.03681818181818182
1 0.42205882352941176 0.7288636363636364 0.21588235294117647 0.03227272727272727
1 0.29764705882352943 0.03931818181818182 0.03882352941176471 0.02409090909090909
1 0.7944117647058824 0.5290909090909091 0.03470588235294118 0.031818181818181815
1 0.12205882352941176 0.6861363636363637 0.10176470588235294 0.03590909090909091
1 0.10735294117647058 0.37113636363636365 0.09235294117647058 0.03590909090909091
1 0.11352941176470588 0.44727272727272727 0.0976470588235294 0.038181818181818185
1 0.6102941176470589 0.7254545454545455 0.1476470588235294 0.034545454545454546
1 0.16470588235294117 0.9281818181818182 0.06588235294117648 0.04090909090909091
1 0.3452941176470588 0.9281818181818182 0.06588235294117648 0.03909090909090909
1 0.16911764705882354 0.8613636363636363 0.07235294117647059 0.04
1 0.42676470588235293 0.5275 0.23588235294117646 0.038636363636363635
1 0.11470588235294117 0.5295454545454545 0.0988235294117647 0.034545454545454546
1 0.711764705882353 0.7254545454545455 0.03058823529411765 0.03272727272727273
1 0.2523529411764706 0.8622727272727273 0.05764705882352941 0.04
1 0.2570588235294118 0.9281818181818182 0.08235294117647059 0.04454545454545455
1 0.775 0.925 0.07705882352941176 0.04181818181818182
1 0.5438235294117647 0.7711363636363636 0.1111764705882353 0.03681818181818182
1 0.6120588235294118 0.3704545454545455 0.19 0.03909090909090909
1 0.42764705882352944 0.8613636363636363 0.06588235294117648 0.05090909090909091
1 0.5979411764705882 0.9277272727272727 0.06529411764705882 0.045454545454545456
1 0.6523529411764706 0.41409090909090907 0.20941176470588235 0.02909090909090909
1 0.4258823529411765 0.5711363636363637 0.23176470588235293 0.03681818181818182
1 0.5985294117647059 0.8640909090909091 0.05235294117647059 0.05454545454545454
1 0.11058823529411765 0.4106818181818182 0.09647058823529411 0.03772727272727273
1 0.11852941176470588 0.5729545454545455 0.10411764705882352 0.03409090909090909
1 0.6388235294117647 0.5665909090909091 0.1635294117647059 0.030454545454545453
1 0.5523529411764706 0.038636363636363635 0.0988235294117647 0.02181818181818182
1 0.8091176470588235 0.565 0.10411764705882352 0.03363636363636364
1 0.7802941176470588 0.7261363636363637 0.10764705882352942 0.03318181818181818
1 0.5102941176470588 0.9359090909090909 0.0711764705882353 0.053636363636363635
1 0.6888235294117647 0.8631818181818182 0.07411764705882352 0.042727272727272725
1 0.8688235294117647 0.6834090909090909 0.15529411764705883 0.038636363636363635
1 0.11852941176470588 0.7706818181818181 0.09705882352941177 0.035
1 0.12058823529411765 0.7295454545454545 0.1011764705882353 0.035454545454545454
1 0.5623529411764706 0.4484090909090909 0.15294117647058825 0.03590909090909091
1 0.5117647058823529 0.8670454545454546 0.0611764705882353 0.045909090909090906
1 0.6697058823529412 0.5254545454545455 0.19941176470588234 0.03636363636363636
1 0.8820588235294118 0.53 0.11705882352941177 0.03272727272727273
1 0.6426470588235295 0.6886363636363636 0.18411764705882352 0.038181818181818185
1 0.4052941176470588 0.36954545454545457 0.2 0.038181818181818185
1 0.11941176470588236 0.6152272727272727 0.1 0.03681818181818182
1 0.6873529411764706 0.9252272727272727 0.0688235294117647 0.03954545454545454
1 0.33941176470588236 0.8631818181818182 0.07647058823529412 0.042727272727272725
1 0.6929411764705883 0.6093181818181819 0.10588235294117647 0.03318181818181818
1 0.7573529411764706 0.6968181818181818 0.03705882352941176 0.03363636363636364
1 0.7344117647058823 0.5661363636363637 0.031176470588235295 0.029545454545454545
1 0.6294117647058823 0.6113636363636363 0.02588235294117647 0.03090909090909091
1 0.39323529411764707 0.774090909090909 0.16176470588235295 0.03272727272727273
1 0.6138235294117647 0.7734090909090909 0.031176470588235295 0.031363636363636364