1 0.37941176470588234 0.6834090909090909 0.15176470588235294 0.04045454545454545
1 0.558235294117647 0.68 0.1188235294117647 0.03636363636363636
1 0.7667647058823529 0.8554545454545455 0.05823529411764706 0.04454545454545455
1 0.8561764705882353 0.9229545454545455 0.07823529411764706 0.04772727272727273
1 0.41970588235294115 0.9245454545454546 0.0688235294117647 0.04363636363636364
1 0.4244117647058824 0.5281818181818182 0.24294117647058824 0.03272727272727273
1 0.4188235294117647 0.6056818181818182 0.21764705882352942 0.038636363636363635
1 0.6061764705882353 0.7225 0.13 0.03681818181818182
1 0.4123529411764706 0.4531818181818182 0.20705882352941177 0.03909090909090909
1 0.4844117647058824 0.6831818181818182 0.031176470588235295 0.03636363636363636
1 0.115 0.6777272727272727 0.0688235294117647 0.04181818181818182
1 0.1161764705882353 0.3659090909090909 0.09117647058823529 0.038181818181818185
1 0.12558823529411764 0.4495454545454545 0.09 0.03727272727272727
1 0.4702941176470588 0.7738636363636363 0.028823529411764706 0.038636363636363635
1 0.16176470588235295 0.9252272727272727 0.06 0.04409090909090909
1 0.16323529411764706 0.8563636363636363 0.07352941176470588 0.04181818181818182
1 0.10852941176470589 0.5229545454545454 0.08294117647058824 0.03681818181818182
1 0.6020588235294118 0.6095454545454545 0.09941176470588235 0.035454545454545454
1 0.6161764705882353 0.5243181818181818 0.11588235294117646 0.035
1 0.2541176470588235 0.9231818181818182 0.07411764705882352 0.04090909090909091
1 0.3714705882352941 0.7695454545454545 0.13705882352941176 0.035454545454545454
1 0.7611764705882353 0.9243181818181818 0.06352941176470588 0.045
1 0.3044117647058823 0.03340909090909091 0.05 0.015
1 0.5423529411764706 0.7697727272727273 0.09529411764705882 0.03409090909090909
1 0.6038235294117648 0.3690909090909091 0.12411764705882353 0.03636363636363636
1 0.5947058823529412 0.45386363636363636 0.1223529411764706 0.03681818181818182
1 0.4229411764705882 0.8568181818181818 0.06823529411764706 0.04363636363636364
1 0.5970588235294118 0.9222727272727272 0.07294117647058823 0.04363636363636364
1 0.46352941176470586 0.5688636363636363 0.3129411764705882 0.041363636363636366
1 0.12558823529411764 0.4068181818181818 0.08647058823529412 0.038181818181818185
1 0.10941176470588235 0.5677272727272727 0.07176470588235294 0.03636363636363636
1 0.5585294117647058 0.0375 0.08294117647058824 0.021363636363636362
1 0.7044117647058824 0.5684090909090909 0.15941176470588236 0.038636363636363635
1 0.5076470588235295 0.923409090909091 0.06235294117647059 0.04681818181818182
1 0.8564705882352941 0.855909090909091 0.08470588235294117 0.04454545454545455
1 0.6847058823529412 0.8572727272727273 0.08235294117647059 0.04181818181818182
1 0.12294117647058823 0.7663636363636364 0.08235294117647059 0.038181818181818185
1 0.11970588235294118 0.7256818181818182 0.07235294117647059 0.042272727272727274
1 0.6476470588235295 0.4052272727272727 0.1635294117647059 0.03772727272727273
1 0.5958823529411764 0.8572727272727273 0.07058823529411765 0.04181818181818182
1 0.5111764705882353 0.8565909090909091 0.07764705882352942 0.042272727272727274
1 0.4147058823529412 0.365 0.2223529411764706 0.038181818181818185
1 0.5197058823529411 0.7220454545454545 0.04294117647058823 0.038636363636363635
1 0.11529411764705882 0.6034090909090909 0.08235294117647059 0.038636363636363635
1 0.6802941176470588 0.9252272727272727 0.06529411764705882 0.041363636363636366
1 0.3347058823529412 0.8556818181818182 0.06470588235294118 0.04318181818181818
1 0.42176470588235293 0.4006818181818182 0.2411764705882353 0.04045454545454545
1 0.3947058823529412 0.725909090909091 0.19411764705882353 0.04
1 0.24764705882352941 0.8554545454545455 0.07411764705882352 0.04454545454545455
1 0.3311764705882353 0.9240909090909091 0.07529411764705882 0.03909090909090909