1 0.2958823529411765 0.04 0.036470588235294116 0.028181818181818183
1 0.5544117647058824 0.04 0.10176470588235294 0.026363636363636363
1 0.08911764705882352 0.3725 0.05823529411764706 0.028636363636363637
1 0.11 0.41363636363636364 0.06235294117647059 0.03090909090909091
1 0.11205882352941177 0.4586363636363636 0.0711764705882353 0.03
1 0.3891176470588235 0.36772727272727274 0.17352941176470588 0.03636363636363636
1 0.55 0.3684090909090909 0.12823529411764706 0.03409090909090909
1 0.42470588235294116 0.4113636363636364 0.23411764705882354 0.03090909090909091
1 0.43558823529411766 0.4556818181818182 0.2535294117647059 0.03590909090909091
1 0.6252941176470588 0.4122727272727273 0.14 0.031818181818181815
1 0.6479411764705882 0.4556818181818182 0.1476470588235294 0.035
1 0.09970588235294117 0.5315909090909091 0.0711764705882353 0.031363636363636364
1 0.10058823529411764 0.5734090909090909 0.06352941176470588 0.03227272727272727
1 0.10647058823529412 0.6165909090909091 0.06588235294117648 0.031363636363636364
1 0.4061764705882353 0.5284090909090909 0.19705882352941176 0.03590909090909091
1 0.4202941176470588 0.5734090909090909 0.21823529411764706 0.031363636363636364
1 0.44941176470588234 0.6163636363636363 0.2647058823529412 0.03
1 0.5885294117647059 0.5272727272727272 0.13117647058823528 0.035454545454545454
1 0.61 0.5720454545454545 0.13176470588235295 0.02772727272727273
1 0.6505882352941177 0.615 0.12117647058823529 0.035454545454545454
1 0.6805882352941176 0.5331818181818182 0.04470588235294118 0.034545454545454546
1 0.7176470588235294 0.5706818181818182 0.04 0.030454545454545453
1 0.7558823529411764 0.5254545454545455 0.08470588235294117 0.035454545454545454
1 0.7902941176470588 0.5725 0.09352941176470589 0.031363636363636364
1 0.7482352941176471 0.6218181818181818 0.03529411764705882 0.03636363636363636
1 0.8111764705882353 0.6202272727272727 0.08352941176470588 0.03227272727272727
1 0.10323529411764706 0.6890909090909091 0.07705882352941176 0.028181818181818183
1 0.10588235294117647 0.7275 0.07176470588235294 0.02772727272727273
1 0.10705882352941176 0.7765909090909091 0.08588235294117647 0.03227272727272727
1 0.4 0.6890909090909091 0.18 0.03636363636363636
1 0.4194117647058824 0.7327272727272728 0.20470588235294118 0.02909090909090909
1 0.425 0.775 0.2111764705882353 0.03090909090909091
1 0.5752941176470588 0.6940909090909091 0.13529411764705881 0.031818181818181815
1 0.6070588235294118 0.7329545454545454 0.14 0.02590909090909091
1 0.6102941176470589 0.7727272727272727 0.13823529411764707 0.03909090909090909
1 0.6726470588235294 0.6986363636363636 0.03470588235294118 0.03090909090909091
1 0.7097058823529412 0.7336363636363636 0.031176470588235295 0.028181818181818183
1 0.7035294117647058 0.7815909090909091 0.03176470588235294 0.030454545454545453
1 0.7523529411764706 0.6945454545454546 0.0988235294117647 0.03727272727272727
1 0.7861764705882353 0.7334090909090909 0.1111764705882353 0.028636363636363637
1 0.7852941176470588 0.7763636363636364 0.1011764705882353 0.03636363636363636
1 0.17205882352941176 0.8615909090909091 0.06647058823529411 0.03590909090909091
1 0.16941176470588235 0.93 0.06470588235294118 0.03363636363636364
1 0.25088235294117645 0.8584090909090909 0.06529411764705882 0.03772727272727273
1 0.2535294117647059 0.9320454545454545 0.06705882352941177 0.035
1 0.3376470588235294 0.8615909090909091 0.06470588235294118 0.03590909090909091
1 0.3397058823529412 0.9297727272727273 0.057058823529411766 0.03409090909090909
1 0.4285294117647059 0.8606818181818182 0.06764705882352941 0.03590909090909091
1 0.4285294117647059 0.9322727272727273 0.0688235294117647 0.04090909090909091
1 0.5179411764705882 0.8588636363636364 0.06294117647058824 0.03590909090909091
1 0.5129411764705882 0.9320454545454545 0.06941176470588235 0.03681818181818182
1 0.6005882352941176 0.86 0.06588235294117648 0.035454545454545454
1 0.5964705882352941 0.9281818181818182 0.06941176470588235 0.03727272727272727
1 0.683235294117647 0.8586363636363636 0.061764705882352944 0.042727272727272725
1 0.6820588235294117 0.9309090909090909 0.05941176470588235 0.04
1 0.7738235294117647 0.8618181818181818 0.0688235294117647 0.045454545454545456
1 0.7635294117647059 0.9261363636363636 0.05647058823529412 0.042272727272727274
1 0.8591176470588235 0.8618181818181818 0.06647058823529411 0.04181818181818182
1 0.8520588235294118 0.9238636363636363 0.060588235294117644 0.04318181818181818