1 0.37323529411764705 0.6836363636363636 0.15470588235294117 0.03636363636363636
1 0.7544117647058823 0.8654545454545455 0.057058823529411766 0.03909090909090909
1 0.8438235294117648 0.928409090909091 0.061764705882352944 0.038636363636363635
1 0.5679411764705883 0.5768181818181818 0.14058823529411765 0.035454545454545454
1 0.40911764705882353 0.9270454545454545 0.05588235294117647 0.03954545454545454
1 0.5638235294117647 0.5340909090909091 0.1476470588235294 0.034545454545454546
1 0.8355882352941176 0.8640909090909091 0.05 0.04090909090909091
1 0.3638235294117647 0.6152272727272727 0.13941176470588235 0.03590909090909091
1 0.685 0.6925 0.039411764705882354 0.03590909090909091
1 0.42705882352941177 0.7275 0.25529411764705884 0.038636363636363635
1 0.7664705882352941 0.5377272727272727 0.11294117647058824 0.034545454545454546
1 0.38058823529411767 0.4577272727272727 0.1623529411764706 0.035454545454545454
1 0.10264705882352941 0.6790909090909091 0.08529411764705883 0.035454545454545454
1 0.095 0.45022727272727275 0.06647058823529411 0.03590909090909091
1 0.6626470588235294 0.735 0.1888235294117647 0.03363636363636364
1 0.15323529411764705 0.9243181818181818 0.061764705882352944 0.038636363636363635
1 0.7988235294117647 0.7370454545454546 0.03529411764705882 0.03681818181818182
1 0.3205882352941177 0.9286363636363636 0.052941176470588235 0.03909090909090909
1 0.15058823529411763 0.8611363636363636 0.05411764705882353 0.038636363636363635
1 0.7155882352941176 0.7802272727272728 0.08647058823529412 0.03227272727272727
1 0.38441176470588234 0.5279545454545455 0.15705882352941178 0.038636363636363635
1 0.10558823529411765 0.5259090909090909 0.08294117647058824 0.034545454545454546
1 0.23558823529411765 0.925 0.057058823529411766 0.03727272727272727
1 0.3788235294117647 0.7761363636363636 0.16588235294117648 0.03318181818181818
1 0.7547058823529412 0.9279545454545455 0.06 0.038636363636363635
1 0.09470588235294118 0.36227272727272725 0.07294117647058823 0.03636363636363636
1 0.5488235294117647 0.7815909090909091 0.12941176470588237 0.03227272727272727
1 0.6064705882352941 0.42 0.10823529411764705 0.03636363636363636
1 0.6061764705882353 0.37772727272727274 0.09705882352941177 0.035454545454545454
1 0.41058823529411764 0.86 0.0611764705882353 0.03909090909090909
1 0.5814705882352941 0.9265909090909091 0.05588235294117647 0.038636363636363635
1 0.5141176470588236 0.6218181818181818 0.10705882352941176 0.03363636363636364
1 0.39 0.5709090909090909 0.18941176470588236 0.035454545454545454
1 0.5858823529411765 0.8627272727272727 0.06 0.04
1 0.09294117647058824 0.405 0.07176470588235294 0.035454545454545454
1 0.10529411764705883 0.5631818181818182 0.08941176470588236 0.03636363636363636
1 0.7579411764705882 0.5754545454545454 0.11352941176470588 0.034545454545454546
1 0.4914705882352941 0.9272727272727272 0.057058823529411766 0.03909090909090909
1 0.6694117647058824 0.8620454545454546 0.058823529411764705 0.04045454545454545
1 0.8785294117647059 0.7372727272727273 0.11470588235294117 0.03636363636363636
1 0.09676470588235295 0.765 0.08529411764705883 0.03636363636363636
1 0.10058823529411764 0.7234090909090909 0.08823529411764706 0.03681818181818182
1 0.5391176470588235 0.4647727272727273 0.07588235294117647 0.03227272727272727
1 0.6514705882352941 0.7836363636363637 0.03235294117647059 0.03636363636363636
1 0.5029411764705882 0.8593181818181819 0.05764705882352941 0.038636363636363635
1 0.6694117647058824 0.5759090909090909 0.03529411764705882 0.03363636363636364
1 0.6097058823529412 0.6286363636363637 0.027647058823529413 0.031818181818181815
1 0.41705882352941176 0.36727272727272725 0.2211764705882353 0.03909090909090909
1 0.571764705882353 0.6890909090909091 0.17176470588235293 0.03909090909090909
1 0.11382352941176471 0.6077272727272728 0.09235294117647058 0.03727272727272727
1 0.6685294117647059 0.9268181818181818 0.05941176470588235 0.03909090909090909
1 0.3255882352941176 0.8584090909090909 0.05235294117647059 0.038636363636363635
1 0.6705882352941176 0.6279545454545454 0.07647058823529412 0.030454545454545453
1 0.7658823529411765 0.6934090909090909 0.0988235294117647 0.035
1 0.31558823529411767 0.035227272727272725 0.051176470588235295 0.028636363636363637
1 0.5485294117647059 0.03954545454545454 0.08529411764705883 0.023636363636363636
1 0.4176470588235294 0.41704545454545455 0.23529411764705882 0.03954545454545454
1 0.6741176470588235 0.5345454545454545 0.041176470588235294 0.035454545454545454
1 0.2338235294117647 0.8606818181818182 0.060588235294117644 0.042272727272727274