1 0.38735294117647057 0.6911363636363637 0.18058823529411766 0.04863636363636364
1 0.7579411764705882 0.865909090909091 0.06411764705882353 0.03636363636363636
1 0.8423529411764706 0.9402272727272727 0.0611764705882353 0.038636363636363635
1 0.5252941176470588 0.6209090909090909 0.07176470588235294 0.031818181818181815
1 0.4147058823529412 0.9286363636363636 0.052941176470588235 0.03727272727272727
1 0.39029411764705885 0.6197727272727273 0.18529411764705883 0.038636363636363635
1 0.4047058823529412 0.7311363636363636 0.2164705882352941 0.035
1 0.395 0.37454545454545457 0.19 0.046363636363636364
1 0.3735294117647059 0.46386363636363637 0.15411764705882353 0.02590909090909091
1 0.11294117647058824 0.6820454545454545 0.0811764705882353 0.035
1 0.10852941176470589 0.4484090909090909 0.08294117647058824 0.03681818181818182
1 0.57 0.7809090909090909 0.17058823529411765 0.03
1 0.15294117647058825 0.9263636363636364 0.05176470588235294 0.04
1 0.33205882352941174 0.928409090909091 0.06411764705882353 0.03772727272727273
1 0.1535294117647059 0.8595454545454545 0.05529411764705883 0.04
1 0.11 0.525 0.07411764705882352 0.035454545454545454
1 0.6364705882352941 0.7315909090909091 0.24588235294117647 0.03409090909090909
1 0.24088235294117646 0.8597727272727272 0.05941176470588235 0.03772727272727273
1 0.2361764705882353 0.9279545454545455 0.045294117647058825 0.03772727272727273
1 0.3888235294117647 0.7765909090909091 0.17647058823529413 0.03590909090909091
1 0.7541176470588236 0.9386363636363636 0.04823529411764706 0.05090909090909091
1 0.10794117647058823 0.36727272727272725 0.07352941176470588 0.034545454545454546
1 0.6608823529411765 0.3865909090909091 0.031176470588235295 0.03227272727272727
1 0.6032352941176471 0.4163636363636364 0.13823529411764707 0.028181818181818183
1 0.40941176470588236 0.4113636363636364 0.22 0.035454545454545454
1 0.40558823529411764 0.8604545454545455 0.04647058823529412 0.038181818181818185
1 0.5820588235294117 0.9286363636363636 0.05235294117647059 0.038181818181818185
1 0.115 0.5713636363636364 0.07823529411764706 0.035454545454545454
1 0.4061764705882353 0.5334090909090909 0.21823529411764706 0.049545454545454545
1 0.576764705882353 0.5365909090909091 0.08764705882352941 0.041363636363636366
1 0.4126470588235294 0.5761363636363637 0.2288235294117647 0.03227272727272727
1 0.5782352941176471 0.8613636363636363 0.04823529411764706 0.03909090909090909
1 0.10735294117647058 0.4059090909090909 0.07470588235294118 0.03727272727272727
1 0.5458823529411765 0.04181818181818182 0.06470588235294118 0.02090909090909091
1 0.5926470588235294 0.4702272727272727 0.027647058823529413 0.03318181818181818
1 0.7335294117647059 0.4172727272727273 0.0611764705882353 0.028181818181818183
1 0.49941176470588233 0.9286363636363636 0.06 0.038181818181818185
1 0.8447058823529412 0.8663636363636363 0.05764705882352941 0.03909090909090909
1 0.6694117647058824 0.8631818181818182 0.05647058823529412 0.04
1 0.5635294117647058 0.37454545454545457 0.14 0.03727272727272727
1 0.5976470588235294 0.6909090909090909 0.20941176470588235 0.04181818181818182
1 0.10617647058823529 0.7654545454545455 0.07588235294117647 0.035454545454545454
1 0.1188235294117647 0.7225 0.08352941176470588 0.035
1 0.7155882352941176 0.3806818181818182 0.061764705882352944 0.035
1 0.5129411764705882 0.4661363636363636 0.10588235294117647 0.03409090909090909
1 0.49529411764705883 0.8620454545454546 0.05529411764705883 0.03772727272727273
1 0.6435294117647059 0.4643181818181818 0.06 0.030454545454545453
1 0.11647058823529412 0.6113636363636363 0.08588235294117647 0.038181818181818185
1 0.6741176470588235 0.9286363636363636 0.06352941176470588 0.038181818181818185
1 0.33 0.8602272727272727 0.06235294117647059 0.03772727272727273
1 0.6205882352941177 0.5784090909090909 0.12117647058823529 0.03318181818181818
1 0.28088235294117647 0.03681818181818182 0.02411764705882353 0.024545454545454544
1 0.6894117647058824 0.41863636363636364 0.027058823529411764 0.03272727272727273