1 0.42823529411764705 0.6852272727272727 0.25058823529411767 0.03227272727272727
1 0.37441176470588233 0.5268181818181819 0.14294117647058824 0.03363636363636364
1 0.7611764705882353 0.8645454545454545 0.05647058823529412 0.034545454545454546
1 0.8441176470588235 0.9336363636363636 0.06352941176470588 0.034545454545454546
1 0.5488235294117647 0.6161363636363636 0.0811764705882353 0.029545454545454545
1 0.4111764705882353 0.9281818181818182 0.06823529411764706 0.034545454545454546
1 0.52 0.571590909090909 0.03529411764705882 0.031363636363636364
1 0.8402941176470589 0.8668181818181818 0.054705882352941174 0.034545454545454546
1 0.38176470588235295 0.6138636363636364 0.14470588235294118 0.03227272727272727
1 0.4976470588235294 0.5313636363636364 0.03411764705882353 0.026363636363636363
1 0.40088235294117647 0.4540909090909091 0.1864705882352941 0.035454545454545454
1 0.10588235294117647 0.6765909090909091 0.09294117647058824 0.03681818181818182
1 0.10735294117647058 0.4490909090909091 0.08764705882352941 0.03727272727272727
1 0.15705882352941178 0.9243181818181818 0.06588235294117648 0.03681818181818182
1 0.7764705882352941 0.73 0.03058823529411765 0.03272727272727273
1 0.32794117647058824 0.9261363636363636 0.06294117647058824 0.03409090909090909
1 0.15588235294117647 0.8570454545454546 0.058823529411764705 0.03409090909090909
1 0.7188235294117648 0.7722727272727272 0.06941176470588235 0.03090909090909091
1 0.10794117647058823 0.5204545454545455 0.06529411764705882 0.03636363636363636
1 0.6652941176470588 0.73 0.17294117647058824 0.03636363636363636
1 0.23941176470588235 0.9265909090909091 0.05411764705882353 0.03409090909090909
1 0.3997058823529412 0.7715909090909091 0.20058823529411765 0.030454545454545453
1 0.7564705882352941 0.9309090909090909 0.06352941176470588 0.03090909090909091
1 0.10970588235294118 0.36454545454545456 0.08764705882352941 0.03636363636363636
1 0.5729411764705883 0.7702272727272728 0.12823529411764706 0.03318181818181818
1 0.6547058823529411 0.415 0.13411764705882354 0.03363636363636364
1 0.6335294117647059 0.3729545454545454 0.13176470588235295 0.031363636363636364
1 0.4097058823529412 0.8622727272727273 0.05352941176470588 0.03363636363636364
1 0.585 0.9290909090909091 0.057058823529411766 0.031818181818181815
1 0.3938235294117647 0.5690909090909091 0.17705882352941177 0.03909090909090909
1 0.5902941176470589 0.5277272727272727 0.10764705882352942 0.031818181818181815
1 0.47794117647058826 0.6138636363636364 0.03235294117647059 0.03318181818181818
1 0.5905882352941176 0.8634090909090909 0.06705882352941177 0.03409090909090909
1 0.10764705882352942 0.4065909090909091 0.08941176470588236 0.03590909090909091
1 0.1 0.5672727272727273 0.07176470588235294 0.03636363636363636
1 0.6120588235294118 0.5713636363636364 0.11941176470588236 0.034545454545454546
1 0.5770588235294117 0.038863636363636364 0.12470588235294118 0.023181818181818182
1 0.6341176470588236 0.4627272727272727 0.03058823529411765 0.035454545454545454
1 0.7464705882352941 0.41704545454545455 0.03176470588235294 0.03227272727272727
1 0.5032352941176471 0.9286363636363636 0.0688235294117647 0.03363636363636364
1 0.8188235294117647 0.6877272727272727 0.07647058823529412 0.035454545454545454
1 0.678235294117647 0.8634090909090909 0.06823529411764706 0.03318181818181818
1 0.8070588235294117 0.3729545454545454 0.0976470588235294 0.029545454545454545
1 0.86 0.7318181818181818 0.10823529411764705 0.03363636363636364
1 0.10852941176470589 0.7629545454545454 0.09588235294117647 0.03681818181818182
1 0.11147058823529411 0.7204545454545455 0.10058823529411764 0.03727272727272727
1 0.7247058823529412 0.3775 0.03529411764705882 0.031363636363636364
1 0.5579411764705883 0.45545454545454545 0.10764705882352942 0.035454545454545454
1 0.6564705882352941 0.7715909090909091 0.03058823529411765 0.03409090909090909
1 0.5014705882352941 0.8636363636363636 0.061764705882352944 0.03272727272727273
1 0.8226470588235294 0.4188636363636364 0.10411764705882352 0.03227272727272727
1 0.4273529411764706 0.36818181818181817 0.24529411764705883 0.03363636363636364
1 0.43588235294117644 0.7279545454545454 0.27647058823529413 0.03318181818181818
1 0.09735294117647059 0.6068181818181818 0.0688235294117647 0.03727272727272727
1 0.6729411764705883 0.9297727272727273 0.06 0.03227272727272727
1 0.33147058823529413 0.8604545454545455 0.07352941176470588 0.034545454545454546
1 0.6914705882352942 0.46 0.07470588235294118 0.03272727272727273
1 0.7388235294117647 0.6918181818181818 0.04 0.035454545454545454
1 0.3044117647058823 0.035227272727272725 0.04411764705882353 0.019545454545454546
1 0.4379411764705882 0.4138636363636364 0.25941176470588234 0.035
1 0.6376470588235295 0.6886363636363636 0.15294117647058825 0.035454545454545454
1 0.24294117647058824 0.8604545454545455 0.04941176470588235 0.03363636363636364