1 0.5514705882352942 0.6806818181818182 0.11941176470588236 0.03409090909090909
1 0.40088235294117647 0.37136363636363634 0.21352941176470588 0.035454545454545454
1 0.7588235294117647 0.8638636363636364 0.04470588235294118 0.029545454545454545
1 0.8385294117647059 0.9288636363636363 0.054705882352941174 0.038636363636363635
1 0.5347058823529411 0.5747727272727273 0.03058823529411765 0.03409090909090909
1 0.41205882352941176 0.9261363636363636 0.054705882352941174 0.03772727272727273
1 0.5305882352941177 0.5272727272727272 0.08823529411764706 0.034545454545454546
1 0.8420588235294117 0.8636363636363636 0.05235294117647059 0.03727272727272727
1 0.35558823529411765 0.6213636363636363 0.11588235294117646 0.023636363636363636
1 0.6161764705882353 0.7809090909090909 0.05352941176470588 0.03
1 0.435 0.6227272727272727 0.02176470588235294 0.025454545454545455
1 0.6370588235294118 0.6775 0.03058823529411765 0.03681818181818182
1 0.42558823529411766 0.7347727272727272 0.25823529411764706 0.028636363636363637
1 0.4373529411764706 0.4152272727272727 0.2852941176470588 0.03227272727272727
1 0.07764705882352942 0.6806818181818182 0.06470588235294118 0.03681818181818182
1 0.0888235294117647 0.45886363636363636 0.06588235294117648 0.035
1 0.3876470588235294 0.6845454545454546 0.17176470588235293 0.03090909090909091
1 0.08176470588235295 0.3709090909090909 0.05411764705882353 0.025454545454545455
1 0.4923529411764706 0.7815909090909091 0.09294117647058824 0.031363636363636364
1 0.14558823529411766 0.9277272727272727 0.05 0.031818181818181815
1 0.7876470588235294 0.7270454545454546 0.03411764705882353 0.03409090909090909
1 0.32941176470588235 0.9256818181818182 0.06470588235294118 0.03772727272727273
1 0.15705882352941178 0.8565909090909091 0.05058823529411765 0.03681818181818182
1 0.6726470588235294 0.7302272727272727 0.17823529411764705 0.03590909090909091
1 0.4047058823529412 0.5770454545454545 0.20941176470588235 0.03590909090909091
1 0.07911764705882353 0.5268181818181819 0.0488235294117647 0.028181818181818183
1 0.2376470588235294 0.9256818181818182 0.05176470588235294 0.03681818181818182
1 0.36323529411764705 0.7779545454545455 0.13588235294117648 0.03590909090909091
1 0.7523529411764706 0.9290909090909091 0.05058823529411765 0.03909090909090909
1 0.7479411764705882 0.4143181818181818 0.2688235294117647 0.03590909090909091
1 0.6111764705882353 0.37227272727272726 0.17176470588235293 0.034545454545454546
1 0.41205882352941176 0.8579545454545454 0.05 0.03590909090909091
1 0.5820588235294117 0.9263636363636364 0.05588235294117647 0.03727272727272727
1 0.37411764705882355 0.5288636363636363 0.12705882352941175 0.035
1 0.518235294117647 0.4665909090909091 0.15764705882352942 0.019545454545454546
1 0.5635294117647058 0.7790909090909091 0.02823529411764706 0.03272727272727273
1 0.545 0.03954545454545454 0.07588235294117647 0.02181818181818182
1 0.4961764705882353 0.9286363636363636 0.045294117647058825 0.038181818181818185
1 0.6717647058823529 0.8629545454545454 0.058823529411764705 0.02772727272727273
1 0.8664705882352941 0.7297727272727272 0.10235294117647059 0.03590909090909091
1 0.3611764705882353 0.4640909090909091 0.13529411764705881 0.025454545454545455
1 0.08088235294117647 0.7668181818181818 0.06764705882352941 0.035454545454545454
1 0.07823529411764706 0.7238636363636364 0.06941176470588235 0.03590909090909091
1 0.4914705882352941 0.8588636363636364 0.045294117647058825 0.038636363636363635
1 0.0738235294117647 0.6102272727272727 0.051176470588235295 0.035
1 0.6679411764705883 0.9275 0.04764705882352941 0.03954545454545454
1 0.33029411764705885 0.8584090909090909 0.05823529411764706 0.03681818181818182
1 0.6194117647058823 0.5763636363636364 0.12352941176470589 0.034545454545454546
1 0.6973529411764706 0.6795454545454546 0.06411764705882353 0.03636363636363636
1 0.28205882352941175 0.03613636363636363 0.039411764705882354 0.02590909090909091
1 0.32823529411764707 0.0375 0.05176470588235294 0.022272727272727274
1 0.07911764705882353 0.4175 0.07470588235294118 0.035
1 0.07411764705882352 0.5727272727272728 0.05176470588235294 0.03
1 0.4602941176470588 0.5277272727272727 0.027647058823529413 0.028181818181818183
1 0.49529411764705883 0.6275 0.07411764705882352 0.02409090909090909
1 0.23823529411764705 0.8590909090909091 0.042352941176470586 0.031818181818181815
1 0.5829411764705882 0.8684090909090909 0.047058823529411764 0.03409090909090909