1 0.3635294117647059 0.6804545454545454 0.11764705882352941 0.03363636363636364
1 0.5605882352941176 0.6852272727272727 0.02588235294117647 0.031363636363636364
1 0.36 0.5279545454545455 0.12 0.03318181818181818
1 0.7514705882352941 0.8577272727272728 0.04058823529411765 0.04090909090909091
1 0.8444117647058823 0.9245454545454546 0.045294117647058825 0.031818181818181815
1 0.5555882352941176 0.62 0.07235294117647059 0.022727272727272728
1 0.4088235294117647 0.9238636363636363 0.04823529411764706 0.03772727272727273
1 0.47558823529411764 0.5238636363636363 0.08647058823529412 0.03318181818181818
1 0.3585294117647059 0.6177272727272727 0.12058823529411765 0.02181818181818182
1 0.48470588235294115 0.6861363636363637 0.10705882352941176 0.023181818181818182
1 0.5994117647058823 0.6872727272727273 0.047058823529411764 0.031818181818181815
1 0.38029411764705884 0.730909090909091 0.15588235294117647 0.023636363636363636
1 0.30176470588235293 0.02772727272727273 0.04 0.028181818181818183
1 0.39441176470588235 0.41613636363636364 0.18058823529411766 0.028636363636363637
1 0.0988235294117647 0.68 0.06588235294117648 0.03272727272727273
1 0.10617647058823529 0.3679545454545455 0.06411764705882353 0.03318181818181818
1 0.105 0.4490909090909091 0.06647058823529411 0.034545454545454546
1 0.5023529411764706 0.8563636363636363 0.05176470588235294 0.03636363636363636
1 0.54 0.7263636363636363 0.14 0.03272727272727273
1 0.1538235294117647 0.923409090909091 0.04764705882352941 0.03772727272727273
1 0.3211764705882353 0.9231818181818182 0.04470588235294118 0.03909090909090909
1 0.1526470588235294 0.8563636363636363 0.0488235294117647 0.038181818181818185
1 0.10735294117647058 0.5206818181818181 0.07 0.03409090909090909
1 0.6270588235294118 0.725909090909091 0.03058823529411765 0.031818181818181815
1 0.23647058823529413 0.9220454545454545 0.04352941176470588 0.03772727272727273
1 0.7529411764705882 0.9236363636363636 0.05411764705882353 0.038181818181818185
1 0.5738235294117647 0.4156818181818182 0.1676470588235294 0.025
1 0.4061764705882353 0.8579545454545454 0.04294117647058823 0.03772727272727273
1 0.5364705882352941 0.5279545454545455 0.024705882352941175 0.03227272727272727
1 0.4588235294117647 0.6175 0.07294117647058823 0.025
1 0.4776470588235294 0.4581818181818182 0.11411764705882353 0.02090909090909091
1 0.5797058823529412 0.86 0.039411764705882354 0.04181818181818182
1 0.10264705882352941 0.4068181818181818 0.06411764705882353 0.034545454545454546
1 0.10147058823529412 0.5659090909090909 0.07235294117647059 0.03363636363636364
1 0.6052941176470589 0.5722727272727273 0.024705882352941175 0.03
1 0.5347058823529411 0.37113636363636365 0.12823529411764706 0.03318181818181818
1 0.4964705882352941 0.9227272727272727 0.05176470588235294 0.03727272727272727
1 0.6647058823529411 0.8611363636363636 0.05058823529411765 0.03227272727272727
1 0.5561764705882353 0.03613636363636363 0.0888235294117647 0.017727272727272727
1 0.8379411764705882 0.8629545454545454 0.04176470588235294 0.042272727272727274
1 0.3602941176470588 0.4575 0.12058823529411765 0.023181818181818182
1 0.10176470588235294 0.7647727272727273 0.06588235294117648 0.03318181818181818
1 0.1 0.7240909090909091 0.06823529411764706 0.03363636363636364
1 0.6026470588235294 0.5252272727272728 0.08647058823529412 0.031363636363636364
1 0.37676470588235295 0.36863636363636365 0.14294117647058824 0.03727272727272727
1 0.10176470588235294 0.6054545454545455 0.07411764705882352 0.034545454545454546
1 0.5861764705882353 0.9231818181818182 0.0488235294117647 0.03909090909090909
1 0.3214705882352941 0.8529545454545454 0.04294117647058823 0.03681818181818182
1 0.6602941176470588 0.5720454545454545 0.09470588235294118 0.031363636363636364
1 0.37941176470588234 0.5731818181818182 0.16 0.026363636363636363
1 0.5267647058823529 0.5763636363636364 0.11823529411764706 0.02181818181818182
1 0.5105882352941177 0.625 0.02 0.022727272727272728
1 0.3526470588235294 0.7790909090909091 0.10529411764705883 0.02181818181818182
1 0.46 0.7797727272727273 0.09647058823529411 0.023181818181818182
1 0.5214705882352941 0.7820454545454546 0.017058823529411765 0.02772727272727273
1 0.5579411764705883 0.7793181818181818 0.04764705882352941 0.022272727272727274
1 0.6755882352941176 0.7370454545454546 0.05352941176470588 0.022272727272727274
1 0.2373529411764706 0.8663636363636363 0.04647058823529412 0.023636363636363636
1 0.6697058823529412 0.9222727272727272 0.054705882352941174 0.031818181818181815