1 0.3688235294117647 0.6820454545454545 0.13294117647058823 0.03590909090909091
1 0.7511764705882353 0.86 0.05058823529411765 0.03727272727272727
1 0.8414705882352941 0.93 0.051176470588235295 0.038181818181818185
1 0.4082352941176471 0.9270454545454545 0.04941176470588235 0.03681818181818182
1 0.8358823529411765 0.8625 0.05058823529411765 0.03772727272727273
1 0.36911764705882355 0.5706818181818182 0.12411764705882353 0.03590909090909091
1 0.6694117647058824 0.8586363636363636 0.05411764705882353 0.03727272727272727
1 0.32 0.024772727272727273 0.04352941176470588 0.030454545454545453
1 0.7444117647058823 0.4122727272727273 0.03705882352941176 0.03363636363636364
1 0.42176470588235293 0.4106818181818182 0.23294117647058823 0.031363636363636364
1 0.10029411764705883 0.6806818181818182 0.08411764705882353 0.041363636363636366
1 0.10735294117647058 0.3654545454545455 0.09352941176470589 0.03636363636363636
1 0.09558823529411764 0.45454545454545453 0.07705882352941176 0.03727272727272727
1 0.4752941176470588 0.7738636363636363 0.04588235294117647 0.03318181818181818
1 0.5570588235294117 0.7277272727272728 0.08235294117647059 0.031818181818181815
1 0.1514705882352941 0.9272727272727272 0.05823529411764706 0.038181818181818185
1 0.3235294117647059 0.9270454545454545 0.05529411764705883 0.03681818181818182
1 0.14588235294117646 0.8568181818181818 0.04823529411764706 0.038181818181818185
1 0.47705882352941176 0.5275 0.17176470588235293 0.02772727272727273
1 0.09941176470588235 0.5218181818181818 0.07647058823529412 0.03727272727272727
1 0.6241176470588236 0.725 0.03058823529411765 0.03363636363636364
1 0.23823529411764705 0.9252272727272727 0.05411764705882353 0.03772727272727273
1 0.40352941176470586 0.7277272727272728 0.20470588235294118 0.03090909090909091
1 0.7526470588235294 0.9293181818181818 0.05235294117647059 0.038636363636363635
1 0.625 0.4118181818181818 0.1723529411764706 0.03272727272727273
1 0.5167647058823529 0.3704545454545455 0.10647058823529412 0.034545454545454546
1 0.4123529411764706 0.860909090909091 0.05529411764705883 0.04
1 0.5864705882352941 0.9275 0.052941176470588235 0.03681818181818182
1 0.09735294117647059 0.5663636363636364 0.07823529411764706 0.038181818181818185
1 0.3452941176470588 0.5252272727272728 0.0976470588235294 0.035
1 0.5494117647058824 0.5713636363636364 0.21176470588235294 0.031818181818181815
1 0.4764705882352941 0.45431818181818184 0.07529411764705882 0.035
1 0.5755882352941176 0.8618181818181818 0.04058823529411765 0.03727272727272727
1 0.10235294117647059 0.4052272727272727 0.08823529411764706 0.03681818181818182
1 0.6047058823529412 0.032045454545454544 0.1376470588235294 0.03318181818181818
1 0.6020588235294118 0.37068181818181817 0.039411764705882354 0.03318181818181818
1 0.4964705882352941 0.9293181818181818 0.06352941176470588 0.03772727272727273
1 0.37029411764705883 0.4527272727272727 0.13117647058823528 0.034545454545454546
1 0.10735294117647058 0.7675 0.08411764705882353 0.03681818181818182
1 0.10323529411764706 0.725 0.09235294117647058 0.038181818181818185
1 0.5252941176470588 0.4540909090909091 0.02823529411764706 0.035454545454545454
1 0.4961764705882353 0.8606818181818182 0.0488235294117647 0.03681818181818182
1 0.5555882352941176 0.6859090909090909 0.033529411764705884 0.03090909090909091
1 0.37588235294117645 0.3668181818181818 0.15529411764705883 0.03363636363636364
1 0.4929411764705882 0.6845454545454546 0.07411764705882352 0.03363636363636364
1 0.09382352941176471 0.6129545454545454 0.07352941176470588 0.03772727272727273
1 0.6623529411764706 0.9275 0.04823529411764706 0.038636363636363635
1 0.3247058823529412 0.8593181818181819 0.05647058823529412 0.03772727272727273
1 0.34058823529411764 0.6143181818181818 0.07529411764705882 0.03590909090909091
1 0.4526470588235294 0.615909090909091 0.14058823529411765 0.03272727272727273
1 0.375 0.7704545454545455 0.1511764705882353 0.03090909090909091
1 0.5194117647058824 0.7790909090909091 0.03294117647058824 0.031818181818181815
1 0.23676470588235293 0.86 0.05 0.03363636363636364
1 0.6647058823529411 0.37113636363636365 0.08823529411764706 0.03772727272727273
1 0.816764705882353 0.4118181818181818 0.10764705882352942 0.03727272727272727
1 0.5611764705882353 0.45340909090909093 0.04823529411764706 0.035
1 0.6179411764705882 0.6865909090909091 0.09117647058823529 0.03590909090909091
1 0.7179411764705882 0.7286363636363636 0.1264705882352941 0.042727272727272725
1 0.566764705882353 0.7695454545454545 0.0711764705882353 0.04181818181818182