1 0.11088235294117647 0.40386363636363637 0.11823529411764706 0.03590909090909091
1 0.8182352941176471 0.7706818181818181 0.09529411764705882 0.03681818181818182
1 0.7576470588235295 0.5636363636363636 0.24352941176470588 0.04
1 0.41823529411764704 0.6075 0.22588235294117648 0.03590909090909091
1 0.3135294117647059 0.024772727272727273 0.04352941176470588 0.029545454545454545
1 0.8405882352941176 0.4075 0.036470588235294116 0.03409090909090909
1 0.10852941176470589 0.6788636363636363 0.09588235294117647 0.03681818181818182
1 0.11088235294117647 0.44522727272727275 0.1111764705882353 0.03772727272727273
1 0.09911764705882353 0.3613636363636364 0.09352941176470589 0.03727272727272727
1 0.655 0.6084090909090909 0.19823529411764707 0.03409090909090909
1 0.10911764705882353 0.7231818181818181 0.10764705882352942 0.03727272727272727
1 0.4361764705882353 0.4059090909090909 0.2723529411764706 0.034545454545454546
1 0.10676470588235294 0.5188636363636364 0.08764705882352941 0.041363636363636366
1 0.415 0.7672727272727272 0.22647058823529412 0.03727272727272727
1 0.7488235294117647 0.7711363636363636 0.03411764705882353 0.03772727272727273
1 0.7082352941176471 0.3665909090909091 0.041176470588235294 0.03318181818181818
1 0.5970588235294118 0.36272727272727273 0.16 0.03636363636363636
1 0.6314705882352941 0.7656818181818181 0.15823529411764706 0.03954545454545454
1 0.46058823529411763 0.5640909090909091 0.31411764705882356 0.04
1 0.6076470588235294 0.45295454545454544 0.029411764705882353 0.03318181818181818
1 0.1038235294117647 0.5609090909090909 0.09117647058823529 0.038181818181818185
1 0.6982352941176471 0.4072727272727273 0.22588235294117648 0.03363636363636364
1 0.9155882352941176 0.7195454545454546 0.07352941176470588 0.04181818181818182
1 0.7261764705882353 0.7211363636363637 0.17352941176470588 0.041363636363636366
1 0.8061764705882353 0.3654545454545455 0.12764705882352942 0.03636363636363636
1 0.3664705882352941 0.4481818181818182 0.12941176470588237 0.03636363636363636
1 0.1111764705882353 0.7647727272727273 0.10941176470588235 0.038636363636363635
1 0.5102941176470588 0.4506818181818182 0.13823529411764707 0.03409090909090909
1 0.9302941176470588 0.4047727272727273 0.13588235294117648 0.03590909090909091
1 0.10647058823529412 0.6045454545454545 0.09176470588235294 0.038181818181818185
1 0.46205882352941174 0.72 0.3205882352941177 0.04
1 0.3952941176470588 0.3609090909090909 0.17294117647058824 0.038181818181818185
1 0.6988235294117647 0.44977272727272727 0.12823529411764706 0.03409090909090909
1 0.5794117647058824 0.03 0.12588235294117647 0.025454545454545455
1 0.8488235294117648 0.7175 0.05647058823529412 0.042272727272727274