1 0.40911764705882353 0.6870454545454545 0.17588235294117646 0.042272727272727274
1 0.5905882352941176 0.6911363636363637 0.12823529411764706 0.03409090909090909
1 0.7594117647058823 0.8631818181818182 0.0611764705882353 0.04
1 0.8447058823529412 0.9279545454545455 0.06235294117647059 0.04045454545454545
1 0.415 0.9261363636363636 0.054705882352941174 0.041363636363636366
1 0.8505882352941176 0.8625 0.07176470588235294 0.042272727272727274
1 0.3497058823529412 0.6227272727272727 0.10058823529411764 0.034545454545454546
1 0.44 0.41045454545454546 0.2541176470588235 0.04
1 0.6355882352941177 0.7790909090909091 0.07588235294117647 0.02909090909090909
1 0.42823529411764705 0.7279545454545454 0.24235294117647058 0.041363636363636366
1 0.115 0.678409090909091 0.09470588235294118 0.03772727272727273
1 0.10882352941176471 0.45204545454545453 0.10705882352941176 0.03954545454545454
1 0.11705882352941177 0.3659090909090909 0.09529411764705882 0.03636363636363636
1 0.15411764705882353 0.9229545454545455 0.05529411764705883 0.042272727272727274
1 0.7814705882352941 0.7329545454545454 0.03705882352941176 0.035
1 0.3285294117647059 0.9236363636363636 0.06411764705882353 0.04181818181818182
1 0.15676470588235294 0.8595454545454545 0.061764705882352944 0.04363636363636364
1 0.5335294117647059 0.4552272727272727 0.10352941176470588 0.04045454545454545
1 0.3847058823529412 0.5306818181818181 0.11411764705882353 0.038636363636363635
1 0.12411764705882353 0.5270454545454546 0.05764705882352941 0.035
1 0.6570588235294118 0.7288636363636364 0.19411764705882353 0.03954545454545454
1 0.23941176470588235 0.8570454545454546 0.05411764705882353 0.04045454545454545
1 0.24558823529411763 0.9220454545454545 0.06529411764705882 0.04045454545454545
1 0.37411764705882355 0.7745454545454545 0.15529411764705883 0.04454545454545455
1 0.7608823529411765 0.93 0.0688235294117647 0.04090909090909091
1 0.29676470588235293 0.03613636363636363 0.04176470588235294 0.02590909090909091
1 0.513235294117647 0.7727272727272727 0.10176470588235294 0.03727272727272727
1 0.6773529411764706 0.4159090909090909 0.19705882352941176 0.04
1 0.42205882352941176 0.8577272727272728 0.05941176470588235 0.04
1 0.5888235294117647 0.9243181818181818 0.06235294117647059 0.04045454545454545
1 0.11911764705882352 0.6104545454545455 0.05823529411764706 0.03727272727272727
1 0.40558823529411764 0.5702272727272727 0.18529411764705883 0.04045454545454545
1 0.5932352941176471 0.8597727272727272 0.06529411764705882 0.03954545454545454
1 0.11176470588235295 0.4068181818181818 0.10352941176470588 0.03636363636363636
1 0.12117647058823529 0.5679545454545455 0.06470588235294118 0.038636363636363635
1 0.5755882352941176 0.038636363636363635 0.11235294117647059 0.022727272727272728
1 0.5008823529411764 0.9272727272727272 0.05823529411764706 0.04
1 0.6761764705882353 0.8593181818181819 0.05941176470588235 0.038636363636363635
1 0.5279411764705882 0.37272727272727274 0.10647058823529412 0.035454545454545454
1 0.8641176470588235 0.7284090909090909 0.11411764705882353 0.03590909090909091
1 0.37970588235294117 0.4561363636363636 0.15470588235294117 0.04318181818181818
1 0.12 0.7634090909090909 0.10705882352941176 0.038636363636363635
1 0.1223529411764706 0.7231818181818181 0.1011764705882353 0.038181818181818185
1 0.5047058823529412 0.8584090909090909 0.058823529411764705 0.03954545454545454
1 0.39176470588235296 0.3684090909090909 0.15764705882352942 0.04045454545454545
1 0.6685294117647059 0.9259090909090909 0.05941176470588235 0.04181818181818182
1 0.33147058823529413 0.8575 0.06294117647058824 0.041363636363636366
1 0.7535294117647059 0.6920454545454545 0.10588235294117647 0.03409090909090909
1 0.5761764705882353 0.7854545454545454 0.02411764705882353 0.02727272727272727
1 0.6776470588235294 0.6968181818181818 0.03058823529411765 0.026363636363636363