1 0.7635294117647059 0.8606818181818182 0.08 0.03772727272727273
1 0.8479411764705882 0.9275 0.0688235294117647 0.04045454545454545
1 0.41558823529411765 0.9252272727272727 0.07705882352941176 0.04045454545454545
1 0.11058823529411765 0.5188636363636364 0.10235294117647059 0.038636363636363635
1 0.37588235294117645 0.610909090909091 0.1411764705882353 0.035454545454545454
1 0.39323529411764707 0.44977272727272727 0.17 0.03772727272727273
1 0.36264705882352943 0.7268181818181818 0.12529411764705883 0.03727272727272727
1 0.3214705882352941 0.03318181818181818 0.039411764705882354 0.026363636363636363
1 0.43970588235294117 0.41295454545454546 0.26529411764705885 0.03681818181818182
1 0.10088235294117646 0.6790909090909091 0.04058823529411765 0.03727272727272727
1 0.6594117647058824 0.5261363636363636 0.12470588235294118 0.03681818181818182
1 0.09294117647058824 0.4461363636363636 0.07176470588235294 0.03590909090909091
1 0.15970588235294117 0.9218181818181819 0.07352941176470588 0.04
1 0.3226470588235294 0.9270454545454545 0.05941176470588235 0.03772727272727273
1 0.16 0.8540909090909091 0.06941176470588235 0.03909090909090909
1 0.43588235294117644 0.5202272727272728 0.26941176470588235 0.03954545454545454
1 0.2361764705882353 0.9231818181818182 0.060588235294117644 0.038181818181818185
1 0.34794117647058825 0.7702272727272728 0.09235294117647058 0.035
1 0.7611764705882353 0.9288636363636363 0.07058823529411765 0.03772727272727273
1 0.1011764705882353 0.3668181818181818 0.07882352941176471 0.034545454545454546
1 0.6747058823529412 0.4147727272727273 0.14705882352941177 0.03772727272727273
1 0.41411764705882353 0.8579545454545454 0.06 0.03772727272727273
1 0.59 0.9259090909090909 0.06588235294117648 0.03727272727272727
1 0.3594117647058824 0.6793181818181818 0.11411764705882353 0.03772727272727273
1 0.42823529411764705 0.565 0.23529411764705882 0.038181818181818185
1 0.5855882352941176 0.8579545454545454 0.061764705882352944 0.038636363636363635
1 0.09470588235294118 0.4040909090909091 0.0811764705882353 0.035454545454545454
1 0.11 0.5634090909090909 0.09294117647058824 0.03590909090909091
1 0.576764705882353 0.04 0.11352941176470588 0.022727272727272728
1 0.4970588235294118 0.9268181818181818 0.06705882352941177 0.038181818181818185
1 0.8470588235294118 0.865 0.06588235294117648 0.03636363636363636
1 0.6702941176470588 0.8581818181818182 0.060588235294117644 0.038181818181818185
1 0.11058823529411765 0.7606818181818182 0.04 0.03772727272727273
1 0.24294117647058824 0.8554545454545455 0.06352941176470588 0.04
1 0.6676470588235294 0.37613636363636366 0.15176470588235294 0.03681818181818182
1 0.5547058823529412 0.4531818181818182 0.09294117647058824 0.03272727272727273
1 0.4938235294117647 0.8597727272727272 0.05941176470588235 0.03681818181818182
1 0.42764705882352944 0.3675 0.2411764705882353 0.03954545454545454
1 0.4985294117647059 0.6145454545454545 0.07823529411764706 0.03272727272727273
1 0.10029411764705883 0.6061363636363636 0.07 0.03772727272727273
1 0.673235294117647 0.9265909090909091 0.06647058823529411 0.03772727272727273
1 0.32941176470588235 0.8565909090909091 0.06941176470588235 0.041363636363636366
1 0.6311764705882353 0.5713636363636364 0.11764705882352941 0.035454545454545454
1 0.10764705882352942 0.7240909090909091 0.03882352941176471 0.035454545454545454