1 0.4108823529411765 0.4122727272727273 0.22764705882352942 0.03727272727272727
1 0.6964705882352941 0.7277272727272728 0.2011764705882353 0.045454545454545456
1 0.3788235294117647 0.615 0.16117647058823528 0.04454545454545455
1 0.09676470588235295 0.6815909090909091 0.08294117647058824 0.03772727272727273
1 0.09441176470588235 0.45181818181818184 0.08176470588235295 0.04454545454545455
1 0.69 0.5686363636363636 0.1811764705882353 0.03909090909090909
1 0.8058823529411765 0.5720454545454545 0.036470588235294116 0.03409090909090909
1 0.3814705882352941 0.7759090909090909 0.17588235294117646 0.034545454545454546
1 0.09852941176470588 0.7270454545454546 0.09 0.03772727272727273
1 0.09205882352941176 0.5213636363636364 0.07470588235294118 0.03636363636363636
1 0.6735294117647059 0.6202272727272727 0.0811764705882353 0.03227272727272727
1 0.1011764705882353 0.36477272727272725 0.09176470588235294 0.03681818181818182
1 0.6908823529411765 0.4565909090909091 0.0711764705882353 0.038636363636363635
1 0.4423529411764706 0.5713636363636364 0.2847058823529412 0.04181818181818182
1 0.10088235294117646 0.40636363636363637 0.09470588235294118 0.042727272727272725
1 0.09058823529411765 0.5659090909090909 0.07647058823529412 0.035454545454545454
1 0.62 0.46045454545454545 0.03764705882352941 0.04454545454545455
1 0.545 0.03772727272727273 0.09470588235294118 0.02909090909090909
1 0.8320588235294117 0.4172727272727273 0.08529411764705883 0.04
1 0.5329411764705883 0.7747727272727273 0.10823529411764705 0.03318181818181818
1 0.8847058823529412 0.5731818181818182 0.10235294117647059 0.038181818181818185
1 0.38 0.4581818181818182 0.17411764705882352 0.038181818181818185
1 0.09794117647058824 0.7688636363636364 0.08647058823529412 0.03772727272727273
1 0.5347058823529411 0.45704545454545453 0.12470588235294118 0.042272727272727274
1 0.6123529411764705 0.6222727272727273 0.03529411764705882 0.04090909090909091
1 0.5329411764705883 0.6188636363636364 0.12823529411764706 0.04409090909090909
1 0.0888235294117647 0.6056818181818182 0.07647058823529412 0.03590909090909091
1 0.6461764705882352 0.4125 0.22647058823529412 0.04409090909090909
1 0.4420588235294118 0.7265909090909091 0.2876470588235294 0.045909090909090906
1 0.28852941176470587 0.034545454545454546 0.04764705882352941 0.03
1 0.7761764705882352 0.4127272727272727 0.04176470588235294 0.04363636363636364