1 0.4258823529411765 0.6197727272727273 0.04823529411764706 0.02590909090909091
1 0.7588235294117647 0.8613636363636363 0.05764705882352941 0.03909090909090909
1 0.8538235294117648 0.9263636363636364 0.07588235294117647 0.04181818181818182
1 0.5708823529411765 0.7327272727272728 0.12176470588235294 0.034545454545454546
1 0.40705882352941175 0.9261363636363636 0.05529411764705883 0.03954545454545454
1 0.49970588235294117 0.53 0.05235294117647059 0.03636363636363636
1 0.35823529411764704 0.5775 0.1223529411764706 0.02409090909090909
1 0.44823529411764707 0.5368181818181819 0.03294117647058824 0.035454545454545454
1 0.3791176470588235 0.4147727272727273 0.16058823529411764 0.030454545454545453
1 0.6455882352941177 0.6979545454545455 0.03 0.035
1 0.3997058823529412 0.7306818181818182 0.20176470588235293 0.031363636363636364
1 0.11794117647058823 0.6836363636363636 0.07235294117647059 0.034545454545454546
1 0.3938235294117647 0.6877272727272727 0.1923529411764706 0.03090909090909091
1 0.7085294117647059 0.6888636363636363 0.07941176470588235 0.03681818181818182
1 0.10764705882352942 0.36227272727272725 0.06705882352941177 0.03636363636363636
1 0.10588235294117647 0.4484090909090909 0.07411764705882352 0.03681818181818182
1 0.47823529411764704 0.7790909090909091 0.0811764705882353 0.031818181818181815
1 0.1564705882352941 0.9236363636363636 0.06235294117647059 0.042727272727272725
1 0.7211764705882353 0.735 0.10352941176470588 0.034545454545454546
1 0.33029411764705885 0.923409090909091 0.06647058823529411 0.04045454545454545
1 0.15176470588235294 0.8552272727272727 0.05647058823529412 0.042272727272727274
1 0.10911764705882353 0.5222727272727272 0.06294117647058824 0.03636363636363636
1 0.65 0.7363636363636363 0.02823529411764706 0.035454545454545454
1 0.24441176470588236 0.8554545454545455 0.054705882352941174 0.04090909090909091
1 0.24941176470588236 0.9215909090909091 0.06941176470588235 0.041363636363636366
1 0.36176470588235293 0.7763636363636364 0.13294117647058823 0.026363636363636363
1 0.7664705882352941 0.9281818181818182 0.07529411764705882 0.042727272727272725
1 0.5364705882352941 0.7779545454545455 0.027058823529411764 0.03227272727272727
1 0.5820588235294117 0.3693181818181818 0.19117647058823528 0.03772727272727273
1 0.5702941176470588 0.4138636363636364 0.19 0.03772727272727273
1 0.41852941176470587 0.8572727272727273 0.061764705882352944 0.04090909090909091
1 0.5911764705882353 0.9272727272727272 0.07176470588235294 0.04
1 0.4835294117647059 0.5761363636363637 0.06470588235294118 0.031363636363636364
1 0.5902941176470589 0.8575 0.06411764705882353 0.04045454545454545
1 0.1011764705882353 0.4031818181818182 0.06588235294117648 0.03636363636363636
1 0.1111764705882353 0.5652272727272727 0.06235294117647059 0.035
1 0.56 0.03840909090909091 0.08823529411764706 0.022272727272727274
1 0.5047058823529412 0.9268181818181818 0.07411764705882352 0.04090909090909091
1 0.8432352941176471 0.8636363636363636 0.06294117647058824 0.04
1 0.6820588235294117 0.8615909090909091 0.0711764705882353 0.038636363636363635
1 0.36558823529411766 0.5270454545454546 0.13352941176470587 0.042272727272727274
1 0.11 0.7647727272727273 0.06823529411764706 0.035
1 0.11382352941176471 0.7229545454545454 0.06764705882352941 0.035
1 0.5020588235294118 0.4640909090909091 0.1264705882352941 0.02727272727272727
1 0.5076470588235295 0.8590909090909091 0.06588235294117648 0.03909090909090909
1 0.5664705882352942 0.6888636363636363 0.12117647058823529 0.03318181818181818
1 0.39323529411764707 0.36818181818181817 0.17941176470588235 0.038181818181818185
1 0.11235294117647059 0.6075 0.06235294117647059 0.03772727272727273
1 0.6817647058823529 0.9272727272727272 0.07294117647058823 0.04090909090909091
1 0.3285294117647059 0.8572727272727273 0.05941176470588235 0.04
1 0.30323529411764705 0.03318181818181818 0.03823529411764706 0.02181818181818182
1 0.3638235294117647 0.4615909090909091 0.13352941176470587 0.030454545454545453
1 0.43676470588235294 0.5781818181818181 0.028823529411764706 0.02909090909090909
1 0.3347058823529412 0.6197727272727273 0.07882352941176471 0.026818181818181817
1 0.3897058823529412 0.6227272727272727 0.02176470588235294 0.024545454545454544
1 0.5829411764705882 0.7806818181818181 0.06235294117647059 0.025