1 0.45794117647058824 0.7286363636363636 0.3064705882352941 0.03727272727272727
1 0.7702941176470588 0.8597727272727272 0.07 0.049545454545454545
1 0.8561764705882353 0.9256818181818182 0.0711764705882353 0.041363636363636366
1 0.5617647058823529 0.5686363636363636 0.21529411764705883 0.034545454545454546
1 0.4173529411764706 0.9259090909090909 0.05352941176470588 0.04
1 0.8520588235294118 0.8586363636363636 0.0688235294117647 0.04181818181818182
1 0.34794117647058825 0.6170454545454546 0.09352941176470589 0.03409090909090909
1 0.71 0.525 0.07176470588235294 0.03272727272727273
1 0.3685294117647059 0.4113636363636364 0.1264705882352941 0.038181818181818185
1 0.10852941176470589 0.6843181818181818 0.06411764705882353 0.03590909090909091
1 0.4447058823529412 0.6872727272727273 0.2788235294117647 0.04363636363636364
1 0.10352941176470588 0.45590909090909093 0.07176470588235294 0.038181818181818185
1 0.17205882352941176 0.9263636363636364 0.07 0.04
1 0.3323529411764706 0.928409090909091 0.06 0.03772727272727273
1 0.16294117647058823 0.8611363636363636 0.05647058823529412 0.03772727272727273
1 0.37 0.5711363636363637 0.13176470588235295 0.045
1 0.10558823529411765 0.4131818181818182 0.08294117647058824 0.03909090909090909
1 0.6052941176470589 0.6120454545454546 0.06941176470588235 0.031363636363636364
1 0.2564705882352941 0.8606818181818182 0.06705882352941177 0.03954545454545454
1 0.24911764705882353 0.9311363636363637 0.061764705882352944 0.04318181818181818
1 0.3876470588235294 0.774090909090909 0.16470588235294117 0.03272727272727273
1 0.7717647058823529 0.9315909090909091 0.07529411764705882 0.04681818181818182
1 0.2988235294117647 0.038636363636363635 0.041176470588235294 0.02181818181818182
1 0.5305882352941177 0.4109090909090909 0.1811764705882353 0.042727272727272725
1 0.4167647058823529 0.8606818181818182 0.06411764705882353 0.04409090909090909
1 0.36911764705882355 0.5281818181818182 0.1323529411764706 0.04090909090909091
1 0.5235294117647059 0.5234090909090909 0.15294117647058825 0.038636363636363635
1 0.46588235294117647 0.615909090909091 0.13647058823529412 0.03363636363636364
1 0.465 0.45022727272727275 0.11588235294117646 0.03590909090909091
1 0.10852941176470589 0.37136363636363634 0.07705882352941176 0.035454545454545454
1 0.09588235294117647 0.5270454545454546 0.06705882352941177 0.03409090909090909
1 0.5573529411764706 0.038636363636363635 0.11235294117647059 0.02181818181818182
1 0.7847058823529411 0.5677272727272727 0.10352941176470588 0.03636363636363636
1 0.5202941176470588 0.9275 0.07941176470588235 0.041363636363636366
1 0.6855882352941176 0.8625 0.07235294117647059 0.04409090909090909
1 0.355 0.4511363636363636 0.09823529411764706 0.03681818181818182
1 0.10323529411764706 0.7670454545454546 0.060588235294117644 0.03409090909090909
1 0.10294117647058823 0.7311363636363636 0.06470588235294118 0.03409090909090909
1 0.5997058823529412 0.8611363636363636 0.07 0.04318181818181818
1 0.5147058823529411 0.8604545454545455 0.07529411764705882 0.04454545454545455
1 0.643235294117647 0.5354545454545454 0.03588235294117647 0.04181818181818182
1 0.365 0.36954545454545457 0.12529411764705883 0.038181818181818185
1 0.10176470588235294 0.6129545454545454 0.06235294117647059 0.03590909090909091
1 0.5979411764705882 0.9290909090909091 0.06764705882352941 0.03909090909090909
1 0.5123529411764706 0.36727272727272725 0.14 0.038181818181818185
1 0.33794117647058824 0.8629545454545454 0.06529411764705882 0.045909090909090906
1 0.09823529411764706 0.5702272727272727 0.06823529411764706 0.03227272727272727
1 0.7091176470588235 0.5670454545454545 0.039411764705882354 0.038636363636363635
1 0.5538235294117647 0.6234090909090909 0.022941176470588236 0.028636363636363637
1 0.6882352941176471 0.9265909090909091 0.0811764705882353 0.04409090909090909
1 0.9502941176470588 0.02409090909090909 0.028823529411764706 0.03272727272727273