1 0.4638235294117647 0.6852272727272727 0.32529411764705884 0.03772727272727273
1 0.768235294117647 0.8568181818181818 0.06705882352941177 0.04181818181818182
1 0.8538235294117648 0.9240909090909091 0.07235294117647059 0.03909090909090909
1 0.6444117647058824 0.5725 0.18294117647058825 0.03590909090909091
1 0.42323529411764704 0.9261363636363636 0.06529411764705882 0.038636363636363635
1 0.8620588235294118 0.8579545454545454 0.0711764705882353 0.042272727272727274
1 0.3673529411764706 0.6145454545454545 0.13823529411764707 0.03727272727272727
1 0.6355882352941177 0.7715909090909091 0.033529411764705884 0.035
1 0.7388235294117647 0.6840909090909091 0.2011764705882353 0.035454545454545454
1 0.43823529411764706 0.7297727272727272 0.26235294117647057 0.029545454545454545
1 0.8120588235294117 0.5320454545454546 0.03705882352941176 0.03227272727272727
1 0.12470588235294118 0.685 0.11411764705882353 0.03090909090909091
1 0.8844117647058823 0.5275 0.09352941176470589 0.03409090909090909
1 0.765 0.576590909090909 0.03470588235294118 0.03227272727272727
1 0.12176470588235294 0.45636363636363636 0.08823529411764706 0.038181818181818185
1 0.5285294117647059 0.7686363636363637 0.09941176470588235 0.034545454545454546
1 0.6558823529411765 0.73 0.15411764705882353 0.026363636363636363
1 0.1673529411764706 0.9245454545454546 0.07352941176470588 0.04
1 0.8570588235294118 0.575 0.1376470588235294 0.03
1 0.33647058823529413 0.9247727272727273 0.06470588235294118 0.03772727272727273
1 0.16794117647058823 0.8575 0.07470588235294118 0.03954545454545454
1 0.7552941176470588 0.7318181818181818 0.03294117647058824 0.03090909090909091
1 0.43676470588235294 0.5252272727272728 0.2570588235294118 0.03772727272727273
1 0.11029411764705882 0.5245454545454545 0.09705882352941177 0.03636363636363636
1 0.88 0.3643181818181818 0.07882352941176471 0.03409090909090909
1 0.24970588235294117 0.8584090909090909 0.06764705882352941 0.03954545454545454
1 0.683235294117647 0.5277272727272727 0.2076470588235294 0.034545454545454546
1 0.24588235294117647 0.9254545454545454 0.06 0.03909090909090909
1 0.39794117647058824 0.769090909090909 0.14294117647058824 0.035454545454545454
1 0.7667647058823529 0.9245454545454546 0.07 0.038181818181818185
1 0.12705882352941175 0.3665909090909091 0.08941176470588236 0.03590909090909091
1 0.7091176470588235 0.4131818181818182 0.19588235294117648 0.03909090909090909
1 0.6702941176470588 0.3668181818181818 0.23352941176470587 0.03909090909090909
1 0.4223529411764706 0.8590909090909091 0.07294117647058823 0.038181818181818185
1 0.591764705882353 0.9231818181818182 0.06823529411764706 0.04
1 0.4235294117647059 0.5704545454545454 0.2376470588235294 0.03636363636363636
1 0.5885294117647059 0.8586363636363636 0.06529411764705882 0.04090909090909091
1 0.12205882352941176 0.4106818181818182 0.10176470588235294 0.04045454545454545
1 0.6688235294117647 0.4565909090909091 0.036470588235294116 0.03409090909090909
1 0.826764705882353 0.41545454545454547 0.03705882352941176 0.035454545454545454
1 0.8329411764705882 0.73 0.11294117647058824 0.03090909090909091
1 0.5126470588235295 0.9247727272727273 0.07235294117647059 0.038636363636363635
1 0.9114705882352941 0.6854545454545454 0.07941176470588235 0.03636363636363636
1 0.6805882352941176 0.8593181818181819 0.07294117647058823 0.03772727272727273
1 0.816764705882353 0.3715909090909091 0.03705882352941176 0.03227272727272727
1 0.40588235294117647 0.45386363636363636 0.1976470588235294 0.029545454545454545
1 0.11088235294117647 0.7734090909090909 0.08058823529411764 0.030454545454545453
1 0.1111764705882353 0.7284090909090909 0.08588235294117647 0.02772727272727273
1 0.57 0.4572727272727273 0.12 0.03636363636363636
1 0.5105882352941177 0.8577272727272728 0.07176470588235294 0.04
1 0.8967647058823529 0.4122727272727273 0.08294117647058824 0.03636363636363636
1 0.6094117647058823 0.6206818181818182 0.03058823529411765 0.030454545454545453
1 0.415 0.3654545454545455 0.21941176470588236 0.03727272727272727
1 0.10588235294117647 0.6154545454545455 0.0811764705882353 0.02909090909090909
1 0.678235294117647 0.9236363636363636 0.06470588235294118 0.03909090909090909
1 0.33647058823529413 0.8588636363636364 0.07176470588235294 0.03772727272727273
1 0.45029411764705884 0.4113636363636364 0.29352941176470587 0.031818181818181815
1 0.31088235294117644 0.034772727272727275 0.045294117647058825 0.02409090909090909
1 0.5626470588235294 0.03568181818181818 0.14529411764705882 0.02590909090909091
1 0.5188235294117647 0.6143181818181818 0.11176470588235295 0.03772727272727273
1 0.6626470588235294 0.6172727272727273 0.06294117647058824 0.026363636363636363
1 0.7094117647058824 0.7704545454545455 0.06705882352941177 0.03090909090909091
1 0.10735294117647058 0.5704545454545454 0.09352941176470589 0.03363636363636364
1 0.8552941176470589 0.6861363636363637 0.018823529411764704 0.03227272727272727