1 0.3638235294117647 0.7265909090909091 0.13941176470588235 0.04045454545454545
1 0.46441176470588236 0.4118181818181818 0.34411764705882353 0.04181818181818182
1 0.7585294117647059 0.86 0.06647058823529411 0.04090909090909091
1 0.8532352941176471 0.9270454545454545 0.07 0.04318181818181818
1 0.4158823529411765 0.9272727272727272 0.06823529411764706 0.03636363636363636
1 0.8541176470588235 0.8593181818181819 0.07647058823529412 0.042272727272727274
1 0.39 0.6122727272727273 0.1952941176470588 0.04363636363636364
1 0.4082352941176471 0.45704545454545453 0.21294117647058824 0.03590909090909091
1 0.10176470588235294 0.6829545454545455 0.09176470588235294 0.03590909090909091
1 0.125 0.3643181818181818 0.07588235294117647 0.038636363636363635
1 0.12058823529411765 0.4531818181818182 0.08823529411764706 0.038181818181818185
1 0.4573529411764706 0.7718181818181818 0.11823529411764706 0.04
1 0.15705882352941178 0.9268181818181818 0.06588235294117648 0.04363636363636364
1 0.3388235294117647 0.9252272727272727 0.06823529411764706 0.041363636363636366
1 0.15529411764705883 0.8595454545454545 0.06941176470588235 0.04181818181818182
1 0.40705882352941175 0.5265909090909091 0.24 0.04772727272727273
1 0.12 0.5252272727272728 0.07882352941176471 0.03590909090909091
1 0.25 0.8602272727272727 0.0811764705882353 0.04318181818181818
1 0.2541176470588235 0.9256818181818182 0.07176470588235294 0.042272727272727274
1 0.3438235294117647 0.774090909090909 0.10411764705882352 0.03363636363636364
1 0.7623529411764706 0.9288636363636363 0.06941176470588235 0.042272727272727274
1 0.6811764705882353 0.37727272727272726 0.03529411764705882 0.03636363636363636
1 0.4202941176470588 0.8595454545454545 0.07 0.042727272727272725
1 0.5870588235294117 0.9279545454545455 0.05764705882352941 0.04318181818181818
1 0.3517647058823529 0.6845454545454546 0.1188235294117647 0.04
1 0.43411764705882355 0.5675 0.2847058823529412 0.03954545454545454
1 0.5952941176470589 0.8602272727272727 0.07529411764705882 0.04045454545454545
1 0.11911764705882352 0.4056818181818182 0.08176470588235295 0.03772727272727273
1 0.6023529411764705 0.4590909090909091 0.14352941176470588 0.035454545454545454
1 0.7326470588235294 0.4138636363636364 0.17941176470588235 0.045
1 0.7811764705882352 0.46090909090909093 0.07882352941176471 0.034545454545454546
1 0.5067647058823529 0.9275 0.061764705882352944 0.041363636363636366
1 0.6773529411764706 0.860909090909091 0.06764705882352941 0.04181818181818182
1 0.5829411764705882 0.37386363636363634 0.14470588235294118 0.03681818181818182
1 0.7552941176470588 0.37386363636363634 0.08235294117647059 0.03590909090909091
1 0.11382352941176471 0.7643181818181818 0.08058823529411764 0.03227272727272727
1 0.11382352941176471 0.7231818181818181 0.08176470588235295 0.035454545454545454
1 0.4985294117647059 0.8647727272727272 0.061764705882352944 0.045909090909090906
1 0.9020588235294118 0.4106818181818182 0.09705882352941177 0.041363636363636366
1 0.40205882352941175 0.3684090909090909 0.1935294117647059 0.038636363636363635
1 0.12676470588235295 0.6125 0.08411764705882353 0.03590909090909091
1 0.675 0.9279545454545455 0.06411764705882353 0.041363636363636366
1 0.3305882352941176 0.8581818181818182 0.06823529411764706 0.042727272727272725
1 0.7141176470588235 0.4672727272727273 0.03882352941176471 0.03909090909090909
1 0.8376470588235294 0.4127272727272727 0.03176470588235294 0.04454545454545455
1 0.12794117647058822 0.5706818181818182 0.08058823529411764 0.03590909090909091
1 0.47794117647058826 0.6845454545454546 0.12529411764705883 0.03909090909090909
1 0.30117647058823527 0.027954545454545454 0.07058823529411765 0.04045454545454545
1 0.5602941176470588 0.034772727272727275 0.11823529411764706 0.03409090909090909
1 0.5364705882352941 0.7286363636363636 0.20941176470588235 0.04
1 0.5679411764705883 0.6890909090909091 0.0488235294117647 0.045454545454545456
1 0.6588235294117647 0.7272727272727273 0.04 0.046363636363636364
1 0.5497058823529412 0.7747727272727273 0.05235294117647059 0.04863636363636364
1 0.6444117647058824 0.6845454545454546 0.1111764705882353 0.04090909090909091
1 0.7491176470588236 0.7268181818181818 0.13823529411764707 0.04181818181818182
1 0.6267647058823529 0.7722727272727272 0.10647058823529412 0.04