1 0.3814705882352941 0.6868181818181818 0.17823529411764705 0.03727272727272727
1 0.7529411764705882 0.865 0.058823529411764705 0.03727272727272727
1 0.8397058823529412 0.9279545454545455 0.06411764705882353 0.03954545454545454
1 0.5632352941176471 0.62 0.03 0.03272727272727273
1 0.40352941176470586 0.9293181818181818 0.05647058823529412 0.038636363636363635
1 0.8414705882352941 0.8638636363636364 0.05588235294117647 0.03772727272727273
1 0.34558823529411764 0.6138636363636364 0.10411764705882352 0.03590909090909091
1 0.4323529411764706 0.4118181818181818 0.2647058823529412 0.038181818181818185
1 0.6738235294117647 0.7731818181818182 0.060588235294117644 0.03
1 0.48823529411764705 0.5286363636363637 0.11411764705882353 0.035454545454545454
1 0.6855882352941176 0.6868181818181818 0.03705882352941176 0.034545454545454546
1 0.08588235294117647 0.6831818181818182 0.07529411764705882 0.03636363636363636
1 0.09235294117647058 0.4561363636363636 0.0811764705882353 0.03681818181818182
1 0.40588235294117647 0.7256818181818182 0.20941176470588235 0.03681818181818182
1 0.0961764705882353 0.3668181818181818 0.07941176470588235 0.034545454545454546
1 0.5188235294117647 0.7713636363636364 0.13411764705882354 0.03363636363636364
1 0.6111764705882353 0.7254545454545455 0.19294117647058823 0.03636363636363636
1 0.14882352941176472 0.9263636363636364 0.05411764705882353 0.03909090909090909
1 0.8011764705882353 0.7297727272727272 0.07176470588235294 0.03590909090909091
1 0.3211764705882353 0.9290909090909091 0.0611764705882353 0.03727272727272727
1 0.14147058823529413 0.8618181818181818 0.0488235294117647 0.03909090909090909
1 0.7352941176470589 0.7338636363636364 0.03411764705882353 0.03409090909090909
1 0.09558823529411764 0.5231818181818182 0.07588235294117647 0.034545454545454546
1 0.6352941176470588 0.6122727272727273 0.08588235294117647 0.03272727272727273
1 0.6326470588235295 0.5709090909090909 0.039411764705882354 0.03272727272727273
1 0.23852941176470588 0.9254545454545454 0.060588235294117644 0.03727272727272727
1 0.3638235294117647 0.7709090909090909 0.1323529411764706 0.034545454545454546
1 0.7558823529411764 0.9293181818181818 0.06352941176470588 0.038636363636363635
1 0.3029411764705882 0.0375 0.04941176470588235 0.02590909090909091
1 0.6591176470588235 0.4127272727272727 0.15470588235294117 0.03363636363636364
1 0.6979411764705883 0.3740909090909091 0.031176470588235295 0.03363636363636364
1 0.4011764705882353 0.8613636363636363 0.05058823529411765 0.04
1 0.5758823529411765 0.9338636363636363 0.052941176470588235 0.042272727272727274
1 0.3585294117647059 0.5275 0.11823529411764706 0.03681818181818182
1 0.5820588235294117 0.5313636363636364 0.033529411764705884 0.034545454545454546
1 0.5217647058823529 0.5727272727272728 0.1588235294117647 0.03636363636363636
1 0.09147058823529412 0.41295454545454546 0.08176470588235295 0.03681818181818182
1 0.08852941176470588 0.5686363636363636 0.07470588235294118 0.03272727272727273
1 0.6041176470588235 0.46 0.02823529411764706 0.03636363636363636
1 0.5652941176470588 0.03977272727272727 0.09529411764705882 0.022272727272727274
1 0.7641176470588236 0.4125 0.03294117647058824 0.03409090909090909
1 0.6641176470588235 0.8686363636363637 0.05764705882352941 0.04181818181818182
1 0.5905882352941176 0.36727272727272725 0.15294117647058825 0.03727272727272727
1 0.7538235294117647 0.3725 0.06764705882352941 0.03227272727272727
1 0.5747058823529412 0.6856818181818182 0.14470588235294118 0.03590909090909091
1 0.3720588235294118 0.4511363636363636 0.14058823529411765 0.038636363636363635
1 0.08205882352941177 0.77 0.0711764705882353 0.035454545454545454
1 0.08411764705882353 0.7270454545454546 0.07294117647058823 0.03681818181818182
1 0.5129411764705882 0.455 0.11294117647058824 0.034545454545454546
1 0.6170588235294118 0.7738636363636363 0.029411764705882353 0.03318181818181818
1 0.4902941176470588 0.8629545454545454 0.054705882352941174 0.03954545454545454
1 0.6514705882352941 0.5254545454545455 0.09470588235294118 0.03363636363636364
1 0.8541176470588235 0.4102272727272727 0.1 0.03590909090909091
1 0.3976470588235294 0.36818181818181817 0.17882352941176471 0.03727272727272727
1 0.08647058823529412 0.6131818181818182 0.07294117647058823 0.03727272727272727
1 0.6658823529411765 0.9347727272727273 0.0611764705882353 0.04045454545454545
1 0.31676470588235295 0.8625 0.04764705882352941 0.038636363636363635
1 0.7102941176470589 0.5711363636363637 0.11588235294117646 0.035
1 0.7538235294117647 0.6875 0.05941176470588235 0.03409090909090909
1 0.6664705882352941 0.45704545454545453 0.05764705882352941 0.030454545454545453
1 0.36264705882352943 0.5727272727272728 0.14058823529411765 0.03727272727272727
1 0.4673529411764706 0.6140909090909091 0.12058823529411765 0.02909090909090909
1 0.23294117647058823 0.8620454545454546 0.052941176470588235 0.035
1 0.5832352941176471 0.8645454545454545 0.057058823529411766 0.03727272727272727
1 0.4858823529411765 0.9293181818181818 0.047058823529411764 0.03681818181818182