1 0.7591176470588236 0.8622727272727273 0.0711764705882353 0.04090909090909091
1 0.8473529411764706 0.9286363636363636 0.0688235294117647 0.03909090909090909
1 0.4164705882352941 0.9272727272727272 0.06941176470588235 0.038181818181818185
1 0.8520588235294118 0.8618181818181818 0.07470588235294118 0.04
1 0.37676470588235295 0.6120454545454546 0.1723529411764706 0.038636363636363635
1 0.4032352941176471 0.3704545454545455 0.22058823529411764 0.03636363636363636
1 0.3961764705882353 0.7281818181818182 0.2088235294117647 0.03636363636363636
1 0.07147058823529412 0.6845454545454546 0.06764705882352941 0.034545454545454546
1 0.09235294117647058 0.4540909090909091 0.09647058823529411 0.04
1 0.08470588235294117 0.3663636363636364 0.09411764705882353 0.034545454545454546
1 0.15588235294117647 0.9247727272727273 0.06941176470588235 0.041363636363636366
1 0.3214705882352941 0.9265909090909091 0.06294117647058824 0.03954545454545454
1 0.16029411764705884 0.8575 0.06764705882352941 0.038636363636363635
1 0.07941176470588235 0.5236363636363637 0.08352941176470588 0.034545454545454546
1 0.2376470588235294 0.9256818181818182 0.06235294117647059 0.03954545454545454
1 0.3726470588235294 0.7745454545454545 0.1535294117647059 0.03909090909090909
1 0.7585294117647059 0.9277272727272727 0.060588235294117644 0.038181818181818185
1 0.28205882352941175 0.03386363636363637 0.045294117647058825 0.017727272727272727
1 0.775 0.4168181818181818 0.32176470588235295 0.042727272727272725
1 0.4158823529411765 0.8604545454545455 0.06705882352941177 0.04
1 0.5852941176470589 0.9275 0.07058823529411765 0.03772727272727273
1 0.3914705882352941 0.5270454545454546 0.20647058823529413 0.03772727272727273
1 0.44058823529411767 0.5722727272727273 0.2988235294117647 0.03636363636363636
1 0.586764705882353 0.8606818181818182 0.06529411764705882 0.041363636363636366
1 0.0838235294117647 0.40704545454545454 0.09235294117647058 0.03681818181818182
1 0.07823529411764706 0.5647727272727273 0.09176470588235294 0.03772727272727273
1 0.5870588235294117 0.45886363636363636 0.20352941176470588 0.042272727272727274
1 0.5588235294117647 0.04022727272727273 0.10235294117647059 0.022272727272727274
1 0.6544117647058824 0.3715909090909091 0.2747058823529412 0.035
1 0.49558823529411766 0.9281818181818182 0.06411764705882353 0.038181818181818185
1 0.6729411764705883 0.8618181818181818 0.07647058823529412 0.04
1 0.07529411764705882 0.7677272727272727 0.05647058823529412 0.03636363636363636
1 0.39088235294117646 0.45590909090909093 0.19470588235294117 0.04
1 0.5014705882352941 0.8613636363636363 0.06764705882352941 0.03909090909090909
1 0.5788235294117647 0.5286363636363637 0.10941176470588235 0.03363636363636364
1 0.5135294117647059 0.6172727272727273 0.09176470588235294 0.03090909090909091
1 0.08088235294117647 0.6090909090909091 0.08647058823529412 0.042727272727272725
1 0.6726470588235294 0.9270454545454545 0.06647058823529411 0.03772727272727273
1 0.33294117647058824 0.8595454545454545 0.0811764705882353 0.04
1 0.6726470588235294 0.5720454545454545 0.1535294117647059 0.03681818181818182
1 0.07294117647058823 0.7247727272727272 0.06352941176470588 0.03590909090909091
1 0.4511764705882353 0.41363636363636364 0.3176470588235294 0.04181818181818182
1 0.3764705882352941 0.6870454545454545 0.16588235294117648 0.03954545454545454
1 0.23088235294117648 0.8615909090909091 0.060588235294117644 0.03954545454545454