1 0.3708823529411765 0.6809090909090909 0.13352941176470587 0.03363636363636364
1 0.5852941176470589 0.6847727272727273 0.03058823529411765 0.03318181818181818
1 0.3608823529411765 0.5209090909090909 0.10529411764705883 0.031818181818181815
1 0.7597058823529412 0.8590909090909091 0.05 0.03727272727272727
1 0.8435294117647059 0.9263636363636364 0.052941176470588235 0.034545454545454546
1 0.5305882352941177 0.6118181818181818 0.024705882352941175 0.03636363636363636
1 0.4108823529411765 0.9238636363636363 0.05352941176470588 0.03772727272727273
1 0.09911764705882353 0.5263636363636364 0.060588235294117644 0.03090909090909091
1 0.8476470588235294 0.8590909090909091 0.05411764705882353 0.03727272727272727
1 0.3488235294117647 0.6093181818181819 0.09294117647058824 0.031363636363636364
1 0.4852941176470588 0.5225 0.12941176470588237 0.03227272727272727
1 0.4811764705882353 0.5668181818181818 0.13176470588235295 0.031818181818181815
1 0.653235294117647 0.6802272727272727 0.07588235294117647 0.03681818181818182
1 0.3926470588235294 0.7261363636363637 0.17470588235294118 0.03409090909090909
1 0.40147058823529413 0.4077272727272727 0.19705882352941176 0.031818181818181815
1 0.4379411764705882 0.7731818181818182 0.07352941176470588 0.03272727272727273
1 0.10147058823529412 0.6827272727272727 0.05941176470588235 0.035454545454545454
1 0.08441176470588235 0.4531818181818182 0.05823529411764706 0.028181818181818183
1 0.6385294117647059 0.5225 0.08058823529411764 0.028636363636363637
1 0.09411764705882353 0.3668181818181818 0.07058823529411765 0.02909090909090909
1 0.5123529411764706 0.7722727272727272 0.04352941176470588 0.031818181818181815
1 0.6220588235294118 0.7268181818181818 0.027647058823529413 0.035454545454545454
1 0.15794117647058822 0.9265909090909091 0.05823529411764706 0.03590909090909091
1 0.33294117647058824 0.9252272727272727 0.05764705882352941 0.03681818181818182
1 0.15764705882352942 0.8593181818181819 0.05529411764705883 0.03681818181818182
1 0.6776470588235294 0.7252272727272727 0.07294117647058823 0.03318181818181818
1 0.6120588235294118 0.5661363636363637 0.07705882352941176 0.031363636363636364
1 0.24205882352941177 0.9254545454545454 0.051176470588235295 0.03363636363636364
1 0.3488235294117647 0.774090909090909 0.09294117647058824 0.03272727272727273
1 0.7579411764705882 0.9259090909090909 0.05 0.034545454545454546
1 0.5476470588235294 0.725909090909091 0.11176470588235295 0.031818181818181815
1 0.625 0.3663636363636364 0.10294117647058823 0.03272727272727273
1 0.58 0.4084090909090909 0.12117647058823529 0.03681818181818182
1 0.4320588235294118 0.365 0.23588235294117646 0.03363636363636364
1 0.4176470588235294 0.8581818181818182 0.05411764705882353 0.03090909090909091
1 0.5841176470588235 0.9256818181818182 0.05058823529411765 0.03409090909090909
1 0.09735294117647059 0.5672727272727273 0.05941176470588235 0.034545454545454546
1 0.35441176470588237 0.5672727272727273 0.10176470588235294 0.034545454545454546
1 0.5547058823529412 0.4593181818181818 0.027058823529411764 0.03227272727272727
1 0.45676470588235296 0.61 0.10294117647058823 0.03
1 0.49058823529411766 0.4565909090909091 0.09058823529411765 0.028636363636363637
1 0.5873529411764706 0.8577272727272728 0.05235294117647059 0.03363636363636364
1 0.08705882352941176 0.4072727272727273 0.06705882352941177 0.02909090909090909
1 0.5461764705882353 0.03613636363636363 0.08411764705882353 0.02409090909090909
1 0.5738235294117647 0.524090909090909 0.03470588235294118 0.03363636363636364
1 0.7179411764705882 0.4088636363636364 0.09 0.03681818181818182
1 0.5052941176470588 0.925 0.06352941176470588 0.038181818181818185
1 0.6705882352941176 0.8597727272727272 0.047058823529411764 0.03590909090909091
1 0.5014705882352941 0.6806818181818182 0.09588235294117647 0.035
1 0.3735294117647059 0.4561363636363636 0.13647058823529412 0.029545454545454545
1 0.0961764705882353 0.7693181818181818 0.061764705882352944 0.035
1 0.09794117647058824 0.725 0.060588235294117644 0.034545454545454546
1 0.7032352941176471 0.37022727272727274 0.025294117647058825 0.03318181818181818
1 0.5020588235294118 0.8588636363636364 0.045294117647058825 0.03227272727272727
1 0.6538235294117647 0.4088636363636364 0.022941176470588236 0.03227272727272727
1 0.7667647058823529 0.3659090909090909 0.08058823529411764 0.03363636363636364
1 0.0961764705882353 0.6090909090909091 0.0488235294117647 0.03636363636363636
1 0.6761764705882353 0.9263636363636364 0.054705882352941174 0.035454545454545454
1 0.33 0.8581818181818182 0.04941176470588235 0.034545454545454546
1 0.2655882352941176 0.03409090909090909 0.033529411764705884 0.022727272727272728
1 0.3185294117647059 0.034772727272727275 0.0688235294117647 0.02409090909090909
1 0.6105882352941177 0.4593181818181818 0.06235294117647059 0.025
1 0.5605882352941176 0.5663636363636364 0.018823529411764704 0.03272727272727273
1 0.5841176470588235 0.6090909090909091 0.07411764705882352 0.03090909090909091
1 0.4844117647058824 0.7834090909090909 0.013529411764705882 0.029545454545454545
1 0.24941176470588236 0.8590909090909091 0.04588235294117647 0.035454545454545454