1 0.40647058823529414 0.6868181818181818 0.22588235294117648 0.035454545454545454
1 0.601764705882353 0.6847727272727273 0.14823529411764705 0.03681818181818182
1 0.7576470588235295 0.8595454545454545 0.06235294117647059 0.04
1 0.8408823529411765 0.9297727272727273 0.06411764705882353 0.04409090909090909
1 0.4097058823529412 0.9277272727272727 0.060588235294117644 0.04
1 0.7888235294117647 0.7729545454545454 0.07294117647058823 0.03318181818181818
1 0.4102941176470588 0.6147727272727272 0.2311764705882353 0.03681818181818182
1 0.6294117647058823 0.7788636363636363 0.16117647058823528 0.035
1 0.38735294117647057 0.4586363636363636 0.16647058823529412 0.034545454545454546
1 0.7002941176470588 0.6959090909090909 0.03470588235294118 0.04
1 0.435 0.7275 0.2747058823529412 0.03954545454545454
1 0.40176470588235297 0.40863636363636363 0.18588235294117647 0.038181818181818185
1 0.7829411764705883 0.7304545454545455 0.04588235294117647 0.03636363636363636
1 0.08794117647058823 0.6813636363636364 0.08294117647058824 0.03727272727272727
1 0.09676470588235295 0.3643181818181818 0.06647058823529411 0.03681818181818182
1 0.09323529411764706 0.4495454545454545 0.06764705882352941 0.03636363636363636
1 0.1526470588235294 0.9247727272727273 0.06411764705882353 0.041363636363636366
1 0.32588235294117646 0.9265909090909091 0.06235294117647059 0.04045454545454545
1 0.15205882352941177 0.8563636363636363 0.05941176470588235 0.04
1 0.7285294117647059 0.7797727272727273 0.04058823529411765 0.03409090909090909
1 0.4158823529411765 0.5304545454545454 0.2376470588235294 0.03272727272727273
1 0.10147058823529412 0.5225 0.09235294117647058 0.035
1 0.6458823529411765 0.6143181818181818 0.22941176470588234 0.03409090909090909
1 0.23647058823529413 0.928409090909091 0.06 0.038636363636363635
1 0.4167647058823529 0.7761363636363636 0.24529411764705883 0.03954545454545454
1 0.7602941176470588 0.9309090909090909 0.07 0.04090909090909091
1 0.6667647058823529 0.7286363636363636 0.19705882352941176 0.035454545454545454
1 0.5882352941176471 0.36954545454545457 0.10941176470588235 0.03727272727272727
1 0.5944117647058823 0.4081818181818182 0.11235294117647059 0.038181818181818185
1 0.4164705882352941 0.8606818181818182 0.06823529411764706 0.03590909090909091
1 0.5873529411764706 0.9302272727272727 0.06764705882352941 0.038636363636363635
1 0.10323529411764706 0.5661363636363637 0.09588235294117647 0.03681818181818182
1 0.6470588235294118 0.5272727272727272 0.22470588235294117 0.03909090909090909
1 0.4373529411764706 0.5709090909090909 0.2817647058823529 0.046363636363636364
1 0.48764705882352943 0.46454545454545454 0.03411764705882353 0.038181818181818185
1 0.5838235294117647 0.8588636363636364 0.05823529411764706 0.04045454545454545
1 0.09176470588235294 0.40386363636363637 0.06705882352941177 0.03590909090909091
1 0.5558823529411765 0.03613636363636363 0.09529411764705882 0.023181818181818182
1 0.4988235294117647 0.9265909090909091 0.06235294117647059 0.03954545454545454
1 0.6664705882352941 0.8620454545454546 0.058823529411764705 0.04045454545454545
1 0.5152941176470588 0.4093181818181818 0.03176470588235294 0.03954545454545454
1 0.8505882352941176 0.7295454545454545 0.10588235294117647 0.03727272727272727
1 0.09235294117647058 0.7643181818181818 0.08 0.03681818181818182
1 0.5617647058823529 0.45954545454545453 0.0988235294117647 0.035454545454545454
1 0.49941176470588233 0.8611363636363636 0.07058823529411765 0.04045454545454545
1 0.7405882352941177 0.5718181818181818 0.32588235294117646 0.034545454545454546
1 0.40852941176470586 0.37 0.20294117647058824 0.038181818181818185
1 0.09970588235294117 0.610909090909091 0.09352941176470589 0.03636363636363636
1 0.6702941176470588 0.9275 0.061764705882352944 0.04045454545454545
1 0.32735294117647057 0.8588636363636364 0.05823529411764706 0.03954545454545454
1 0.7576470588235295 0.6875 0.07294117647058823 0.035
1 0.08441176470588235 0.7240909090909091 0.07823529411764706 0.03636363636363636
1 0.2852941176470588 0.034545454545454546 0.047058823529411764 0.025454545454545455
1 0.5188235294117647 0.37681818181818183 0.03411764705882353 0.028181818181818183
1 0.24294117647058824 0.86 0.07176470588235294 0.04090909090909091
1 0.8414705882352941 0.8645454545454545 0.06647058823529411 0.04181818181818182