1 0.3726470588235294 0.6806818181818182 0.14058823529411765 0.03681818181818182
1 0.763235294117647 0.8604545454545455 0.06647058823529411 0.04
1 0.8508823529411764 0.9270454545454545 0.07470588235294118 0.03954545454545454
1 0.40705882352941175 0.9259090909090909 0.05764705882352941 0.03909090909090909
1 0.40852941176470586 0.610909090909091 0.21470588235294116 0.04090909090909091
1 0.445 0.4093181818181818 0.2852941176470588 0.03954545454545454
1 0.6852941176470588 0.7222727272727273 0.19058823529411764 0.04090909090909091
1 0.4038235294117647 0.4525 0.20294117647058824 0.045
1 0.4414705882352941 0.7254545454545455 0.27588235294117647 0.04090909090909091
1 0.40147058823529413 0.3679545454545455 0.19470588235294117 0.02590909090909091
1 0.7517647058823529 0.5318181818181819 0.0976470588235294 0.03272727272727273
1 0.105 0.6775 0.10411764705882352 0.038636363636363635
1 0.7235294117647059 0.6211363636363636 0.03058823529411765 0.045
1 0.10588235294117647 0.4461363636363636 0.1011764705882353 0.03772727272727273
1 0.6108823529411764 0.6120454545454546 0.15588235294117647 0.035
1 0.1526470588235294 0.9225 0.05941176470588235 0.041363636363636366
1 0.7935294117647059 0.6163636363636363 0.08941176470588236 0.03272727272727273
1 0.3226470588235294 0.9236363636363636 0.05588235294117647 0.03909090909090909
1 0.155 0.8552272727272727 0.05588235294117647 0.04045454545454545
1 0.5823529411764706 0.45295454545454544 0.1423529411764706 0.03681818181818182
1 0.39676470588235296 0.5215909090909091 0.18058823529411766 0.03772727272727273
1 0.10529411764705883 0.5181818181818182 0.0976470588235294 0.038181818181818185
1 0.23794117647058824 0.8568181818181818 0.051176470588235295 0.03909090909090909
1 0.23294117647058823 0.9211363636363636 0.04941176470588235 0.03954545454545454
1 0.3961764705882353 0.7702272727272728 0.19117647058823528 0.03681818181818182
1 0.7573529411764706 0.9268181818181818 0.06411764705882353 0.03909090909090909
1 0.11029411764705882 0.365 0.10058823529411764 0.03636363636363636
1 0.576764705882353 0.7704545454545455 0.12176470588235294 0.034545454545454546
1 0.41441176470588237 0.8590909090909091 0.060588235294117644 0.04
1 0.5832352941176471 0.9245454545454546 0.05235294117647059 0.03909090909090909
1 0.5832352941176471 0.524090909090909 0.15705882352941178 0.03727272727272727
1 0.4426470588235294 0.5775 0.27705882352941175 0.03954545454545454
1 0.5814705882352941 0.8575 0.07 0.03954545454545454
1 0.10470588235294118 0.40386363636363637 0.10235294117647059 0.03681818181818182
1 0.10235294117647059 0.5622727272727273 0.0988235294117647 0.03727272727272727
1 0.6958823529411765 0.40795454545454546 0.2023529411764706 0.03954545454545454
1 0.4979411764705882 0.9268181818181818 0.06647058823529411 0.04
1 0.8385294117647059 0.86 0.06411764705882353 0.04090909090909091
1 0.6714705882352942 0.8579545454545454 0.06294117647058824 0.04045454545454545
1 0.5561764705882353 0.37227272727272726 0.0888235294117647 0.035454545454545454
1 0.5123529411764706 0.6861363636363637 0.12 0.03772727272727273
1 0.8897058823529411 0.5702272727272727 0.10294117647058823 0.03772727272727273
1 0.10441176470588236 0.765 0.10058823529411764 0.03636363636363636
1 0.105 0.7222727272727273 0.10882352941176471 0.03909090909090909
1 0.49823529411764705 0.8579545454545454 0.06 0.041363636363636366
1 0.8182352941176471 0.5725 0.03294117647058824 0.03318181818181818
1 0.10029411764705883 0.6052272727272727 0.09470588235294118 0.03772727272727273
1 0.6608823529411765 0.9236363636363636 0.051176470588235295 0.04181818181818182
1 0.3241176470588235 0.8575 0.052941176470588235 0.03954545454545454
1 0.6879411764705883 0.5704545454545454 0.20176470588235293 0.03909090909090909
1 0.2838235294117647 0.03272727272727273 0.04411764705882353 0.024545454545454544
1 0.5614705882352942 0.03704545454545455 0.10647058823529412 0.023181818181818182
1 0.6823529411764706 0.5320454545454546 0.03411764705882353 0.031363636363636364