1 0.44735294117647056 0.7302272727272727 0.3029411764705882 0.03681818181818182
1 0.38794117647058823 0.37386363636363634 0.16294117647058823 0.038636363636363635
1 0.763235294117647 0.8629545454545454 0.0711764705882353 0.03681818181818182
1 0.8432352941176471 0.9275 0.0688235294117647 0.03954545454545454
1 0.4541176470588235 0.5711363636363637 0.3235294117647059 0.03681818181818182
1 0.40941176470588236 0.9286363636363636 0.058823529411764705 0.03727272727272727
1 0.5491176470588235 0.5261363636363636 0.10529411764705883 0.03590909090909091
1 0.773235294117647 0.7722727272727272 0.11705882352941177 0.031818181818181815
1 0.41852941176470587 0.6120454545454546 0.2311764705882353 0.03590909090909091
1 0.4414705882352941 0.4131818181818182 0.2852941176470588 0.035454545454545454
1 0.6897058823529412 0.7770454545454546 0.03470588235294118 0.03409090909090909
1 0.3961764705882353 0.45704545454545453 0.18294117647058825 0.03681818181818182
1 0.7155882352941176 0.7286363636363636 0.19470588235294117 0.04181818181818182
1 0.09823529411764706 0.6809090909090909 0.1 0.03909090909090909
1 0.09852941176470588 0.36477272727272725 0.09117647058823529 0.038636363636363635
1 0.09382352941176471 0.4486363636363636 0.08764705882352941 0.03909090909090909
1 0.15823529411764706 0.9270454545454545 0.06588235294117648 0.038636363636363635
1 0.32323529411764707 0.9288636363636363 0.05352941176470588 0.03681818181818182
1 0.15088235294117647 0.8579545454545454 0.05352941176470588 0.03954545454545454
1 0.7332352941176471 0.6893181818181818 0.09941176470588235 0.03318181818181818
1 0.5679411764705883 0.45795454545454545 0.11941176470588236 0.035
1 0.3914705882352941 0.5236363636363637 0.18058823529411766 0.038181818181818185
1 0.09058823529411765 0.5252272727272728 0.0976470588235294 0.04045454545454545
1 0.6314705882352941 0.6240909090909091 0.1323529411764706 0.03272727272727273
1 0.2388235294117647 0.8586363636363636 0.04941176470588235 0.038181818181818185
1 0.23411764705882354 0.9279545454545455 0.05058823529411765 0.03772727272727273
1 0.38058823529411767 0.7718181818181818 0.17294117647058824 0.03909090909090909
1 0.7573529411764706 0.9272727272727272 0.05823529411764706 0.03909090909090909
1 0.3 0.03954545454545454 0.04 0.023636363636363636
1 0.5688235294117647 0.7695454545454545 0.18470588235294116 0.035454545454545454
1 0.6788235294117647 0.41545454545454547 0.15176470588235294 0.038181818181818185
1 0.6808823529411765 0.3743181818181818 0.11470588235294117 0.035
1 0.4088235294117647 0.860909090909091 0.05529411764705883 0.038181818181818185
1 0.5838235294117647 0.9281818181818182 0.05588235294117647 0.03636363636363636
1 0.0888235294117647 0.5695454545454546 0.08235294117647059 0.038181818181818185
1 0.586764705882353 0.860909090909091 0.05941176470588235 0.03636363636363636
1 0.09323529411764706 0.40636363636363637 0.09117647058823529 0.04
1 0.5429411764705883 0.038636363636363635 0.07411764705882352 0.02181818181818182
1 0.6120588235294118 0.37931818181818183 0.033529411764705884 0.03409090909090909
1 0.7497058823529412 0.4581818181818182 0.12176470588235294 0.03363636363636364
1 0.49941176470588233 0.9281818181818182 0.0611764705882353 0.03727272727272727
1 0.6761764705882353 0.8615909090909091 0.05823529411764706 0.03681818181818182
1 0.5405882352941176 0.37522727272727274 0.12 0.03681818181818182
1 0.5685294117647058 0.6872727272727273 0.15588235294117647 0.038181818181818185
1 0.836764705882353 0.7279545454545454 0.03588235294117647 0.04318181818181818
1 0.10235294117647059 0.77 0.11176470588235295 0.03909090909090909
1 0.09382352941176471 0.7263636363636363 0.09705882352941177 0.03909090909090909
1 0.5 0.86 0.052941176470588235 0.035454545454545454
1 0.6585294117647059 0.45954545454545453 0.031176470588235295 0.034545454545454546
1 0.8735294117647059 0.41204545454545455 0.16117647058823528 0.041363636363636366
1 0.08588235294117647 0.6095454545454545 0.08705882352941176 0.03909090909090909
1 0.6685294117647059 0.9272727272727272 0.057058823529411766 0.038181818181818185
1 0.32441176470588234 0.8597727272727272 0.054705882352941174 0.03772727272727273
1 0.7211764705882353 0.5681818181818182 0.17529411764705882 0.03909090909090909
1 0.38382352941176473 0.6854545454545454 0.18058823529411766 0.046363636363636364
1 0.9005882352941177 0.7318181818181818 0.09647058823529411 0.04363636363636364
1 0.8391176470588235 0.8654545454545455 0.06411764705882353 0.035454545454545454
1 0.6561764705882352 0.6968181818181818 0.03 0.031818181818181815
1 0.7817647058823529 0.4125 0.04 0.03954545454545454