1 0.4167647058823529 0.6820454545454545 0.23 0.041363636363636366
1 0.42911764705882355 0.40863636363636363 0.25 0.04
1 0.8544117647058823 0.9313636363636364 0.07823529411764706 0.03636363636363636
1 0.905 0.5736363636363636 0.07588235294117647 0.038181818181818185
1 0.4602941176470588 0.5672727272727273 0.31 0.04090909090909091
1 0.41323529411764703 0.9270454545454545 0.06294117647058824 0.04045454545454545
1 0.8552941176470589 0.775 0.10470588235294118 0.035454545454545454
1 0.4373529411764706 0.6111363636363636 0.2723529411764706 0.03772727272727273
1 0.6388235294117647 0.7731818181818182 0.17294117647058824 0.034545454545454546
1 0.3788235294117647 0.4540909090909091 0.15529411764705883 0.038181818181818185
1 0.4235294117647059 0.7247727272727272 0.24705882352941178 0.03681818181818182
1 0.8538235294117648 0.5338636363636363 0.03 0.03772727272727273
1 0.09970588235294117 0.4465909090909091 0.07470588235294118 0.03772727272727273
1 0.6644117647058824 0.7288636363636364 0.2111764705882353 0.03772727272727273
1 0.155 0.9243181818181818 0.07705882352941176 0.03772727272727273
1 0.8311764705882353 0.6215909090909091 0.03529411764705882 0.03409090909090909
1 0.3241176470588235 0.9247727272727273 0.06 0.04318181818181818
1 0.15705882352941178 0.8552272727272727 0.06470588235294118 0.042272727272727274
1 0.7729411764705882 0.7752272727272728 0.03529411764705882 0.03772727272727273
1 0.4441176470588235 0.5252272727272728 0.2847058823529412 0.03590909090909091
1 0.1161764705882353 0.5225 0.10176470588235294 0.03954545454545454
1 0.6855882352941176 0.6195454545454545 0.20294117647058824 0.03636363636363636
1 0.9026470588235294 0.5293181818181818 0.07352941176470588 0.035
1 0.23970588235294119 0.8579545454545454 0.06529411764705882 0.03681818181818182
1 0.2426470588235294 0.9243181818181818 0.07352941176470588 0.03954545454545454
1 0.41 0.7695454545454545 0.23176470588235293 0.03727272727272727
1 0.763235294117647 0.9288636363636363 0.07823529411764706 0.03590909090909091
1 0.11705882352941177 0.3625 0.08470588235294117 0.03772727272727273
1 0.658235294117647 0.36977272727272725 0.16117647058823528 0.03681818181818182
1 0.5502941176470588 0.36727272727272725 0.05352941176470588 0.03909090909090909
1 0.41911764705882354 0.8584090909090909 0.07705882352941176 0.04318181818181818
1 0.5935294117647059 0.9263636363636364 0.06941176470588235 0.03727272727272727
1 0.1111764705882353 0.5654545454545454 0.10588235294117647 0.038181818181818185
1 0.49529411764705883 0.455 0.03294117647058824 0.03636363636363636
1 0.5873529411764706 0.860909090909091 0.07470588235294118 0.035454545454545454
1 0.10558823529411765 0.4034090909090909 0.07588235294117647 0.03772727272727273
1 0.09794117647058824 0.6779545454545455 0.10294117647058823 0.03409090909090909
1 0.5570588235294117 0.03840909090909091 0.10588235294117647 0.02409090909090909
1 0.6044117647058823 0.4118181818181818 0.039411764705882354 0.04181818181818182
1 0.7341176470588235 0.4122727272727273 0.19411764705882353 0.03636363636363636
1 0.5041176470588236 0.9272727272727272 0.07647058823529412 0.03727272727272727
1 0.89 0.6895454545454546 0.1011764705882353 0.03909090909090909
1 0.8914705882352941 0.615909090909091 0.08176470588235295 0.03363636363636364
1 0.09676470588235295 0.7659090909090909 0.09 0.03636363636363636
1 0.10470588235294118 0.7231818181818181 0.10941176470588235 0.035454545454545454
1 0.575 0.45681818181818185 0.11470588235294117 0.035454545454545454
1 0.6714705882352942 0.6863636363636364 0.21352941176470588 0.03727272727272727
1 0.5008823529411764 0.8597727272727272 0.07470588235294118 0.03954545454545454
1 0.7205882352941176 0.5304545454545454 0.23529411764705882 0.038181818181818185
1 0.4047058823529412 0.3663636363636364 0.2 0.04
1 0.11058823529411765 0.6054545454545455 0.10941176470588235 0.03909090909090909
1 0.6705882352941176 0.860909090909091 0.06470588235294118 0.04454545454545455
1 0.32294117647058823 0.8572727272727273 0.052941176470588235 0.03727272727272727
1 0.7223529411764706 0.5722727272727273 0.21411764705882352 0.04
1 0.8117647058823529 0.6911363636363637 0.04352941176470588 0.041363636363636366
1 0.31323529411764706 0.034545454545454546 0.04411764705882353 0.025454545454545455
1 0.7926470588235294 0.7279545454545454 0.039411764705882354 0.03954545454545454
1 0.7614705882352941 0.8638636363636364 0.0688235294117647 0.03772727272727273
1 0.8458823529411764 0.865 0.06705882352941177 0.03909090909090909
1 0.6729411764705883 0.9293181818181818 0.07529411764705882 0.038636363636363635
1 0.846764705882353 0.5720454545454545 0.04176470588235294 0.04045454545454545
1 0.8797058823529412 0.7327272727272728 0.13823529411764707 0.045454545454545456