1 0.3876470588235294 0.6834090909090909 0.18 0.03772727272727273
1 0.7538235294117647 0.8620454545454546 0.05823529411764706 0.04045454545454545
1 0.8438235294117648 0.9277272727272727 0.06411764705882353 0.04
1 0.5735294117647058 0.5693181818181818 0.13411764705882354 0.03681818181818182
1 0.40794117647058825 0.9261363636363636 0.060588235294117644 0.03772727272727273
1 0.3941176470588235 0.6120454545454546 0.18705882352941178 0.03681818181818182
1 0.7185294117647059 0.7702272727272728 0.08411764705882353 0.03318181818181818
1 0.3888235294117647 0.4527272727272727 0.17176470588235293 0.038181818181818185
1 0.6476470588235295 0.6856818181818182 0.03764705882352941 0.03409090909090909
1 0.39205882352941174 0.7243181818181819 0.1864705882352941 0.03681818181818182
1 0.38676470588235295 0.3684090909090909 0.17941176470588235 0.03772727272727273
1 0.725 0.5320454545454546 0.0688235294117647 0.031363636363636364
1 0.39323529411764707 0.40954545454545455 0.18411764705882352 0.03636363636363636
1 0.08941176470588236 0.6790909090909091 0.07411764705882352 0.035454545454545454
1 0.09441176470588235 0.3659090909090909 0.08176470588235295 0.035454545454545454
1 0.09147058823529412 0.44681818181818184 0.07941176470588235 0.03727272727272727
1 0.14441176470588235 0.9277272727272727 0.05352941176470588 0.038181818181818185
1 0.7332352941176471 0.6120454545454546 0.07823529411764706 0.028636363636363637
1 0.32294117647058823 0.9252272727272727 0.05176470588235294 0.038636363636363635
1 0.15 0.8590909090909091 0.0611764705882353 0.038181818181818185
1 0.7291176470588235 0.7268181818181818 0.10882352941176471 0.035454545454545454
1 0.40088235294117647 0.5261363636363636 0.20058823529411765 0.038636363636363635
1 0.09205882352941176 0.524090909090909 0.07470588235294118 0.035454545454545454
1 0.66 0.6140909090909091 0.03529411764705882 0.035454545454545454
1 0.23588235294117646 0.8581818181818182 0.05411764705882353 0.03909090909090909
1 0.6652941176470588 0.5704545454545454 0.03411764705882353 0.03090909090909091
1 0.2388235294117647 0.9238636363636363 0.058823529411764705 0.03772727272727273
1 0.3861764705882353 0.7681818181818182 0.17352941176470588 0.03727272727272727
1 0.7579411764705882 0.9268181818181818 0.06294117647058824 0.03909090909090909
1 0.553235294117647 0.7688636363636364 0.1264705882352941 0.035
1 0.6670588235294118 0.4575 0.03176470588235294 0.03318181818181818
1 0.6802941176470588 0.3715909090909091 0.03235294117647059 0.03409090909090909
1 0.41 0.8581818181818182 0.05764705882352941 0.04
1 0.5841176470588235 0.9265909090909091 0.058823529411764705 0.03772727272727273
1 0.3982352941176471 0.5690909090909091 0.2011764705882353 0.024545454545454544
1 0.5720588235294117 0.5256818181818181 0.12176470588235294 0.03681818181818182
1 0.586764705882353 0.8575 0.06294117647058824 0.04045454545454545
1 0.08823529411764706 0.40704545454545454 0.07764705882352942 0.03681818181818182
1 0.08705882352941176 0.5677272727272727 0.07647058823529412 0.03636363636363636
1 0.543235294117647 0.035227272727272725 0.06529411764705882 0.021363636363636362
1 0.6661764705882353 0.5313636363636364 0.03823529411764706 0.034545454545454546
1 0.7361764705882353 0.4572727272727273 0.09823529411764706 0.034545454545454546
1 0.5 0.9256818181818182 0.06588235294117648 0.03954545454545454
1 0.8332352941176471 0.8636363636363636 0.05235294117647059 0.04
1 0.6714705882352942 0.8613636363636363 0.07235294117647059 0.042727272727272725
1 0.5738235294117647 0.3690909090909091 0.16411764705882353 0.03090909090909091
1 0.7470588235294118 0.37136363636363634 0.08941176470588236 0.03363636363636364
1 0.5570588235294117 0.6809090909090909 0.11529411764705882 0.03636363636363636
1 0.08794117647058823 0.7675 0.08176470588235295 0.03681818181818182
1 0.08441176470588235 0.7247727272727272 0.07705882352941176 0.03681818181818182
1 0.565 0.45454545454545453 0.14529411764705882 0.03727272727272727
1 0.6491176470588236 0.730909090909091 0.03235294117647059 0.03272727272727273
1 0.5023529411764706 0.8575 0.06352941176470588 0.03954545454545454
1 0.6829411764705883 0.41 0.029411764705882353 0.034545454545454546
1 0.5570588235294117 0.7245454545454545 0.13176470588235295 0.034545454545454546
1 0.08558823529411765 0.6106818181818182 0.07823529411764706 0.03772727272727273
1 0.67 0.9272727272727272 0.05647058823529412 0.04090909090909091
1 0.3226470588235294 0.855909090909091 0.05235294117647059 0.03909090909090909
1 0.731764705882353 0.6809090909090909 0.11294117647058824 0.03727272727272727
1 0.2626470588235294 0.035227272727272725 0.033529411764705884 0.022272727272727274
1 0.5811764705882353 0.4125 0.1564705882352941 0.02772727272727273
1 0.7567647058823529 0.4147727272727273 0.08647058823529412 0.023181818181818182
1 0.5702941176470588 0.6113636363636363 0.12411764705882353 0.03090909090909091
1 0.7261764705882353 0.5711363636363637 0.07235294117647059 0.025
1 0.6491176470588236 0.7768181818181819 0.027647058823529413 0.023636363636363636
1 0.31058823529411766 0.034545454545454546 0.06705882352941177 0.026363636363636363