1 0.41705882352941176 0.6802272727272727 0.22941176470588234 0.035
1 0.763235294117647 0.850909090909091 0.05941176470588235 0.04
1 0.8452941176470589 0.9238636363636363 0.06941176470588235 0.03954545454545454
1 0.40852941176470586 0.9193181818181818 0.06294117647058824 0.03954545454545454
1 0.5 0.5170454545454546 0.08352941176470588 0.03409090909090909
1 0.8458823529411764 0.8545454545454545 0.06941176470588235 0.04
1 0.38058823529411767 0.6038636363636364 0.17529411764705882 0.03227272727272727
1 0.6741176470588235 0.8522727272727273 0.06352941176470588 0.038181818181818185
1 0.38088235294117645 0.4431818181818182 0.16176470588235295 0.03727272727272727
1 0.6573529411764706 0.7256818181818182 0.027647058823529413 0.031363636363636364
1 0.40852941176470586 0.7604545454545455 0.22294117647058823 0.03636363636363636
1 0.40058823529411763 0.4025 0.2023529411764706 0.029545454545454545
1 0.08735294117647059 0.6756818181818182 0.07352941176470588 0.03681818181818182
1 0.09558823529411764 0.44545454545454544 0.08176470588235295 0.034545454545454546
1 0.4026470588235294 0.7190909090909091 0.2088235294117647 0.03636363636363636
1 0.6961764705882353 0.6804545454545454 0.027647058823529413 0.034545454545454546
1 0.09441176470588235 0.35818181818181816 0.08058823529411764 0.034545454545454546
1 0.6029411764705882 0.7631818181818182 0.15176470588235294 0.034545454545454546
1 0.14323529411764707 0.9181818181818182 0.05235294117647059 0.04
1 0.3241176470588235 0.918409090909091 0.06470588235294118 0.03954545454545454
1 0.14882352941176472 0.8515909090909091 0.05647058823529412 0.03772727272727273
1 0.7058823529411765 0.7647727272727273 0.03529411764705882 0.035
1 0.5417647058823529 0.44477272727272726 0.13529411764705881 0.035
1 0.38176470588235295 0.5159090909090909 0.14823529411764705 0.03636363636363636
1 0.09441176470588235 0.5129545454545454 0.08176470588235295 0.035
1 0.2388235294117647 0.85 0.06470588235294118 0.03909090909090909
1 0.2323529411764706 0.9181818181818182 0.058823529411764705 0.03909090909090909
1 0.7529411764705882 0.9229545454545455 0.06235294117647059 0.04045454545454545
1 0.30205882352941177 0.02727272727272727 0.04411764705882353 0.025454545454545455
1 0.5847058823529412 0.4027272727272727 0.14588235294117646 0.03636363636363636
1 0.4126470588235294 0.8518181818181818 0.060588235294117644 0.04
1 0.5747058823529412 0.9204545454545454 0.052941176470588235 0.03909090909090909
1 0.3870588235294118 0.5629545454545455 0.18588235294117647 0.029545454545454545
1 0.5264705882352941 0.5611363636363637 0.09647058823529411 0.03409090909090909
1 0.5135294117647059 0.6034090909090909 0.07764705882352942 0.03318181818181818
1 0.5894117647058823 0.8520454545454546 0.06823529411764706 0.04045454545454545
1 0.10088235294117646 0.40136363636363637 0.08411764705882353 0.035454545454545454
1 0.09647058823529411 0.5572727272727273 0.08588235294117647 0.034545454545454546
1 0.5088235294117647 0.3618181818181818 0.12117647058823529 0.03636363636363636
1 0.7820588235294118 0.7622727272727273 0.09235294117647058 0.031818181818181815
1 0.49264705882352944 0.9204545454545454 0.057058823529411766 0.04
1 0.09147058823529412 0.7568181818181818 0.07705882352941176 0.034545454545454546
1 0.49823529411764705 0.8518181818181818 0.06823529411764706 0.03727272727272727
1 0.6044117647058823 0.6775 0.14176470588235293 0.03590909090909091
1 0.3761764705882353 0.35818181818181816 0.1535294117647059 0.038181818181818185
1 0.566764705882353 0.7179545454545454 0.1323529411764706 0.035
1 0.09647058823529411 0.600909090909091 0.08588235294117647 0.034545454545454546
1 0.6670588235294118 0.9215909090909091 0.06 0.04045454545454545
1 0.32529411764705884 0.8506818181818182 0.0611764705882353 0.03954545454545454
1 0.7214705882352941 0.7225 0.09 0.03227272727272727
1 0.7594117647058823 0.6806818181818182 0.08705882352941176 0.031363636363636364
1 0.08735294117647059 0.7156818181818182 0.07352941176470588 0.03681818181818182
1 0.5591176470588235 0.03386363636363637 0.08647058823529412 0.019545454545454546