1 0.41058823529411764 0.72 0.22588235294117648 0.03909090909090909
1 0.7541176470588236 0.8613636363636363 0.05764705882352941 0.03636363636363636
1 0.8494117647058823 0.9265909090909091 0.07529411764705882 0.03954545454545454
1 0.9305882352941176 0.575 0.08588235294117647 0.04454545454545455
1 0.40705882352941175 0.9272727272727272 0.06235294117647059 0.03727272727272727
1 0.83 0.7772727272727272 0.0976470588235294 0.03363636363636364
1 0.40058823529411763 0.615 0.21529411764705883 0.035454545454545454
1 0.4767647058823529 0.4075 0.3511764705882353 0.03954545454545454
1 0.6355882352941177 0.7270454545454546 0.21470588235294116 0.04045454545454545
1 0.3035294117647059 0.03772727272727273 0.05058823529411765 0.024545454545454544
1 0.09029411764705883 0.6843181818181818 0.08764705882352941 0.041363636363636366
1 0.09264705882352942 0.3665909090909091 0.09235294117647058 0.03681818181818182
1 0.1188235294117647 0.4525 0.0976470588235294 0.03772727272727273
1 0.648235294117647 0.7711363636363636 0.18470588235294116 0.03590909090909091
1 0.14852941176470588 0.9265909090909091 0.05823529411764706 0.03681818181818182
1 0.8541176470588235 0.6197727272727273 0.12117647058823529 0.03318181818181818
1 0.32235294117647056 0.928409090909091 0.06 0.03681818181818182
1 0.14941176470588236 0.855909090909091 0.052941176470588235 0.03909090909090909
1 0.10205882352941177 0.5309090909090909 0.08647058823529412 0.035454545454545454
1 0.6547058823529411 0.6163636363636363 0.24941176470588236 0.038181818181818185
1 0.7726470588235295 0.41204545454545455 0.22411764705882353 0.042272727272727274
1 0.23970588235294119 0.8579545454545454 0.05352941176470588 0.03681818181818182
1 0.7491176470588236 0.5731818181818182 0.28647058823529414 0.03909090909090909
1 0.2361764705882353 0.9268181818181818 0.05588235294117647 0.03636363636363636
1 0.4108823529411765 0.7734090909090909 0.22647058823529412 0.04681818181818182
1 0.76 0.9268181818181818 0.07058823529411765 0.038181818181818185
1 0.6920588235294117 0.4602272727272727 0.19 0.03772727272727273
1 0.4123529411764706 0.86 0.06 0.03727272727272727
1 0.5797058823529412 0.9268181818181818 0.054705882352941174 0.03636363636363636
1 0.10470588235294118 0.5670454545454545 0.09647058823529411 0.03590909090909091
1 0.4520588235294118 0.5711363636363637 0.3135294117647059 0.04045454545454545
1 0.5794117647058824 0.8579545454545454 0.05647058823529412 0.03772727272727273
1 0.10205882352941177 0.40954545454545455 0.09588235294117647 0.03636363636363636
1 0.5470588235294118 0.042045454545454546 0.0976470588235294 0.028636363636363637
1 0.8173529411764706 0.7261363636363637 0.11352941176470588 0.03681818181818182
1 0.5017647058823529 0.9265909090909091 0.06705882352941177 0.03772727272727273
1 0.4308823529411765 0.45886363636363636 0.2747058823529412 0.035
1 0.09970588235294117 0.769090909090909 0.10411764705882352 0.035454545454545454
1 0.09588235294117647 0.7243181818181819 0.08588235294117647 0.03772727272727273
1 0.4976470588235294 0.8588636363636364 0.06 0.03681818181818182
1 0.8685294117647059 0.46090909090909093 0.13470588235294118 0.034545454545454546
1 0.10882352941176471 0.6170454545454546 0.09058823529411765 0.035
1 0.6714705882352942 0.9270454545454545 0.06647058823529411 0.038636363636363635
1 0.3220588235294118 0.8579545454545454 0.057058823529411766 0.03772727272727273
1 0.9317647058823529 0.41409090909090907 0.10705882352941176 0.046363636363636364
1 0.6655882352941176 0.8620454545454546 0.06647058823529411 0.038636363636363635
1 0.8482352941176471 0.8638636363636364 0.07058823529411765 0.03681818181818182