1 0.4229411764705882 0.68 0.18588235294117647 0.03909090909090909
1 0.7573529411764706 0.8615909090909091 0.05352941176470588 0.038636363636363635
1 0.8429411764705882 0.9329545454545455 0.041176470588235294 0.031363636363636364
1 0.5770588235294117 0.610909090909091 0.12 0.03363636363636364
1 0.4964705882352941 0.9327272727272727 0.04352941176470588 0.038181818181818185
1 0.40147058823529413 0.6081818181818182 0.16411764705882353 0.035454545454545454
1 0.6741176470588235 0.7679545454545454 0.03764705882352941 0.03409090909090909
1 0.3935294117647059 0.4490909090909091 0.14705882352941177 0.03636363636363636
1 0.7382352941176471 0.6868181818181818 0.03294117647058824 0.035454545454545454
1 0.4152941176470588 0.7281818181818182 0.21529411764705883 0.03727272727272727
1 0.8088235294117647 0.5309090909090909 0.13529411764705881 0.03727272727272727
1 0.41352941176470587 0.40613636363636363 0.1988235294117647 0.03681818181818182
1 0.10529411764705883 0.6779545454545455 0.07882352941176471 0.035
1 0.10205882352941177 0.4495454545454545 0.0711764705882353 0.034545454545454546
1 0.7197058823529412 0.5745454545454546 0.031176470588235295 0.03272727272727273
1 0.1161764705882353 0.36613636363636365 0.0711764705882353 0.03409090909090909
1 0.6252941176470588 0.7231818181818181 0.1588235294117647 0.035454545454545454
1 0.15764705882352942 0.925 0.052941176470588235 0.03909090909090909
1 0.8079411764705883 0.5731818181818182 0.13470588235294118 0.03727272727272727
1 0.3361764705882353 0.9286363636363636 0.05235294117647059 0.03909090909090909
1 0.15794117647058822 0.8577272727272728 0.0488235294117647 0.03727272727272727
1 0.4188235294117647 0.5236363636363637 0.18823529411764706 0.03909090909090909
1 0.10529411764705883 0.5209090909090909 0.06823529411764706 0.03363636363636364
1 0.6764705882352942 0.6118181818181818 0.03176470588235294 0.03272727272727273
1 0.8347058823529412 0.3781818181818182 0.1011764705882353 0.034545454545454546
1 0.24676470588235294 0.8593181818181819 0.05235294117647059 0.03681818181818182
1 0.23794117647058824 0.9252272727272727 0.04764705882352941 0.03681818181818182
1 0.3952941176470588 0.7665909090909091 0.16823529411764707 0.03590909090909091
1 0.7597058823529412 0.9320454545454545 0.0488235294117647 0.030454545454545453
1 0.29 0.030227272727272728 0.042352941176470586 0.025
1 0.5729411764705883 0.7675 0.11647058823529412 0.03409090909090909
1 0.6879411764705883 0.4531818181818182 0.06764705882352941 0.03090909090909091
1 0.7302941176470589 0.37386363636363634 0.039411764705882354 0.03318181818181818
1 0.6376470588235295 0.45136363636363636 0.041176470588235294 0.03636363636363636
1 0.41352941176470587 0.86 0.05176470588235294 0.03909090909090909
1 0.5885294117647059 0.9297727272727273 0.060588235294117644 0.03772727272727273
1 0.4173529411764706 0.5661363636363637 0.20058823529411765 0.03772727272727273
1 0.611764705882353 0.524090909090909 0.14823529411764705 0.038181818181818185
1 0.5888235294117647 0.8618181818181818 0.06352941176470588 0.04
1 0.11911764705882352 0.4036363636363636 0.07588235294117647 0.034545454545454546
1 0.10735294117647058 0.5688636363636363 0.07352941176470588 0.035
1 0.6097058823529412 0.5702272727272727 0.15235294117647058 0.035
1 0.553235294117647 0.03613636363636363 0.061764705882352944 0.021363636363636362
1 0.7917647058823529 0.4138636363636364 0.10941176470588235 0.03590909090909091
1 0.7647058823529411 0.7675 0.09647058823529411 0.03318181818181818
1 0.8291176470588235 0.6893181818181818 0.11470588235294117 0.03590909090909091
1 0.6758823529411765 0.860909090909091 0.06470588235294118 0.03727272727272727
1 0.6191176470588236 0.40954545454545455 0.1652941176470588 0.038181818181818185
1 0.6205882352941177 0.6802272727272727 0.13058823529411764 0.038636363636363635
1 0.831764705882353 0.725 0.12117647058823529 0.03636363636363636
1 0.10529411764705883 0.7613636363636364 0.09058823529411765 0.03636363636363636
1 0.10176470588235294 0.7222727272727273 0.08470588235294117 0.03636363636363636
1 0.5491176470588235 0.4527272727272727 0.11 0.034545454545454546
1 0.4958823529411765 0.8590909090909091 0.047058823529411764 0.03909090909090909
1 0.7188235294117648 0.5315909090909091 0.03882352941176471 0.03409090909090909
1 0.4038235294117647 0.3675 0.18058823529411766 0.03772727272727273
1 0.1111764705882353 0.6027272727272728 0.08235294117647059 0.03636363636363636
1 0.6735294117647059 0.9275 0.05647058823529412 0.038636363636363635
1 0.615 0.37068181818181817 0.15941176470588236 0.03772727272727273
1 0.3264705882352941 0.86 0.05176470588235294 0.031818181818181815
1 0.755 0.6125 0.10294117647058823 0.03318181818181818
1 0.7388235294117647 0.7279545454545454 0.03176470588235294 0.03318181818181818
1 0.40647058823529414 0.9297727272727273 0.04588235294117647 0.03681818181818182
1 0.3476470588235294 0.03681818181818182 0.05647058823529412 0.02727272727272727
1 0.7279411764705882 0.4109090909090909 0.022941176470588236 0.03272727272727273
1 0.8508823529411764 0.8643181818181818 0.057058823529411766 0.03772727272727273