1 0.5697058823529412 0.6163636363636363 0.13823529411764707 0.024545454545454544
1 0.8205882352941176 0.7302272727272727 0.11411764705882353 0.03409090909090909
1 0.4788235294117647 0.40454545454545454 0.3352941176470588 0.038181818181818185
1 0.39794117647058824 0.4481818181818182 0.17470588235294118 0.03272727272727273
1 0.40088235294117647 0.6102272727272727 0.20058823529411765 0.03318181818181818
1 0.31558823529411767 0.028863636363636362 0.04294117647058823 0.025
1 0.7817647058823529 0.5777272727272728 0.036470588235294116 0.02909090909090909
1 0.09117647058823529 0.7195454545454546 0.07764705882352942 0.035454545454545454
1 0.09558823529411764 0.3588636363636364 0.07941176470588235 0.035
1 0.6502941176470588 0.7261363636363637 0.1688235294117647 0.035
1 0.8508823529411764 0.5727272727272728 0.11 0.034545454545454546
1 0.09323529411764706 0.4022727272727273 0.07588235294117647 0.035454545454545454
1 0.3997058823529412 0.7709090909090909 0.2076470588235294 0.03090909090909091
1 0.6844117647058824 0.571590909090909 0.16647058823529412 0.03318181818181818
1 0.7535294117647059 0.7759090909090909 0.11764705882352941 0.025454545454545455
1 0.08588235294117647 0.6061363636363636 0.06823529411764706 0.03318181818181818
1 0.44441176470588234 0.5709090909090909 0.2923529411764706 0.03
1 0.5826470588235294 0.7734090909090909 0.13588235294117648 0.02590909090909091
1 0.09470588235294118 0.5622727272727273 0.0811764705882353 0.03363636363636364
1 0.6611764705882353 0.4527272727272727 0.06823529411764706 0.026363636363636363
1 0.7535294117647059 0.7297727272727272 0.03411764705882353 0.03318181818181818
1 0.09088235294117647 0.7659090909090909 0.07823529411764706 0.035454545454545454
1 0.7344117647058823 0.41295454545454546 0.16176470588235295 0.031363636363636364
1 0.5379411764705883 0.4475 0.10176470588235294 0.03318181818181818
1 0.88 0.4156818181818182 0.07058823529411765 0.02409090909090909
1 0.09147058823529412 0.4456818181818182 0.07470588235294118 0.035
1 0.43058823529411766 0.7243181818181819 0.26705882352941174 0.029545454545454545
1 0.7164705882352941 0.6134090909090909 0.08470588235294117 0.03318181818181818
1 0.5714705882352941 0.03409090909090909 0.1288235294117647 0.02090909090909091
1 0.8308823529411765 0.4134090909090909 0.02176470588235294 0.02772727272727273
1 0.6123529411764705 0.4525 0.024705882352941175 0.02409090909090909
1 0.6585294117647059 0.6272727272727273 0.022941176470588236 0.024545454545454544
1 0.6705882352941176 0.7829545454545455 0.02 0.023181818181818182