1 0.7573529411764706 0.8590909090909091 0.04647058823529412 0.03727272727272727
1 0.8397058823529412 0.9243181818181818 0.05 0.038636363636363635
1 0.5494117647058824 0.6102272727272727 0.12470588235294118 0.03590909090909091
1 0.41294117647058826 0.9263636363636364 0.04941176470588235 0.03727272727272727
1 0.5352941176470588 0.5259090909090909 0.10705882352941176 0.035454545454545454
1 0.39088235294117646 0.6111363636363636 0.1711764705882353 0.03227272727272727
1 0.6705882352941176 0.8595454545454545 0.04941176470588235 0.038181818181818185
1 0.38941176470588235 0.45181818181818184 0.17411764705882352 0.038181818181818185
1 0.4023529411764706 0.68 0.1588235294117647 0.03272727272727273
1 0.3976470588235294 0.725 0.16588235294117648 0.03727272727272727
1 0.3161764705882353 0.03590909090909091 0.03235294117647059 0.02090909090909091
1 0.4111764705882353 0.40704545454545454 0.2011764705882353 0.03590909090909091
1 0.10441176470588236 0.6829545454545455 0.05823529411764706 0.03590909090909091
1 0.0961764705882353 0.44931818181818184 0.07705882352941176 0.03681818181818182
1 0.6691176470588235 0.5270454545454546 0.0688235294117647 0.03227272727272727
1 0.10294117647058823 0.3659090909090909 0.08470588235294117 0.03727272727272727
1 0.155 0.9240909090909091 0.0488235294117647 0.038181818181818185
1 0.7532352941176471 0.5661363636363637 0.07 0.029545454545454545
1 0.32941176470588235 0.9247727272727273 0.052941176470588235 0.03681818181818182
1 0.1588235294117647 0.8570454545454546 0.05176470588235294 0.03772727272727273
1 0.3926470588235294 0.5252272727272728 0.15941176470588236 0.03772727272727273
1 0.10205882352941177 0.5225 0.07352941176470588 0.03590909090909091
1 0.24176470588235294 0.8586363636363636 0.04470588235294118 0.03727272727272727
1 0.6111764705882353 0.5304545454545454 0.036470588235294116 0.03272727272727273
1 0.24 0.9238636363636363 0.04823529411764706 0.03772727272727273
1 0.3835294117647059 0.7675 0.14823529411764705 0.03590909090909091
1 0.7597058823529412 0.9261363636363636 0.06411764705882353 0.03772727272727273
1 0.6235294117647059 0.4102272727272727 0.2 0.038636363636363635
1 0.5579411764705883 0.36818181818181817 0.14647058823529413 0.038181818181818185
1 0.41147058823529414 0.8604545454545455 0.04647058823529412 0.038181818181818185
1 0.581764705882353 0.923409090909091 0.04588235294117647 0.04045454545454545
1 0.41205882352941176 0.5672727272727273 0.20176470588235293 0.03636363636363636
1 0.5844117647058824 0.8568181818181818 0.04764705882352941 0.03909090909090909
1 0.09470588235294118 0.4075 0.07882352941176471 0.03681818181818182
1 0.10617647058823529 0.5661363636363637 0.07 0.03590909090909091
1 0.575 0.037954545454545456 0.10411764705882352 0.022272727272727274
1 0.5005882352941177 0.9240909090909091 0.052941176470588235 0.04
1 0.8447058823529412 0.86 0.047058823529411764 0.038181818181818185
1 0.09088235294117647 0.7652272727272728 0.06294117647058824 0.03681818181818182
1 0.5558823529411765 0.45181818181818184 0.15764705882352942 0.03727272727272727
1 0.4961764705882353 0.8595454545454545 0.04294117647058823 0.04090909090909091
1 0.6005882352941176 0.565 0.16470588235294117 0.03363636363636364
1 0.395 0.36613636363636365 0.17352941176470588 0.03772727272727273
1 0.10205882352941177 0.61 0.07705882352941176 0.03727272727272727
1 0.6694117647058824 0.9309090909090909 0.04941176470588235 0.03909090909090909
1 0.32676470588235296 0.8575 0.04647058823529412 0.03772727272727273
1 0.6794117647058824 0.6118181818181818 0.05647058823529412 0.023636363636363636
1 0.09941176470588235 0.7211363636363637 0.06 0.03590909090909091
1 0.7029411764705882 0.5631818181818182 0.03294117647058824 0.03272727272727273
1 0.638235294117647 0.6125 0.02823529411764706 0.031363636363636364