1 0.3738235294117647 0.5315909090909091 0.15823529411764706 0.031363636363636364
1 0.7664705882352941 0.8588636363636364 0.06941176470588235 0.038636363636363635
1 0.8526470588235294 0.9263636363636364 0.06764705882352941 0.038181818181818185
1 0.4102941176470588 0.923409090909091 0.05235294117647059 0.03681818181818182
1 0.545 0.5336363636363637 0.15470588235294117 0.028181818181818183
1 0.851764705882353 0.8593181818181819 0.0611764705882353 0.04045454545454545
1 0.3664705882352941 0.6195454545454545 0.14705882352941177 0.031818181818181815
1 0.6761764705882353 0.7295454545454545 0.03235294117647059 0.035454545454545454
1 0.4814705882352941 0.69 0.12176470588235294 0.03
1 0.6276470588235294 0.6895454545454546 0.058823529411764705 0.031818181818181815
1 0.37529411764705883 0.7279545454545454 0.16705882352941176 0.03772727272727273
1 0.3029411764705882 0.03613636363636363 0.03294117647058824 0.020454545454545454
1 0.4076470588235294 0.4131818181818182 0.2211764705882353 0.034545454545454546
1 0.09470588235294118 0.678409090909091 0.07647058823529412 0.03590909090909091
1 0.1038235294117647 0.45545454545454545 0.08411764705882353 0.03636363636363636
1 0.4673529411764706 0.7777272727272727 0.09470588235294118 0.02727272727272727
1 0.15411764705882353 0.923409090909091 0.052941176470588235 0.038636363636363635
1 0.3270588235294118 0.9229545454545455 0.058823529411764705 0.03772727272727273
1 0.1561764705882353 0.8561363636363636 0.057058823529411766 0.03954545454545454
1 0.10205882352941177 0.5297727272727273 0.08647058823529412 0.03409090909090909
1 0.24029411764705882 0.8593181818181819 0.05941176470588235 0.04045454545454545
1 0.24323529411764705 0.9240909090909091 0.05235294117647059 0.038181818181818185
1 0.3502941176470588 0.7763636363636364 0.10882352941176471 0.02909090909090909
1 0.7608823529411765 0.9238636363636363 0.05588235294117647 0.03954545454545454
1 0.10205882352941177 0.3663636363636364 0.08294117647058824 0.034545454545454546
1 0.6911764705882353 0.38295454545454544 0.041176470588235294 0.03590909090909091
1 0.62 0.4156818181818182 0.18941176470588236 0.03590909090909091
1 0.41352941176470587 0.8595454545454545 0.052941176470588235 0.03909090909090909
1 0.5879411764705882 0.9213636363636364 0.05588235294117647 0.03909090909090909
1 0.4152941176470588 0.5711363636363637 0.24588235294117647 0.03954545454545454
1 0.5941176470588235 0.46863636363636363 0.029411764705882353 0.034545454545454546
1 0.5135294117647059 0.6195454545454545 0.14 0.02909090909090909
1 0.585 0.8652272727272727 0.04764705882352941 0.03590909090909091
1 0.1 0.4122727272727273 0.08352941176470588 0.03636363636363636
1 0.0988235294117647 0.5711363636363637 0.07764705882352942 0.035
1 0.5579411764705883 0.03727272727272727 0.10529411764705883 0.023636363636363636
1 0.8114705882352942 0.4188636363636364 0.08764705882352941 0.03227272727272727
1 0.7561764705882353 0.7325 0.11588235294117646 0.03227272727272727
1 0.5058823529411764 0.9240909090909091 0.06352941176470588 0.04
1 0.6723529411764706 0.8575 0.052941176470588235 0.03772727272727273
1 0.5838235294117647 0.37363636363636366 0.13705882352941176 0.03363636363636364
1 0.3658823529411765 0.4593181818181818 0.14352941176470588 0.030454545454545453
1 0.095 0.7652272727272728 0.07588235294117647 0.035
1 0.09411764705882353 0.7218181818181818 0.07764705882352942 0.035454545454545454
1 0.7597058823529412 0.37545454545454543 0.07588235294117647 0.03363636363636364
1 0.51 0.4618181818181818 0.1223529411764706 0.02727272727272727
1 0.5005882352941177 0.8581818181818182 0.06 0.03909090909090909
1 0.6429411764705882 0.4634090909090909 0.06588235294117648 0.03227272727272727
1 0.7073529411764706 0.5738636363636364 0.31 0.03772727272727273
1 0.3935294117647059 0.37113636363636365 0.18 0.03772727272727273
1 0.5558823529411765 0.7313636363636363 0.16117647058823528 0.031818181818181815
1 0.10147058823529412 0.6138636363636364 0.08058823529411764 0.03590909090909091
1 0.675 0.9252272727272727 0.061764705882352944 0.03772727272727273
1 0.32823529411764707 0.8570454545454546 0.05764705882352941 0.03954545454545454
1 0.7494117647058823 0.4163636363636364 0.03764705882352941 0.03636363636363636
1 0.35205882352941176 0.6881818181818182 0.11352941176470588 0.03272727272727273
1 0.5732352941176471 0.7013636363636364 0.03235294117647059 0.03
1 0.5341176470588235 0.7836363636363637 0.02823529411764706 0.02909090909090909
1 0.5826470588235294 0.7772727272727272 0.061764705882352944 0.02909090909090909