1 0.3947058823529412 0.6770454545454545 0.19411764705882353 0.04045454545454545
1 0.6079411764705882 0.6831818181818182 0.18176470588235294 0.03090909090909091
1 0.7608823529411765 0.8565909090909091 0.0711764705882353 0.042272727272727274
1 0.8438235294117648 0.9254545454545454 0.07 0.04181818181818182
1 0.4073529411764706 0.9222727272727272 0.06764705882352941 0.04090909090909091
1 0.8426470588235294 0.8581818181818182 0.07705882352941176 0.042727272727272725
1 0.35676470588235293 0.6106818181818182 0.1288235294117647 0.03227272727272727
1 0.3935294117647059 0.4461363636363636 0.1776470588235294 0.03681818181818182
1 0.44058823529411767 0.7220454545454545 0.27294117647058824 0.038636363636363635
1 0.8067647058823529 0.5259090909090909 0.1264705882352941 0.03636363636363636
1 0.11205882352941177 0.6736363636363636 0.10529411764705883 0.03909090909090909
1 0.10941176470588235 0.4445454545454545 0.0988235294117647 0.03727272727272727
1 0.7197058823529412 0.5734090909090909 0.028823529411764706 0.03409090909090909
1 0.7064705882352941 0.7252272727272727 0.22588235294117648 0.03772727272727273
1 0.14705882352941177 0.9186363636363636 0.05647058823529412 0.04363636363636364
1 0.8076470588235294 0.5740909090909091 0.13176470588235295 0.035454545454545454
1 0.3264705882352941 0.918409090909091 0.07294117647058823 0.041363636363636366
1 0.15058823529411763 0.8504545454545455 0.058823529411764705 0.04363636363636364
1 0.40941176470588236 0.5181818181818182 0.21411764705882352 0.04
1 0.10411764705882352 0.515 0.0988235294117647 0.038181818181818185
1 0.6711764705882353 0.6113636363636363 0.09058823529411765 0.031818181818181815
1 0.8655882352941177 0.3690909090909091 0.10647058823529412 0.034545454545454546
1 0.24323529411764705 0.8527272727272728 0.06764705882352941 0.04090909090909091
1 0.23588235294117646 0.918409090909091 0.06470588235294118 0.04045454545454545
1 0.36970588235294116 0.764090909090909 0.14529411764705882 0.038181818181818185
1 0.7591176470588236 0.9238636363636363 0.07588235294117647 0.041363636363636366
1 0.12205882352941176 0.3588636363636364 0.08411764705882353 0.03590909090909091
1 0.5285294117647059 0.774090909090909 0.1288235294117647 0.03363636363636364
1 0.6738235294117647 0.45181818181818184 0.06647058823529411 0.03272727272727273
1 0.6808823529411765 0.36886363636363634 0.1535294117647059 0.030454545454545453
1 0.6197058823529412 0.4556818181818182 0.03470588235294118 0.03227272727272727
1 0.4138235294117647 0.8525 0.07 0.041363636363636366
1 0.581764705882353 0.9229545454545455 0.06470588235294118 0.04318181818181818
1 0.41352941176470587 0.5640909090909091 0.22 0.03909090909090909
1 0.6035294117647059 0.5202272727272728 0.1623529411764706 0.038636363636363635
1 0.49323529411764705 0.6215909090909091 0.13 0.03590909090909091
1 0.5888235294117647 0.8579545454545454 0.07411764705882352 0.042272727272727274
1 0.12588235294117647 0.4011363636363636 0.09411764705882353 0.03681818181818182
1 0.10735294117647058 0.5584090909090909 0.10058823529411764 0.03590909090909091
1 0.6188235294117647 0.5690909090909091 0.17529411764705882 0.04
1 0.5008823529411764 0.9218181818181819 0.07352941176470588 0.04090909090909091
1 0.6735294117647059 0.855909090909091 0.06588235294117648 0.04363636363636364
1 0.7176470588235294 0.41454545454545455 0.16470588235294117 0.028181818181818183
1 0.11441176470588235 0.7579545454545454 0.1111764705882353 0.03772727272727273
1 0.5479411764705883 0.45954545454545453 0.10764705882352942 0.031818181818181815
1 0.49676470588235294 0.8545454545454545 0.0688235294117647 0.04363636363636364
1 0.7120588235294117 0.5281818181818182 0.04058823529411765 0.03272727272727273
1 0.9058823529411765 0.41363636363636364 0.12941176470588237 0.03909090909090909
1 0.591764705882353 0.6115909090909091 0.029411764705882353 0.03318181818181818
1 0.4561764705882353 0.36022727272727273 0.30058823529411766 0.03954545454545454
1 0.11382352941176471 0.6027272727272728 0.11235294117647059 0.038181818181818185
1 0.6667647058823529 0.9225 0.06647058823529411 0.04045454545454545
1 0.3276470588235294 0.8506818181818182 0.06352941176470588 0.038636363636363635
1 0.10617647058823529 0.7165909090909091 0.10647058823529412 0.03681818181818182
1 0.31441176470588234 0.031818181818181815 0.039411764705882354 0.025454545454545455
1 0.5594117647058824 0.03318181818181818 0.0988235294117647 0.026363636363636363
1 0.7767647058823529 0.37022727272727274 0.033529411764705884 0.04045454545454545
1 0.8244117647058824 0.4188636363636364 0.04294117647058823 0.03954545454545454
1 0.4641176470588235 0.40613636363636363 0.3341176470588235 0.045