1 0.3547058823529412 0.6895454545454546 0.10352941176470588 0.03636363636363636
1 0.7567647058823529 0.8588636363636364 0.061764705882352944 0.038636363636363635
1 0.8497058823529412 0.9268181818181818 0.06764705882352941 0.04
1 0.40705882352941175 0.9263636363636364 0.05529411764705883 0.03909090909090909
1 0.3785294117647059 0.6186363636363637 0.16058823529411764 0.031818181818181815
1 0.5008823529411764 0.6831818181818182 0.11588235294117646 0.03636363636363636
1 0.6694117647058824 0.6902272727272727 0.0811764705882353 0.038636363636363635
1 0.37 0.7275 0.13529411764705881 0.035
1 0.4294117647058823 0.4163636363636364 0.26588235294117646 0.03363636363636364
1 0.45088235294117646 0.7704545454545455 0.09823529411764706 0.03727272727272727
1 0.1 0.6795454545454546 0.08352941176470588 0.035454545454545454
1 0.11970588235294118 0.4495454545454545 0.07470588235294118 0.035454545454545454
1 0.5920588235294117 0.7679545454545454 0.06764705882352941 0.03409090909090909
1 0.1564705882352941 0.9236363636363636 0.058823529411764705 0.04090909090909091
1 0.31941176470588234 0.9245454545454546 0.05411764705882353 0.04
1 0.15470588235294117 0.8577272727272728 0.04470588235294118 0.038181818181818185
1 0.6905882352941176 0.73 0.09294117647058824 0.03272727272727273
1 0.10705882352941176 0.519090909090909 0.08235294117647059 0.042727272727272725
1 0.8255882352941176 0.3759090909090909 0.09588235294117647 0.03363636363636364
1 0.23705882352941177 0.9227272727272727 0.05647058823529412 0.04
1 0.3508823529411765 0.7663636363636364 0.10294117647058823 0.03636363636363636
1 0.7567647058823529 0.9277272727272727 0.06529411764705882 0.04
1 0.11588235294117646 0.36227272727272725 0.07882352941176471 0.03636363636363636
1 0.5229411764705882 0.7293181818181819 0.14470588235294118 0.031363636363636364
1 0.665 0.4188636363636364 0.1676470588235294 0.03590909090909091
1 0.6235294117647059 0.37545454545454543 0.11647058823529412 0.034545454545454546
1 0.40941176470588236 0.8572727272727273 0.06 0.04
1 0.5829411764705882 0.9240909090909091 0.06 0.038181818181818185
1 0.40294117647058825 0.5297727272727273 0.2 0.03409090909090909
1 0.5591176470588235 0.5336363636363637 0.08647058823529412 0.03272727272727273
1 0.42 0.5734090909090909 0.23647058823529413 0.03772727272727273
1 0.5847058823529412 0.8604545454545455 0.05411764705882353 0.04363636363636364
1 0.11588235294117646 0.40795454545454546 0.08352941176470588 0.035
1 0.10882352941176471 0.5640909090909091 0.08352941176470588 0.04
1 0.6291176470588236 0.5720454545454545 0.1288235294117647 0.03318181818181818
1 0.5588235294117647 0.037954545454545456 0.08705882352941176 0.021363636363636362
1 0.6211764705882353 0.4572727272727273 0.03529411764705882 0.03272727272727273
1 0.7226470588235294 0.4618181818181818 0.10176470588235294 0.031818181818181815
1 0.495 0.9256818181818182 0.05588235294117647 0.03954545454545454
1 0.8452941176470589 0.8595454545454545 0.06235294117647059 0.038181818181818185
1 0.6711764705882353 0.8631818181818182 0.058823529411764705 0.04727272727272727
1 0.8655882352941177 0.415 0.12529411764705883 0.038181818181818185
1 0.3785294117647059 0.45545454545454545 0.16058823529411764 0.035454545454545454
1 0.10352941176470588 0.7670454545454546 0.07647058823529412 0.03954545454545454
1 0.09735294117647059 0.7227272727272728 0.0888235294117647 0.038181818181818185
1 0.7708823529411765 0.42363636363636364 0.028823529411764706 0.03272727272727273
1 0.5308823529411765 0.4602272727272727 0.11941176470588236 0.03409090909090909
1 0.6223529411764706 0.7311363636363636 0.027058823529411764 0.03227272727272727
1 0.4961764705882353 0.8568181818181818 0.06411764705882353 0.04
1 0.4279411764705882 0.37318181818181817 0.24411764705882352 0.038181818181818185
1 0.5067647058823529 0.6188636363636364 0.10294117647058823 0.029545454545454545
1 0.10794117647058823 0.6056818181818182 0.07588235294117647 0.04045454545454545
1 0.6670588235294118 0.9268181818181818 0.05529411764705883 0.03909090909090909
1 0.3197058823529412 0.8579545454545454 0.05 0.03954545454545454
1 0.31470588235294117 0.03227272727272727 0.04470588235294118 0.03
1 0.7276470588235294 0.38477272727272727 0.02823529411764706 0.03227272727272727
1 0.5297058823529411 0.7722727272727272 0.022941176470588236 0.03
1 0.5961764705882353 0.6913636363636364 0.05 0.03090909090909091
1 0.24235294117647058 0.8579545454545454 0.0611764705882353 0.042272727272727274