1 0.8423529411764706 0.925 0.06588235294117648 0.03727272727272727
1 0.4076470588235294 0.9227272727272727 0.058823529411764705 0.03727272727272727
1 0.8411764705882353 0.8552272727272727 0.06 0.03772727272727273
1 0.41323529411764703 0.5259090909090909 0.23 0.026363636363636363
1 0.6714705882352942 0.8579545454545454 0.057058823529411766 0.04863636363636364
1 0.48264705882352943 0.6822727272727273 0.08529411764705883 0.035454545454545454
1 0.37 0.7227272727272728 0.13411764705882354 0.03636363636363636
1 0.793235294117647 0.5254545454545455 0.07 0.03090909090909091
1 0.07764705882352942 0.6806818181818182 0.06352941176470588 0.03318181818181818
1 0.08970588235294118 0.4440909090909091 0.0711764705882353 0.03363636363636364
1 0.09058823529411765 0.36204545454545456 0.07294117647058823 0.03590909090909091
1 0.15176470588235294 0.9202272727272728 0.05411764705882353 0.03681818181818182
1 0.7920588235294118 0.5697727272727273 0.10058823529411764 0.03227272727272727
1 0.3247058823529412 0.9227272727272727 0.05411764705882353 0.03636363636363636
1 0.15911764705882353 0.8518181818181818 0.06764705882352941 0.03727272727272727
1 0.7570588235294118 0.855909090909091 0.06352941176470588 0.04
1 0.24588235294117647 0.8531818181818182 0.06235294117647059 0.03727272727272727
1 0.24235294117647058 0.9181818181818182 0.05529411764705883 0.038181818181818185
1 0.3338235294117647 0.7661363636363636 0.09235294117647058 0.03409090909090909
1 0.7532352941176471 0.9236363636363636 0.05588235294117647 0.03727272727272727
1 0.2782352941176471 0.03159090909090909 0.04470588235294118 0.028636363636363637
1 0.40941176470588236 0.8554545454545455 0.05647058823529412 0.03909090909090909
1 0.5864705882352941 0.9213636363636364 0.05764705882352941 0.03636363636363636
1 0.36411764705882355 0.678409090909091 0.12470588235294118 0.03409090909090909
1 0.4073529411764706 0.5672727272727273 0.23823529411764705 0.03363636363636364
1 0.5885294117647059 0.8534090909090909 0.06647058823529411 0.03772727272727273
1 0.08794117647058823 0.40136363636363637 0.07 0.03272727272727273
1 0.08823529411764706 0.5597727272727273 0.06941176470588235 0.03227272727272727
1 0.6173529411764705 0.5654545454545454 0.13 0.034545454545454546
1 0.571764705882353 0.03590909090909091 0.11294117647058824 0.025454545454545455
1 0.4964705882352941 0.9220454545454545 0.052941176470588235 0.03772727272727273
1 0.42705882352941177 0.36727272727272725 0.24588235294117647 0.034545454545454546
1 0.07823529411764706 0.7595454545454545 0.06823529411764706 0.03272727272727273
1 0.42058823529411765 0.4113636363636364 0.24 0.02727272727272727
1 0.5038235294117647 0.8552272727272727 0.07470588235294118 0.035
1 0.08352941176470588 0.6025 0.06 0.03318181818181818
1 0.6647058823529411 0.9222727272727272 0.05058823529411765 0.038181818181818185
1 0.32588235294117646 0.8527272727272728 0.06235294117647059 0.03636363636363636
1 0.7197058823529412 0.5677272727272727 0.03 0.031818181818181815
1 0.07558823529411765 0.7181818181818181 0.05823529411764706 0.03272727272727273
1 0.33441176470588235 0.028863636363636362 0.06647058823529411 0.021363636363636362
1 0.3761764705882353 0.4547727272727273 0.1723529411764706 0.025
1 0.6079411764705882 0.5281818181818182 0.14411764705882352 0.024545454545454544
1 0.7158823529411765 0.5352272727272728 0.041176470588235294 0.030454545454545453
1 0.36411764705882355 0.6115909090909091 0.14352941176470588 0.030454545454545453
1 0.09558823529411764 0.5247727272727273 0.08058823529411764 0.026818181818181817
1 0.5067647058823529 0.6147727272727272 0.1264705882352941 0.026818181818181817
1 0.5908823529411765 0.6227272727272727 0.028823529411764706 0.03272727272727273
1 0.6564705882352941 0.6218181818181818 0.07647058823529412 0.023636363636363636
1 0.49441176470588233 0.7284090909090909 0.09705882352941177 0.03409090909090909
1 0.42911764705882355 0.7693181818181818 0.061764705882352944 0.031363636363636364