1 0.4194690265486726 0.7065514103730665 0.18171091445427728 0.039126478616924476
1 0.763716814159292 0.8782984531392175 0.06548672566371681 0.03958143767060965
1 0.8474926253687316 0.9419927206551411 0.06312684365781711 0.03867151956323931
1 0.4206489675516224 0.943130118289354 0.05191740412979351 0.036396724294813464
1 0.8489675516224189 0.8787534121929026 0.06725663716814159 0.03958143767060965
1 0.4144542772861357 0.6353503184713376 0.1929203539823009 0.034121929026387623
1 0.7088495575221239 0.7961783439490446 0.033628318584070796 0.03821656050955414
1 0.4300884955752212 0.47952684258416745 0.2359882005899705 0.03548680618744313
1 0.6675516224188791 0.7129208371246588 0.03952802359882006 0.03821656050955414
1 0.42094395280235986 0.8018653321201092 0.18938053097345134 0.0359417652411283
1 0.7371681415929203 0.7065514103730665 0.08672566371681416 0.03275705186533212
1 0.45250737463126844 0.43607825295723385 0.27964601769911507 0.036851683348498636
1 0.1200589970501475 0.7035941765241128 0.07964601769911504 0.034121929026387623
1 0.1215339233038348 0.4786169244767971 0.07905604719764012 0.034576888080072796
1 0.4312684365781711 0.7484076433121019 0.20530973451327433 0.03548680618744313
1 0.6825958702064897 0.5898544131028207 0.184070796460177 0.0359417652411283
1 0.12035398230088495 0.3919472247497725 0.08259587020648967 0.036851683348498636
1 0.6091445427728613 0.7879890809827116 0.13628318584070798 0.034576888080072796
1 0.1631268436578171 0.9429026387625113 0.05368731563421829 0.03776160145586897
1 0.7896755162241887 0.7474977252047316 0.0808259587020649 0.03184713375796178
1 0.34041297935103243 0.9426751592356688 0.054277286135693215 0.03548680618744313
1 0.16460176991150444 0.876933575978162 0.058997050147492625 0.03776160145586897
1 0.4200589970501475 0.5484531392174704 0.19469026548672566 0.03867151956323931
1 0.11740412979351032 0.5507279344858963 0.08849557522123894 0.036851683348498636
1 0.6188790560471976 0.6328480436760692 0.1663716814159292 0.034576888080072796
1 0.24572271386430677 0.8771610555050046 0.05486725663716814 0.03821656050955414
1 0.2551622418879056 0.9424476797088263 0.04896755162241888 0.0359417652411283
1 0.7640117994100295 0.9574613284804367 0.054277286135693215 0.054140127388535034
1 0.2935103244837758 0.0705186533212011 0.04542772861356932 0.02183803457688808
1 0.6123893805309735 0.4802092811646952 0.09557522123893805 0.03230209281164695
1 0.5775811209439528 0.39672429481346677 0.08259587020648967 0.034576888080072796
1 0.4224188790560472 0.8771610555050046 0.05073746312684366 0.03821656050955414
1 0.5929203539823009 0.9426751592356688 0.058997050147492625 0.036396724294813464
1 0.44129793510324483 0.5907643312101911 0.24778761061946902 0.0359417652411283
1 0.6011799410029498 0.5482256596906279 0.1486725663716814 0.03821656050955414
1 0.5902654867256637 0.879663330300273 0.061946902654867256 0.045040946314831666
1 0.1224188790560472 0.4351683348498635 0.0831858407079646 0.034121929026387623
1 0.11887905604719765 0.5914467697907189 0.08908554572271386 0.03548680618744313
1 0.5666666666666667 0.06938125568698818 0.11858407079646018 0.022292993630573247
1 0.7749262536873156 0.7911737943585078 0.07610619469026549 0.03184713375796178
1 0.49970501474926254 0.9465423111919927 0.05309734513274336 0.04413102820746133
1 0.6778761061946903 0.8805732484076433 0.058997050147492625 0.042311191992720654
1 0.13775811209439529 0.7891264786169245 0.07374631268436578 0.03503184713375796
1 0.6528023598820059 0.43425841674249316 0.09144542772861357 0.03139217470427662
1 0.6259587020648968 0.7477252047315741 0.15693215339233038 0.03503184713375796
1 0.5017699115044247 0.8803457688808007 0.05958702064896755 0.044585987261146494
1 0.5775811209439528 0.7042766151046406 0.1368731563421829 0.03821656050955414
1 0.4218289085545723 0.39422202001819834 0.21002949852507374 0.03867151956323931
1 0.12212389380530973 0.6321656050955414 0.08613569321533923 0.03503184713375796
1 0.6775811209439528 0.9408553230209281 0.06666666666666667 0.03821656050955414
1 0.3374631268436578 0.8782984531392175 0.05663716814159292 0.03867151956323931
1 0.7283185840707964 0.7495450409463148 0.033628318584070796 0.034121929026387623
1 0.13185840707964602 0.7486351228389445 0.07138643067846608 0.033212010919017286