1 0.3988235294117647 0.6763636363636364 0.18352941176470589 0.03909090909090909
1 0.758235294117647 0.8547727272727272 0.06352941176470588 0.041363636363636366
1 0.8405882352941176 0.9243181818181818 0.0611764705882353 0.041363636363636366
1 0.4147058823529412 0.9220454545454545 0.058823529411764705 0.03772727272727273
1 0.845 0.8570454545454546 0.06294117647058824 0.041363636363636366
1 0.37411764705882355 0.6038636363636364 0.12823529411764706 0.03409090909090909
1 0.4767647058823529 0.40295454545454545 0.04058823529411765 0.030454545454545453
1 0.4258823529411765 0.4470454545454545 0.027058823529411764 0.03227272727272727
1 0.6538235294117647 0.6822727272727273 0.028823529411764706 0.035454545454545454
1 0.37411764705882355 0.36022727272727273 0.1223529411764706 0.031363636363636364
1 0.768235294117647 0.5263636363636364 0.10705882352941176 0.034545454545454546
1 0.37441176470588233 0.4034090909090909 0.12294117647058823 0.03227272727272727
1 0.1111764705882353 0.6795454545454546 0.07411764705882352 0.034545454545454546
1 0.10941176470588235 0.5159090909090909 0.08 0.03
1 0.39705882352941174 0.7202272727272727 0.18470588235294116 0.03681818181818182
1 0.10529411764705883 0.5561363636363637 0.08 0.028636363636363637
1 0.7226470588235294 0.5677272727272727 0.026470588235294117 0.035454545454545454
1 0.11705882352941177 0.4059090909090909 0.05058823529411765 0.038181818181818185
1 0.571764705882353 0.7218181818181818 0.12352941176470589 0.034545454545454546
1 0.15794117647058822 0.9204545454545454 0.05588235294117647 0.03909090909090909
1 0.7902941176470588 0.5663636363636364 0.08529411764705883 0.03272727272727273
1 0.3261764705882353 0.9213636363636364 0.061764705882352944 0.038181818181818185
1 0.15058823529411763 0.8518181818181818 0.05176470588235294 0.038181818181818185
1 0.7229411764705882 0.7218181818181818 0.08588235294117647 0.03272727272727273
1 0.565 0.40454545454545454 0.09588235294117647 0.02727272727272727
1 0.39647058823529413 0.5186363636363637 0.17647058823529413 0.038181818181818185
1 0.6464705882352941 0.7213636363636363 0.041176470588235294 0.03272727272727273
1 0.24235294117647058 0.8534090909090909 0.05764705882352941 0.038636363636363635
1 0.606764705882353 0.5652272727272727 0.1688235294117647 0.03681818181818182
1 0.24176470588235294 0.9202272727272728 0.05647058823529412 0.03954545454545454
1 0.35794117647058826 0.7611363636363636 0.11705882352941177 0.03409090909090909
1 0.7535294117647059 0.9236363636363636 0.05647058823529412 0.042727272727272725
1 0.11735294117647059 0.3597727272727273 0.05235294117647059 0.03409090909090909
1 0.5852941176470589 0.7647727272727273 0.06235294117647059 0.030454545454545453
1 0.5641176470588235 0.365 0.09294117647058824 0.034545454545454546
1 0.4773529411764706 0.3640909090909091 0.039411764705882354 0.03090909090909091
1 0.4076470588235294 0.8543181818181819 0.05176470588235294 0.038636363636363635
1 0.5864705882352941 0.9225 0.06588235294117648 0.041363636363636366
1 0.4041176470588235 0.5604545454545454 0.19647058823529412 0.03727272727272727
1 0.5761764705882353 0.5206818181818181 0.15 0.038636363636363635
1 0.5214705882352941 0.6054545454545455 0.11705882352941177 0.03363636363636364
1 0.5879411764705882 0.8545454545454545 0.05352941176470588 0.038181818181818185
1 0.5985294117647059 0.6054545454545455 0.031176470588235295 0.03363636363636364
1 0.5676470588235294 0.03227272727272727 0.09176470588235294 0.019090909090909092
1 0.49911764705882355 0.9213636363636364 0.057058823529411766 0.04090909090909091
1 0.6720588235294118 0.8543181818181819 0.05941176470588235 0.03954545454545454
1 0.35911764705882354 0.44522727272727275 0.09470588235294118 0.035
1 0.11676470588235294 0.7572727272727273 0.08764705882352941 0.034545454545454546
1 0.47294117647058825 0.4465909090909091 0.05764705882352941 0.03227272727272727
1 0.5026470588235294 0.8563636363636363 0.06647058823529411 0.04090909090909091
1 0.6885294117647058 0.5309090909090909 0.03470588235294118 0.03272727272727273
1 0.5694117647058824 0.6781818181818182 0.11294117647058824 0.035454545454545454
1 0.1011764705882353 0.6015909090909091 0.07764705882352942 0.031363636363636364
1 0.6670588235294118 0.9245454545454546 0.04823529411764706 0.04181818181818182
1 0.3270588235294118 0.8538636363636364 0.05411764705882353 0.038636363636363635
1 0.6567647058823529 0.6047727272727272 0.0688235294117647 0.031363636363636364
1 0.7208823529411764 0.6790909090909091 0.09705882352941177 0.03363636363636364
1 0.1111764705882353 0.7156818181818182 0.0811764705882353 0.035
1 0.30676470588235294 0.029545454545454545 0.060588235294117644 0.016363636363636365
1 0.12 0.4445454545454545 0.05176470588235294 0.03272727272727273
1 0.46176470588235297 0.7645454545454545 0.08235294117647059 0.031818181818181815
1 0.5335294117647059 0.7684090909090909 0.029411764705882353 0.028636363636363637