1 0.4168141592920354 0.6795340338053906 0.1410029498525074 0.0379168570123344
1 0.7684365781710915 0.8526724531749658 0.05958702064896755 0.037003197807217905
1 0.859882005899705 0.9205116491548653 0.061946902654867256 0.03837368661489265
1 0.4265486725663717 0.9195979899497487 0.05781710914454277 0.03837368661489265
1 0.8589970501474926 0.8501598903608953 0.06253687315634218 0.03746002740977615
1 0.4663716814159292 0.39789858382823207 0.2861356932153392 0.03928734582000914
1 0.43097345132743364 0.44221105527638194 0.2176991150442478 0.03746002740977615
1 0.40825958702064896 0.7642759250799451 0.1368731563421829 0.03654636820465966
1 0.30973451327433627 0.02147099132023755 0.058997050147492625 0.027409776153494745
1 0.11297935103244838 0.6788487894015532 0.10088495575221239 0.03746002740977615
1 0.09852507374631268 0.4440383736866149 0.0943952802359882 0.03563270899954317
1 0.4206489675516224 0.7188213796253997 0.15103244837758112 0.036089538602101415
1 0.10265486725663717 0.35769757880310643 0.10265486725663717 0.03746002740977615
1 0.16430678466076695 0.9211968935587026 0.06430678466076696 0.0379168570123344
1 0.8424778761061947 0.4419826404751028 0.08495575221238938 0.03334856098675194
1 0.3383480825958702 0.9198264047510278 0.06430678466076696 0.036089538602101415
1 0.15516224188790562 0.8538145271813613 0.05545722713864307 0.03746002740977615
1 0.4407079646017699 0.5143901324805847 0.20648967551622419 0.03928734582000914
1 0.10147492625368731 0.5166742804933759 0.09085545722713864 0.03563270899954317
1 0.6469026548672566 0.6014161717679306 0.11150442477876106 0.034262220191868434
1 0.8510324483775811 0.3972133394243947 0.03716814159292035 0.035175879396984924
1 0.24985250737463127 0.8529008679762449 0.06548672566371681 0.03928734582000914
1 0.6766961651917404 0.5589310187300137 0.12507374631268436 0.035175879396984924
1 0.24601769911504426 0.9202832343535862 0.058997050147492625 0.037003197807217905
1 0.7657817109144542 0.9205116491548653 0.054277286135693215 0.03928734582000914
1 0.5943952802359882 0.7656464138876199 0.2200589970501475 0.02923709456372773
1 0.6542772861356932 0.4431247144814984 0.21238938053097345 0.03837368661489265
1 0.7466076696165191 0.35769757880310643 0.03126843657817109 0.031064412973960714
1 0.6353982300884956 0.3586112380082229 0.18171091445427728 0.03746002740977615
1 0.42625368731563423 0.853129282777524 0.0607669616519174 0.037003197807217905
1 0.595575221238938 0.9218821379625399 0.0607669616519174 0.04111466423024212
1 0.46696165191740413 0.5600730927364094 0.26017699115044246 0.03746002740977615
1 0.6017699115044248 0.51301964367291 0.11445427728613569 0.03654636820465966
1 0.45870206489675514 0.6021014161717679 0.24601769911504426 0.03654636820465966
1 0.5952802359882006 0.8517587939698492 0.05781710914454277 0.036089538602101415
1 0.10530973451327434 0.39926907263590683 0.10324483775811209 0.03654636820465966
1 0.10589970501474927 0.559616263133851 0.09380530973451327 0.03563270899954317
1 0.5551622418879056 0.021699406121516673 0.04837758112094395 0.02512562814070352
1 0.7849557522123893 0.44380995888533575 0.033628318584070796 0.034262220191868434
1 0.508259587020649 0.9193695751484696 0.061946902654867256 0.039744175422567384
1 0.6808259587020649 0.8551850159890361 0.05781710914454277 0.04020100502512563
1 0.8085545722713864 0.3572407492005482 0.08908554572271386 0.03197807217907721
1 0.1079646017699115 0.7642759250799451 0.0943952802359882 0.03654636820465966
1 0.11297935103244838 0.719506624029237 0.10442477876106195 0.03746002740977615
1 0.6321533923303835 0.7227044312471448 0.2448377581120944 0.031064412973960714
1 0.5100294985250737 0.8538145271813613 0.06312684365781711 0.03654636820465966
1 0.7238938053097345 0.39789858382823207 0.215929203539823 0.04111466423024212
1 0.9138643067846608 0.3972133394243947 0.08141592920353982 0.037003197807217905
1 0.5902654867256637 0.6781635449977158 0.18938053097345134 0.035175879396984924
1 0.4374631268436578 0.35587026039287345 0.20707964601769913 0.03746002740977615
1 0.10117994100294986 0.6030150753768844 0.09144542772861357 0.03563270899954317
1 0.6861356932153392 0.918227501142074 0.06725663716814159 0.03837368661489265
1 0.3309734513274336 0.8547281863864779 0.058997050147492625 0.03837368661489265