1 0.7588235294117647 0.8597727272727272 0.06235294117647059 0.03954545454545454
1 0.8432352941176471 0.9272727272727272 0.06764705882352941 0.04
1 0.5782352941176471 0.7340909090909091 0.1376470588235294 0.035454545454545454
1 0.41911764705882354 0.9272727272727272 0.0688235294117647 0.03909090909090909
1 0.8482352941176471 0.8615909090909091 0.07764705882352942 0.04045454545454545
1 0.3526470588235294 0.6190909090909091 0.11 0.03363636363636364
1 0.4320588235294118 0.4127272727272727 0.2641176470588235 0.04181818181818182
1 0.6447058823529411 0.7877272727272727 0.03411764705882353 0.035454545454545454
1 0.4026470588235294 0.46045454545454545 0.2088235294117647 0.03636363636363636
1 0.665 0.7338636363636364 0.03235294117647059 0.03409090909090909
1 0.40058823529411763 0.7293181818181819 0.20823529411764705 0.04045454545454545
1 0.10352941176470588 0.6790909090909091 0.0811764705882353 0.035454545454545454
1 0.095 0.4525 0.07705882352941176 0.03590909090909091
1 0.15029411764705883 0.9256818181818182 0.05352941176470588 0.04318181818181818
1 0.7273529411764705 0.7345454545454545 0.09117647058823529 0.03
1 0.33029411764705885 0.9275 0.06764705882352941 0.04045454545454545
1 0.15676470588235294 0.8579545454545454 0.06294117647058824 0.041363636363636366
1 0.7 0.7793181818181818 0.07529411764705882 0.02772727272727273
1 0.36176470588235293 0.5711363636363637 0.12941176470588237 0.03772727272727273
1 0.11147058823529411 0.5211363636363636 0.07235294117647059 0.03409090909090909
1 0.24205882352941177 0.8602272727272727 0.06529411764705882 0.042272727272727274
1 0.23823529411764705 0.9252272727272727 0.05411764705882353 0.042272727272727274
1 0.39205882352941174 0.7756818181818181 0.19117647058823528 0.03590909090909091
1 0.7594117647058823 0.9277272727272727 0.06470588235294118 0.03909090909090909
1 0.10411764705882352 0.3665909090909091 0.08588235294117647 0.03681818181818182
1 0.5594117647058824 0.7781818181818182 0.12117647058823529 0.031818181818181815
1 0.6370588235294118 0.4172727272727273 0.13058823529411764 0.03636363636363636
1 0.41 0.8575 0.05058823529411765 0.04045454545454545
1 0.5794117647058824 0.9261363636363636 0.05529411764705883 0.041363636363636366
1 0.5829411764705882 0.8615909090909091 0.05647058823529412 0.04318181818181818
1 0.10088235294117646 0.4084090909090909 0.07823529411764706 0.03681818181818182
1 0.10470588235294118 0.5661363636363637 0.07764705882352942 0.03409090909090909
1 0.6329411764705882 0.6211363636363636 0.0976470588235294 0.03318181818181818
1 0.5505882352941176 0.038863636363636364 0.07176470588235294 0.021363636363636362
1 0.6055882352941176 0.5754545454545454 0.03588235294117647 0.031818181818181815
1 0.6817647058823529 0.5763636363636364 0.11529411764705882 0.034545454545454546
1 0.505 0.9272727272727272 0.05941176470588235 0.04
1 0.6688235294117647 0.8602272727272727 0.05529411764705883 0.041363636363636366
1 0.09970588235294117 0.7645454545454545 0.08411764705882353 0.035454545454545454
1 0.0988235294117647 0.7243181818181819 0.08235294117647059 0.03681818181818182
1 0.5614705882352942 0.4627272727272727 0.11 0.034545454545454546
1 0.5026470588235294 0.8602272727272727 0.05941176470588235 0.03954545454545454
1 0.5655882352941176 0.6275 0.031176470588235295 0.03409090909090909
1 0.10088235294117646 0.6061363636363636 0.08058823529411764 0.03590909090909091
1 0.6702941176470588 0.9263636363636364 0.06411764705882353 0.04
1 0.33294117647058824 0.8586363636363636 0.06470588235294118 0.04
1 0.29970588235294116 0.03568181818181818 0.039411764705882354 0.023181818181818182
1 0.5014705882352941 0.5706818181818182 0.16411764705882353 0.04409090909090909
1 0.4758823529411765 0.6209090909090909 0.14470588235294118 0.03363636363636364