1 0.76 0.8597727272727272 0.06705882352941177 0.03954545454545454
1 0.8385294117647059 0.9225 0.054705882352941174 0.04045454545454545
1 0.4117647058823529 0.9288636363636363 0.05411764705882353 0.03681818181818182
1 0.8461764705882353 0.8588636363636364 0.07235294117647059 0.04045454545454545
1 0.38441176470588234 0.6825 0.1711764705882353 0.03681818181818182
1 0.2961764705882353 0.035227272727272725 0.0488235294117647 0.025
1 0.8158823529411765 0.5311363636363636 0.03882352941176471 0.031363636363636364
1 0.4023529411764706 0.4031818181818182 0.20588235294117646 0.03909090909090909
1 0.09852941176470588 0.6781818181818182 0.08647058823529412 0.03727272727272727
1 0.40705882352941175 0.7225 0.20823529411764705 0.04045454545454545
1 0.1126470588235294 0.36568181818181816 0.08764705882352941 0.03227272727272727
1 0.10411764705882352 0.45 0.07411764705882352 0.035454545454545454
1 0.16088235294117648 0.9225 0.0711764705882353 0.03954545454545454
1 0.33558823529411763 0.9243181818181818 0.07823529411764706 0.041363636363636366
1 0.1564705882352941 0.8554545454545455 0.058823529411764705 0.04090909090909091
1 0.6476470588235295 0.45204545454545453 0.16823529411764707 0.030454545454545453
1 0.44823529411764707 0.5265909090909091 0.3 0.03772727272727273
1 0.09823529411764706 0.5211363636363636 0.07529411764705882 0.03590909090909091
1 0.6961764705882353 0.6145454545454545 0.19117647058823528 0.03272727272727273
1 0.7011764705882353 0.5329545454545455 0.18 0.029545454545454545
1 0.23470588235294118 0.9229545454545455 0.06 0.03954545454545454
1 0.3735294117647059 0.769090909090909 0.14705882352941177 0.03636363636363636
1 0.7679411764705882 0.9270454545454545 0.07352941176470588 0.03590909090909091
1 0.5547058823529412 0.769090909090909 0.14823529411764705 0.03636363636363636
1 0.6255882352941177 0.3690909090909091 0.1476470588235294 0.03090909090909091
1 0.518235294117647 0.37113636363636365 0.04352941176470588 0.03954545454545454
1 0.41 0.8588636363636364 0.05647058823529412 0.04045454545454545
1 0.5814705882352941 0.9265909090909091 0.061764705882352944 0.038636363636363635
1 0.10029411764705883 0.5661363636363637 0.08176470588235295 0.03772727272727273
1 0.4652941176470588 0.5713636363636364 0.33176470588235296 0.04181818181818182
1 0.43970588235294117 0.6122727272727273 0.2852941176470588 0.03636363636363636
1 0.5891176470588235 0.8568181818181818 0.05235294117647059 0.04
1 0.10794117647058823 0.4068181818181818 0.0888235294117647 0.035454545454545454
1 0.5726470588235294 0.03909090909090909 0.11823529411764706 0.02181818181818182
1 0.645 0.4072727272727273 0.17352941176470588 0.03909090909090909
1 0.5011764705882353 0.9277272727272727 0.06705882352941177 0.03909090909090909
1 0.6729411764705883 0.8584090909090909 0.06823529411764706 0.04045454545454545
1 0.5326470588235294 0.40295454545454545 0.03823529411764706 0.03772727272727273
1 0.8711764705882353 0.6136363636363636 0.09294117647058824 0.034545454545454546
1 0.40176470588235297 0.4531818181818182 0.18705882352941178 0.03272727272727273
1 0.09941176470588235 0.765 0.08941176470588236 0.03727272727272727
1 0.10029411764705883 0.7215909090909091 0.09 0.03772727272727273
1 0.5341176470588235 0.4531818181818182 0.029411764705882353 0.034545454545454546
1 0.5970588235294118 0.7218181818181818 0.1776470588235294 0.04090909090909091
1 0.5026470588235294 0.8565909090909091 0.061764705882352944 0.04045454545454545
1 0.9223529411764706 0.5743181818181818 0.06 0.03590909090909091
1 0.3982352941176471 0.3663636363636364 0.19411764705882353 0.03272727272727273
1 0.09382352941176471 0.6063636363636363 0.07823529411764706 0.03727272727272727
1 0.6741176470588235 0.9245454545454546 0.07529411764705882 0.04
1 0.32735294117647057 0.8586363636363636 0.060588235294117644 0.038181818181818185
1 0.7452941176470588 0.5688636363636363 0.22705882352941176 0.03681818181818182
1 0.553235294117647 0.6827272727272727 0.13352941176470587 0.038181818181818185
1 0.24176470588235294 0.8604545454545455 0.06588235294117648 0.038181818181818185
1 0.8841176470588236 0.5370454545454545 0.07411764705882352 0.02772727272727273