1 0.4119552414605418 0.7052272727272727 0.17137809187279152 0.04045454545454545
1 0.5665488810365136 0.7470454545454546 0.10365135453474676 0.03409090909090909
1 0.7591283863368669 0.8763636363636363 0.045936395759717315 0.038181818181818185
1 0.8442285041224971 0.9404545454545454 0.05005889281507656 0.04
1 0.5565371024734982 0.6379545454545454 0.027090694935217905 0.03681818181818182
1 0.4213780918727915 0.9427272727272727 0.04534746760895171 0.03727272727272727
1 0.38015312131919904 0.6345454545454545 0.11719670200235571 0.034545454545454546
1 0.48910482921083626 0.43772727272727274 0.10070671378091872 0.034545454545454546
1 0.6740282685512368 0.7915909090909091 0.08186101295641932 0.035
1 0.4726148409893993 0.5920454545454545 0.08303886925795052 0.03409090909090909
1 0.6475265017667845 0.7113636363636363 0.034746760895170786 0.04090909090909091
1 0.4095995288574794 0.7897727272727273 0.15371024734982333 0.03681818181818182
1 0.7149587750294464 0.705 0.09187279151943463 0.038181818181818185
1 0.3830977620730271 0.4375 0.11012956419316844 0.03409090909090909
1 0.11042402826855123 0.7045454545454546 0.06065959952885748 0.035454545454545454
1 0.10365135453474676 0.4813636363636364 0.05889281507656066 0.03363636363636364
1 0.41578327444051827 0.7479545454545454 0.17667844522968199 0.03590909090909091
1 0.1068904593639576 0.39431818181818185 0.06772673733804475 0.03590909090909091
1 0.6133686690223793 0.7972727272727272 0.032391048292108364 0.04181818181818182
1 0.16784452296819788 0.9443181818181818 0.043580683156654886 0.038636363636363635
1 0.3421672555948174 0.9438636363636363 0.04711425206124853 0.03772727272727273
1 0.16607773851590105 0.8788636363636364 0.045936395759717315 0.038636363636363635
1 0.7031802120141343 0.7479545454545454 0.09540636042402827 0.03227272727272727
1 0.3913427561837456 0.5495454545454546 0.13957597173144876 0.04
1 0.10070671378091872 0.5518181818181818 0.05889281507656066 0.03727272727272727
1 0.5954063604240283 0.6372727272727273 0.050647820965842166 0.03272727272727273
1 0.2511778563015312 0.8786363636363637 0.044169611307420496 0.03909090909090909
1 0.26001177856301533 0.9436363636363636 0.04888103651354535 0.03727272727272727
1 0.7641342756183745 0.9418181818181818 0.04770318021201413 0.03909090909090909
1 0.30918727915194344 0.06340909090909091 0.04711425206124853 0.028636363636363637
1 0.5453474676089517 0.7906818181818182 0.09069493521790342 0.03318181818181818
1 0.6018845700824499 0.39454545454545453 0.061248527679623084 0.03727272727272727
1 0.5559481743227326 0.3977272727272727 0.0353356890459364 0.04090909090909091
1 0.48851590106007065 0.3936363636363636 0.09952885747938751 0.04
1 0.4278563015312132 0.8770454545454546 0.04888103651354535 0.03772727272727273
1 0.5930506478209658 0.9429545454545455 0.048292108362779744 0.03772727272727273
1 0.374263839811543 0.5931818181818181 0.11366313309776208 0.035454545454545454
1 0.5294464075382803 0.548409090909091 0.10954063604240283 0.038636363636363635
1 0.4923439340400471 0.6345454545454545 0.0977620730270907 0.03363636363636364
1 0.4870435806831567 0.47909090909090907 0.09305064782096584 0.035454545454545454
1 0.5942285041224971 0.8765909090909091 0.050647820965842166 0.038636363636363635
1 0.10453474676089516 0.4375 0.06301531213191991 0.03409090909090909
1 0.09952885747938751 0.5945454545454546 0.05889281507656066 0.034545454545454546
1 0.5556537102473498 0.06136363636363636 0.044169611307420496 0.03272727272727273
1 0.5930506478209658 0.4384090909090909 0.05418138987043581 0.03318181818181818
1 0.6551825677267373 0.5513636363636364 0.07008244994110718 0.034545454545454546
1 0.5061837455830389 0.9427272727272727 0.0535924617196702 0.03909090909090909
1 0.842756183745583 0.8765909090909091 0.04946996466431095 0.03954545454545454
1 0.6805064782096584 0.8756818181818182 0.052414605418138985 0.03772727272727273
1 0.5506478209658422 0.43886363636363634 0.02591283863368669 0.03318181818181818
1 0.5641931684334511 0.7056818181818182 0.11071849234393404 0.03954545454545454
1 0.3822143698468787 0.48 0.10600706713780919 0.035454545454545454
1 0.11425206124852769 0.7895454545454546 0.05653710247349823 0.03363636363636364
1 0.5547703180212014 0.48613636363636364 0.02944640753828033 0.03681818181818182
1 0.6348645465253239 0.7497727272727273 0.02944640753828033 0.03409090909090909
1 0.5079505300353356 0.8772727272727273 0.04770318021201413 0.038181818181818185
1 0.6048292108362779 0.5575 0.03180212014134275 0.04318181818181818
1 0.5656654888103652 0.5968181818181818 0.04888103651354535 0.03272727272727273
1 0.38074204946996465 0.3952272727272727 0.10777385159010601 0.04045454545454545
1 0.0989399293286219 0.635 0.05653710247349823 0.03363636363636364
1 0.6772673733804476 0.9429545454545455 0.04946996466431095 0.03954545454545454
1 0.33480565371024734 0.8788636363636364 0.04888103651354535 0.038636363636363635
1 0.11101295641931684 0.7490909090909091 0.059481743227326266 0.03363636363636364
1 0.5886336866902238 0.48068181818181815 0.04652532391048292 0.03590909090909091
1 0.5270906949352179 0.5990909090909091 0.02944640753828033 0.04181818181818182