1 0.36970588235294116 0.7268181818181818 0.1323529411764706 0.035454545454545454
1 0.7588235294117647 0.8629545454545454 0.05176470588235294 0.03681818181818182
1 0.8491176470588235 0.928409090909091 0.05823529411764706 0.03772727272727273
1 0.535 0.6161363636363636 0.08058823529411764 0.03227272727272727
1 0.40794117647058825 0.9290909090909091 0.05352941176470588 0.038181818181818185
1 0.8491176470588235 0.8661363636363636 0.06647058823529411 0.03772727272727273
1 0.3911764705882353 0.6138636363636364 0.16470588235294117 0.035
1 0.39647058823529413 0.45431818181818184 0.16705882352941176 0.03318181818181818
1 0.6897058823529412 0.5290909090909091 0.12294117647058823 0.038181818181818185
1 0.4158823529411765 0.4109090909090909 0.2211764705882353 0.034545454545454546
1 0.10235294117647059 0.6786363636363636 0.036470588235294116 0.03727272727272727
1 0.3941176470588235 0.6836363636363636 0.18470588235294116 0.034545454545454546
1 0.09147058823529412 0.3643181818181818 0.07588235294117647 0.03590909090909091
1 0.09117647058823529 0.44636363636363635 0.07647058823529412 0.035454545454545454
1 0.15411764705882353 0.9252272727272727 0.05411764705882353 0.03772727272727273
1 0.81 0.4163636363636364 0.07529411764705882 0.034545454545454546
1 0.3291176470588235 0.9261363636363636 0.05823529411764706 0.038636363636363635
1 0.15735294117647058 0.8563636363636363 0.054705882352941174 0.03727272727272727
1 0.09264705882352942 0.5227272727272727 0.08058823529411764 0.034545454545454546
1 0.24205882352941177 0.8586363636363636 0.054705882352941174 0.03909090909090909
1 0.24529411764705883 0.925 0.0611764705882353 0.03909090909090909
1 0.3673529411764706 0.7727272727272727 0.10294117647058823 0.03272727272727273
1 0.763235294117647 0.9270454545454545 0.07 0.03772727272727273
1 0.6229411764705882 0.4122727272727273 0.17176470588235293 0.03272727272727273
1 0.4147058823529412 0.8613636363636363 0.05764705882352941 0.03909090909090909
1 0.5841176470588235 0.9275 0.05529411764705883 0.03954545454545454
1 0.09323529411764706 0.5670454545454545 0.08294117647058824 0.03590909090909091
1 0.45 0.5275 0.2752941176470588 0.03318181818181818
1 0.5788235294117647 0.8615909090909091 0.047058823529411764 0.03954545454545454
1 0.08970588235294118 0.4059090909090909 0.08058823529411764 0.034545454545454546
1 0.5770588235294117 0.038181818181818185 0.13058823529411764 0.02090909090909091
1 0.6341176470588236 0.37 0.18470588235294116 0.03727272727272727
1 0.7320588235294118 0.4593181818181818 0.06294117647058824 0.031363636363636364
1 0.4973529411764706 0.9277272727272727 0.060588235294117644 0.038181818181818185
1 0.6752941176470588 0.8640909090909091 0.06941176470588235 0.03636363636363636
1 0.10911764705882353 0.7604545454545455 0.033529411764705884 0.03727272727272727
1 0.76 0.37795454545454543 0.03529411764705882 0.03318181818181818
1 0.5720588235294117 0.45340909090909093 0.11 0.03409090909090909
1 0.4985294117647059 0.8611363636363636 0.05 0.03954545454545454
1 0.6770588235294117 0.4590909090909091 0.03176470588235294 0.03272727272727273
1 0.8364705882352941 0.37977272727272726 0.08235294117647059 0.03409090909090909
1 0.43 0.36727272727272725 0.1811764705882353 0.035454545454545454
1 0.09264705882352942 0.605909090909091 0.08411764705882353 0.035454545454545454
1 0.6729411764705883 0.9263636363636364 0.06588235294117648 0.03909090909090909
1 0.3352941176470588 0.8590909090909091 0.05764705882352941 0.03909090909090909
1 0.6635294117647059 0.5725 0.12823529411764706 0.03681818181818182
1 0.10558823529411765 0.7218181818181818 0.03470588235294118 0.035454545454545454
1 0.28058823529411764 0.0325 0.03411764705882353 0.020454545454545454
1 0.43558823529411766 0.5704545454545454 0.26176470588235295 0.035454545454545454
1 0.7397058823529412 0.4156818181818182 0.027647058823529413 0.03409090909090909