1 0.3788235294117647 0.6220454545454546 0.16470588235294117 0.025
1 0.7670588235294118 0.74 0.11764705882352941 0.023636363636363636
1 0.5897058823529412 0.5825 0.18411764705882352 0.02590909090909091
1 0.38941176470588235 0.5772727272727273 0.18588235294117647 0.02909090909090909
1 0.4420588235294118 0.3709090909090909 0.2888235294117647 0.04363636363636364
1 0.4229411764705882 0.4622727272727273 0.24823529411764705 0.031818181818181815
1 0.4264705882352941 0.42113636363636364 0.2647058823529412 0.026818181818181817
1 0.7723529411764706 0.4659090909090909 0.03176470588235294 0.03272727272727273
1 0.0976470588235294 0.6834090909090909 0.07764705882352942 0.03681818181818182
1 0.4723529411764706 0.6856818181818182 0.34941176470588237 0.04318181818181818
1 0.6694117647058824 0.5306818181818181 0.24588235294117647 0.042272727272727274
1 0.10352941176470588 0.44931818181818184 0.09411764705882353 0.03590909090909091
1 0.6035294117647059 0.7384090909090909 0.07647058823529412 0.025
1 0.8411764705882353 0.4656818181818182 0.09529411764705882 0.03318181818181818
1 0.095 0.7263636363636363 0.08294117647058824 0.03727272727272727
1 0.7088235294117647 0.6906818181818182 0.1188235294117647 0.04045454545454545
1 0.09911764705882353 0.5247727272727273 0.08764705882352941 0.035
1 0.8273529411764706 0.4213636363636364 0.11235294117647059 0.034545454545454546
1 0.4023529411764706 0.7809090909090909 0.21529411764705883 0.028181818181818183
1 0.7205882352941176 0.7854545454545454 0.1011764705882353 0.025454545454545455
1 0.1111764705882353 0.37 0.10588235294117647 0.03636363636363636
1 0.5694117647058824 0.7827272727272727 0.07882352941176471 0.031818181818181815
1 0.41794117647058826 0.5279545454545455 0.24411764705882352 0.042272727272727274
1 0.10794117647058823 0.4102272727272727 0.10058823529411764 0.03681818181818182
1 0.5723529411764706 0.04022727272727273 0.03411764705882353 0.023181818181818182
1 0.6526470588235294 0.37477272727272726 0.11470588235294117 0.03318181818181818
1 0.7926470588235294 0.7072727272727273 0.04058823529411765 0.034545454545454546
1 0.6758823529411765 0.7415909090909091 0.02588235294117647 0.020454545454545454
1 0.6461764705882352 0.42159090909090907 0.1688235294117647 0.029545454545454545
1 0.8767647058823529 0.6943181818181818 0.11470588235294117 0.028636363636363637
1 0.09264705882352942 0.7684090909090909 0.07941176470588235 0.038636363636363635
1 0.09411764705882353 0.5686363636363636 0.08352941176470588 0.03636363636363636
1 0.7576470588235295 0.4202272727272727 0.03764705882352941 0.03409090909090909
1 0.6517647058823529 0.46545454545454545 0.18588235294117647 0.026363636363636363
1 0.5661764705882353 0.6240909090909091 0.16411764705882353 0.02727272727272727
1 0.09 0.6106818181818182 0.08235294117647059 0.03681818181818182
1 0.6414705882352941 0.7852272727272728 0.02411764705882353 0.019545454545454546
1 0.415 0.7361363636363636 0.24176470588235294 0.029545454545454545
1 0.31323529411764706 0.035227272727272725 0.04411764705882353 0.028636363636363637