1 0.42676470588235293 0.7186363636363636 0.2511764705882353 0.038181818181818185
1 0.7679411764705882 0.8615909090909091 0.060588235294117644 0.03681818181818182
1 0.8473529411764706 0.9254545454545454 0.06294117647058824 0.03909090909090909
1 0.5558823529411765 0.6168181818181818 0.10823529411764705 0.03272727272727273
1 0.4097058823529412 0.9254545454545454 0.0488235294117647 0.03909090909090909
1 0.8508823529411764 0.8677272727272727 0.051176470588235295 0.042727272727272725
1 0.3876470588235294 0.6154545454545455 0.18470588235294116 0.03636363636363636
1 0.7035294117647058 0.7759090909090909 0.07176470588235294 0.03363636363636364
1 0.3835294117647059 0.4586363636363636 0.14941176470588236 0.038181818181818185
1 0.4244117647058824 0.6818181818181818 0.2488235294117647 0.038181818181818185
1 0.6547058823529411 0.6859090909090909 0.16470588235294117 0.03727272727272727
1 0.8285294117647058 0.53 0.10176470588235294 0.034545454545454546
1 0.42 0.4113636363636364 0.23411764705882354 0.034545454545454546
1 0.10647058823529412 0.6806818181818182 0.09176470588235294 0.03681818181818182
1 0.10852941176470589 0.36863636363636365 0.11235294117647059 0.04181818181818182
1 0.09852941176470588 0.45590909090909093 0.0888235294117647 0.03636363636363636
1 0.6479411764705882 0.7254545454545455 0.15235294117647058 0.035454545454545454
1 0.1623529411764706 0.9231818181818182 0.06 0.04
1 0.8464705882352941 0.575 0.13294117647058823 0.035454545454545454
1 0.3458823529411765 0.923409090909091 0.052941176470588235 0.041363636363636366
1 0.15676470588235294 0.8579545454545454 0.060588235294117644 0.03954545454545454
1 0.7617647058823529 0.7270454545454546 0.03764705882352941 0.03409090909090909
1 0.41558823529411765 0.5284090909090909 0.21235294117647058 0.038636363636363635
1 0.09588235294117647 0.525 0.08352941176470588 0.03636363636363636
1 0.24705882352941178 0.8586363636363636 0.05411764705882353 0.03909090909090909
1 0.25088235294117645 0.923409090909091 0.05941176470588235 0.03772727272727273
1 0.3961764705882353 0.7765909090909091 0.19117647058823528 0.03590909090909091
1 0.7605882352941177 0.9263636363636364 0.05647058823529412 0.04
1 0.5741176470588235 0.774090909090909 0.12470588235294118 0.034545454545454546
1 0.6723529411764706 0.4125 0.2411764705882353 0.041363636363636366
1 0.6147058823529412 0.3729545454545454 0.2 0.03772727272727273
1 0.42558823529411766 0.8581818181818182 0.051176470588235295 0.038181818181818185
1 0.5905882352941176 0.9263636363636364 0.052941176470588235 0.03909090909090909
1 0.6264705882352941 0.5265909090909091 0.18235294117647058 0.03772727272727273
1 0.4176470588235294 0.5702272727272727 0.22705882352941176 0.03772727272727273
1 0.5944117647058823 0.8627272727272727 0.054705882352941174 0.04090909090909091
1 0.09911764705882353 0.4122727272727273 0.09823529411764706 0.03727272727272727
1 0.09970588235294117 0.5679545454545455 0.08529411764705883 0.03681818181818182
1 0.645 0.5731818181818182 0.17588235294117646 0.03272727272727273
1 0.5597058823529412 0.038636363636363635 0.09470588235294118 0.022727272727272728
1 0.7638235294117647 0.5752272727272727 0.03235294117647059 0.03227272727272727
1 0.49970588235294117 0.9275 0.04764705882352941 0.03772727272727273
1 0.8491176470588235 0.6856818181818182 0.09235294117647058 0.03681818181818182
1 0.6735294117647059 0.8620454545454546 0.04588235294117647 0.04045454545454545
1 0.8308823529411765 0.7286363636363636 0.08647058823529412 0.034545454545454546
1 0.11852941176470588 0.7659090909090909 0.08764705882352941 0.03636363636363636
1 0.10941176470588235 0.7243181818181819 0.08705882352941176 0.03590909090909091
1 0.5476470588235294 0.46090909090909093 0.15176470588235294 0.03636363636363636
1 0.6508823529411765 0.7752272727272728 0.03 0.03681818181818182
1 0.5 0.8581818181818182 0.06235294117647059 0.038181818181818185
1 0.6320588235294118 0.6268181818181818 0.03 0.034545454545454546
1 0.39941176470588236 0.3709090909090909 0.20470588235294118 0.04181818181818182
1 0.10294117647058823 0.6075 0.08823529411764706 0.03772727272727273
1 0.6755882352941176 0.9320454545454545 0.05588235294117647 0.045
1 0.335 0.8588636363636364 0.05823529411764706 0.03954545454545454
1 0.6861764705882353 0.6213636363636363 0.07705882352941176 0.031818181818181815
1 0.7694117647058824 0.6904545454545454 0.041176470588235294 0.03727272727272727
1 0.7514705882352941 0.5411363636363636 0.028823529411764706 0.03318181818181818
1 0.3035294117647059 0.035 0.04941176470588235 0.028181818181818183