1 0.39323529411764707 0.6877272727272727 0.18411764705882352 0.03909090909090909
1 0.38823529411764707 0.37363636363636366 0.16 0.03727272727272727
1 0.7597058823529412 0.8629545454545454 0.05352941176470588 0.03681818181818182
1 0.8455882352941176 0.9272727272727272 0.06411764705882353 0.04090909090909091
1 0.576764705882353 0.6161363636363636 0.026470588235294117 0.03409090909090909
1 0.41852941176470587 0.9270454545454545 0.05588235294117647 0.03772727272727273
1 0.5552941176470588 0.5325 0.12470588235294118 0.03318181818181818
1 0.8391176470588235 0.8634090909090909 0.0488235294117647 0.03954545454545454
1 0.3688235294117647 0.6154545454545455 0.14 0.03636363636363636
1 0.6564705882352941 0.7709090909090909 0.07529411764705882 0.03090909090909091
1 0.4214705882352941 0.4168181818181818 0.23705882352941177 0.038181818181818185
1 0.7044117647058824 0.6870454545454545 0.09470588235294118 0.035
1 0.41323529411764703 0.73 0.22294117647058823 0.03727272727272727
1 0.09794117647058824 0.4586363636363636 0.07941176470588235 0.03727272727272727
1 0.7361764705882353 0.5720454545454545 0.04058823529411765 0.03772727272727273
1 0.105 0.3725 0.08647058823529412 0.03681818181818182
1 0.6129411764705882 0.7304545454545455 0.15529411764705883 0.03727272727272727
1 0.15941176470588236 0.9329545454545455 0.05529411764705883 0.038636363636363635
1 0.8155882352941176 0.5693181818181818 0.09470588235294118 0.03590909090909091
1 0.3338235294117647 0.9281818181818182 0.061764705882352944 0.03727272727272727
1 0.155 0.8627272727272727 0.057058823529411766 0.04090909090909091
1 0.7161764705882353 0.7306818181818182 0.03705882352941176 0.03772727272727273
1 0.10323529411764706 0.5309090909090909 0.08058823529411764 0.034545454545454546
1 0.6232352941176471 0.6102272727272727 0.05941176470588235 0.03318181818181818
1 0.2461764705882353 0.8611363636363636 0.05 0.03772727272727273
1 0.6438235294117647 0.5347727272727273 0.031176470588235295 0.03409090909090909
1 0.24294117647058824 0.9265909090909091 0.052941176470588235 0.03772727272727273
1 0.3770588235294118 0.7736363636363637 0.1564705882352941 0.03636363636363636
1 0.7614705882352941 0.9265909090909091 0.05941176470588235 0.03954545454545454
1 0.3035294117647059 0.04045454545454545 0.036470588235294116 0.024545454545454544
1 0.525 0.7736363636363637 0.10176470588235294 0.03363636363636364
1 0.6844117647058824 0.45681818181818185 0.06647058823529411 0.031818181818181815
1 0.6388235294117647 0.3709090909090909 0.03529411764705882 0.03272727272727273
1 0.633235294117647 0.415 0.1711764705882353 0.03909090909090909
1 0.4214705882352941 0.8606818181818182 0.05941176470588235 0.03772727272727273
1 0.5923529411764706 0.9270454545454545 0.06235294117647059 0.038636363636363635
1 0.40088235294117647 0.5327272727272727 0.17470588235294118 0.038181818181818185
1 0.4970588235294118 0.6111363636363636 0.0988235294117647 0.03409090909090909
1 0.4229411764705882 0.571590909090909 0.23294117647058823 0.03772727272727273
1 0.5973529411764706 0.7761363636363636 0.028823529411764706 0.035
1 0.09970588235294117 0.4152272727272727 0.07941176470588235 0.035
1 0.6258823529411764 0.5718181818181818 0.15176470588235294 0.038181818181818185
1 0.5564705882352942 0.04 0.10823529411764705 0.024545454545454544
1 0.6291176470588236 0.4625 0.03235294117647059 0.03681818181818182
1 0.8102941176470588 0.4143181818181818 0.08176470588235295 0.03590909090909091
1 0.8117647058823529 0.7268181818181818 0.14588235294117646 0.03636363636363636
1 0.5020588235294118 0.9270454545454545 0.057058823529411766 0.03954545454545454
1 0.675 0.8643181818181818 0.060588235294117644 0.04045454545454545
1 0.5408823529411765 0.37113636363636365 0.13352941176470587 0.03590909090909091
1 0.6997058823529412 0.3679545454545455 0.07352941176470588 0.03772727272727273
1 0.37941176470588234 0.4590909090909091 0.15764705882352942 0.038181818181818185
1 0.09823529411764706 0.7765909090909091 0.08235294117647059 0.038636363636363635
1 0.10352941176470588 0.7338636363636364 0.08588235294117647 0.03590909090909091
1 0.7482352941176471 0.4152272727272727 0.03294117647058824 0.038636363636363635
1 0.5397058823529411 0.4597727272727273 0.12764705882352942 0.038636363636363635
1 0.6188235294117647 0.6943181818181818 0.03176470588235294 0.03227272727272727
1 0.5011764705882353 0.8611363636363636 0.05647058823529412 0.03954545454545454
1 0.6876470588235294 0.5318181818181819 0.04941176470588235 0.03363636363636364
1 0.5367647058823529 0.6838636363636363 0.09352941176470589 0.03409090909090909
1 0.09676470588235295 0.6193181818181818 0.07705882352941176 0.035
1 0.6761764705882353 0.9265909090909091 0.060588235294117644 0.03954545454545454
1 0.3335294117647059 0.8611363636363636 0.06 0.03681818181818182
1 0.09794117647058824 0.5720454545454545 0.08764705882352941 0.03681818181818182
1 0.10588235294117647 0.6893181818181818 0.09411764705882353 0.038636363636363635
1 0.5855882352941176 0.8627272727272727 0.05588235294117647 0.04090909090909091