1 0.40176470588235297 0.7041002277904328 0.19294117647058823 0.0387243735763098
1 0.5705882352941176 0.7086560364464692 0.12470588235294118 0.03599088838268793
1 0.76 0.8758542141230068 0.0611764705882353 0.03963553530751709
1 0.8420588235294117 0.9464692482915718 0.06411764705882353 0.03963553530751709
1 0.7873529411764706 0.7542141230068337 0.03470588235294118 0.03234624145785877
1 0.5808823529411765 0.6330296127562642 0.11823529411764706 0.03325740318906606
1 0.41558823529411765 0.9407744874715261 0.05588235294117647 0.03553530751708428
1 0.8482352941176471 0.8776765375854214 0.06823529411764706 0.04328018223234624
1 0.41441176470588237 0.6334851936218678 0.1923529411764706 0.03416856492027335
1 0.46558823529411764 0.4337129840546697 0.29352941176470587 0.03462414578587699
1 0.668235294117647 0.7931662870159454 0.03411764705882353 0.03553530751708428
1 0.42558823529411766 0.47790432801822325 0.2076470588235294 0.03462414578587699
1 0.6505882352941177 0.7095671981776766 0.03176470588235294 0.03507972665148064
1 0.4161764705882353 0.7890660592255125 0.20647058823529413 0.03462414578587699
1 0.11852941176470588 0.7084282460136674 0.09470588235294118 0.03735763097949886
1 0.11705882352941177 0.47699316628701594 0.08235294117647059 0.0337129840546697
1 0.4541176470588235 0.7451025056947608 0.29411764705882354 0.03507972665148064
1 0.7229411764705882 0.5915717539863325 0.03294117647058824 0.03143507972665148
1 0.10735294117647058 0.39339407744874716 0.08176470588235295 0.03507972665148064
1 0.1676470588235294 0.9421412300683372 0.06 0.03644646924829157
1 0.795 0.5890660592255126 0.09588235294117647 0.03280182232346242
1 0.33088235294117646 0.9432801822323462 0.05588235294117647 0.03599088838268793
1 0.1588235294117647 0.8792710706150342 0.05764705882352941 0.03826879271070615
1 0.41352941176470587 0.5480637813211845 0.18941176470588236 0.03826879271070615
1 0.11735294117647059 0.5482915717539864 0.09 0.03507972665148064
1 0.24323529411764705 0.8763097949886105 0.054705882352941174 0.03690205011389522
1 0.24823529411764705 0.9414578587699317 0.05647058823529412 0.03599088838268793
1 0.7538235294117647 0.9453302961275627 0.057058823529411766 0.04373576309794989
1 0.30411764705882355 0.06947608200455581 0.04352941176470588 0.02232346241457859
1 0.5832352941176471 0.7881548974943052 0.1264705882352941 0.0337129840546697
1 0.6608823529411765 0.43234624145785877 0.09 0.03189066059225513
1 0.5708823529411765 0.3931662870159453 0.09 0.0337129840546697
1 0.4167647058823529 0.8763097949886105 0.05 0.03690205011389522
1 0.585 0.9430523917995444 0.057058823529411766 0.03735763097949886
1 0.42911764705882355 0.5895216400911162 0.2323529411764706 0.03553530751708428
1 0.5794117647058824 0.5476082004555809 0.1188235294117647 0.03735763097949886
1 0.5885294117647059 0.8767653758542141 0.061764705882352944 0.0387243735763098
1 0.11088235294117647 0.43530751708428245 0.08294117647058824 0.03325740318906606
1 0.6602941176470588 0.638496583143508 0.031176470588235295 0.03599088838268793
1 0.5641176470588235 0.06993166287015945 0.12352941176470589 0.0214123006833713
1 0.6576470588235294 0.5546697038724373 0.02823529411764706 0.03599088838268793
1 0.7370588235294118 0.7933940774487471 0.10470588235294118 0.03234624145785877
1 0.5055882352941177 0.9423690205011389 0.06647058823529411 0.03690205011389522
1 0.6773529411764706 0.8767653758542141 0.060588235294117644 0.03781321184510251
1 0.8561764705882353 0.7539863325740319 0.10764705882352942 0.03189066059225513
1 0.13147058823529412 0.7915717539863326 0.08529411764705883 0.03416856492027335
1 0.11970588235294118 0.7501138952164009 0.0888235294117647 0.03325740318906606
1 0.7132352941176471 0.5503416856492027 0.08411764705882353 0.0337129840546697
1 0.576764705882353 0.4785876993166287 0.07823529411764706 0.03052391799544419
1 0.6826470588235294 0.7460136674259681 0.15235294117647058 0.03325740318906606
1 0.5011764705882353 0.8783599088838269 0.06 0.03826879271070615
1 0.6270588235294118 0.5890660592255126 0.1423529411764706 0.0337129840546697
1 0.42205882352941176 0.3915717539863326 0.20294117647058824 0.03781321184510251
1 0.115 0.5938496583143508 0.09 0.03325740318906606
1 0.6714705882352942 0.9437357630979499 0.05235294117647059 0.03963553530751709
1 0.3347058823529412 0.8804100227790432 0.05411764705882353 0.03690205011389522
1 0.7138235294117647 0.639635535307517 0.08058823529411764 0.03280182232346242
1 0.7114705882352941 0.7056947608200456 0.08647058823529412 0.0337129840546697