1 0.3941176470588235 0.6822727272727273 0.18705882352941178 0.03909090909090909
1 0.763235294117647 0.8586363636363636 0.06647058823529411 0.042727272727272725
1 0.845 0.9290909090909091 0.06764705882352941 0.042727272727272725
1 0.405 0.9259090909090909 0.05588235294117647 0.04090909090909091
1 0.8435294117647059 0.8597727272727272 0.0611764705882353 0.03954545454545454
1 0.38058823529411767 0.6175 0.18235294117647058 0.028636363636363637
1 0.6741176470588235 0.7856818181818181 0.036470588235294116 0.028636363636363637
1 0.37529411764705883 0.4515909090909091 0.14941176470588236 0.03772727272727273
1 0.4697058823529412 0.41295454545454546 0.34294117647058825 0.04045454545454545
1 0.09441176470588235 0.6788636363636363 0.08764705882352941 0.03772727272727273
1 0.7105882352941176 0.5734090909090909 0.029411764705882353 0.03409090909090909
1 0.09470588235294118 0.36318181818181816 0.08588235294117647 0.03636363636363636
1 0.09441176470588235 0.445 0.09117647058823529 0.03727272727272727
1 0.61 0.7338636363636364 0.16 0.03681818181818182
1 0.1476470588235294 0.9215909090909091 0.05529411764705883 0.04409090909090909
1 0.3261764705882353 0.9238636363636363 0.06764705882352941 0.04045454545454545
1 0.14558823529411766 0.8572727272727273 0.04764705882352941 0.042727272727272725
1 0.7164705882352941 0.7261363636363637 0.03411764705882353 0.03409090909090909
1 0.4 0.5245454545454545 0.2188235294117647 0.035454545454545454
1 0.09205882352941176 0.5215909090909091 0.07941176470588235 0.03681818181818182
1 0.2361764705882353 0.8588636363636364 0.0488235294117647 0.03954545454545454
1 0.6514705882352941 0.6165909090909091 0.03588235294117647 0.029545454545454545
1 0.2361764705882353 0.9227272727272727 0.05588235294117647 0.04
1 0.38823529411764707 0.7711363636363636 0.18470588235294116 0.03590909090909091
1 0.7617647058823529 0.9245454545454546 0.07294117647058823 0.042727272727272725
1 0.5802941176470588 0.7706818181818181 0.14647058823529413 0.03409090909090909
1 0.41147058823529414 0.8581818181818182 0.06529411764705882 0.04181818181818182
1 0.09058823529411765 0.5647727272727273 0.08 0.03590909090909091
1 0.5508823529411765 0.6172727272727273 0.13941176470588235 0.02909090909090909
1 0.39794117647058824 0.5684090909090909 0.22294117647058823 0.03590909090909091
1 0.585 0.8593181818181819 0.07352941176470588 0.041363636363636366
1 0.09235294117647058 0.405 0.08823529411764706 0.03636363636363636
1 0.6 0.5738636363636364 0.15764705882352942 0.030454545454545453
1 0.5488235294117647 0.03772727272727273 0.07882352941176471 0.023636363636363636
1 0.6191176470588236 0.5259090909090909 0.17941176470588235 0.03727272727272727
1 0.7964705882352942 0.5731818181818182 0.14941176470588236 0.03727272727272727
1 0.7585294117647059 0.7729545454545454 0.11941176470588236 0.03409090909090909
1 0.48970588235294116 0.9368181818181818 0.05352941176470588 0.05272727272727273
1 0.6720588235294118 0.86 0.060588235294117644 0.04454545454545455
1 0.5814705882352941 0.6815909090909091 0.13941176470588235 0.03772727272727273
1 0.8211764705882353 0.7297727272727272 0.1623529411764706 0.03409090909090909
1 0.09176470588235294 0.7672727272727272 0.08705882352941176 0.038181818181818185
1 0.09382352941176471 0.7227272727272728 0.09 0.038181818181818185
1 0.7508823529411764 0.5431818181818182 0.05 0.031818181818181815
1 0.4958823529411765 0.8579545454545454 0.05411764705882353 0.04409090909090909
1 0.8344117647058824 0.5322727272727272 0.11705882352941177 0.03363636363636364
1 0.36911764705882355 0.3693181818181818 0.13705882352941176 0.038636363636363635
1 0.4073529411764706 0.7268181818181818 0.23470588235294118 0.04090909090909091
1 0.08705882352941176 0.605 0.07647058823529412 0.03636363636363636
1 0.6738235294117647 0.9259090909090909 0.06764705882352941 0.042727272727272725
1 0.3191176470588235 0.8579545454545454 0.0488235294117647 0.04045454545454545
1 0.7155882352941176 0.615 0.10176470588235294 0.031818181818181815
1 0.7852941176470588 0.6847727272727273 0.1376470588235294 0.03681818181818182
1 0.2994117647058824 0.03613636363636363 0.03764705882352941 0.02590909090909091
1 0.6873529411764706 0.6972727272727273 0.039411764705882354 0.03272727272727273
1 0.5888235294117647 0.9309090909090909 0.07411764705882352 0.05090909090909091