1 0.3905882352941176 0.6859090909090909 0.18235294117647058 0.03636363636363636
1 0.5588235294117647 0.6902272727272727 0.1376470588235294 0.035
1 0.39558823529411763 0.3675 0.19823529411764707 0.03590909090909091
1 0.7652941176470588 0.8588636363636364 0.06705882352941177 0.04045454545454545
1 0.8526470588235294 0.9270454545454545 0.0711764705882353 0.04045454545454545
1 0.5417647058823529 0.6215909090909091 0.1188235294117647 0.02772727272727273
1 0.4214705882352941 0.9277272727272727 0.06529411764705882 0.03727272727272727
1 0.5758823529411765 0.5313636363636364 0.14705882352941177 0.03727272727272727
1 0.38676470588235295 0.6195454545454545 0.17588235294117646 0.031818181818181815
1 0.6814705882352942 0.7779545454545455 0.07352941176470588 0.030454545454545453
1 0.40558823529411764 0.4147727272727273 0.19588235294117648 0.03772727272727273
1 0.6911764705882353 0.735909090909091 0.03764705882352941 0.035454545454545454
1 0.38941176470588235 0.730909090909091 0.1776470588235294 0.038181818181818185
1 0.7638235294117647 0.5343181818181818 0.12058823529411765 0.03318181818181818
1 0.09294117647058824 0.6818181818181818 0.07058823529411765 0.031818181818181815
1 0.09588235294117647 0.45545454545454545 0.08 0.03636363636363636
1 0.7214705882352941 0.5729545454545455 0.033529411764705884 0.03409090909090909
1 0.1638235294117647 0.9277272727272727 0.06647058823529411 0.03727272727272727
1 0.788235294117647 0.5725 0.10470588235294118 0.03590909090909091
1 0.3397058823529412 0.9270454545454545 0.07235294117647059 0.03772727272727273
1 0.16441176470588234 0.8606818181818182 0.07352941176470588 0.03954545454545454
1 0.09147058823529412 0.5259090909090909 0.07823529411764706 0.035454545454545454
1 0.6888235294117647 0.6213636363636363 0.07529411764705882 0.02727272727272727
1 0.25 0.8618181818181818 0.07529411764705882 0.038181818181818185
1 0.6585294117647059 0.6997727272727273 0.04411764705882353 0.03409090909090909
1 0.24676470588235294 0.9279545454545455 0.05941176470588235 0.03681818181818182
1 0.3761764705882353 0.78 0.1535294117647059 0.03272727272727273
1 0.7658823529411765 0.9265909090909091 0.06352941176470588 0.038636363636363635
1 0.2802941176470588 0.037954545454545456 0.03823529411764706 0.02590909090909091
1 0.54 0.7809090909090909 0.13176470588235295 0.02727272727272727
1 0.6202941176470588 0.36818181818181817 0.23941176470588235 0.038181818181818185
1 0.6005882352941176 0.4168181818181818 0.18352941176470589 0.03090909090909091
1 0.4211764705882353 0.8613636363636363 0.07529411764705882 0.038181818181818185
1 0.5973529411764706 0.9265909090909091 0.07352941176470588 0.03681818181818182
1 0.09529411764705882 0.3684090909090909 0.07764705882352942 0.03409090909090909
1 0.4011764705882353 0.5295454545454545 0.20352941176470588 0.04090909090909091
1 0.5920588235294117 0.860909090909091 0.06647058823529411 0.03909090909090909
1 0.09588235294117647 0.5681818181818182 0.07647058823529412 0.03636363636363636
1 0.6247058823529412 0.5709090909090909 0.1411764705882353 0.03636363636363636
1 0.5529411764705883 0.04022727272727273 0.09529411764705882 0.018636363636363635
1 0.7711764705882352 0.7315909090909091 0.11294117647058824 0.035
1 0.5085294117647059 0.9263636363636364 0.07 0.03909090909090909
1 0.6785294117647059 0.8634090909090909 0.06411764705882353 0.04681818181818182
1 0.3911764705882353 0.4625 0.18823529411764706 0.029545454545454545
1 0.09411764705882353 0.7663636363636364 0.07294117647058823 0.02909090909090909
1 0.09147058823529412 0.7215909090909091 0.07 0.030454545454545453
1 0.5638235294117647 0.4636363636363636 0.1511764705882353 0.03
1 0.6252941176470588 0.7863636363636364 0.029411764705882353 0.028181818181818183
1 0.5064705882352941 0.8631818181818182 0.07294117647058823 0.042727272727272725
1 0.6708823529411765 0.5443181818181818 0.0488235294117647 0.035
1 0.5758823529411765 0.7313636363636363 0.1776470588235294 0.034545454545454546
1 0.09264705882352942 0.6086363636363636 0.08058823529411764 0.03727272727272727
1 0.6820588235294117 0.9311363636363637 0.07 0.038636363636363635
1 0.3373529411764706 0.860909090909091 0.07 0.03909090909090909
1 0.7647058823529411 0.6911363636363637 0.11529411764705882 0.03590909090909091
1 0.09529411764705882 0.4106818181818182 0.07764705882352942 0.03590909090909091
1 0.41823529411764704 0.5713636363636364 0.24 0.03909090909090909
1 0.6323529411764706 0.6309090909090909 0.024705882352941175 0.02727272727272727
1 0.8458823529411764 0.8613636363636363 0.06470588235294118 0.042727272727272725