1 0.3828908554572271 0.7068181818181818 0.13333333333333333 0.038181818181818185
1 0.5793510324483776 0.7136363636363636 0.03185840707964602 0.04
1 0.7619469026548673 0.8795454545454545 0.052507374631268436 0.04181818181818182
1 0.8457227138643068 0.9434090909090909 0.047787610619469026 0.04045454545454545
1 0.5575221238938053 0.6375 0.044837758112094395 0.03227272727272727
1 0.4200589970501475 0.945 0.04129793510324484 0.03727272727272727
1 0.5056047197640118 0.5497727272727273 0.09911504424778761 0.03772727272727273
1 0.3631268436578171 0.6468181818181818 0.10442477876106195 0.034545454545454546
1 0.5244837758112094 0.5959090909090909 0.10501474926253687 0.03363636363636364
1 0.6312684365781711 0.7052272727272727 0.0696165191740413 0.03590909090909091
1 0.3905604719764012 0.44022727272727274 0.1415929203539823 0.03590909090909091
1 0.10737463126843658 0.7075 0.06135693215339233 0.03590909090909091
1 0.10147492625368731 0.48045454545454547 0.06371681415929203 0.034545454545454546
1 0.3896755162241888 0.7515909090909091 0.14218289085545724 0.035
1 0.6274336283185841 0.5938636363636364 0.05604719764011799 0.03227272727272727
1 0.10294985250737464 0.3961363636363636 0.06430678466076696 0.03590909090909091
1 0.48584070796460177 0.7922727272727272 0.07374631268436578 0.035454545454545454
1 0.5849557522123894 0.793409090909091 0.0607669616519174 0.03409090909090909
1 0.1654867256637168 0.9452272727272727 0.04660766961651917 0.03954545454545454
1 0.340117994100295 0.9436363636363636 0.04424778761061947 0.03727272727272727
1 0.16902654867256636 0.8793181818181818 0.04188790560471976 0.038636363636363635
1 0.636283185840708 0.7504545454545455 0.06784660766961652 0.031818181818181815
1 0.564306784660767 0.4875 0.027728613569321534 0.03681818181818182
1 0.38495575221238937 0.5511363636363636 0.13510324483775812 0.04045454545454545
1 0.10147492625368731 0.5529545454545455 0.06135693215339233 0.035
1 0.25545722713864305 0.8811363636363636 0.04247787610619469 0.03772727272727273
1 0.2533923303834808 0.9454545454545454 0.043067846607669616 0.03727272727272727
1 0.3793510324483776 0.7938636363636363 0.1168141592920354 0.03590909090909091
1 0.7660766961651917 0.9431818181818182 0.05368731563421829 0.04
1 0.31209439528023597 0.06704545454545455 0.04247787610619469 0.02772727272727273
1 0.5374631268436578 0.8 0.029498525073746312 0.04090909090909091
1 0.5929203539823009 0.4036363636363636 0.03303834808259587 0.04090909090909091
1 0.5259587020648968 0.3961363636363636 0.09144542772861357 0.03772727272727273
1 0.4230088495575221 0.8797727272727273 0.044837758112094395 0.038636363636363635
1 0.5935103244837758 0.946590909090909 0.04601769911504425 0.042272727272727274
1 0.3893805309734513 0.5952272727272727 0.1415929203539823 0.03681818181818182
1 0.5716814159292035 0.5593181818181818 0.03185840707964602 0.03681818181818182
1 0.45958702064896756 0.6372727272727273 0.07669616519174041 0.035454545454545454
1 0.4952802359882006 0.48159090909090907 0.09616519174041298 0.035
1 0.5890855457227139 0.88 0.04070796460176991 0.04
1 0.10088495575221239 0.4395454545454546 0.06725663716814159 0.035454545454545454
1 0.10206489675516224 0.5947727272727272 0.058997050147492625 0.03318181818181818
1 0.6097345132743363 0.4825 0.0607669616519174 0.03318181818181818
1 0.547787610619469 0.06431818181818182 0.03952802359882006 0.029545454545454545
1 0.5920353982300885 0.44227272727272726 0.03008849557522124 0.031818181818181815
1 0.6398230088495576 0.44045454545454543 0.0584070796460177 0.03090909090909091
1 0.5053097345132743 0.9440909090909091 0.03952802359882006 0.03727272727272727
1 0.8507374631268436 0.8784090909090909 0.05545722713864307 0.038636363636363635
1 0.6766961651917404 0.8834090909090909 0.0471976401179941 0.038636363636363635
1 0.6454277286135693 0.39795454545454545 0.06725663716814159 0.03227272727272727
1 0.5094395280235988 0.7056818181818182 0.10206489675516224 0.03772727272727273
1 0.38141592920353984 0.48045454545454547 0.12094395280235988 0.035454545454545454
1 0.1056047197640118 0.7929545454545455 0.05309734513274336 0.03590909090909091
1 0.5253687315634218 0.4409090909090909 0.10206489675516224 0.03272727272727273
1 0.5876106194690266 0.7525 0.03185840707964602 0.03409090909090909
1 0.5041297935103245 0.8795454545454545 0.04424778761061947 0.04
1 0.6168141592920354 0.5506818181818182 0.061946902654867256 0.035
1 0.5823008849557522 0.595 0.029498525073746312 0.031818181818181815
1 0.3979351032448378 0.39636363636363636 0.15162241887905606 0.04
1 0.5227138643067847 0.7495454545454545 0.10265486725663717 0.03363636363636364
1 0.10265486725663717 0.6354545454545455 0.06253687315634218 0.034545454545454546
1 0.675811209439528 0.9452272727272727 0.05368731563421829 0.03954545454545454
1 0.33362831858407077 0.8797727272727273 0.043067846607669616 0.03772727272727273
1 0.10412979351032449 0.7511363636363636 0.05368731563421829 0.03409090909090909
1 0.516519174041298 0.6506818181818181 0.024188790560471976 0.03318181818181818