1 0.7517647058823529 0.8638636363636364 0.05764705882352941 0.041363636363636366
1 0.85 0.9325 0.07764705882352942 0.04318181818181818
1 0.8973529411764706 0.5377272727272727 0.09352941176470589 0.03363636363636364
1 0.836764705882353 0.8665909090909091 0.05941176470588235 0.038636363636363635
1 0.39205882352941174 0.6179545454545454 0.19705882352941176 0.03318181818181818
1 0.6673529411764706 0.6881818181818182 0.17705882352941177 0.03727272727272727
1 0.4167647058823529 0.7304545454545455 0.2464705882352941 0.038181818181818185
1 0.8314705882352941 0.5465909090909091 0.03823529411764706 0.035
1 0.41852941176470587 0.4138636363636364 0.23941176470588235 0.03954545454545454
1 0.1011764705882353 0.6877272727272727 0.1 0.03636363636363636
1 0.4435294117647059 0.6854545454545454 0.2635294117647059 0.038181818181818185
1 0.10558823529411765 0.45136363636363636 0.10882352941176471 0.04090909090909091
1 0.54 0.7772727272727272 0.1376470588235294 0.034545454545454546
1 0.6379411764705882 0.7347727272727272 0.1711764705882353 0.03590909090909091
1 0.3205882352941177 0.9290909090909091 0.06470588235294118 0.038181818181818185
1 0.15205882352941177 0.8613636363636363 0.060588235294117644 0.03909090909090909
1 0.7355882352941177 0.7788636363636363 0.10647058823529412 0.03318181818181818
1 0.09529411764705882 0.5290909090909091 0.09647058823529411 0.035454545454545454
1 0.6579411764705883 0.6311363636363636 0.027647058823529413 0.029545454545454545
1 0.24 0.9263636363636364 0.06705882352941177 0.03909090909090909
1 0.38029411764705884 0.7775 0.17588235294117646 0.03227272727272727
1 0.7611764705882353 0.9304545454545454 0.07764705882352942 0.04
1 0.11323529411764706 0.3679545454545455 0.1264705882352941 0.041363636363636366
1 0.6255882352941177 0.4131818181818182 0.12529411764705883 0.038181818181818185
1 0.6220588235294118 0.37136363636363634 0.13352941176470587 0.03636363636363636
1 0.40911764705882353 0.8613636363636363 0.060588235294117644 0.038181818181818185
1 0.5882352941176471 0.9275 0.07058823529411765 0.038636363636363635
1 0.4602941176470588 0.5320454545454546 0.32176470588235295 0.04045454545454545
1 0.43470588235294116 0.5736363636363636 0.28352941176470586 0.03727272727272727
1 0.5929411764705882 0.8620454545454546 0.07882352941176471 0.038636363636363635
1 0.10970588235294118 0.41204545454545455 0.11941176470588236 0.038636363636363635
1 0.09705882352941177 0.5706818181818182 0.0976470588235294 0.038636363636363635
1 0.6708823529411765 0.5781818181818181 0.17705882352941177 0.03272727272727273
1 0.7935294117647059 0.585 0.036470588235294116 0.03727272727272727
1 0.5014705882352941 0.9293181818181818 0.07352941176470588 0.04045454545454545
1 0.8641176470588235 0.6865909090909091 0.12117647058823529 0.03772727272727273
1 0.6691176470588235 0.8631818181818182 0.061764705882352944 0.03909090909090909
1 0.8588235294117647 0.735909090909091 0.13176470588235295 0.03636363636363636
1 0.38529411764705884 0.4602272727272727 0.17882352941176471 0.03318181818181818
1 0.09735294117647059 0.7709090909090909 0.1111764705882353 0.035454545454545454
1 0.09735294117647059 0.7306818181818182 0.10882352941176471 0.035
1 0.5244117647058824 0.4656818181818182 0.0711764705882353 0.022272727272727274
1 0.6458823529411765 0.7865909090909091 0.03529411764705882 0.03590909090909091
1 0.5061764705882353 0.8629545454545454 0.0711764705882353 0.038636363636363635
1 0.7211764705882353 0.5365909090909091 0.17058823529411765 0.03318181818181818
1 0.8591176470588235 0.5790909090909091 0.0888235294117647 0.03
1 0.42676470588235293 0.37022727272727274 0.2488235294117647 0.038636363636363635
1 0.5688235294117647 0.6227272727272727 0.14352941176470588 0.02909090909090909
1 0.10176470588235294 0.6152272727272727 0.10470588235294118 0.03954545454545454
1 0.6667647058823529 0.9293181818181818 0.06294117647058824 0.03954545454545454
1 0.32382352941176473 0.86 0.05941176470588235 0.03909090909090909
1 0.7320588235294118 0.6254545454545455 0.09705882352941177 0.03090909090909091
1 0.7794117647058824 0.6947727272727273 0.04 0.03954545454545454
1 0.2861764705882353 0.03568181818181818 0.04411764705882353 0.023181818181818182
1 0.5608823529411765 0.04113636363636364 0.10529411764705883 0.023181818181818182
1 0.7576470588235295 0.7406818181818182 0.04941176470588235 0.04318181818181818
1 0.23294117647058823 0.8606818181818182 0.05411764705882353 0.03772727272727273
1 0.41441176470588237 0.9293181818181818 0.07235294117647059 0.03954545454545454