1 0.4279411764705882 0.6781818181818182 0.2488235294117647 0.04
1 0.6673529411764706 0.6820454545454545 0.19705882352941176 0.031363636363636364
1 0.763235294117647 0.8552272727272727 0.061764705882352944 0.042272727272727274
1 0.845 0.9247727272727273 0.07941176470588235 0.042272727272727274
1 0.9782352941176471 0.5681818181818182 0.03882352941176471 0.04363636363636364
1 0.4147058823529412 0.9218181818181819 0.07529411764705882 0.038181818181818185
1 0.7917647058823529 0.7704545454545455 0.10823529411764705 0.03272727272727273
1 0.4229411764705882 0.61 0.22470588235294117 0.034545454545454546
1 0.6170588235294118 0.7681818181818182 0.13529411764705881 0.034545454545454546
1 0.4026470588235294 0.45045454545454544 0.19117647058823528 0.038181818181818185
1 0.46352941176470586 0.4075 0.32 0.031363636363636364
1 0.10294117647058823 0.6727272727272727 0.09647058823529411 0.03727272727272727
1 0.09323529411764706 0.44227272727272726 0.07352941176470588 0.03363636363636364
1 0.4441176470588235 0.7245454545454545 0.2776470588235294 0.038181818181818185
1 0.8973529411764706 0.5279545454545455 0.03470588235294118 0.035
1 0.7185294117647059 0.6120454545454546 0.03235294117647059 0.030454545454545453
1 0.09441176470588235 0.35659090909090907 0.07823529411764706 0.035
1 0.15441176470588236 0.9190909090909091 0.06647058823529411 0.03909090909090909
1 0.8164705882352942 0.5709090909090909 0.21176470588235294 0.04
1 0.3255882352941176 0.9188636363636363 0.06529411764705882 0.03954545454545454
1 0.1538235294117647 0.8511363636363637 0.0688235294117647 0.04045454545454545
1 0.7820588235294118 0.7325 0.03 0.03227272727272727
1 0.46911764705882353 0.5222727272727272 0.3323529411764706 0.03272727272727273
1 0.10558823529411765 0.5125 0.08058823529411764 0.03409090909090909
1 0.6773529411764706 0.7225 0.1711764705882353 0.035
1 0.2464705882352941 0.8531818181818182 0.06823529411764706 0.04090909090909091
1 0.7929411764705883 0.6129545454545454 0.07058823529411765 0.03409090909090909
1 0.23852941176470588 0.9188636363636363 0.0688235294117647 0.04045454545454545
1 0.4208823529411765 0.7675 0.24294117647058824 0.028636363636363637
1 0.7638235294117647 0.9229545454545455 0.0711764705882353 0.041363636363636366
1 0.31411764705882356 0.02772727272727273 0.05764705882352941 0.016363636363636365
1 0.7991176470588235 0.4113636363636364 0.28294117647058825 0.03272727272727273
1 0.4211764705882353 0.8536363636363636 0.07882352941176471 0.04181818181818182
1 0.5873529411764706 0.9222727272727272 0.07 0.04090909090909091
1 0.09411764705882353 0.39386363636363636 0.07176470588235294 0.03409090909090909
1 0.5044117647058823 0.5679545454545455 0.39941176470588236 0.029545454545454545
1 0.5897058823529412 0.8563636363636363 0.07705882352941176 0.03727272727272727
1 0.10705882352941176 0.5575 0.08235294117647059 0.03409090909090909
1 0.5008823529411764 0.9222727272727272 0.07 0.03909090909090909
1 0.8717647058823529 0.6834090909090909 0.09294117647058824 0.035
1 0.711764705882353 0.7734090909090909 0.03176470588235294 0.03409090909090909
1 0.7517647058823529 0.36704545454545456 0.2611764705882353 0.038636363636363635
1 0.86 0.7265909090909091 0.11529411764705882 0.035
1 0.10676470588235294 0.7581818181818182 0.09941176470588235 0.031818181818181815
1 0.596764705882353 0.45590909090909093 0.17823529411764705 0.022727272727272728
1 0.5020588235294118 0.8543181818181819 0.07470588235294118 0.03954545454545454
1 0.7744117647058824 0.5263636363636364 0.21823529411764706 0.03363636363636364
1 0.44676470588235295 0.36272727272727273 0.28411764705882353 0.038181818181818185
1 0.10735294117647058 0.6002272727272727 0.08764705882352941 0.03590909090909091
1 0.6752941176470588 0.9222727272727272 0.07647058823529412 0.04181818181818182
1 0.325 0.8531818181818182 0.06294117647058824 0.04
1 0.8020588235294117 0.6893181818181818 0.03470588235294118 0.03409090909090909
1 0.10411764705882352 0.7175 0.1011764705882353 0.03227272727272727
1 0.5605882352941176 0.03340909090909091 0.11764705882352941 0.02409090909090909
1 0.9511764705882353 0.5275 0.0611764705882353 0.02772727272727273
1 0.9432352941176471 0.5759090909090909 0.017058823529411765 0.03636363636363636
1 0.6229411764705882 0.6125 0.15411764705882353 0.030454545454545453
1 0.6761764705882353 0.8568181818181818 0.0711764705882353 0.038181818181818185
1 0.8432352941176471 0.8595454545454545 0.06647058823529411 0.04363636363636364