1 0.4511764705882353 0.7265909090909091 0.2917647058823529 0.04318181818181818
1 0.535 0.6213636363636363 0.028823529411764706 0.03363636363636364
1 0.7779411764705882 0.7793181818181818 0.07705882352941176 0.031363636363636364
1 0.3623529411764706 0.6156818181818182 0.10941176470588235 0.03409090909090909
1 0.4491176470588235 0.40863636363636363 0.28294117647058825 0.03909090909090909
1 0.41970588235294115 0.4531818181818182 0.21470588235294116 0.03636363636363636
1 0.3947058823529412 0.5722727272727273 0.18705882352941178 0.03272727272727273
1 0.7158823529411765 0.7263636363636363 0.21529411764705883 0.03636363636363636
1 0.8276470588235294 0.4102272727272727 0.03882352941176471 0.03409090909090909
1 0.11235294117647059 0.6779545454545455 0.07764705882352942 0.035
1 0.11823529411764706 0.4461363636363636 0.0976470588235294 0.03590909090909091
1 0.11352941176470588 0.3640909090909091 0.1011764705882353 0.03636363636363636
1 0.6202941176470588 0.615 0.11235294117647059 0.03272727272727273
1 0.15441176470588236 0.9243181818181818 0.04764705882352941 0.038636363636363635
1 0.16411764705882353 0.8577272727272728 0.06 0.03727272727272727
1 0.1111764705882353 0.5247727272727273 0.08352941176470588 0.03590909090909091
1 0.66 0.575 0.03294117647058824 0.03272727272727273
1 0.405 0.7704545454545455 0.19941176470588234 0.035454545454545454
1 0.6061764705882353 0.7738636363636363 0.15235294117647058 0.035
1 0.12088235294117647 0.5670454545454545 0.07470588235294118 0.03318181818181818
1 0.5638235294117647 0.5747727272727273 0.11941176470588236 0.042272727272727274
1 0.4573529411764706 0.6152272727272727 0.09352941176470589 0.03227272727272727
1 0.11176470588235295 0.40545454545454546 0.10235294117647059 0.03727272727272727
1 0.6223529411764706 0.4561363636363636 0.15529411764705883 0.035
1 0.5735294117647058 0.038636363636363635 0.11764705882352941 0.02727272727272727
1 0.8088235294117647 0.45954545454545453 0.10588235294117647 0.03363636363636364
1 0.8535294117647059 0.7318181818181818 0.04 0.034545454545454546
1 0.7105882352941176 0.7845454545454545 0.03764705882352941 0.03636363636363636
1 0.9126470588235294 0.73 0.07941176470588235 0.03909090909090909
1 0.11029411764705882 0.764090909090909 0.07941176470588235 0.034545454545454546
1 0.11441176470588235 0.7202272727272727 0.07941176470588235 0.035
1 0.701764705882353 0.40704545454545454 0.19411764705882353 0.03772727272727273
1 0.7314705882352941 0.4631818181818182 0.033529411764705884 0.03
1 0.9111764705882353 0.4072727272727273 0.1223529411764706 0.03909090909090909
1 0.12441176470588235 0.6106818181818182 0.07823529411764706 0.03772727272727273
1 0.7620588235294118 0.5729545454545455 0.1511764705882353 0.035
1 0.3123529411764706 0.035454545454545454 0.03529411764705882 0.03272727272727273