1 0.5079411764705882 0.6911363636363637 0.07235294117647059 0.031363636363636364
1 0.7688235294117647 0.8590909090909091 0.05411764705882353 0.03909090909090909
1 0.8532352941176471 0.9263636363636364 0.0488235294117647 0.035454545454545454
1 0.4235294117647059 0.9306818181818182 0.04823529411764706 0.03681818181818182
1 0.34941176470588237 0.6154545454545455 0.08941176470588236 0.03363636363636364
1 0.42705882352941177 0.4134090909090909 0.23176470588235293 0.03681818181818182
1 0.4370588235294118 0.7279545454545454 0.24588235294117647 0.03590909090909091
1 0.7994117647058824 0.41 0.029411764705882353 0.04
1 0.10647058823529412 0.6843181818181818 0.07647058823529412 0.035
1 0.10617647058823529 0.4531818181818182 0.0688235294117647 0.035454545454545454
1 0.3870588235294118 0.69 0.1635294117647059 0.03272727272727273
1 0.10029411764705883 0.3693181818181818 0.07 0.035
1 0.16588235294117648 0.9313636363636364 0.04470588235294118 0.035454545454545454
1 0.8638235294117647 0.41045454545454546 0.10176470588235294 0.035454545454545454
1 0.33147058823529413 0.9343181818181818 0.045294117647058825 0.03590909090909091
1 0.16205882352941176 0.8631818181818182 0.04058823529411765 0.03727272727272727
1 0.11764705882352941 0.5318181818181819 0.041176470588235294 0.038181818181818185
1 0.6426470588235295 0.7311363636363636 0.13588235294117648 0.03409090909090909
1 0.24352941176470588 0.8643181818181818 0.03764705882352941 0.03772727272727273
1 0.2488235294117647 0.9322727272727273 0.042352941176470586 0.035454545454545454
1 0.3897058823529412 0.7743181818181818 0.16176470588235295 0.031363636363636364
1 0.7688235294117647 0.9272727272727272 0.05176470588235294 0.034545454545454546
1 0.2988235294117647 0.035227272727272725 0.03411764705882353 0.022272727272727274
1 0.505 0.7761363636363636 0.0711764705882353 0.030454545454545453
1 0.6638235294117647 0.41204545454545455 0.22294117647058823 0.03954545454545454
1 0.4235294117647059 0.8647727272727272 0.04 0.03681818181818182
1 0.5952941176470589 0.9295454545454546 0.04941176470588235 0.03636363636363636
1 0.12117647058823529 0.5747727272727273 0.03529411764705882 0.03590909090909091
1 0.3467647058823529 0.5343181818181818 0.06764705882352941 0.03409090909090909
1 0.595 0.4647727272727273 0.05352941176470588 0.023181818181818182
1 0.49411764705882355 0.4615909090909091 0.10470588235294118 0.03318181818181818
1 0.5547058823529412 0.03954545454545454 0.11529411764705882 0.02181818181818182
1 0.5929411764705882 0.3759090909090909 0.052941176470588235 0.02727272727272727
1 0.505 0.9315909090909091 0.04411764705882353 0.03772727272727273
1 0.855 0.8568181818181818 0.05823529411764706 0.038181818181818185
1 0.6861764705882353 0.8590909090909091 0.04764705882352941 0.03727272727272727
1 0.4894117647058824 0.37454545454545457 0.09176470588235294 0.034545454545454546
1 0.3711764705882353 0.46 0.13176470588235295 0.03363636363636364
1 0.10823529411764705 0.7711363636363636 0.07764705882352942 0.03409090909090909
1 0.10882352941176471 0.725909090909091 0.07764705882352942 0.035454545454545454
1 0.5938235294117648 0.8606818181818182 0.04294117647058823 0.03681818181818182
1 0.5070588235294118 0.8636363636363636 0.04 0.03636363636363636
1 0.36911764705882355 0.37318181818181817 0.12529411764705883 0.035454545454545454
1 0.11941176470588236 0.6147727272727272 0.03529411764705882 0.03318181818181818
1 0.6867647058823529 0.9272727272727272 0.057058823529411766 0.03727272727272727
1 0.33441176470588235 0.8638636363636364 0.03823529411764706 0.03681818181818182
1 0.10764705882352942 0.41454545454545455 0.07176470588235294 0.03090909090909091
1 0.5564705882352942 0.38 0.027058823529411764 0.024545454545454544
1 0.3594117647058824 0.5747727272727273 0.11294117647058824 0.038636363636363635
1 0.5579411764705883 0.46886363636363637 0.02411764705882353 0.02409090909090909