1 0.40088235294117647 0.6840909090909091 0.1935294117647059 0.03636363636363636
1 0.7652941176470588 0.8613636363636363 0.06352941176470588 0.03727272727272727
1 0.8511764705882353 0.9279545454545455 0.07058823529411765 0.03954545454545454
1 0.5714705882352941 0.5725 0.17705882352941177 0.03590909090909091
1 0.4111764705882353 0.9270454545454545 0.05529411764705883 0.038636363636363635
1 0.5920588235294117 0.5288636363636363 0.19588235294117648 0.03954545454545454
1 0.3870588235294118 0.5806818181818182 0.16 0.03590909090909091
1 0.4126470588235294 0.4188636363636364 0.21588235294117647 0.04409090909090909
1 0.3855882352941176 0.7270454545454546 0.17 0.03590909090909091
1 0.10735294117647058 0.6831818181818182 0.07352941176470588 0.034545454545454546
1 0.09382352941176471 0.36727272727272725 0.07235294117647059 0.034545454545454546
1 0.0961764705882353 0.45022727272727275 0.07352941176470588 0.03590909090909091
1 0.16 0.9254545454545454 0.06588235294117648 0.03909090909090909
1 0.763235294117647 0.6895454545454546 0.10764705882352942 0.03272727272727273
1 0.33294117647058824 0.9277272727272727 0.07058823529411765 0.04
1 0.16058823529411764 0.8575 0.07058823529411765 0.03954545454545454
1 0.721764705882353 0.7813636363636364 0.0811764705882353 0.03090909090909091
1 0.09117647058823529 0.5259090909090909 0.07058823529411765 0.03363636363636364
1 0.6297058823529412 0.7263636363636363 0.03235294117647059 0.03090909090909091
1 0.24411764705882352 0.8611363636363636 0.05529411764705883 0.03772727272727273
1 0.24411764705882352 0.9263636363636364 0.06235294117647059 0.038181818181818185
1 0.385 0.7754545454545455 0.1711764705882353 0.04090909090909091
1 0.7626470588235295 0.9272727272727272 0.06764705882352941 0.03909090909090909
1 0.2985294117647059 0.03409090909090909 0.039411764705882354 0.022727272727272728
1 0.5511764705882353 0.7275 0.10588235294117647 0.03227272727272727
1 0.6770588235294117 0.3756818181818182 0.03529411764705882 0.031363636363636364
1 0.6023529411764705 0.4122727272727273 0.14470588235294118 0.03636363636363636
1 0.4211764705882353 0.8593181818181819 0.058823529411764705 0.03954545454545454
1 0.59 0.9265909090909091 0.06 0.038636363636363635
1 0.39441176470588235 0.5311363636363636 0.1688235294117647 0.03590909090909091
1 0.5914705882352941 0.8606818181818182 0.07352941176470588 0.04409090909090909
1 0.09235294117647058 0.4127272727272727 0.06823529411764706 0.034545454545454546
1 0.5458823529411765 0.038863636363636364 0.07882352941176471 0.021363636363636362
1 0.7717647058823529 0.4147727272727273 0.07764705882352942 0.03318181818181818
1 0.7088235294117647 0.7331818181818182 0.09058823529411765 0.02909090909090909
1 0.5061764705882353 0.9272727272727272 0.07823529411764706 0.03909090909090909
1 0.8485294117647059 0.8615909090909091 0.05588235294117647 0.03954545454545454
1 0.6797058823529412 0.8613636363636363 0.07 0.04
1 0.5708823529411765 0.3759090909090909 0.14529411764705882 0.035454545454545454
1 0.39176470588235296 0.4590909090909091 0.17058823529411765 0.03636363636363636
1 0.11088235294117647 0.7706818181818181 0.061764705882352944 0.03409090909090909
1 0.10647058823529412 0.7238636363636364 0.07294117647058823 0.03318181818181818
1 0.7344117647058823 0.3765909090909091 0.07352941176470588 0.031363636363636364
1 0.5408823529411765 0.4552272727272727 0.10529411764705883 0.03318181818181818
1 0.648235294117647 0.7754545454545455 0.03176470588235294 0.031818181818181815
1 0.505 0.8584090909090909 0.06294117647058824 0.04045454545454545
1 0.705 0.4175 0.03470588235294118 0.03409090909090909
1 0.5844117647058824 0.6843181818181818 0.12294117647058823 0.03590909090909091
1 0.38941176470588235 0.3665909090909091 0.17058823529411765 0.03590909090909091
1 0.4979411764705882 0.6163636363636363 0.12411764705882353 0.03272727272727273
1 0.09823529411764706 0.615909090909091 0.07411764705882352 0.035454545454545454
1 0.6761764705882353 0.9268181818181818 0.0688235294117647 0.038181818181818185
1 0.3341176470588235 0.8581818181818182 0.0611764705882353 0.04
1 0.6844117647058824 0.4602272727272727 0.07470588235294118 0.031363636363636364
1 0.6235294117647059 0.45886363636363636 0.03764705882352941 0.03681818181818182
1 0.3688235294117647 0.6177272727272727 0.13058823529411764 0.03909090909090909
1 0.673235294117647 0.6943181818181818 0.0488235294117647 0.03318181818181818
1 0.5485294117647059 0.7738636363636363 0.14294117647058824 0.035
1 0.09647058823529411 0.5690909090909091 0.07294117647058823 0.04090909090909091