1 0.39941176470588236 0.6877272727272727 0.21529411764705883 0.03363636363636364
1 0.5947058823529412 0.6922727272727273 0.15058823529411763 0.038181818181818185
1 0.7658823529411765 0.8627272727272727 0.07058823529411765 0.04
1 0.8452941176470589 0.9279545454545455 0.06823529411764706 0.04045454545454545
1 0.5517647058823529 0.571590909090909 0.11647058823529412 0.031363636363636364
1 0.3773529411764706 0.6172727272727273 0.16294117647058823 0.03363636363636364
1 0.6717647058823529 0.7745454545454545 0.08 0.03090909090909091
1 0.3885294117647059 0.44977272727272727 0.16411764705882353 0.03681818181818182
1 0.643235294117647 0.7293181818181819 0.025294117647058825 0.030454545454545453
1 0.41852941176470587 0.40954545454545455 0.2311764705882353 0.031818181818181815
1 0.1038235294117647 0.4465909090909091 0.08647058823529412 0.03681818181818182
1 0.5067647058823529 0.7727272727272727 0.11235294117647059 0.03363636363636364
1 0.16117647058823528 0.9222727272727272 0.07294117647058823 0.04090909090909091
1 0.7729411764705882 0.6961363636363637 0.12 0.03409090909090909
1 0.3326470588235294 0.9240909090909091 0.07235294117647059 0.04090909090909091
1 0.1564705882352941 0.8531818181818182 0.06235294117647059 0.03909090909090909
1 0.7073529411764706 0.7290909090909091 0.10058823529411764 0.03
1 0.09558823529411764 0.5204545454545455 0.08647058823529412 0.03727272727272727
1 0.7373529411764705 0.3775 0.0688235294117647 0.03318181818181818
1 0.24352941176470588 0.8547727272727272 0.06470588235294118 0.03954545454545454
1 0.24147058823529413 0.9236363636363636 0.05941176470588235 0.04090909090909091
1 0.3938235294117647 0.7234090909090909 0.21 0.03590909090909091
1 0.7611764705882353 0.9313636363636364 0.06705882352941177 0.04
1 0.10205882352941177 0.3618181818181818 0.07823529411764706 0.03636363636363636
1 0.558235294117647 0.7234090909090909 0.15411764705882353 0.03409090909090909
1 0.685 0.4597727272727273 0.06647058823529411 0.029545454545454545
1 0.6823529411764706 0.38022727272727275 0.03294117647058824 0.038636363636363635
1 0.5882352941176471 0.3743181818181818 0.12470588235294118 0.03681818181818182
1 0.41705882352941176 0.8595454545454545 0.07058823529411765 0.04
1 0.5894117647058823 0.925 0.06705882352941177 0.04090909090909091
1 0.41705882352941176 0.5288636363636363 0.24 0.038636363636363635
1 0.5882352941176471 0.8604545454545455 0.06470588235294118 0.04
1 0.10911764705882353 0.4031818181818182 0.09352941176470589 0.03636363636363636
1 0.09352941176470589 0.5654545454545454 0.08352941176470588 0.034545454545454546
1 0.6047058823529412 0.535 0.12117647058823529 0.03272727272727273
1 0.5979411764705882 0.035227272727272725 0.15705882352941178 0.03590909090909091
1 0.6317647058823529 0.45886363636363636 0.03411764705882353 0.031363636363636364
1 0.7194117647058823 0.4109090909090909 0.029411764705882353 0.03090909090909091
1 0.5064705882352941 0.9254545454545454 0.07176470588235294 0.04181818181818182
1 0.845 0.8625 0.05823529411764706 0.042272727272727274
1 0.6811764705882353 0.8640909090909091 0.06941176470588235 0.04090909090909091
1 0.3938235294117647 0.5711363636363637 0.19 0.030454545454545453
1 0.09 0.7618181818181818 0.08705882352941176 0.035454545454545454
1 0.5470588235294118 0.45454545454545453 0.10588235294117647 0.03363636363636364
1 0.5985294117647059 0.7729545454545454 0.03823529411764706 0.030454545454545453
1 0.07794117647058824 0.6825 0.06529411764705882 0.030454545454545453
1 0.5038235294117647 0.8620454545454546 0.06764705882352941 0.03954545454545454
1 0.4076470588235294 0.3704545454545455 0.20352941176470588 0.03727272727272727
1 0.5167647058823529 0.6227272727272727 0.09588235294117647 0.025454545454545455
1 0.09852941176470588 0.6038636363636364 0.08411764705882353 0.035
1 0.6758823529411765 0.925 0.06941176470588235 0.042727272727272725
1 0.3332352941176471 0.8561363636363636 0.05823529411764706 0.03954545454545454
1 0.6926470588235294 0.7025 0.031176470588235295 0.03318181818181818
1 0.09029411764705883 0.7225 0.07588235294117647 0.035
1 0.6252941176470588 0.4088636363636364 0.14823529411764705 0.03227272727272727
1 0.7702941176470588 0.4122727272727273 0.05941176470588235 0.03272727272727273
1 0.36764705882352944 0.7720454545454546 0.14705882352941177 0.03318181818181818
1 0.4223529411764706 0.9268181818181818 0.07058823529411765 0.038181818181818185
1 0.2994117647058824 0.03295454545454545 0.05647058823529412 0.03318181818181818