1 0.3997058823529412 0.6875 0.19941176470588234 0.03772727272727273
1 0.7638235294117647 0.8643181818181818 0.07823529411764706 0.04045454545454545
1 0.8502941176470589 0.9302272727272727 0.07705882352941176 0.04409090909090909
1 0.571764705882353 0.5772727272727273 0.1588235294117647 0.02909090909090909
1 0.41441176470588237 0.9290909090909091 0.07235294117647059 0.04090909090909091
1 0.3947058823529412 0.5763636363636364 0.19411764705882353 0.02909090909090909
1 0.8520588235294118 0.8640909090909091 0.08058823529411764 0.04454545454545455
1 0.36970588235294116 0.6188636363636364 0.14529411764705882 0.029545454545454545
1 0.6202941176470588 0.7322727272727273 0.1535294117647059 0.034545454545454546
1 0.4285294117647059 0.41659090909090907 0.25823529411764706 0.035
1 0.4011764705882353 0.7304545454545455 0.18705882352941178 0.035454545454545454
1 0.7705882352941177 0.3884090909090909 0.03411764705882353 0.03227272727272727
1 0.09382352941176471 0.6822727272727273 0.09352941176470589 0.03727272727272727
1 0.6735294117647059 0.5786363636363636 0.03058823529411765 0.03363636363636364
1 0.11147058823529411 0.45227272727272727 0.11588235294117646 0.03909090909090909
1 0.15794117647058822 0.9265909090909091 0.07823529411764706 0.045
1 0.8258823529411765 0.5338636363636363 0.10588235294117647 0.03409090909090909
1 0.32735294117647057 0.9259090909090909 0.07352941176470588 0.04181818181818182
1 0.1526470588235294 0.8575 0.060588235294117644 0.038636363636363635
1 0.1 0.5256818181818181 0.10352941176470588 0.03954545454545454
1 0.6379411764705882 0.6218181818181818 0.08411764705882353 0.03090909090909091
1 0.8579411764705882 0.38113636363636366 0.13588235294117648 0.030454545454545453
1 0.245 0.8613636363636363 0.07705882352941176 0.04090909090909091
1 0.6461764705882352 0.5318181818181819 0.16647058823529412 0.04
1 0.24235294117647058 0.9263636363636364 0.07058823529411765 0.04181818181818182
1 0.3961764705882353 0.7752272727272728 0.17588235294117646 0.03227272727272727
1 0.7626470588235295 0.9281818181818182 0.08176470588235295 0.04181818181818182
1 0.10176470588235294 0.3643181818181818 0.10823529411764705 0.03954545454545454
1 0.5802941176470588 0.7788636363636363 0.1323529411764706 0.03318181818181818
1 0.6629411764705883 0.3740909090909091 0.1635294117647059 0.035454545454545454
1 0.6426470588235295 0.4193181818181818 0.1511764705882353 0.030454545454545453
1 0.4158823529411765 0.8604545454545455 0.07411764705882352 0.04090909090909091
1 0.10147058823529412 0.5688636363636363 0.10058823529411764 0.03772727272727273
1 0.4238235294117647 0.5293181818181818 0.2523529411764706 0.03954545454545454
1 0.595 0.8622727272727273 0.07941176470588235 0.04090909090909091
1 0.10705882352941176 0.40795454545454546 0.11176470588235295 0.04045454545454545
1 0.5644117647058824 0.03840909090909091 0.09 0.022272727272727274
1 0.6214705882352941 0.4675 0.026470588235294117 0.03318181818181818
1 0.7535294117647059 0.5795454545454546 0.12352941176470589 0.03363636363636364
1 0.4988235294117647 0.9279545454545455 0.07058823529411765 0.041363636363636366
1 0.3052941176470588 0.03409090909090909 0.04 0.02090909090909091
1 0.3952941176470588 0.46045454545454545 0.19294117647058823 0.03090909090909091
1 0.09382352941176471 0.7702272727272728 0.09470588235294118 0.03681818181818182
1 0.09470588235294118 0.7254545454545455 0.0976470588235294 0.03909090909090909
1 0.7352941176470589 0.425 0.03411764705882353 0.02909090909090909
1 0.5505882352941176 0.46295454545454545 0.10588235294117647 0.03409090909090909
1 0.5864705882352941 0.6904545454545454 0.1623529411764706 0.03090909090909091
1 0.5023529411764706 0.8613636363636363 0.07764705882352942 0.04
1 0.8264705882352941 0.4254545454545455 0.1423529411764706 0.03
1 0.5782352941176471 0.6268181818181818 0.024705882352941175 0.03272727272727273
1 0.4370588235294118 0.3709090909090909 0.2741176470588235 0.038181818181818185
1 0.5061764705882353 0.6181818181818182 0.11470588235294117 0.035454545454545454
1 0.10823529411764705 0.6118181818181818 0.10470588235294118 0.038181818181818185
1 0.5920588235294117 0.9270454545454545 0.08647058823529412 0.04045454545454545
1 0.3332352941176471 0.8622727272727273 0.07352941176470588 0.04090909090909091
1 0.6914705882352942 0.4647727272727273 0.10647058823529412 0.03227272727272727
1 0.7523529411764706 0.5418181818181819 0.04 0.028181818181818183