1 0.3991176470588235 0.6843181818181818 0.19117647058823528 0.03772727272727273
1 0.7638235294117647 0.8606818181818182 0.07823529411764706 0.04045454545454545
1 0.8502941176470589 0.9272727272727272 0.07705882352941176 0.04363636363636364
1 0.5791176470588235 0.5740909090909091 0.15588235294117647 0.03090909090909091
1 0.41441176470588237 0.9259090909090909 0.07235294117647059 0.04090909090909091
1 0.39705882352941174 0.5718181818181818 0.18941176470588236 0.03
1 0.8532352941176471 0.8604545454545455 0.08058823529411764 0.04454545454545455
1 0.37029411764705883 0.6206818181818182 0.14647058823529413 0.03590909090909091
1 0.6211764705882353 0.7261363636363637 0.15411764705882353 0.03409090909090909
1 0.4294117647058823 0.4193181818181818 0.2576470588235294 0.038636363636363635
1 0.39941176470588236 0.7268181818181818 0.18705882352941178 0.035454545454545454
1 0.7664705882352941 0.38136363636363635 0.041176470588235294 0.035454545454545454
1 0.09911764705882353 0.6797727272727273 0.09352941176470589 0.03772727272727273
1 0.6741176470588235 0.5754545454545454 0.03058823529411765 0.03363636363636364
1 0.11029411764705882 0.44636363636363635 0.10058823529411764 0.03727272727272727
1 0.1588235294117647 0.9215909090909091 0.07764705882352942 0.045
1 0.8252941176470588 0.5320454545454546 0.10823529411764705 0.035
1 0.32735294117647057 0.9238636363636363 0.07352941176470588 0.042272727272727274
1 0.1526470588235294 0.8561363636363636 0.060588235294117644 0.038636363636363635
1 0.10588235294117647 0.5261363636363636 0.11176470588235295 0.03772727272727273
1 0.6385294117647059 0.6170454545454546 0.07470588235294118 0.03227272727272727
1 0.8561764705882353 0.37886363636363635 0.14058823529411765 0.03590909090909091
1 0.2461764705882353 0.8606818181818182 0.07705882352941176 0.041363636363636366
1 0.6408823529411765 0.5275 0.15588235294117647 0.03681818181818182
1 0.24294117647058824 0.9231818181818182 0.07058823529411765 0.04181818181818182
1 0.39647058823529413 0.7777272727272727 0.17882352941176471 0.03363636363636364
1 0.7626470588235295 0.9256818181818182 0.08176470588235295 0.042272727272727274
1 0.11088235294117647 0.3654545454545455 0.09588235294117647 0.03636363636363636
1 0.5791176470588235 0.7781818181818182 0.12294117647058823 0.03363636363636364
1 0.6564705882352941 0.3759090909090909 0.1635294117647059 0.035454545454545454
1 0.6394117647058823 0.41363636363636364 0.13294117647058823 0.04
1 0.41441176470588237 0.8593181818181819 0.07352941176470588 0.04045454545454545
1 0.10470588235294118 0.5668181818181818 0.1 0.03727272727272727
1 0.4273529411764706 0.5277272727272727 0.23941176470588235 0.03636363636363636
1 0.5964705882352941 0.8581818181818182 0.07058823529411765 0.038181818181818185
1 0.10764705882352942 0.40454545454545454 0.10588235294117647 0.03727272727272727
1 0.5661764705882353 0.03954545454545454 0.09352941176470589 0.022727272727272728
1 0.6226470588235294 0.4625 0.026470588235294117 0.03318181818181818
1 0.7508823529411764 0.5761363636363637 0.11352941176470588 0.03227272727272727
1 0.4988235294117647 0.925 0.07058823529411765 0.04090909090909091
1 0.3914705882352941 0.4547727272727273 0.1723529411764706 0.03681818181818182
1 0.09852941176470588 0.7677272727272727 0.09470588235294118 0.03727272727272727
1 0.0988235294117647 0.7234090909090909 0.0976470588235294 0.038636363636363635
1 0.7320588235294118 0.41659090909090907 0.045294117647058825 0.03318181818181818
1 0.5467647058823529 0.4565909090909091 0.10529411764705883 0.03409090909090909
1 0.5755882352941176 0.6856818181818182 0.15941176470588236 0.03590909090909091
1 0.5023529411764706 0.8595454545454545 0.07764705882352942 0.04
1 0.8273529411764706 0.41909090909090907 0.14882352941176472 0.03272727272727273
1 0.5782352941176471 0.62 0.024705882352941175 0.03272727272727273
1 0.44 0.3690909090909091 0.2741176470588235 0.038181818181818185
1 0.5029411764705882 0.6131818181818182 0.10705882352941176 0.03272727272727273
1 0.10882352941176471 0.6061363636363636 0.10470588235294118 0.038636363636363635
1 0.5935294117647059 0.9252272727272727 0.08705882352941176 0.04045454545454545
1 0.3332352941176471 0.8597727272727272 0.07352941176470588 0.04045454545454545
1 0.6944117647058824 0.4590909090909091 0.10647058823529412 0.03272727272727273
1 0.7488235294117647 0.5329545454545455 0.04 0.02772727272727273
1 0.3038235294117647 0.03636363636363636 0.06294117647058824 0.02727272727272727