1 0.4214705882352941 0.6875 0.2323529411764706 0.038636363636363635
1 0.41794117647058826 0.37522727272727274 0.22294117647058823 0.03681818181818182
1 0.7776470588235294 0.855 0.08 0.04454545454545455
1 0.8629411764705882 0.9275 0.08705882352941176 0.03954545454545454
1 0.5426470588235294 0.6236363636363637 0.12411764705882353 0.03363636363636364
1 0.43323529411764705 0.9256818181818182 0.08058823529411764 0.042272727272727274
1 0.8702941176470588 0.8534090909090909 0.07705882352941176 0.04681818181818182
1 0.38058823529411767 0.6265909090909091 0.15411764705882353 0.03318181818181818
1 0.40058823529411763 0.41613636363636364 0.19176470588235295 0.03681818181818182
1 0.7120588235294117 0.6875 0.03705882352941176 0.03227272727272727
1 0.43176470588235294 0.7279545454545454 0.24941176470588236 0.03772727272727273
1 0.12588235294117647 0.4631818181818182 0.09647058823529411 0.035454545454545454
1 0.11852941176470588 0.41863636363636364 0.08647058823529412 0.03636363636363636
1 0.1738235294117647 0.9331818181818182 0.07823529411764706 0.042727272727272725
1 0.3458823529411765 0.9293181818181818 0.07529411764705882 0.042272727272727274
1 0.17558823529411766 0.8677272727272727 0.0688235294117647 0.04
1 0.7464705882352941 0.7334090909090909 0.04 0.03409090909090909
1 0.6352941176470588 0.7318181818181818 0.1635294117647059 0.035454545454545454
1 0.25882352941176473 0.8602272727272727 0.06588235294117648 0.04045454545454545
1 0.6091176470588235 0.5286363636363637 0.15235294117647058 0.03727272727272727
1 0.2576470588235294 0.9275 0.07058823529411765 0.04318181818181818
1 0.3779411764705882 0.7852272727272728 0.1476470588235294 0.03227272727272727
1 0.29411764705882354 0.04431818181818182 0.042352941176470586 0.02409090909090909
1 0.5179411764705882 0.7845454545454545 0.10882352941176471 0.02909090909090909
1 0.6661764705882353 0.4177272727272727 0.028823529411764706 0.035454545454545454
1 0.5688235294117647 0.42068181818181816 0.14941176470588236 0.035
1 0.4308823529411765 0.8604545454545455 0.0711764705882353 0.042727272727272725
1 0.6076470588235294 0.9279545454545455 0.06352941176470588 0.04681818181818182
1 0.41558823529411765 0.5297727272727273 0.22058823529411764 0.03590909090909091
1 0.5802941176470588 0.46636363636363637 0.057058823529411766 0.02727272727272727
1 0.42264705882352943 0.5736363636363636 0.2311764705882353 0.03727272727272727
1 0.36176470588235293 0.4647727272727273 0.12470588235294118 0.031363636363636364
1 0.6114705882352941 0.8638636363636364 0.08294117647058824 0.04409090909090909
1 0.11794117647058823 0.37795454545454543 0.09117647058823529 0.035
1 0.10176470588235294 0.5359090909090909 0.07529411764705882 0.03636363636363636
1 0.643235294117647 0.5729545454545455 0.1711764705882353 0.03772727272727273
1 0.5464705882352942 0.037954545454545456 0.09294117647058824 0.022272727272727274
1 0.7308823529411764 0.4131818181818182 0.08411764705882353 0.034545454545454546
1 0.518235294117647 0.9252272727272727 0.0811764705882353 0.04409090909090909
1 0.6897058823529412 0.8543181818181819 0.07470588235294118 0.04318181818181818
1 0.6247058823529412 0.37477272727272726 0.17058823529411765 0.03409090909090909
1 0.6194117647058823 0.6856818181818182 0.13647058823529412 0.03590909090909091
1 0.8258823529411765 0.7284090909090909 0.10823529411764705 0.03409090909090909
1 0.11470588235294117 0.7768181818181819 0.0811764705882353 0.03363636363636364
1 0.11411764705882353 0.6920454545454545 0.08 0.03681818181818182
1 0.7297058823529412 0.37204545454545457 0.03823529411764706 0.031363636363636364
1 0.5823529411764706 0.7845454545454545 0.02235294117647059 0.03272727272727273
1 0.5152941176470588 0.8588636363636364 0.07176470588235294 0.042272727272727274
1 0.7902941176470588 0.37363636363636366 0.07235294117647059 0.03272727272727273
1 0.10411764705882352 0.576590909090909 0.07764705882352942 0.03772727272727273
1 0.691764705882353 0.9247727272727273 0.07529411764705882 0.04318181818181818
1 0.34558823529411764 0.8581818181818182 0.0688235294117647 0.04
1 0.7879411764705883 0.6834090909090909 0.10764705882352942 0.03590909090909091
1 0.47705882352941176 0.46545454545454545 0.09294117647058824 0.02909090909090909
1 0.5326470588235294 0.4677272727272727 0.02411764705882353 0.028181818181818183
1 0.10794117647058823 0.6206818181818182 0.08294117647058824 0.035
1 0.10911764705882353 0.7352272727272727 0.07823529411764706 0.03681818181818182
1 0.63 0.7840909090909091 0.07058823529411765 0.03
1 0.7779411764705882 0.9240909090909091 0.07 0.03909090909090909