1 0.37941176470588234 0.7209090909090909 0.15529411764705883 0.038181818181818185
1 0.7611764705882353 0.8577272727272728 0.058823529411764705 0.038181818181818185
1 0.8461764705882353 0.9238636363636363 0.06411764705882353 0.03954545454545454
1 0.585 0.6097727272727272 0.14294117647058824 0.03772727272727273
1 0.4076470588235294 0.9254545454545454 0.05764705882352941 0.038181818181818185
1 0.8452941176470589 0.8572727272727273 0.06352941176470588 0.04
1 0.706764705882353 0.7695454545454545 0.09705882352941177 0.034545454545454546
1 0.42176470588235293 0.4509090909090909 0.2211764705882353 0.03909090909090909
1 0.7273529411764705 0.7227272727272728 0.03470588235294118 0.03636363636363636
1 0.7705882352941177 0.5704545454545454 0.03882352941176471 0.03727272727272727
1 0.10970588235294118 0.6811363636363637 0.07588235294117647 0.03590909090909091
1 0.10441176470588236 0.4065909090909091 0.09823529411764706 0.03772727272727273
1 0.11 0.3638636363636364 0.0976470588235294 0.03227272727272727
1 0.105 0.4506818181818182 0.09705882352941177 0.038636363636363635
1 0.5197058823529411 0.7686363636363637 0.17470588235294118 0.03636363636363636
1 0.15470588235294117 0.9227272727272727 0.06235294117647059 0.04090909090909091
1 0.3241176470588235 0.9231818181818182 0.052941176470588235 0.04
1 0.1514705882352941 0.855 0.05941176470588235 0.03909090909090909
1 0.4238235294117647 0.5629545454545455 0.2288235294117647 0.03772727272727273
1 0.11352941176470588 0.5222727272727272 0.09529411764705882 0.038181818181818185
1 0.6770588235294117 0.6122727272727273 0.02823529411764706 0.035454545454545454
1 0.23852941176470588 0.855909090909091 0.051176470588235295 0.038181818181818185
1 0.23794117647058824 0.9225 0.05352941176470588 0.038636363636363635
1 0.3638235294117647 0.7684090909090909 0.11941176470588236 0.03590909090909091
1 0.7611764705882353 0.925 0.06941176470588235 0.04
1 0.6708823529411765 0.45704545454545453 0.03588235294117647 0.03681818181818182
1 0.6970588235294117 0.4068181818181818 0.029411764705882353 0.03727272727272727
1 0.4126470588235294 0.8579545454545454 0.05352941176470588 0.038636363636363635
1 0.5861764705882353 0.9238636363636363 0.05352941176470588 0.04045454545454545
1 0.10852941176470589 0.5665909090909091 0.09117647058823529 0.03681818181818182
1 0.591764705882353 0.8586363636363636 0.06235294117647059 0.04181818181818182
1 0.5473529411764706 0.03590909090909091 0.06647058823529411 0.02181818181818182
1 0.6220588235294118 0.4059090909090909 0.11470588235294117 0.03727272727272727
1 0.7423529411764705 0.455 0.08588235294117647 0.03363636363636364
1 0.8285294117647058 0.7238636363636364 0.15941176470588236 0.03954545454545454
1 0.5011764705882353 0.9252272727272727 0.05764705882352941 0.04045454545454545
1 0.6764705882352942 0.8552272727272727 0.06588235294117648 0.038636363636363635
1 0.7852941176470588 0.4081818181818182 0.12823529411764706 0.03636363636363636
1 0.3973529411764706 0.6090909090909091 0.17705882352941177 0.038181818181818185
1 0.10558823529411765 0.7638636363636364 0.08176470588235295 0.03772727272727273
1 0.10617647058823529 0.7222727272727273 0.08058823529411764 0.03727272727272727
1 0.5955882352941176 0.45295454545454544 0.09352941176470589 0.03681818181818182
1 0.6335294117647059 0.7693181818181818 0.03294117647058824 0.03772727272727273
1 0.49911764705882355 0.8584090909090909 0.05 0.03954545454545454
1 0.8647058823529412 0.5720454545454545 0.10588235294117647 0.03772727272727273
1 0.6538235294117647 0.5652272727272727 0.17705882352941177 0.03954545454545454
1 0.4338235294117647 0.40454545454545454 0.24764705882352941 0.03909090909090909
1 0.5832352941176471 0.7229545454545454 0.24529411764705883 0.03590909090909091
1 0.10441176470588236 0.605 0.09352941176470589 0.03727272727272727
1 0.6726470588235294 0.9238636363636363 0.0711764705882353 0.03954545454545454
1 0.3220588235294118 0.8565909090909091 0.051176470588235295 0.03954545454545454
1 0.7508823529411764 0.6115909090909091 0.09941176470588235 0.03409090909090909
1 0.3058823529411765 0.035227272727272725 0.06 0.02409090909090909