1 0.3914705882352941 0.735 0.19 0.03727272727272727
1 0.37558823529411767 0.37272727272727274 0.15588235294117647 0.03727272727272727
1 0.7526470588235294 0.8611363636363636 0.04647058823529412 0.03772727272727273
1 0.8379411764705882 0.9288636363636363 0.051176470588235295 0.03954545454545454
1 0.4117647058823529 0.9288636363636363 0.05058823529411765 0.03590909090909091
1 0.5229411764705882 0.5311363636363636 0.12823529411764706 0.035
1 0.84 0.86 0.047058823529411764 0.03909090909090909
1 0.3764705882352941 0.6145454545454545 0.14352941176470588 0.034545454545454546
1 0.09176470588235294 0.6827272727272727 0.09058823529411765 0.03727272727272727
1 0.10235294117647059 0.45431818181818184 0.10941176470588235 0.03409090909090909
1 0.09558823529411764 0.5306818181818181 0.09470588235294118 0.042272727272727274
1 0.7002941176470588 0.5740909090909091 0.03 0.031818181818181815
1 0.10529411764705883 0.3729545454545454 0.10588235294117647 0.03954545454545454
1 0.5041176470588236 0.7793181818181818 0.14 0.028636363636363637
1 0.6035294117647059 0.7375 0.20470588235294118 0.029545454545454545
1 0.15058823529411763 0.9297727272727273 0.05411764705882353 0.03772727272727273
1 0.7623529411764706 0.5727272727272728 0.07294117647058823 0.034545454545454546
1 0.3235294117647059 0.9272727272727272 0.05411764705882353 0.03727272727272727
1 0.15411764705882353 0.8593181818181819 0.06 0.038636363636363635
1 0.663235294117647 0.625 0.06647058823529411 0.028181818181818183
1 0.23647058823529413 0.86 0.04823529411764706 0.038181818181818185
1 0.6105882352941177 0.6279545454545454 0.03176470588235294 0.028636363636363637
1 0.23558823529411765 0.9272727272727272 0.04647058823529412 0.03727272727272727
1 0.3611764705882353 0.7775 0.1388235294117647 0.028636363636363637
1 0.7511764705882353 0.9265909090909091 0.04941176470588235 0.03954545454545454
1 0.27205882352941174 0.03636363636363636 0.031176470588235295 0.022727272727272728
1 0.4491176470588235 0.4172727272727273 0.30411764705882355 0.03727272727272727
1 0.4088235294117647 0.8618181818181818 0.05411764705882353 0.03727272727272727
1 0.5773529411764706 0.8715909090909091 0.05235294117647059 0.04045454545454545
1 0.08647058823529412 0.6152272727272727 0.08588235294117647 0.03772727272727273
1 0.38176470588235295 0.535 0.14470588235294118 0.03636363636363636
1 0.40558823529411764 0.5727272727272728 0.19705882352941176 0.034545454545454546
1 0.10470588235294118 0.4122727272727273 0.09529411764705882 0.03636363636363636
1 0.5923529411764706 0.5725 0.15176470588235294 0.035
1 0.55 0.03840909090909091 0.08823529411764706 0.022272727272727274
1 0.4964705882352941 0.9277272727272727 0.05411764705882353 0.03636363636363636
1 0.6694117647058824 0.8638636363636364 0.0611764705882353 0.03772727272727273
1 0.515 0.37636363636363634 0.13352941176470587 0.035454545454545454
1 0.3773529411764706 0.4625 0.16411764705882353 0.028636363636363637
1 0.0826470588235294 0.7725 0.08058823529411764 0.035
1 0.08794117647058823 0.7213636363636363 0.08294117647058824 0.03636363636363636
1 0.5364705882352941 0.4652272727272727 0.1423529411764706 0.03409090909090909
1 0.49441176470588233 0.8620454545454546 0.04411764705882353 0.03772727272727273
1 0.673235294117647 0.5329545454545455 0.06647058823529411 0.03318181818181818
1 0.7332352941176471 0.4197727272727273 0.24764705882352941 0.038636363636363635
1 0.5538235294117647 0.6929545454545455 0.17470588235294118 0.03227272727272727
1 0.6688235294117647 0.9270454545454545 0.06 0.03772727272727273
1 0.32588235294117646 0.8604545454545455 0.05529411764705883 0.03636363636363636
1 0.37529411764705883 0.6938636363636363 0.1635294117647059 0.03227272727272727
1 0.08647058823529412 0.5718181818181818 0.09529411764705882 0.04363636363636364
1 0.5288235294117647 0.6215909090909091 0.11647058823529412 0.038636363636363635
1 0.5885294117647059 0.9329545454545455 0.06294117647058824 0.03681818181818182
1 0.31058823529411766 0.03636363636363636 0.05411764705882353 0.01818181818181818
1 0.6176470588235294 0.5461363636363636 0.03882352941176471 0.03227272727272727