1 0.4002941176470588 0.6745454545454546 0.19823529411764707 0.03909090909090909
1 0.7585294117647059 0.8534090909090909 0.057058823529411766 0.04045454545454545
1 0.8470588235294118 0.9247727272727273 0.07647058823529412 0.03590909090909091
1 0.5314705882352941 0.5590909090909091 0.031176470588235295 0.035454545454545454
1 0.4041176470588235 0.9197727272727273 0.05411764705882353 0.03772727272727273
1 0.8458823529411764 0.8545454545454545 0.06588235294117648 0.04090909090909091
1 0.3638235294117647 0.6022727272727273 0.12176470588235294 0.035454545454545454
1 0.4623529411764706 0.5188636363636364 0.03882352941176471 0.035
1 0.665 0.6763636363636364 0.033529411764705884 0.034545454545454546
1 0.48294117647058826 0.7606818181818182 0.10941176470588235 0.035
1 0.3791176470588235 0.3615909090909091 0.14058823529411765 0.03318181818181818
1 0.3914705882352941 0.4043181818181818 0.1652941176470588 0.031363636363636364
1 0.08411764705882353 0.6752272727272727 0.06941176470588235 0.03409090909090909
1 0.08823529411764706 0.4415909090909091 0.06470588235294118 0.03409090909090909
1 0.41205882352941176 0.7175 0.22764705882352942 0.03772727272727273
1 0.7305882352941176 0.6768181818181818 0.08235294117647059 0.03363636363636364
1 0.09323529411764706 0.3568181818181818 0.07235294117647059 0.034545454545454546
1 0.6291176470588236 0.7645454545454545 0.09588235294117647 0.03727272727272727
1 0.15294117647058825 0.9179545454545455 0.0611764705882353 0.038636363636363635
1 0.3270588235294118 0.9197727272727273 0.06352941176470588 0.038636363636363635
1 0.155 0.8493181818181819 0.06411764705882353 0.03954545454545454
1 0.5802941176470588 0.4495454545454545 0.027647058823529413 0.031818181818181815
1 0.37 0.5172727272727272 0.12588235294117647 0.03727272727272727
1 0.09588235294117647 0.514090909090909 0.0611764705882353 0.03363636363636364
1 0.23852941176470588 0.8536363636363636 0.05235294117647059 0.03909090909090909
1 0.23794117647058824 0.9186363636363636 0.05823529411764706 0.03909090909090909
1 0.36205882352941177 0.7595454545454545 0.13117647058823528 0.035454545454545454
1 0.7564705882352941 0.9227272727272727 0.06823529411764706 0.04
1 0.5623529411764706 0.7606818181818182 0.02823529411764706 0.03590909090909091
1 0.6311764705882353 0.4495454545454545 0.05764705882352941 0.031818181818181815
1 0.6497058823529411 0.36363636363636365 0.08411764705882353 0.03363636363636364
1 0.5144117647058823 0.36227272727272725 0.09823529411764706 0.031818181818181815
1 0.40794117647058825 0.8536363636363636 0.05588235294117647 0.04
1 0.5885294117647059 0.9209090909090909 0.07 0.038181818181818185
1 0.3973529411764706 0.5597727272727273 0.19 0.03772727272727273
1 0.53 0.5211363636363636 0.08352941176470588 0.035
1 0.43970588235294117 0.6018181818181818 0.033529411764705884 0.03363636363636364
1 0.5823529411764706 0.8561363636363636 0.058823529411764705 0.04045454545454545
1 0.09088235294117647 0.39886363636363636 0.06411764705882353 0.03318181818181818
1 0.09441176470588235 0.5586363636363636 0.05588235294117647 0.03363636363636364
1 0.6085294117647059 0.5593181818181818 0.08764705882352941 0.035
1 0.7429411764705882 0.4090909090909091 0.09529411764705882 0.034545454545454546
1 0.7647058823529411 0.7215909090909091 0.03882352941176471 0.031363636363636364
1 0.495 0.9197727272727273 0.06764705882352941 0.041363636363636366
1 0.6705882352941176 0.8543181818181819 0.05411764705882353 0.03954545454545454
1 0.5591176470588235 0.4059090909090909 0.1511764705882353 0.031818181818181815
1 0.8432352941176471 0.7202272727272727 0.09235294117647058 0.03409090909090909
1 0.3673529411764706 0.4481818181818182 0.1323529411764706 0.02909090909090909
1 0.08852941176470588 0.7563636363636363 0.07 0.03363636363636364
1 0.5038235294117647 0.4490909090909091 0.10647058823529412 0.02909090909090909
1 0.6252941176470588 0.7195454545454546 0.17647058823529413 0.038181818181818185
1 0.4938235294117647 0.8538636363636364 0.05588235294117647 0.03590909090909091
1 0.6676470588235294 0.4065909090909091 0.027058823529411764 0.031363636363636364
1 0.5726470588235294 0.6768181818181818 0.12411764705882353 0.03636363636363636
1 0.495 0.5988636363636364 0.06764705882352941 0.03681818181818182
1 0.09823529411764706 0.6029545454545454 0.058823529411764705 0.03318181818181818
1 0.6744117647058824 0.9211363636363636 0.0688235294117647 0.03954545454545454
1 0.32588235294117646 0.8527272727272728 0.06235294117647059 0.04090909090909091
1 0.31470588235294117 0.027954545454545454 0.04470588235294118 0.01681818181818182
1 0.5705882352941176 0.031136363636363636 0.11764705882352941 0.019545454545454546
1 0.5902941176470589 0.36113636363636364 0.028823529411764706 0.03590909090909091
1 0.08970588235294118 0.7152272727272727 0.06647058823529411 0.03227272727272727