1 0.3623529411764706 0.7243181818181819 0.13294117647058823 0.03681818181818182
1 0.5423529411764706 0.6859090909090909 0.027058823529411764 0.035454545454545454
1 0.7585294117647059 0.8604545454545455 0.06294117647058824 0.03636363636363636
1 0.836764705882353 0.9297727272727273 0.05941176470588235 0.03954545454545454
1 0.5705882352941176 0.5677272727272727 0.13176470588235295 0.03636363636363636
1 0.40441176470588236 0.9295454545454546 0.05941176470588235 0.038181818181818185
1 0.5494117647058824 0.5256818181818181 0.11058823529411765 0.03772727272727273
1 0.37 0.6179545454545454 0.14352941176470588 0.03681818181818182
1 0.36558823529411766 0.4131818181818182 0.13470588235294118 0.038181818181818185
1 0.3391176470588235 0.4593181818181818 0.08176470588235295 0.03409090909090909
1 0.4591176470588235 0.6865909090909091 0.10647058823529412 0.038636363636363635
1 0.6073529411764705 0.6813636363636364 0.0888235294117647 0.034545454545454546
1 0.6964705882352941 0.5263636363636364 0.0811764705882353 0.03636363636363636
1 0.11705882352941177 0.36454545454545456 0.08352941176470588 0.034545454545454546
1 0.10058823529411764 0.44886363636363635 0.08941176470588236 0.03590909090909091
1 0.44176470588235295 0.7706818181818181 0.11058823529411765 0.03409090909090909
1 0.14294117647058824 0.9261363636363636 0.04470588235294118 0.041363636363636366
1 0.7338235294117647 0.5697727272727273 0.10882352941176471 0.03590909090909091
1 0.14647058823529413 0.8552272727272727 0.04470588235294118 0.038636363636363635
1 0.6873529411764706 0.7297727272727272 0.11705882352941177 0.03590909090909091
1 0.5864705882352941 0.4540909090909091 0.09529411764705882 0.03363636363636364
1 0.3897058823529412 0.5227272727272727 0.16647058823529412 0.03727272727272727
1 0.10176470588235294 0.5209090909090909 0.08705882352941176 0.034545454545454546
1 0.6526470588235294 0.6147727272727272 0.07823529411764706 0.031363636363636364
1 0.23411764705882354 0.9265909090909091 0.04823529411764706 0.03772727272727273
1 0.3447058823529412 0.7702272727272728 0.08823529411764706 0.035
1 0.7535294117647059 0.9275 0.058823529411764705 0.03954545454545454
1 0.5691176470588235 0.7743181818181818 0.07705882352941176 0.030454545454545453
1 0.6447058823529411 0.4156818181818182 0.02823529411764706 0.03590909090909091
1 0.41 0.86 0.05411764705882353 0.038181818181818185
1 0.5832352941176471 0.9247727272727273 0.05235294117647059 0.038636363636363635
1 0.1038235294117647 0.5652272727272727 0.09588235294117647 0.03681818181818182
1 0.5161764705882353 0.6177272727272727 0.1288235294117647 0.03363636363636364
1 0.5770588235294117 0.8634090909090909 0.04470588235294118 0.041363636363636366
1 0.11 0.4047727272727273 0.09647058823529411 0.035
1 0.10794117647058823 0.6790909090909091 0.07470588235294118 0.034545454545454546
1 0.5729411764705883 0.04068181818181818 0.12 0.023181818181818182
1 0.7544117647058823 0.41204545454545455 0.17470588235294118 0.03954545454545454
1 0.495 0.9277272727272727 0.06529411764705882 0.03909090909090909
1 0.8491176470588235 0.8634090909090909 0.07352941176470588 0.03681818181818182
1 0.6670588235294118 0.860909090909091 0.05529411764705883 0.038181818181818185
1 0.5891176470588235 0.37795454545454543 0.03705882352941176 0.03772727272727273
1 0.10205882352941177 0.765 0.08058823529411764 0.03636363636363636
1 0.0976470588235294 0.7245454545454545 0.08352941176470588 0.03727272727272727
1 0.6641176470588235 0.3775 0.10235294117647059 0.03409090909090909
1 0.5155882352941177 0.45795454545454545 0.027647058823529413 0.03681818181818182
1 0.606764705882353 0.7263636363636363 0.027647058823529413 0.03272727272727273
1 0.5005882352941177 0.8595454545454545 0.06235294117647059 0.038181818181818185
1 0.6597058823529411 0.5711363636363637 0.026470588235294117 0.03227272727272727
1 0.6011764705882353 0.6218181818181818 0.029411764705882353 0.03090909090909091
1 0.35205882352941176 0.3729545454545454 0.10882352941176471 0.03772727272727273
1 0.5067647058823529 0.7225 0.14411764705882352 0.03590909090909091
1 0.09852941176470588 0.6113636363636363 0.09705882352941177 0.03636363636363636
1 0.6652941176470588 0.9275 0.058823529411764705 0.03954545454545454
1 0.3235294117647059 0.8590909090909091 0.047058823529411764 0.03727272727272727
1 0.30941176470588233 0.03977272727272727 0.058823529411764705 0.023181818181818182
1 0.485 0.3770454545454546 0.15235294117647058 0.03681818181818182
1 0.4447058823529412 0.4593181818181818 0.11647058823529412 0.03590909090909091
1 0.5255882352941177 0.41409090909090907 0.19823529411764707 0.04090909090909091
1 0.3461764705882353 0.6831818181818182 0.10529411764705883 0.038181818181818185
1 0.24029411764705882 0.86 0.0711764705882353 0.04090909090909091
1 0.32 0.9275 0.06 0.03772727272727273
1 0.3952941176470588 0.5711363636363637 0.2011764705882353 0.04045454545454545