1 0.3738235294117647 0.6768181818181818 0.14647058823529413 0.03909090909090909
1 0.4152941176470588 0.40636363636363637 0.2235294117647059 0.03363636363636364
1 0.7620588235294118 0.8543181818181819 0.05941176470588235 0.042272727272727274
1 0.8461764705882353 0.9231818181818182 0.05941176470588235 0.04
1 0.42058823529411765 0.9218181818181819 0.06352941176470588 0.03909090909090909
1 0.8479411764705882 0.855909090909091 0.06647058823529411 0.045454545454545456
1 0.3711764705882353 0.610909090909091 0.14352941176470588 0.02909090909090909
1 0.6797058823529412 0.8529545454545454 0.0688235294117647 0.03954545454545454
1 0.508235294117647 0.6847727272727273 0.03882352941176471 0.028636363636363637
1 0.455 0.7668181818181818 0.05235294117647059 0.03363636363636364
1 0.12705882352941175 0.6772727272727272 0.07647058823529412 0.035454545454545454
1 0.12088235294117647 0.44477272727272726 0.09705882352941177 0.03590909090909091
1 0.39088235294117646 0.7252272727272727 0.17823529411764705 0.029545454545454545
1 0.825 0.5243181818181818 0.1264705882352941 0.03409090909090909
1 0.7291176470588235 0.5318181818181819 0.039411764705882354 0.03363636363636364
1 0.5955882352941176 0.7254545454545455 0.07941176470588235 0.02909090909090909
1 0.1652941176470588 0.9177272727272727 0.07764705882352942 0.04
1 0.8161764705882353 0.5688636363636363 0.11 0.03590909090909091
1 0.3311764705882353 0.9195454545454546 0.06941176470588235 0.04
1 0.16 0.8527272727272728 0.07058823529411765 0.04090909090909091
1 0.6123529411764705 0.45295454545454544 0.07294117647058823 0.03227272727272727
1 0.415 0.5215909090909091 0.2288235294117647 0.03954545454545454
1 0.12911764705882353 0.5156818181818181 0.09235294117647058 0.03590909090909091
1 0.63 0.6145454545454545 0.07294117647058823 0.03
1 0.2485294117647059 0.8543181818181819 0.054705882352941174 0.038636363636363635
1 0.6223529411764706 0.5227272727272727 0.13647058823529412 0.038181818181818185
1 0.24558823529411763 0.9190909090909091 0.06411764705882353 0.03909090909090909
1 0.34794117647058825 0.7654545454545455 0.10411764705882352 0.034545454545454546
1 0.7620588235294118 0.9227272727272727 0.06294117647058824 0.038181818181818185
1 0.11558823529411764 0.36045454545454547 0.09823529411764706 0.034545454545454546
1 0.7264705882352941 0.3740909090909091 0.04352941176470588 0.028181818181818183
1 0.4202941176470588 0.8540909090909091 0.061764705882352944 0.038181818181818185
1 0.5902941176470589 0.9245454545454546 0.06647058823529411 0.04909090909090909
1 0.4176470588235294 0.5645454545454546 0.22470588235294117 0.038181818181818185
1 0.5905882352941176 0.8540909090909091 0.058823529411764705 0.04181818181818182
1 0.11823529411764706 0.4025 0.1 0.03590909090909091
1 0.1261764705882353 0.5597727272727273 0.09352941176470589 0.03409090909090909
1 0.6294117647058823 0.5618181818181818 0.14470588235294118 0.03727272727272727
1 0.56 0.03159090909090909 0.08 0.02409090909090909
1 0.6164705882352941 0.41 0.14823529411764705 0.03727272727272727
1 0.5047058823529412 0.9243181818181818 0.06941176470588235 0.04772727272727273
1 0.8044117647058824 0.36818181818181817 0.09235294117647058 0.034545454545454546
1 0.5802941176470588 0.6795454545454546 0.0888235294117647 0.035454545454545454
1 0.36911764705882355 0.4495454545454545 0.1323529411764706 0.03636363636363636
1 0.1285294117647059 0.7577272727272727 0.07705882352941176 0.034545454545454546
1 0.725 0.4077272727272727 0.031176470588235295 0.035454545454545454
1 0.4970588235294118 0.4506818181818182 0.1011764705882353 0.03318181818181818
1 0.5076470588235295 0.8556818181818182 0.0611764705882353 0.038636363636363635
1 0.8147058823529412 0.4075 0.1188235294117647 0.03590909090909091
1 0.5758823529411765 0.6211363636363636 0.023529411764705882 0.02590909090909091
1 0.4211764705882353 0.36613636363636365 0.22823529411764706 0.03409090909090909
1 0.12588235294117647 0.6038636363636364 0.08941176470588236 0.035
1 0.6747058823529412 0.9220454545454545 0.06352941176470588 0.041363636363636366
1 0.6094117647058823 0.36522727272727273 0.12823529411764706 0.03590909090909091
1 0.33205882352941174 0.8529545454545454 0.061764705882352944 0.03954545454545454
1 0.7264705882352941 0.5668181818181818 0.036470588235294116 0.03272727272727273
1 0.12676470588235295 0.7163636363636363 0.07470588235294118 0.034545454545454546
1 0.2685294117647059 0.030454545454545453 0.027647058823529413 0.01818181818181818
1 0.31676470588235295 0.0325 0.060588235294117644 0.019545454545454546
1 0.5602941176470588 0.46545454545454545 0.02176470588235294 0.026363636363636363
1 0.5014705882352941 0.6111363636363636 0.10529411764705883 0.029545454545454545
1 0.5167647058823529 0.7272727272727273 0.03705882352941176 0.02727272727272727
1 0.41558823529411765 0.7779545454545455 0.02176470588235294 0.025