1 0.0976470588235294 0.4043181818181818 0.07176470588235294 0.03318181818181818
1 0.4258823529411765 0.615 0.2211764705882353 0.03
1 0.6729411764705883 0.7779545454545455 0.14941176470588236 0.031363636363636364
1 0.7288235294117648 0.7263636363636363 0.19411764705882353 0.03636363636363636
1 0.4376470588235294 0.41045454545454546 0.26823529411764707 0.03
1 0.09941176470588235 0.45545454545454545 0.07411764705882352 0.02727272727272727
1 0.11294117647058824 0.725909090909091 0.07529411764705882 0.034545454545454546
1 0.43970588235294117 0.7738636363636363 0.28058823529411764 0.03318181818181818
1 0.2988235294117647 0.03295454545454545 0.04352941176470588 0.026818181818181817
1 0.6617647058823529 0.4602272727272727 0.19647058823529412 0.02772727272727273
1 0.46588235294117647 0.7240909090909091 0.3176470588235294 0.03363636363636364
1 0.4773529411764706 0.5704545454545454 0.3276470588235294 0.03363636363636364
1 0.11235294117647059 0.5681818181818182 0.07294117647058823 0.03272727272727273
1 0.5623529411764706 0.03704545454545455 0.1011764705882353 0.018636363636363635
1 0.4273529411764706 0.45340909090909093 0.2535294117647059 0.029545454545454545
1 0.11147058823529411 0.7695454545454545 0.07470588235294118 0.035454545454545454
1 0.7114705882352941 0.4122727272727273 0.25588235294117645 0.035454545454545454
1 0.1011764705882353 0.6093181818181819 0.06235294117647059 0.035