1 0.36558823529411766 0.7263636363636363 0.12764705882352942 0.03636363636363636
1 0.7661764705882353 0.8579545454545454 0.05235294117647059 0.035
1 0.8508823529411764 0.9259090909090909 0.060588235294117644 0.03727272727272727
1 0.4976470588235294 0.5693181818181818 0.0811764705882353 0.03227272727272727
1 0.5008823529411764 0.5288636363636363 0.08647058823529412 0.03318181818181818
1 0.375 0.6152272727272727 0.13823529411764707 0.03590909090909091
1 0.6791176470588235 0.8565909090909091 0.051176470588235295 0.03590909090909091
1 0.42470588235294116 0.4125 0.2376470588235294 0.04045454545454545
1 0.4235294117647059 0.9236363636363636 0.06235294117647059 0.03727272727272727
1 0.11294117647058824 0.6886363636363636 0.07176470588235294 0.03363636363636364
1 0.1011764705882353 0.37 0.07764705882352942 0.034545454545454546
1 0.10264705882352941 0.45681818181818185 0.06647058823529411 0.03636363636363636
1 0.6079411764705882 0.77 0.06647058823529411 0.03363636363636364
1 0.1564705882352941 0.9252272727272727 0.05176470588235294 0.03681818181818182
1 0.33705882352941174 0.9275 0.06588235294117648 0.03590909090909091
1 0.17029411764705882 0.8584090909090909 0.0688235294117647 0.03681818181818182
1 0.38029411764705884 0.5265909090909091 0.15235294117647058 0.035
1 0.09911764705882353 0.5297727272727273 0.07470588235294118 0.035
1 0.6635294117647059 0.725909090909091 0.06235294117647059 0.03727272727272727
1 0.2464705882352941 0.8593181818181819 0.04941176470588235 0.03590909090909091
1 0.24970588235294117 0.9288636363636363 0.06294117647058824 0.03590909090909091
1 0.35 0.7736363636363637 0.09529411764705882 0.03909090909090909
1 0.7658823529411765 0.9252272727272727 0.06470588235294118 0.03590909090909091
1 0.2811764705882353 0.03840909090909091 0.03411764705882353 0.02590909090909091
1 0.5970588235294118 0.405 0.10235294117647059 0.035454545454545454
1 0.5885294117647059 0.3715909090909091 0.09235294117647058 0.035
1 0.41441176470588237 0.37068181818181817 0.21235294117647058 0.03681818181818182
1 0.42323529411764704 0.8584090909090909 0.054705882352941174 0.03772727272727273
1 0.595 0.9256818181818182 0.061764705882352944 0.03590909090909091
1 0.38088235294117645 0.571590909090909 0.1476470588235294 0.03681818181818182
1 0.48705882352941177 0.6136363636363636 0.07882352941176471 0.03272727272727273
1 0.09382352941176471 0.4131818181818182 0.07 0.03636363636363636
1 0.5520588235294117 0.03909090909090909 0.09823529411764706 0.022727272727272728
1 0.5044117647058823 0.9247727272727273 0.054705882352941174 0.03772727272727273
1 0.8497058823529412 0.8570454545454546 0.057058823529411766 0.03590909090909091
1 0.10852941176470589 0.7693181818181818 0.0688235294117647 0.03227272727272727
1 0.10882352941176471 0.7295454545454545 0.07058823529411765 0.03363636363636364
1 0.5294117647058824 0.4531818181818182 0.08235294117647059 0.03363636363636364
1 0.5973529411764706 0.8595454545454545 0.06647058823529411 0.038181818181818185
1 0.5141176470588236 0.86 0.0611764705882353 0.03636363636363636
1 0.5197058823529411 0.7236363636363636 0.16176470588235295 0.03636363636363636
1 0.10823529411764705 0.6131818181818182 0.07764705882352942 0.034545454545454546
1 0.6808823529411765 0.9265909090909091 0.061764705882352944 0.03590909090909091
1 0.335 0.8604545454545455 0.057058823529411766 0.03636363636363636
1 0.395 0.45181818181818184 0.1864705882352941 0.04
1 0.11058823529411765 0.5704545454545454 0.08352941176470588 0.03363636363636364
1 0.6188235294117647 0.725 0.02823529411764706 0.03090909090909091
1 0.47294117647058825 0.7686363636363637 0.14588235294117646 0.034545454545454546
1 0.325 0.03840909090909091 0.0488235294117647 0.019545454545454546
1 0.5602941176470588 0.7661363636363636 0.031176470588235295 0.03409090909090909