1 0.8423529411764706 0.925 0.06588235294117648 0.03727272727272727
1 0.4076470588235294 0.9227272727272727 0.058823529411764705 0.03727272727272727
1 0.8411764705882353 0.8552272727272727 0.06 0.03772727272727273
1 0.405 0.5268181818181819 0.21941176470588236 0.03
1 0.6729411764705883 0.8629545454545454 0.06588235294117648 0.045909090909090906
1 0.4738235294117647 0.6768181818181818 0.08529411764705883 0.035454545454545454
1 0.4958823529411765 0.7284090909090909 0.09176470588235294 0.029545454545454545
1 0.793235294117647 0.5254545454545455 0.07 0.03090909090909091
1 0.07764705882352942 0.6786363636363636 0.06352941176470588 0.03363636363636364
1 0.08970588235294118 0.4440909090909091 0.0711764705882353 0.03363636363636364
1 0.09058823529411765 0.36204545454545456 0.07294117647058823 0.03590909090909091
1 0.15176470588235294 0.9202272727272728 0.05411764705882353 0.03681818181818182
1 0.7920588235294118 0.5697727272727273 0.10058823529411764 0.03227272727272727
1 0.3247058823529412 0.9220454545454545 0.05411764705882353 0.03681818181818182
1 0.15911764705882353 0.8518181818181818 0.06764705882352941 0.03727272727272727
1 0.7570588235294118 0.855909090909091 0.06352941176470588 0.04
1 0.24588235294117647 0.8531818181818182 0.06235294117647059 0.03727272727272727
1 0.24235294117647058 0.9181818181818182 0.05529411764705883 0.038181818181818185
1 0.33794117647058824 0.7634090909090909 0.09235294117647058 0.03409090909090909
1 0.7532352941176471 0.9236363636363636 0.05588235294117647 0.03727272727272727
1 0.2832352941176471 0.02772727272727273 0.03705882352941176 0.022727272727272728
1 0.40941176470588236 0.8554545454545455 0.05647058823529412 0.03909090909090909
1 0.5864705882352941 0.9213636363636364 0.05764705882352941 0.03636363636363636
1 0.36411764705882355 0.678409090909091 0.12470588235294118 0.03409090909090909
1 0.41323529411764703 0.571590909090909 0.2323529411764706 0.02409090909090909
1 0.5885294117647059 0.8534090909090909 0.06647058823529411 0.03772727272727273
1 0.08794117647058823 0.40136363636363637 0.07 0.03272727272727273
1 0.08823529411764706 0.5597727272727273 0.06941176470588235 0.03227272727272727
1 0.615 0.5729545454545455 0.1476470588235294 0.025
1 0.571764705882353 0.03590909090909091 0.11294117647058824 0.025454545454545455
1 0.4935294117647059 0.9288636363636363 0.052941176470588235 0.03772727272727273
1 0.4214705882352941 0.3668181818181818 0.23588235294117646 0.035454545454545454
1 0.07764705882352942 0.759090909090909 0.06823529411764706 0.03272727272727273
1 0.42176470588235293 0.4084090909090909 0.2376470588235294 0.03318181818181818
1 0.5038235294117647 0.8547727272727272 0.06647058823529411 0.03772727272727273
1 0.08352941176470588 0.6025 0.06 0.03318181818181818
1 0.6644117647058824 0.9279545454545455 0.04647058823529412 0.031363636363636364
1 0.32588235294117646 0.8527272727272728 0.06235294117647059 0.03636363636363636
1 0.7197058823529412 0.5677272727272727 0.03 0.031818181818181815
1 0.07529411764705882 0.7181818181818181 0.058823529411764705 0.03272727272727273
1 0.33558823529411763 0.029545454545454545 0.07235294117647059 0.022727272727272728
1 0.38029411764705884 0.45681818181818185 0.16647058823529412 0.02181818181818182
1 0.6041176470588235 0.5304545454545454 0.15176470588235294 0.02909090909090909
1 0.7152941176470589 0.5336363636363637 0.03294117647058824 0.02727272727272727
1 0.3664705882352941 0.615909090909091 0.15058823529411763 0.023636363636363636
1 0.5035294117647059 0.6188636363636364 0.10352941176470588 0.02409090909090909
1 0.5864705882352941 0.6211363636363636 0.03176470588235294 0.02409090909090909
1 0.6544117647058824 0.62 0.07823529411764706 0.02181818181818182
1 0.3664705882352941 0.725 0.1423529411764706 0.03272727272727273
1 0.43176470588235294 0.7747727272727273 0.06941176470588235 0.025
1 0.08529411764705883 0.5215909090909091 0.07176470588235294 0.029545454545454545