1 0.37176470588235294 0.6795454545454546 0.14352941176470588 0.03727272727272727
1 0.7511764705882353 0.8575 0.04941176470588235 0.03954545454545454
1 0.8411764705882353 0.9263636363636364 0.0611764705882353 0.03727272727272727
1 0.46088235294117647 0.5234090909090909 0.06647058823529411 0.03318181818181818
1 0.8385294117647059 0.8572727272727273 0.054705882352941174 0.04090909090909091
1 0.35911764705882354 0.6070454545454546 0.11823529411764706 0.03681818181818182
1 0.6311764705882353 0.7672727272727272 0.07882352941176471 0.031818181818181815
1 0.6270588235294118 0.6818181818181818 0.07294117647058823 0.031818181818181815
1 0.3820588235294118 0.4084090909090909 0.1711764705882353 0.03590909090909091
1 0.11235294117647059 0.6779545454545455 0.07411764705882352 0.035
1 0.1126470588235294 0.45431818181818184 0.07941176470588235 0.03681818181818182
1 0.4088235294117647 0.7243181818181819 0.20823529411764705 0.03772727272727273
1 0.10794117647058823 0.3663636363636364 0.07941176470588235 0.03363636363636364
1 0.505 0.7679545454545454 0.09470588235294118 0.03409090909090909
1 0.5911764705882353 0.7245454545454545 0.13294117647058823 0.034545454545454546
1 0.1497058823529412 0.9240909090909091 0.05235294117647059 0.04
1 0.7358823529411764 0.725909090909091 0.07882352941176471 0.031818181818181815
1 0.4023529411764706 0.9254545454545454 0.04823529411764706 0.03909090909090909
1 0.14794117647058824 0.8572727272727273 0.045294117647058825 0.038181818181818185
1 0.10676470588235294 0.5213636363636364 0.05352941176470588 0.035454545454545454
1 0.23705882352941177 0.9225 0.047058823529411764 0.03772727272727273
1 0.37323529411764705 0.7686363636363637 0.15 0.035454545454545454
1 0.7570588235294118 0.925 0.06 0.03909090909090909
1 0.2732352941176471 0.03772727272727273 0.039411764705882354 0.02727272727272727
1 0.6244117647058823 0.36863636363636365 0.07235294117647059 0.03272727272727273
1 0.5091176470588236 0.3659090909090909 0.09823529411764706 0.034545454545454546
1 0.4097058823529412 0.8577272727272728 0.04764705882352941 0.03727272727272727
1 0.5802941176470588 0.9238636363636363 0.04764705882352941 0.03772727272727273
1 0.35294117647058826 0.5693181818181818 0.11647058823529412 0.029545454545454545
1 0.5297058823529411 0.4088636363636364 0.11588235294117646 0.03590909090909091
1 0.495 0.610909090909091 0.0888235294117647 0.03272727272727273
1 0.48558823529411765 0.5693181818181818 0.08176470588235295 0.030454545454545453
1 0.5782352941176471 0.8577272727272728 0.041176470588235294 0.038181818181818185
1 0.10852941176470589 0.40454545454545454 0.08176470588235295 0.03636363636363636
1 0.105 0.5659090909090909 0.05 0.034545454545454546
1 0.6152941176470588 0.4509090909090909 0.07529411764705882 0.03272727272727273
1 0.5405882352941176 0.03772727272727273 0.07529411764705882 0.022727272727272728
1 0.5741176470588235 0.37227272727272726 0.03176470588235294 0.03272727272727273
1 0.6491176470588236 0.4106818181818182 0.07470588235294118 0.03318181818181818
1 0.49529411764705883 0.9254545454545454 0.04941176470588235 0.04
1 0.6670588235294118 0.8577272727272728 0.05647058823529412 0.04090909090909091
1 0.5 0.6804545454545454 0.08588235294117647 0.034545454545454546
1 0.3644117647058824 0.45 0.14058823529411765 0.03636363636363636
1 0.11235294117647059 0.764090909090909 0.08235294117647059 0.034545454545454546
1 0.11235294117647059 0.7220454545454545 0.07882352941176471 0.035
1 0.49470588235294116 0.4536363636363636 0.10941176470588235 0.028181818181818183
1 0.4961764705882353 0.8568181818181818 0.04764705882352941 0.03909090909090909
1 0.37029411764705883 0.36772727272727274 0.15235294117647058 0.04
1 0.10205882352941177 0.6079545454545454 0.05 0.03590909090909091
1 0.665 0.9243181818181818 0.0488235294117647 0.03954545454545454
1 0.32441176470588234 0.8586363636363636 0.05352941176470588 0.038181818181818185
1 0.34558823529411764 0.5288636363636363 0.10294117647058823 0.030454545454545453
1 0.23294117647058823 0.8602272727272727 0.03882352941176471 0.029545454545454545
1 0.3164705882352941 0.9238636363636363 0.04352941176470588 0.03227272727272727
1 0.4285294117647059 0.5713636363636364 0.03 0.03636363636363636
1 0.43441176470588233 0.610909090909091 0.033529411764705884 0.03909090909090909
1 0.4126470588235294 0.5290909090909091 0.03235294117647059 0.04
1 0.5635294117647058 0.6845454545454546 0.041176470588235294 0.04181818181818182
1 0.6758823529411765 0.725 0.036470588235294116 0.04090909090909091
1 0.5714705882352941 0.769090909090909 0.04058823529411765 0.03727272727272727
1 0.5985294117647059 0.4115909090909091 0.03 0.03772727272727273
1 0.5614705882352942 0.45136363636363636 0.033529411764705884 0.038181818181818185