1 0.5358823529411765 0.6836363636363636 0.1011764705882353 0.03363636363636364
1 0.7517647058823529 0.8577272727272728 0.052941176470588235 0.04090909090909091
1 0.8426470588235294 0.9275 0.06647058823529411 0.038636363636363635
1 0.5297058823529411 0.6131818181818182 0.11352941176470588 0.03363636363636364
1 0.41411764705882353 0.9254545454545454 0.05176470588235294 0.03727272727272727
1 0.8485294117647059 0.8602272727272727 0.07352941176470588 0.03681818181818182
1 0.37823529411764706 0.6177272727272727 0.15294117647058825 0.031818181818181815
1 0.36176470588235293 0.45681818181818185 0.11529411764705882 0.035454545454545454
1 0.4582352941176471 0.6920454545454545 0.03882352941176471 0.03681818181818182
1 0.3611764705882353 0.4138636363636364 0.1188235294117647 0.03409090909090909
1 0.08911764705882352 0.678409090909091 0.05823529411764706 0.035
1 0.09117647058823529 0.44636363636363635 0.0611764705882353 0.03727272727272727
1 0.35705882352941176 0.7304545454545455 0.11058823529411765 0.03636363636363636
1 0.7164705882352941 0.5743181818181818 0.03294117647058824 0.035
1 0.10941176470588235 0.3609090909090909 0.0611764705882353 0.03727272727272727
1 0.47 0.7761363636363636 0.06352941176470588 0.03409090909090909
1 0.1514705882352941 0.9231818181818182 0.05588235294117647 0.038181818181818185
1 0.8061764705882353 0.5736363636363636 0.13823529411764707 0.03727272727272727
1 0.3311764705882353 0.923409090909091 0.06352941176470588 0.038636363636363635
1 0.14882352941176472 0.8552272727272727 0.05176470588235294 0.038636363636363635
1 0.40941176470588236 0.5227272727272727 0.2 0.03909090909090909
1 0.08970588235294118 0.5215909090909091 0.07352941176470588 0.035
1 0.6844117647058824 0.6234090909090909 0.09470588235294118 0.02772727272727273
1 0.23676470588235293 0.8575 0.04764705882352941 0.03772727272727273
1 0.24 0.9229545454545455 0.05411764705882353 0.03772727272727273
1 0.35205882352941176 0.7715909090909091 0.10058823529411764 0.035
1 0.7573529411764706 0.9270454545454545 0.061764705882352944 0.03772727272727273
1 0.40852941176470586 0.86 0.04058823529411765 0.038181818181818185
1 0.5835294117647059 0.925 0.058823529411764705 0.038181818181818185
1 0.36705882352941177 0.6815909090909091 0.12588235294117647 0.038636363636363635
1 0.41911764705882354 0.5668181818181818 0.2252941176470588 0.038181818181818185
1 0.5826470588235294 0.8568181818181818 0.061764705882352944 0.04
1 0.09676470588235295 0.4034090909090909 0.06647058823529411 0.03681818181818182
1 0.09147058823529412 0.5654545454545454 0.07470588235294118 0.034545454545454546
1 0.6164705882352941 0.5706818181818182 0.14 0.03590909090909091
1 0.5626470588235294 0.045909090909090906 0.07235294117647059 0.026363636363636363
1 0.6085294117647059 0.5268181818181819 0.14529411764705882 0.03727272727272727
1 0.49823529411764705 0.9256818181818182 0.06705882352941177 0.03772727272727273
1 0.6629411764705883 0.8584090909090909 0.05411764705882353 0.042272727272727274
1 0.07735294117647058 0.7656818181818181 0.05588235294117647 0.035
1 0.7194117647058823 0.535 0.05058823529411765 0.034545454545454546
1 0.5032352941176471 0.8575 0.06529411764705882 0.038636363636363635
1 0.8282352941176471 0.5377272727272727 0.14823529411764705 0.03636363636363636
1 0.6173529411764705 0.6236363636363637 0.022941176470588236 0.03090909090909091
1 0.36941176470588233 0.36727272727272725 0.13176470588235295 0.03909090909090909
1 0.49058823529411766 0.7272727272727273 0.09058823529411765 0.03363636363636364
1 0.08794117647058823 0.6088636363636364 0.07823529411764706 0.035
1 0.668235294117647 0.9256818181818182 0.058823529411764705 0.038636363636363635
1 0.3264705882352941 0.8568181818181818 0.05529411764705883 0.038181818181818185
1 0.08470588235294117 0.7206818181818182 0.05529411764705883 0.03590909090909091
1 0.4320588235294118 0.7325 0.025294117647058825 0.03409090909090909
1 0.42058823529411765 0.7806818181818181 0.02588235294117647 0.03318181818181818
1 0.28558823529411764 0.035 0.028823529411764706 0.026363636363636363
1 0.32676470588235296 0.035227272727272725 0.06764705882352941 0.02409090909090909