1 0.3952941176470588 0.7295454545454545 0.19058823529411764 0.03727272727272727
1 0.4211764705882353 0.37363636363636366 0.22941176470588234 0.03636363636363636
1 0.7614705882352941 0.8620454545454546 0.06647058823529411 0.042272727272727274
1 0.8476470588235294 0.9302272727272727 0.07058823529411765 0.038636363636363635
1 0.6155882352941177 0.6222727272727273 0.1476470588235294 0.034545454545454546
1 0.4126470588235294 0.9306818181818182 0.0711764705882353 0.03772727272727273
1 0.8482352941176471 0.8663636363636363 0.07529411764705882 0.03909090909090909
1 0.4052941176470588 0.6195454545454545 0.21764705882352942 0.03363636363636364
1 0.6808823529411765 0.7736363636363637 0.08764705882352941 0.03
1 0.42323529411764704 0.4147727272727273 0.24176470588235294 0.038636363636363635
1 0.3947058823529412 0.6809090909090909 0.17882352941176471 0.03636363636363636
1 0.6317647058823529 0.6920454545454545 0.23411764705882354 0.03409090909090909
1 0.10705882352941176 0.45454545454545453 0.1188235294117647 0.04363636363636364
1 0.7011764705882353 0.5284090909090909 0.1952941176470588 0.03681818181818182
1 0.49411764705882355 0.7731818181818182 0.12470588235294118 0.03272727272727273
1 0.5944117647058823 0.7270454545454546 0.1511764705882353 0.03409090909090909
1 0.15705882352941178 0.9304545454545454 0.052941176470588235 0.03909090909090909
1 0.15235294117647058 0.8563636363636363 0.06235294117647059 0.04
1 0.7205882352941176 0.73 0.03882352941176471 0.03363636363636364
1 0.09588235294117647 0.53 0.0988235294117647 0.03727272727272727
1 0.8655882352941177 0.375 0.08058823529411764 0.03272727272727273
1 0.24294117647058824 0.9272727272727272 0.06470588235294118 0.04
1 0.3602941176470588 0.7725 0.11470588235294117 0.03318181818181818
1 0.7602941176470588 0.9293181818181818 0.07 0.03954545454545454
1 0.11147058823529411 0.36704545454545456 0.09941176470588235 0.03681818181818182
1 0.6744117647058824 0.3756818181818182 0.19470588235294117 0.03318181818181818
1 0.6467647058823529 0.4134090909090909 0.16058823529411764 0.03681818181818182
1 0.41823529411764704 0.8606818181818182 0.06823529411764706 0.04045454545454545
1 0.59 0.9279545454545455 0.06705882352941177 0.03954545454545454
1 0.10794117647058823 0.4138636363636364 0.1111764705882353 0.03318181818181818
1 0.4447058823529412 0.5306818181818181 0.2776470588235294 0.04318181818181818
1 0.43558823529411766 0.5752272727272727 0.2817647058823529 0.03318181818181818
1 0.605 0.7754545454545455 0.033529411764705884 0.03272727272727273
1 0.09911764705882353 0.6888636363636363 0.09117647058823529 0.03681818181818182
1 0.5697058823529412 0.038863636363636364 0.11941176470588236 0.022272727272727274
1 0.6579411764705883 0.4647727272727273 0.03235294117647059 0.031363636363636364
1 0.7558823529411764 0.41795454545454547 0.03882352941176471 0.03227272727272727
1 0.8152941176470588 0.7315909090909091 0.12 0.03409090909090909
1 0.5044117647058823 0.9293181818181818 0.06647058823529411 0.038636363636363635
1 0.8591176470588235 0.6890909090909091 0.12529411764705883 0.03636363636363636
1 0.6770588235294117 0.8625 0.07058823529411765 0.04045454545454545
1 0.7935294117647059 0.3709090909090909 0.047058823529411764 0.031818181818181815
1 0.38058823529411767 0.4631818181818182 0.17294117647058824 0.028181818181818183
1 0.10558823529411765 0.7677272727272727 0.0888235294117647 0.03636363636363636
1 0.09676470588235295 0.7322727272727273 0.08764705882352941 0.03363636363636364
1 0.5614705882352942 0.465 0.14411764705882352 0.03636363636363636
1 0.5061764705882353 0.8604545454545455 0.0711764705882353 0.03909090909090909
1 0.8379411764705882 0.41818181818181815 0.08294117647058824 0.03363636363636364
1 0.09794117647058824 0.6131818181818182 0.09352941176470589 0.03909090909090909
1 0.6714705882352942 0.9277272727272727 0.06294117647058824 0.04
1 0.33705882352941174 0.8606818181818182 0.07764705882352942 0.03954545454545454
1 0.6785294117647059 0.5731818181818182 0.1688235294117647 0.035454545454545454
1 0.7620588235294118 0.6904545454545454 0.04294117647058823 0.03272727272727273
1 0.3 0.03727272727272727 0.05058823529411765 0.022727272727272728
1 0.10352941176470588 0.5690909090909091 0.10235294117647059 0.03636363636363636
1 0.7197058823529412 0.4672727272727273 0.06411764705882353 0.025454545454545455
1 0.591764705882353 0.8622727272727273 0.0811764705882353 0.042727272727272725
1 0.24029411764705882 0.8627272727272727 0.06529411764705882 0.04181818181818182
1 0.3311764705882353 0.9309090909090909 0.07411764705882352 0.04363636363636364