1 0.40705882352941175 0.6795454545454546 0.19294117647058823 0.03909090909090909
1 0.7552941176470588 0.8586363636363636 0.047058823529411764 0.038181818181818185
1 0.8441176470588235 0.9277272727272727 0.058823529411764705 0.03909090909090909
1 0.5835294117647059 0.6079545454545454 0.11529411764705882 0.03590909090909091
1 0.4117647058823529 0.9220454545454545 0.052941176470588235 0.03681818181818182
1 0.5629411764705883 0.5236363636363637 0.13294117647058823 0.03636363636363636
1 0.8435294117647059 0.8586363636363636 0.04941176470588235 0.03909090909090909
1 0.4117647058823529 0.6068181818181818 0.18588235294117647 0.03727272727272727
1 0.4211764705882353 0.4484090909090909 0.20705882352941177 0.035
1 0.41147058823529414 0.7284090909090909 0.21588235294117647 0.038636363636363635
1 0.4167647058823529 0.4068181818181818 0.1935294117647059 0.03727272727272727
1 0.0976470588235294 0.6765909090909091 0.07647058823529412 0.03590909090909091
1 0.09705882352941177 0.4461363636363636 0.07647058823529412 0.03590909090909091
1 0.09941176470588235 0.36272727272727273 0.07529411764705882 0.034545454545454546
1 0.6511764705882352 0.730909090909091 0.21294117647058824 0.03363636363636364
1 0.14735294117647058 0.9227272727272727 0.05 0.04
1 0.3264705882352941 0.9268181818181818 0.05411764705882353 0.03727272727272727
1 0.15470588235294117 0.8529545454545454 0.05411764705882353 0.038636363636363635
1 0.6294117647058823 0.44931818181818184 0.14588235294117646 0.03227272727272727
1 0.40558823529411764 0.5220454545454546 0.16647058823529412 0.04045454545454545
1 0.0888235294117647 0.5229545454545454 0.07058823529411765 0.03681818181818182
1 0.7738235294117647 0.36772727272727274 0.09117647058823529 0.03272727272727273
1 0.23705882352941177 0.8561363636363636 0.047058823529411764 0.03681818181818182
1 0.24 0.9229545454545455 0.04941176470588235 0.038636363636363635
1 0.3891176470588235 0.7670454545454546 0.1676470588235294 0.03590909090909091
1 0.7558823529411764 0.9259090909090909 0.05058823529411765 0.04
1 0.3044117647058823 0.0325 0.04294117647058823 0.026818181818181817
1 0.5791176470588235 0.7661363636363636 0.1652941176470588 0.03590909090909091
1 0.6076470588235294 0.36954545454545457 0.14470588235294118 0.03727272727272727
1 0.4138235294117647 0.8577272727272728 0.04764705882352941 0.03727272727272727
1 0.591764705882353 0.9259090909090909 0.04823529411764706 0.034545454545454546
1 0.46058823529411763 0.5681818181818182 0.2917647058823529 0.03272727272727273
1 0.5885294117647059 0.8575 0.05352941176470588 0.038636363636363635
1 0.09470588235294118 0.40295454545454545 0.07529411764705882 0.035
1 0.08911764705882352 0.5663636363636364 0.07235294117647059 0.035454545454545454
1 0.7291176470588235 0.4102272727272727 0.0888235294117647 0.03409090909090909
1 0.5038235294117647 0.923409090909091 0.054705882352941174 0.03954545454545454
1 0.668235294117647 0.8563636363636363 0.04941176470588235 0.04
1 0.5829411764705882 0.40863636363636363 0.12470588235294118 0.03636363636363636
1 0.6191176470588236 0.6797727272727273 0.19117647058823528 0.03772727272727273
1 0.09382352941176471 0.7604545454545455 0.07470588235294118 0.035454545454545454
1 0.0976470588235294 0.7188636363636364 0.07764705882352942 0.03590909090909091
1 0.7038235294117647 0.36818181818181817 0.04058823529411765 0.03363636363636364
1 0.5032352941176471 0.8572727272727273 0.05 0.038181818181818185
1 0.6605882352941177 0.4097727272727273 0.023529411764705882 0.03409090909090909
1 0.7955882352941176 0.44636363636363635 0.09941176470588235 0.035454545454545454
1 0.41441176470588237 0.36568181818181816 0.20294117647058824 0.03681818181818182
1 0.09117647058823529 0.6036363636363636 0.07411764705882352 0.035454545454545454
1 0.6720588235294118 0.9252272727272727 0.060588235294117644 0.038636363636363635
1 0.3285294117647059 0.8552272727272727 0.04764705882352941 0.03681818181818182
1 0.7058823529411765 0.5654545454545454 0.16470588235294117 0.03727272727272727
1 0.7329411764705882 0.45227272727272727 0.029411764705882353 0.03090909090909091
1 0.5670588235294117 0.03613636363636363 0.1011764705882353 0.022272727272727274