1 0.44660766961651915 0.7173120728929385 0.18997050147492625 0.0387243735763098
1 0.5772861356932153 0.7193621867881549 0.03126843657817109 0.03644646924829157
1 0.7651917404129793 0.8544419134396355 0.06017699115044248 0.03690205011389522
1 0.8510324483775811 0.9214123006833713 0.0584070796460177 0.03781321184510251
1 0.41710914454277287 0.9216400911161731 0.05781710914454277 0.03553530751708428
1 0.45545722713864306 0.3990888382687927 0.2820058997050148 0.03826879271070615
1 0.6407079646017699 0.7651480637813212 0.03775811209439528 0.03690205011389522
1 0.43333333333333335 0.4428246013667426 0.22831858407079647 0.03644646924829157
1 0.4480825958702065 0.6767653758542141 0.17168141592920355 0.0387243735763098
1 0.6628318584070797 0.6767653758542141 0.13274336283185842 0.03781321184510251
1 0.3088495575221239 0.02232346241457859 0.0584070796460177 0.02824601366742597
1 0.10442477876106195 0.40136674259681093 0.10029498525073746 0.03553530751708428
1 0.09705014749262537 0.6758542141230068 0.07020648967551622 0.03507972665148064
1 0.10088495575221239 0.4437357630979499 0.08849557522123894 0.03553530751708428
1 0.7345132743362832 0.5594533029612756 0.26076696165191743 0.03917995444191344
1 0.10176991150442478 0.35876993166287013 0.09380530973451327 0.03599088838268793
1 0.15604719764011798 0.9214123006833713 0.05604719764011799 0.03690205011389522
1 0.3359882005899705 0.9214123006833713 0.061946902654867256 0.03599088838268793
1 0.15722713864306784 0.8533029612756264 0.06312684365781711 0.03644646924829157
1 0.43156342182890856 0.5150341685649202 0.1976401179941003 0.03690205011389522
1 0.10589970501474927 0.5177676537585422 0.09262536873156342 0.03507972665148064
1 0.6861356932153392 0.60250569476082 0.2359882005899705 0.03781321184510251
1 0.24218289085545722 0.8553530751708428 0.061946902654867256 0.03599088838268793
1 0.24513274336283186 0.9216400911161731 0.0607669616519174 0.03644646924829157
1 0.7651917404129793 0.920501138952164 0.058997050147492625 0.03781321184510251
1 0.5244837758112094 0.7626423690205011 0.1710914454277286 0.03644646924829157
1 0.6958702064896756 0.44236902050113897 0.2743362831858407 0.04009111617312073
1 0.6513274336283186 0.35854214123006833 0.25486725663716814 0.03826879271070615
1 0.41799410029498524 0.8528473804100227 0.05604719764011799 0.03644646924829157
1 0.5932153392330384 0.9198177676537586 0.05368731563421829 0.03735763097949886
1 0.4648967551622419 0.5605922551252848 0.27256637168141595 0.03690205011389522
1 0.4430678466076696 0.6020501138952165 0.23244837758112094 0.03599088838268793
1 0.5952802359882006 0.8544419134396355 0.06489675516224189 0.03690205011389522
1 0.10973451327433628 0.5587699316628701 0.0967551622418879 0.03416856492027335
1 0.5351032448377581 0.023234624145785875 0.049557522123893805 0.0255125284738041
1 0.643362831858407 0.5152619589977221 0.20471976401179942 0.03917995444191344
1 0.7454277286135693 0.7619589977220956 0.16106194690265488 0.03507972665148064
1 0.5070796460176992 0.9202733485193622 0.05958702064896755 0.03735763097949886
1 0.855457227138643 0.8535307517084283 0.05309734513274336 0.03416856492027335
1 0.6817109144542773 0.8539863325740319 0.0607669616519174 0.03599088838268793
1 0.7533923303834809 0.40113895216400913 0.287905604719764 0.03234624145785877
1 0.1168141592920354 0.761503416856492 0.06135693215339233 0.03599088838268793
1 0.10412979351032449 0.7166287015945331 0.07610619469026549 0.03735763097949886
1 0.6814159292035398 0.7198177676537585 0.1616519174041298 0.03735763097949886
1 0.503834808259587 0.8548974943052392 0.054277286135693215 0.03781321184510251
1 0.5669616519174041 0.6792710706150342 0.03303834808259587 0.03553530751708428
1 0.42094395280235986 0.3553530751708428 0.1952802359882006 0.03644646924829157
1 0.10766961651917405 0.6034168564920274 0.09852507374631268 0.03599088838268793
1 0.6799410029498525 0.9216400911161731 0.0607669616519174 0.03826879271070615
1 0.3386430678466077 0.8533029612756264 0.06371681415929203 0.03553530751708428