1 0.3685294117647059 0.6859090909090909 0.12764705882352942 0.035454545454545454
1 0.7664705882352941 0.8531818181818182 0.05764705882352941 0.038181818181818185
1 0.851764705882353 0.9254545454545454 0.05529411764705883 0.03727272727272727
1 0.4126470588235294 0.9275 0.04764705882352941 0.03681818181818182
1 0.5832352941176471 0.5243181818181818 0.14411764705882352 0.03681818181818182
1 0.8552941176470589 0.8540909090909091 0.06352941176470588 0.04181818181818182
1 0.38 0.6113636363636363 0.15411764705882353 0.03363636363636364
1 0.3723529411764706 0.4586363636363636 0.14705882352941177 0.03
1 0.6820588235294117 0.6893181818181818 0.09705882352941177 0.03590909090909091
1 0.4208823529411765 0.37 0.23941176470588235 0.03363636363636364
1 0.7485294117647059 0.5254545454545455 0.09941176470588235 0.03363636363636364
1 0.41 0.4109090909090909 0.20588235294117646 0.03636363636363636
1 0.45029411764705884 0.7722727272727272 0.11470588235294117 0.028181818181818183
1 0.10823529411764705 0.6820454545454545 0.06823529411764706 0.03590909090909091
1 0.10588235294117647 0.4495454545454545 0.08 0.035454545454545454
1 0.7264705882352941 0.5668181818181818 0.02823529411764706 0.03363636363636364
1 0.10617647058823529 0.36818181818181817 0.07823529411764706 0.03363636363636364
1 0.5991176470588235 0.7261363636363637 0.031176470588235295 0.03227272727272727
1 0.15705882352941178 0.9256818181818182 0.05176470588235294 0.03954545454545454
1 0.8085294117647058 0.5686363636363636 0.12411764705882353 0.03636363636363636
1 0.33 0.9311363636363637 0.05411764705882353 0.035
1 0.16 0.8565909090909091 0.05176470588235294 0.03954545454545454
1 0.6670588235294118 0.7286363636363636 0.09411764705882353 0.02909090909090909
1 0.10970588235294118 0.5304545454545454 0.08176470588235295 0.03363636363636364
1 0.8297058823529412 0.3693181818181818 0.10764705882352942 0.035
1 0.25058823529411767 0.8568181818181818 0.05764705882352941 0.04
1 0.2426470588235294 0.9247727272727273 0.0488235294117647 0.03681818181818182
1 0.34705882352941175 0.775 0.09176470588235294 0.02090909090909091
1 0.7638235294117647 0.9240909090909091 0.05352941176470588 0.03727272727272727
1 0.29823529411764704 0.03159090909090909 0.041176470588235294 0.029545454545454545
1 0.6714705882352942 0.45431818181818184 0.09588235294117647 0.03318181818181818
1 0.6326470588235295 0.37 0.16647058823529412 0.031818181818181815
1 0.4244117647058824 0.8556818181818182 0.05823529411764706 0.03954545454545454
1 0.5938235294117648 0.8565909090909091 0.054705882352941174 0.041363636363636366
1 0.3988235294117647 0.5306818181818181 0.19058823529411764 0.038636363636363635
1 0.5267647058823529 0.6102272727272727 0.12764705882352942 0.03318181818181818
1 0.5823529411764706 0.7738636363636363 0.0611764705882353 0.03409090909090909
1 0.105 0.4102272727272727 0.07705882352941176 0.03590909090909091
1 0.6217647058823529 0.5679545454545455 0.1564705882352941 0.03681818181818182
1 0.6161764705882353 0.41 0.18411764705882352 0.038181818181818185
1 0.5005882352941177 0.928409090909091 0.052941176470588235 0.03954545454545454
1 0.6808823529411765 0.8525 0.05941176470588235 0.03772727272727273
1 0.5117647058823529 0.6797727272727273 0.13294117647058823 0.035
1 0.115 0.7665909090909091 0.07352941176470588 0.03409090909090909
1 0.11470588235294117 0.7261363636363637 0.06823529411764706 0.03409090909090909
1 0.7326470588235294 0.40795454545454546 0.031176470588235295 0.03409090909090909
1 0.5944117647058823 0.4677272727272727 0.04176470588235294 0.034545454545454546
1 0.6120588235294118 0.6897727272727273 0.03 0.031363636363636364
1 0.508235294117647 0.8568181818181818 0.05647058823529412 0.04
1 0.8155882352941176 0.4088636363636364 0.12294117647058823 0.03681818181818182
1 0.6235294117647059 0.6115909090909091 0.02588235294117647 0.03318181818181818
1 0.5064705882352941 0.7234090909090909 0.1388235294117647 0.035
1 0.10970588235294118 0.6175 0.07941176470588235 0.035
1 0.6785294117647059 0.9240909090909091 0.05823529411764706 0.03727272727272727
1 0.3376470588235294 0.8565909090909091 0.058823529411764705 0.038636363636363635
1 0.6973529411764706 0.61 0.09117647058823529 0.031818181818181815
1 0.5708823529411765 0.03363636363636364 0.12529411764705883 0.022727272727272728
1 0.7544117647058823 0.375 0.03823529411764706 0.03090909090909091
1 0.5052941176470588 0.4618181818181818 0.1188235294117647 0.022727272727272728
1 0.1111764705882353 0.5697727272727273 0.08823529411764706 0.03409090909090909
1 0.6767647058823529 0.5347727272727273 0.03588235294117647 0.03590909090909091
1 0.4173529411764706 0.5718181818181818 0.23 0.03272727272727273
1 0.3644117647058824 0.73 0.13352941176470587 0.02727272727272727
1 0.5302941176470588 0.78 0.025294117647058825 0.034545454545454546
1 0.5944117647058823 0.93 0.061764705882352944 0.022727272727272728