1 0.38082595870206487 0.7038216560509554 0.14690265486725665 0.0373066424021838
1 0.43156342182890856 0.4349408553230209 0.24601769911504426 0.03548680618744313
1 0.7669616519174042 0.8735213830755232 0.06253687315634218 0.04185623293903549
1 0.8498525073746312 0.9390354868061874 0.06430678466076696 0.039126478616924476
1 0.567551622418879 0.6358052775250227 0.05309734513274336 0.030482256596906277
1 0.4259587020648968 0.9413102820746133 0.06135693215339233 0.039126478616924476
1 0.4870206489675516 0.5477707006369427 0.10088495575221239 0.03821656050955414
1 0.8451327433628318 0.8728389444949954 0.05132743362831858 0.04049135577797998
1 0.3625368731563422 0.6333030027297544 0.11622418879056047 0.034576888080072796
1 0.6728613569321534 0.7463603275705186 0.15988200589970503 0.034121929026387623
1 0.6194690265486725 0.7054140127388535 0.044837758112094395 0.028662420382165606
1 0.11327433628318584 0.7024567788898999 0.08259587020648967 0.036396724294813464
1 0.11710914454277287 0.47793448589626936 0.07846607669616519 0.03503184713375796
1 0.4398230088495575 0.7477252047315741 0.2743362831858407 0.0359417652411283
1 0.7374631268436578 0.5882620564149227 0.029498525073746312 0.034576888080072796
1 0.11740412979351032 0.3921747042766151 0.0943952802359882 0.03821656050955414
1 0.5946902654867257 0.7857142857142857 0.03893805309734513 0.029117379435850774
1 0.1678466076696165 0.9422202001819836 0.05958702064896755 0.039126478616924476
1 0.8014749262536873 0.5900818926296634 0.07492625368731563 0.03366696997270246
1 0.33716814159292036 0.9413102820746133 0.05958702064896755 0.03821656050955414
1 0.1657817109144543 0.8773885350318471 0.05309734513274336 0.03867151956323931
1 0.5867256637168141 0.47929936305732485 0.0584070796460177 0.03139217470427662
1 0.36607669616519173 0.5484531392174704 0.12448377581120944 0.03867151956323931
1 0.1200589970501475 0.5475432211101001 0.07728613569321534 0.0359417652411283
1 0.6424778761061947 0.58803457688808 0.16991150442477876 0.03503184713375796
1 0.252212389380531 0.8755686988171064 0.061946902654867256 0.03867151956323931
1 0.25398230088495577 0.9415377616014559 0.05486725663716814 0.03867151956323931
1 0.376401179941003 0.7884440400363967 0.1415929203539823 0.034576888080072796
1 0.7628318584070797 0.9397179253867152 0.05663716814159292 0.04049135577797998
1 0.2766961651917404 0.068926296633303 0.04365781710914454 0.023202911737943584
1 0.5613569321533923 0.7918562329390355 0.02536873156342183 0.030482256596906277
1 0.6566371681415929 0.4335759781619654 0.18525073746312684 0.034576888080072796
1 0.616519174041298 0.39444949954504094 0.054277286135693215 0.03275705186533212
1 0.49262536873156343 0.3939945404913558 0.10973451327433628 0.036396724294813464
1 0.42330383480825956 0.8762511373976342 0.05958702064896755 0.03821656050955414
1 0.5943952802359882 0.9404003639672429 0.061946902654867256 0.039126478616924476
1 0.42035398230088494 0.589171974522293 0.22713864306784662 0.036396724294813464
1 0.556047197640118 0.5530027297543221 0.028908554572271386 0.03776160145586897
1 0.47050147492625366 0.6337579617834395 0.08908554572271386 0.03275705186533212
1 0.47935103244837757 0.4799818016378526 0.11268436578171091 0.03184713375796178
1 0.5970501474926254 0.8753412192902639 0.06253687315634218 0.039126478616924476
1 0.11976401179941003 0.4340309372156506 0.08377581120943953 0.034576888080072796
1 0.1224188790560472 0.5884895359417652 0.07610619469026549 0.034121929026387623
1 0.5690265486725664 0.06983621474067334 0.11268436578171091 0.023202911737943584
1 0.7716814159292036 0.43448589626933576 0.02831858407079646 0.034576888080072796
1 0.5088495575221239 0.9417652411282984 0.05958702064896755 0.04094631483166515
1 0.6861356932153392 0.8739763421292084 0.06253687315634218 0.03821656050955414
1 0.5699115044247788 0.39854413102820746 0.03185840707964602 0.034576888080072796
1 0.5085545722713865 0.7090536851683349 0.09793510324483776 0.0359417652411283
1 0.8294985250737463 0.7440855323020928 0.0743362831858407 0.034121929026387623
1 0.36106194690265486 0.47975432211101 0.11563421828908554 0.03503184713375796
1 0.12477876106194691 0.7873066424021838 0.08672566371681416 0.03503184713375796
1 0.5079646017699115 0.8755686988171064 0.058997050147492625 0.03867151956323931
1 0.6056047197640118 0.5491355777979982 0.06548672566371681 0.03275705186533212
1 0.8392330383480826 0.43607825295723385 0.09616519174041298 0.034121929026387623
1 0.5772861356932153 0.7099636032757052 0.027728613569321534 0.03503184713375796
1 0.5256637168141592 0.6396724294813467 0.022418879056047197 0.02456778889899909
1 0.1224188790560472 0.6330755232029117 0.07492625368731563 0.0359417652411283
1 0.6825958702064897 0.9413102820746133 0.06017699115044248 0.039126478616924476
1 0.33716814159292036 0.8755686988171064 0.05486725663716814 0.03776160145586897
1 0.36755162241887906 0.3937670609645132 0.12861356932153392 0.04049135577797998
1 0.7713864306784661 0.7493175614194723 0.033628318584070796 0.03548680618744313
1 0.11386430678466077 0.7461328480436761 0.08023598820058997 0.034576888080072796
1 0.5463126843657817 0.4838489535941765 0.020058997050147492 0.02502274795268426
1 0.5070796460176992 0.79049135577798 0.07846607669616519 0.029572338489535943