1 0.7594117647058823 0.8588636363636364 0.07764705882352942 0.042272727272727274
1 0.8491176470588235 0.9238636363636363 0.08764705882352941 0.04409090909090909
1 0.5782352941176471 0.6131818181818182 0.19176470588235295 0.024545454545454544
1 0.8514705882352941 0.8547727272727272 0.07705882352941176 0.04409090909090909
1 0.38382352941176473 0.6097727272727272 0.16647058823529412 0.028636363636363637
1 0.6488235294117647 0.7675 0.06470588235294118 0.03318181818181818
1 0.4235294117647059 0.6768181818181818 0.24352941176470588 0.04181818181818182
1 0.8144117647058824 0.4097727272727273 0.03 0.038636363636363635
1 0.4497058823529412 0.4084090909090909 0.28647058823529414 0.03227272727272727
1 0.09794117647058824 0.6804545454545454 0.07 0.03727272727272727
1 0.08764705882352941 0.4461363636363636 0.06470588235294118 0.03409090909090909
1 0.40058823529411763 0.725909090909091 0.2188235294117647 0.03363636363636364
1 0.09147058823529412 0.35818181818181816 0.06647058823529411 0.03363636363636364
1 0.5114705882352941 0.7672727272727272 0.10647058823529412 0.035454545454545454
1 0.14352941176470588 0.9218181818181819 0.052941176470588235 0.04
1 0.4126470588235294 0.9211363636363636 0.0688235294117647 0.041363636363636366
1 0.16117647058823528 0.850909090909091 0.06941176470588235 0.04
1 0.7026470588235294 0.7252272727272727 0.031176470588235295 0.03318181818181818
1 0.6091176470588235 0.4547727272727273 0.033529411764705884 0.03409090909090909
1 0.4097058823529412 0.5179545454545454 0.2088235294117647 0.03954545454545454
1 0.08676470588235294 0.5225 0.07235294117647059 0.035
1 0.2523529411764706 0.8497727272727272 0.06235294117647059 0.03954545454545454
1 0.23558823529411765 0.92 0.04764705882352941 0.03727272727272727
1 0.37 0.7659090909090909 0.1411764705882353 0.03727272727272727
1 0.7594117647058823 0.923409090909091 0.07176470588235294 0.04318181818181818
1 0.31529411764705884 0.030454545454545453 0.04 0.026363636363636363
1 0.5947058823529412 0.7247727272727272 0.1588235294117647 0.03227272727272727
1 0.6661764705882353 0.45295454545454544 0.0711764705882353 0.031363636363636364
1 0.7 0.3668181818181818 0.03529411764705882 0.03272727272727273
1 0.42205882352941176 0.8525 0.0711764705882353 0.04045454545454545
1 0.5911764705882353 0.9222727272727272 0.07176470588235294 0.04727272727272727
1 0.08735294117647059 0.5609090909090909 0.07 0.03363636363636364
1 0.42705882352941177 0.5636363636363636 0.24705882352941178 0.038181818181818185
1 0.5955882352941176 0.7775 0.03235294117647059 0.04045454545454545
1 0.08852941176470588 0.40136363636363637 0.06647058823529411 0.03272727272727273
1 0.5991176470588235 0.3663636363636364 0.14411764705882352 0.03727272727272727
1 0.6985294117647058 0.41454545454545455 0.1923529411764706 0.03272727272727273
1 0.7885294117647059 0.725909090909091 0.13588235294117648 0.035454545454545454
1 0.5020588235294118 0.9215909090909091 0.0711764705882353 0.042272727272727274
1 0.866764705882353 0.6863636363636364 0.14058823529411765 0.03363636363636364
1 0.6794117647058824 0.860909090909091 0.07176470588235294 0.04454545454545455
1 0.7814705882352941 0.36954545454545457 0.1111764705882353 0.034545454545454546
1 0.6420588235294118 0.6829545454545455 0.18058823529411766 0.03227272727272727
1 0.38176470588235295 0.4461363636363636 0.15294117647058825 0.03681818181818182
1 0.0888235294117647 0.7615909090909091 0.07529411764705882 0.03409090909090909
1 0.5267647058823529 0.4506818181818182 0.11470588235294117 0.03409090909090909
1 0.505 0.855 0.07823529411764706 0.04363636363636364
1 0.6347058823529412 0.5193181818181818 0.2235294117647059 0.03954545454545454
1 0.8879411764705882 0.4093181818181818 0.10529411764705883 0.03772727272727273
1 0.7264705882352941 0.5679545454545455 0.31058823529411766 0.038636363636363635
1 0.41205882352941176 0.36272727272727273 0.20647058823529413 0.03909090909090909
1 0.085 0.6029545454545454 0.06764705882352941 0.03409090909090909
1 0.6767647058823529 0.9231818181818182 0.06764705882352941 0.04090909090909091
1 0.32676470588235296 0.8522727272727273 0.06294117647058824 0.04
1 0.7626470588235295 0.6859090909090909 0.039411764705882354 0.035454545454545454
1 0.09117647058823529 0.72 0.06941176470588235 0.034545454545454546
1 0.5952941176470589 0.03272727272727273 0.08470588235294117 0.019090909090909092
1 0.32676470588235296 0.9227272727272727 0.05235294117647059 0.03909090909090909
1 0.5888235294117647 0.8556818181818182 0.07882352941176471 0.03409090909090909