1 0.41970588235294115 0.6865909090909091 0.24411764705882352 0.04045454545454545
1 0.755 0.8670454545454546 0.06764705882352941 0.041363636363636366
1 0.8488235294117648 0.9327272727272727 0.07882352941176471 0.035454545454545454
1 0.5811764705882353 0.6122727272727273 0.1811764705882353 0.035454545454545454
1 0.4238235294117647 0.9265909090909091 0.09588235294117647 0.03954545454545454
1 0.5723529411764706 0.5261363636363636 0.16823529411764707 0.03681818181818182
1 0.8479411764705882 0.865 0.07941176470588235 0.03727272727272727
1 0.38941176470588235 0.6129545454545454 0.18705882352941178 0.03318181818181818
1 0.6755882352941176 0.7731818181818182 0.03 0.03272727272727273
1 0.7088235294117647 0.6929545454545455 0.03764705882352941 0.03318181818181818
1 0.47558823529411764 0.7293181818181819 0.35352941176470587 0.031363636363636364
1 0.40058823529411763 0.3704545454545455 0.19647058823529412 0.03
1 0.46 0.4125 0.3070588235294118 0.035
1 0.09970588235294117 0.4484090909090909 0.09705882352941177 0.03954545454545454
1 0.7347058823529412 0.7302272727272727 0.15294117647058825 0.03681818181818182
1 0.1561764705882353 0.9238636363636363 0.07235294117647059 0.04318181818181818
1 0.3261764705882353 0.9265909090909091 0.08058823529411764 0.04045454545454545
1 0.15176470588235294 0.8572727272727273 0.06588235294117648 0.04181818181818182
1 0.7552941176470588 0.7715909090909091 0.1 0.03227272727272727
1 0.44 0.5738636363636364 0.28823529411764703 0.03681818181818182
1 0.10852941176470589 0.5229545454545454 0.11 0.03954545454545454
1 0.23911764705882352 0.9238636363636363 0.07 0.04045454545454545
1 0.40147058823529413 0.7722727272727272 0.21941176470588236 0.034545454545454546
1 0.7570588235294118 0.93 0.07176470588235294 0.035454545454545454
1 0.0976470588235294 0.36886363636363634 0.1011764705882353 0.031363636363636364
1 0.7105882352941176 0.4172727272727273 0.1976470588235294 0.04
1 0.6847058823529412 0.37681818181818183 0.03176470588235294 0.03363636363636364
1 0.5885294117647059 0.8629545454545454 0.07235294117647059 0.03681818181818182
1 0.3779411764705882 0.5302272727272728 0.16176470588235295 0.03681818181818182
1 0.5838235294117647 0.7704545454545455 0.1288235294117647 0.03363636363636364
1 0.09941176470588235 0.40954545454545455 0.1 0.035454545454545454
1 0.10058823529411764 0.6815909090909091 0.10235294117647059 0.03227272727272727
1 0.6397058823529411 0.46204545454545454 0.03 0.03409090909090909
1 0.5808823529411765 0.03954545454545454 0.09941176470588235 0.02181818181818182
1 0.7047058823529412 0.45840909090909093 0.08 0.03227272727272727
1 0.5088235294117647 0.9295454545454546 0.06470588235294118 0.03636363636363636
1 0.6752941176470588 0.8681818181818182 0.07176470588235294 0.042727272727272725
1 0.6020588235294118 0.37613636363636366 0.12411764705882353 0.03590909090909091
1 0.8958823529411765 0.7345454545454545 0.1 0.03909090909090909
1 0.3788235294117647 0.45795454545454545 0.16 0.029545454545454545
1 0.09 0.7672727272727272 0.08705882352941176 0.03272727272727273
1 0.09705882352941177 0.7243181818181819 0.08705882352941176 0.03772727272727273
1 0.7461764705882353 0.37886363636363635 0.07705882352941176 0.03409090909090909
1 0.543235294117647 0.45681818181818185 0.1264705882352941 0.034545454545454546
1 0.5014705882352941 0.8595454545454545 0.08411764705882353 0.04181818181818182
1 0.8911764705882353 0.4172727272727273 0.0988235294117647 0.04090909090909091
1 0.6235294117647059 0.6893181818181818 0.13058823529411764 0.03772727272727273
1 0.10647058823529412 0.6095454545454545 0.10705882352941176 0.03909090909090909
1 0.6705882352941176 0.9320454545454545 0.07058823529411765 0.03681818181818182
1 0.24029411764705882 0.8586363636363636 0.07352941176470588 0.038181818181818185
1 0.7323529411764705 0.5727272727272728 0.27058823529411763 0.04090909090909091
1 0.788235294117647 0.6886363636363636 0.12352941176470589 0.03636363636363636
1 0.33029411764705885 0.034545454545454546 0.03823529411764706 0.025454545454545455
1 0.8232352941176471 0.4177272727272727 0.027647058823529413 0.04090909090909091
1 0.10705882352941176 0.5656818181818182 0.10941176470588235 0.04045454545454545
1 0.8329411764705882 0.7306818181818182 0.03294117647058824 0.04318181818181818
1 0.3297058823529412 0.8618181818181818 0.07705882352941176 0.04
1 0.41411764705882353 0.8622727272727273 0.07764705882352942 0.042727272727272725
1 0.5858823529411765 0.9293181818181818 0.07529411764705882 0.038636363636363635