1 0.3826470588235294 0.6813636363636364 0.17705882352941177 0.03272727272727273
1 0.5311764705882352 0.6797727272727273 0.0988235294117647 0.035
1 0.7538235294117647 0.8568181818181818 0.057058823529411766 0.04090909090909091
1 0.8429411764705882 0.9259090909090909 0.07176470588235294 0.04181818181818182
1 0.5538235294117647 0.6086363636363636 0.11588235294117646 0.03363636363636364
1 0.41294117647058826 0.9268181818181818 0.06823529411764706 0.04
1 0.39205882352941174 0.610909090909091 0.17470588235294118 0.03636363636363636
1 0.6194117647058823 0.7684090909090909 0.08470588235294117 0.035
1 0.38588235294117645 0.4068181818181818 0.1776470588235294 0.031818181818181815
1 0.09941176470588235 0.6788636363636363 0.07176470588235294 0.035
1 0.39323529411764707 0.725 0.18411764705882352 0.03636363636363636
1 0.09794117647058824 0.36613636363636365 0.07941176470588235 0.03227272727272727
1 0.09176470588235294 0.4459090909090909 0.07176470588235294 0.035454545454545454
1 0.4902941176470588 0.765 0.10647058823529412 0.03636363636363636
1 0.5697058823529412 0.7227272727272728 0.13705882352941176 0.03363636363636364
1 0.15205882352941177 0.9231818181818182 0.061764705882352944 0.04
1 0.3276470588235294 0.9240909090909091 0.06235294117647059 0.04090909090909091
1 0.1514705882352941 0.8579545454545454 0.05941176470588235 0.03772727272727273
1 0.3905882352941176 0.5256818181818181 0.18 0.03772727272727273
1 0.09558823529411764 0.525 0.07 0.03363636363636364
1 0.6541176470588236 0.7227272727272728 0.02823529411764706 0.031818181818181815
1 0.24029411764705882 0.8584090909090909 0.060588235294117644 0.038636363636363635
1 0.24029411764705882 0.925 0.060588235294117644 0.03727272727272727
1 0.3658823529411765 0.7663636363636364 0.1376470588235294 0.035454545454545454
1 0.758235294117647 0.9256818181818182 0.07176470588235294 0.042272727272727274
1 0.31 0.03068181818181818 0.05058823529411765 0.018636363636363635
1 0.5335294117647059 0.4052272727272727 0.08941176470588236 0.03409090909090909
1 0.40558823529411764 0.8575 0.051176470588235295 0.038636363636363635
1 0.5873529411764706 0.9245454545454546 0.06529411764705882 0.04
1 0.09029411764705883 0.5665909090909091 0.07352941176470588 0.035
1 0.4108823529411765 0.5677272727272727 0.21352941176470588 0.031818181818181815
1 0.5561764705882353 0.5225 0.1288235294117647 0.03590909090909091
1 0.5820588235294117 0.8577272727272728 0.05823529411764706 0.03909090909090909
1 0.09588235294117647 0.40613636363636363 0.07176470588235294 0.03227272727272727
1 0.5517647058823529 0.038181818181818185 0.10352941176470588 0.023636363636363636
1 0.7270588235294118 0.7231818181818181 0.11411764705882353 0.03363636363636364
1 0.49205882352941177 0.9263636363636364 0.05235294117647059 0.04181818181818182
1 0.8402941176470589 0.8577272727272728 0.0488235294117647 0.04090909090909091
1 0.673235294117647 0.8572727272727273 0.06647058823529411 0.04090909090909091
1 0.3773529411764706 0.44977272727272727 0.13470588235294118 0.03318181818181818
1 0.09794117647058824 0.7634090909090909 0.07235294117647059 0.03590909090909091
1 0.0976470588235294 0.7227272727272728 0.07294117647058823 0.035454545454545454
1 0.49176470588235294 0.4506818181818182 0.08705882352941176 0.031363636363636364
1 0.4973529411764706 0.8568181818181818 0.061764705882352944 0.04090909090909091
1 0.6035294117647059 0.6827272727272727 0.03411764705882353 0.03272727272727273
1 0.38441176470588234 0.36477272727272725 0.17 0.03772727272727273
1 0.095 0.6090909090909091 0.07 0.03636363636363636
1 0.6694117647058824 0.9263636363636364 0.05529411764705883 0.042727272727272725
1 0.5217647058823529 0.3640909090909091 0.07882352941176471 0.034545454545454546
1 0.3255882352941176 0.8572727272727273 0.05588235294117647 0.04181818181818182
1 0.6170588235294118 0.5656818181818182 0.15176470588235294 0.03681818181818182
1 0.6841176470588235 0.6797727272727273 0.09411764705882353 0.03409090909090909
1 0.5576470588235294 0.7763636363636364 0.02588235294117647 0.03363636363636364