1 0.765 0.8618181818181818 0.051176470588235295 0.03636363636363636
1 0.8529411764705882 0.9293181818181818 0.06705882352941177 0.03772727272727273
1 0.5211764705882352 0.5681818181818182 0.07529411764705882 0.031818181818181815
1 0.3711764705882353 0.5725 0.1376470588235294 0.029545454545454545
1 0.29558823529411765 0.038636363636363635 0.03823529411764706 0.02090909090909091
1 0.10205882352941177 0.45681818181818185 0.10764705882352942 0.03727272727272727
1 0.16441176470588234 0.9259090909090909 0.06294117647058824 0.03636363636363636
1 0.8441176470588235 0.4077272727272727 0.09411764705882353 0.02727272727272727
1 0.33588235294117647 0.9268181818181818 0.0611764705882353 0.03363636363636364
1 0.45176470588235296 0.4113636363636364 0.2847058823529412 0.03909090909090909
1 0.15970588235294117 0.8652272727272727 0.05941176470588235 0.03681818181818182
1 0.2511764705882353 0.9261363636363636 0.05764705882352941 0.035
1 0.40558823529411764 0.7268181818181818 0.21235294117647058 0.035454545454545454
1 0.7708823529411765 0.9295454545454546 0.06647058823529411 0.03727272727272727
1 0.5623529411764706 0.7243181818181819 0.10352941176470588 0.029545454545454545
1 0.3585294117647059 0.5304545454545454 0.12411764705882353 0.035454545454545454
1 0.09470588235294118 0.37068181818181817 0.08588235294117647 0.03409090909090909
1 0.09264705882352942 0.5297727272727273 0.07470588235294118 0.035
1 0.6805882352941176 0.4077272727272727 0.1588235294117647 0.03363636363636364
1 0.5629411764705883 0.04 0.11411764705882353 0.02181818181818182
1 0.42970588235294116 0.9263636363636364 0.05823529411764706 0.03727272727272727
1 0.09794117647058824 0.7725 0.0711764705882353 0.03409090909090909
1 0.09735294117647059 0.7297727272727272 0.07235294117647059 0.035
1 0.46294117647058824 0.5738636363636364 0.03176470588235294 0.031363636363636364
1 0.09205882352941176 0.615909090909091 0.0711764705882353 0.03636363636363636
1 0.5973529411764706 0.9272727272727272 0.07 0.035454545454545454
1 0.24941176470588236 0.86 0.058823529411764705 0.02727272727272727
1 0.1011764705882353 0.41113636363636363 0.08235294117647059 0.038636363636363635
1 0.7891176470588235 0.41113636363636363 0.03235294117647059 0.03590909090909091
1 0.38588235294117645 0.45545454545454545 0.16588235294117648 0.03272727272727273
1 0.5273529411764706 0.4525 0.09941176470588235 0.028636363636363637
1 0.6058823529411764 0.4547727272727273 0.03058823529411765 0.029545454545454545
1 0.673235294117647 0.45022727272727275 0.07705882352941176 0.03318181818181818
1 0.445 0.5306818181818181 0.03705882352941176 0.02772727272727273
1 0.49176470588235294 0.5252272727272728 0.06235294117647059 0.038636363636363635
1 0.34794117647058825 0.6125 0.09117647058823529 0.03318181818181818
1 0.40794117647058825 0.6147727272727272 0.022941176470588236 0.028636363636363637
1 0.44823529411764707 0.6093181818181819 0.06235294117647059 0.028636363636363637
1 0.095 0.5718181818181818 0.07352941176470588 0.035454545454545454
1 0.09411764705882353 0.6861363636363637 0.06823529411764706 0.03681818181818182
1 0.3629411764705882 0.7706818181818181 0.12588235294117647 0.03681818181818182
1 0.47147058823529414 0.7713636363636364 0.07352941176470588 0.02727272727272727
1 0.3791176470588235 0.6865909090909091 0.15588235294117647 0.038636363636363635
1 0.5008823529411764 0.6840909090909091 0.07588235294117647 0.03090909090909091
1 0.33029411764705885 0.8586363636363636 0.054705882352941174 0.03090909090909091
1 0.4235294117647059 0.8613636363636363 0.06235294117647059 0.03636363636363636
1 0.5 0.8597727272727272 0.05647058823529412 0.035
1 0.5914705882352941 0.8556818181818182 0.06647058823529411 0.03409090909090909
1 0.683235294117647 0.8602272727272727 0.07941176470588235 0.038636363636363635
1 0.8514705882352941 0.8595454545454545 0.06647058823529411 0.035454545454545454
1 0.5170588235294118 0.9279545454545455 0.07411764705882352 0.03409090909090909
1 0.6797058823529412 0.9281818181818182 0.06647058823529411 0.038181818181818185