1 0.44 0.6879545454545455 0.2576470588235294 0.041363636363636366
1 0.7591176470588236 0.8602272727272727 0.06294117647058824 0.03772727272727273
1 0.8441176470588235 0.9272727272727272 0.05647058823529412 0.03909090909090909
1 0.5261764705882352 0.6245454545454545 0.13941176470588235 0.03090909090909091
1 0.41294117647058826 0.9268181818181818 0.05529411764705883 0.03727272727272727
1 0.3820588235294118 0.6252272727272727 0.14294117647058824 0.03409090909090909
1 0.41205882352941176 0.41 0.21 0.035454545454545454
1 0.4441176470588235 0.7302272727272727 0.25058823529411767 0.03681818181818182
1 0.11176470588235295 0.6802272727272727 0.06705882352941177 0.03409090909090909
1 0.11941176470588236 0.5722727272727273 0.06470588235294118 0.03090909090909091
1 0.12676470588235295 0.37022727272727274 0.04058823529411765 0.030454545454545453
1 0.16088235294117648 0.9261363636363636 0.060588235294117644 0.03590909090909091
1 0.33088235294117646 0.9245454545454546 0.054705882352941174 0.035454545454545454
1 0.16088235294117648 0.8586363636363636 0.06529411764705882 0.03909090909090909
1 0.12088235294117647 0.5261363636363636 0.06294117647058824 0.031363636363636364
1 0.25558823529411767 0.855909090909091 0.0688235294117647 0.04
1 0.6447058823529411 0.5338636363636363 0.14941176470588236 0.03409090909090909
1 0.25735294117647056 0.9254545454545454 0.06647058823529411 0.03636363636363636
1 0.41558823529411765 0.7790909090909091 0.20294117647058824 0.028181818181818183
1 0.7597058823529412 0.9254545454545454 0.05823529411764706 0.038181818181818185
1 0.3170588235294118 0.03590909090909091 0.036470588235294116 0.024545454545454544
1 0.6294117647058823 0.4134090909090909 0.13058823529411764 0.03954545454545454
1 0.5794117647058824 0.37454545454545457 0.04 0.035454545454545454
1 0.4202941176470588 0.8581818181818182 0.06764705882352941 0.038181818181818185
1 0.5908823529411765 0.9270454545454545 0.05352941176470588 0.038636363636363635
1 0.4323529411764706 0.5361363636363636 0.22705882352941176 0.03590909090909091
1 0.4252941176470588 0.5743181818181818 0.23176470588235293 0.03318181818181818
1 0.4632352941176471 0.46863636363636363 0.03 0.035454545454545454
1 0.13323529411764706 0.4118181818181818 0.04647058823529412 0.03
1 0.58 0.038863636363636364 0.1188235294117647 0.02409090909090909
1 0.5111764705882353 0.9259090909090909 0.06823529411764706 0.03909090909090909
1 0.8532352941176471 0.860909090909091 0.07705882352941176 0.04
1 0.5397058823529411 0.4081818181818182 0.033529411764705884 0.03909090909090909
1 0.3776470588235294 0.4606818181818182 0.12823529411764706 0.029545454545454545
1 0.12558823529411764 0.7663636363636364 0.08294117647058824 0.03636363636363636
1 0.12294117647058823 0.725909090909091 0.07294117647058823 0.035454545454545454
1 0.6794117647058824 0.37272727272727274 0.12823529411764706 0.03363636363636364
1 0.5470588235294118 0.4627272727272727 0.10941176470588235 0.03363636363636364
1 0.5876470588235294 0.8581818181818182 0.05647058823529412 0.04090909090909091
1 0.5073529411764706 0.8556818181818182 0.06411764705882353 0.04045454545454545
1 0.42911764705882355 0.3679545454545455 0.21705882352941178 0.038636363636363635
1 0.12029411764705883 0.6140909090909091 0.07470588235294118 0.031818181818181815
1 0.6729411764705883 0.9254545454545454 0.0611764705882353 0.03727272727272727
1 0.33676470588235297 0.8577272727272728 0.06647058823529411 0.04181818181818182
1 0.6758823529411765 0.576590909090909 0.22823529411764706 0.03227272727272727
1 0.13117647058823528 0.44795454545454544 0.04823529411764706 0.030454545454545453