1 0.4235294117647059 0.7318181818181818 0.26941176470588235 0.04727272727272727
1 0.39205882352941174 0.6868181818181818 0.17352941176470588 0.03909090909090909
1 0.7541176470588236 0.865909090909091 0.05058823529411765 0.04
1 0.8544117647058823 0.9431818181818182 0.04411764705882353 0.024545454545454544
1 0.4279411764705882 0.5731818181818182 0.2641176470588235 0.042727272727272725
1 0.39941176470588236 0.9313636363636364 0.04588235294117647 0.03727272727272727
1 0.08676470588235294 0.5304545454545454 0.06529411764705882 0.03363636363636364
1 0.8411764705882353 0.8681818181818182 0.06352941176470588 0.04
1 0.3714705882352941 0.6193181818181818 0.15 0.03318181818181818
1 0.38058823529411767 0.4627272727272727 0.17176470588235293 0.03272727272727273
1 0.4097058823529412 0.36977272727272725 0.22176470588235295 0.042272727272727274
1 0.09235294117647058 0.6870454545454545 0.07882352941176471 0.03590909090909091
1 0.09294117647058824 0.3693181818181818 0.07647058823529412 0.03590909090909091
1 0.12382352941176471 0.4552272727272727 0.10058823529411764 0.03681818181818182
1 0.5032352941176471 0.7827272727272727 0.11 0.034545454545454546
1 0.15205882352941177 0.9297727272727273 0.057058823529411766 0.04045454545454545
1 0.8255882352941176 0.576590909090909 0.07705882352941176 0.04045454545454545
1 0.32235294117647056 0.9322727272727273 0.04823529411764706 0.03727272727272727
1 0.15088235294117647 0.86 0.05352941176470588 0.04
1 0.4041176470588235 0.5304545454545454 0.21529411764705883 0.04090909090909091
1 0.24029411764705882 0.865 0.05352941176470588 0.038181818181818185
1 0.6970588235294117 0.5409090909090909 0.052941176470588235 0.025454545454545455
1 0.24 0.9354545454545454 0.05529411764705883 0.03909090909090909
1 0.3685294117647059 0.7811363636363636 0.15705882352941178 0.035
1 0.7564705882352941 0.935 0.05176470588235294 0.04
1 0.4102941176470588 0.8588636363636364 0.054705882352941174 0.04045454545454545
1 0.576764705882353 0.9388636363636363 0.0488235294117647 0.03681818181818182
1 0.09176470588235294 0.5702272727272727 0.09058823529411765 0.03409090909090909
1 0.586764705882353 0.8663636363636363 0.05823529411764706 0.04181818181818182
1 0.08647058823529412 0.41 0.07294117647058823 0.03636363636363636
1 0.6252941176470588 0.4643181818181818 0.0611764705882353 0.030454545454545453
1 0.5758823529411765 0.03977272727272727 0.09176470588235294 0.018636363636363635
1 0.4973529411764706 0.9381818181818182 0.05823529411764706 0.03636363636363636
1 0.6747058823529412 0.8656818181818182 0.05647058823529412 0.04409090909090909
1 0.10617647058823529 0.7697727272727273 0.08764705882352941 0.03409090909090909
1 0.09970588235294117 0.7293181818181819 0.09352941176470589 0.03590909090909091
1 0.9141176470588235 0.41659090909090907 0.07882352941176471 0.045909090909090906
1 0.09029411764705883 0.6140909090909091 0.0711764705882353 0.03272727272727273
1 0.6688235294117647 0.9286363636363636 0.05647058823529412 0.038181818181818185
1 0.3226470588235294 0.8611363636363636 0.057058823529411766 0.03772727272727273
1 0.46794117647058825 0.4131818181818182 0.33588235294117647 0.04454545454545455
1 0.29705882352941176 0.03590909090909091 0.03058823529411765 0.023636363636363636
1 0.7382352941176471 0.37113636363636365 0.07058823529411765 0.03681818181818182
1 0.5241176470588236 0.4636363636363636 0.12117647058823529 0.03090909090909091
1 0.7491176470588236 0.4138636363636364 0.22647058823529412 0.045909090909090906
1 0.5891176470588235 0.5361363636363636 0.15941176470588236 0.03590909090909091
1 0.6635294117647059 0.5740909090909091 0.20588235294117646 0.04363636363636364
1 0.5052941176470588 0.6193181818181818 0.1223529411764706 0.03227272727272727
1 0.5376470588235294 0.6909090909090909 0.11764705882352941 0.035454545454545454
1 0.643235294117647 0.6947727272727273 0.06294117647058824 0.02772727272727273
1 0.6144117647058823 0.7304545454545455 0.17352941176470588 0.04181818181818182
1 0.7702941176470588 0.7297727272727272 0.10764705882352942 0.038636363636363635
1 0.5979411764705882 0.7793181818181818 0.07823529411764706 0.03227272727272727