1 0.3888235294117647 0.6909090909090909 0.1952941176470588 0.038181818181818185
1 0.3914705882352941 0.4072727272727273 0.19823529411764707 0.03272727272727273
1 0.7611764705882353 0.8565909090909091 0.05764705882352941 0.03772727272727273
1 0.8488235294117648 0.9259090909090909 0.06588235294117648 0.03909090909090909
1 0.5344117647058824 0.6184090909090909 0.09823529411764706 0.035
1 0.41411764705882353 0.9259090909090909 0.06470588235294118 0.03909090909090909
1 0.8473529411764706 0.8563636363636363 0.06647058823529411 0.04
1 0.37823529411764706 0.615 0.1564705882352941 0.04363636363636364
1 0.3826470588235294 0.45454545454545453 0.1723529411764706 0.038181818181818185
1 0.6852941176470588 0.40295454545454545 0.02823529411764706 0.03681818181818182
1 0.10352941176470588 0.68 0.08588235294117647 0.03727272727272727
1 0.1011764705882353 0.4475 0.0811764705882353 0.03772727272727273
1 0.40647058823529414 0.7297727272727272 0.20705882352941177 0.03772727272727273
1 0.09441176470588235 0.40863636363636363 0.08058823529411764 0.035454545454545454
1 0.15705882352941178 0.9256818181818182 0.05647058823529412 0.038636363636363635
1 0.32441176470588234 0.9245454545454546 0.057058823529411766 0.04
1 0.15794117647058822 0.8602272727272727 0.05588235294117647 0.03772727272727273
1 0.39676470588235296 0.5236363636363637 0.18764705882352942 0.04454545454545455
1 0.095 0.5281818181818182 0.09705882352941177 0.03727272727272727
1 0.23911764705882352 0.8577272727272728 0.05823529411764706 0.038181818181818185
1 0.5576470588235294 0.5311363636363636 0.11411764705882353 0.02772727272727273
1 0.24088235294117646 0.9238636363636363 0.057058823529411766 0.038636363636363635
1 0.38794117647058823 0.7722727272727272 0.1688235294117647 0.03636363636363636
1 0.7573529411764706 0.9231818181818182 0.06294117647058824 0.04090909090909091
1 0.10558823529411765 0.3668181818181818 0.08529411764705883 0.03727272727272727
1 0.5414705882352941 0.7772727272727272 0.10294117647058823 0.03363636363636364
1 0.5961764705882353 0.40636363636363637 0.15823529411764706 0.03727272727272727
1 0.6455882352941177 0.36818181818181817 0.03470588235294118 0.03363636363636364
1 0.5526470588235294 0.36568181818181816 0.13117647058823528 0.03772727272727273
1 0.41970588235294115 0.8570454545454546 0.05823529411764706 0.038636363636363635
1 0.5894117647058823 0.9229545454545455 0.06588235294117648 0.03954545454545454
1 0.40294117647058825 0.5743181818181818 0.2011764705882353 0.035
1 0.586764705882353 0.8554545454545455 0.061764705882352944 0.04
1 0.10882352941176471 0.571590909090909 0.09294117647058824 0.03681818181818182
1 0.6082352941176471 0.45886363636363636 0.03294117647058824 0.035
1 0.6679411764705883 0.4575 0.06529411764705882 0.030454545454545453
1 0.6070588235294118 0.7331818181818182 0.14 0.035454545454545454
1 0.5023529411764706 0.9243181818181818 0.06705882352941177 0.03954545454545454
1 0.6694117647058824 0.8568181818181818 0.05411764705882353 0.04
1 0.7041176470588235 0.3613636363636364 0.07294117647058823 0.031818181818181815
1 0.10705882352941176 0.7677272727272727 0.08823529411764706 0.03636363636363636
1 0.10411764705882352 0.7236363636363636 0.09176470588235294 0.038181818181818185
1 0.5341176470588235 0.4552272727272727 0.10470588235294118 0.03409090909090909
1 0.5688235294117647 0.6915909090909091 0.11176470588235295 0.03590909090909091
1 0.5026470588235294 0.8570454545454546 0.061764705882352944 0.038636363636363635
1 0.7497058823529412 0.4056818181818182 0.08647058823529412 0.03590909090909091
1 0.39029411764705885 0.3618181818181818 0.19117647058823528 0.034545454545454546
1 0.1038235294117647 0.6134090909090909 0.09941176470588235 0.03772727272727273
1 0.6817647058823529 0.9268181818181818 0.07411764705882352 0.04090909090909091
1 0.3291176470588235 0.8570454545454546 0.054705882352941174 0.03772727272727273
1 0.5779411764705882 0.571590909090909 0.11941176470588236 0.035
1 0.30558823529411766 0.042272727272727274 0.039411764705882354 0.03
1 0.5523529411764706 0.04022727272727273 0.11058823529411765 0.02590909090909091