1 0.38088235294117645 0.7327272727272728 0.1676470588235294 0.042727272727272725
1 0.7626470588235295 0.8638636363636364 0.057058823529411766 0.04045454545454545
1 0.855 0.9272727272727272 0.0711764705882353 0.04090909090909091
1 0.5632352941176471 0.6138636363636364 0.025294117647058825 0.03409090909090909
1 0.4229411764705882 0.9302272727272727 0.06 0.038636363636363635
1 0.8494117647058823 0.8627272727272727 0.058823529411764705 0.04
1 0.41852941176470587 0.5738636363636364 0.24294117647058824 0.035
1 0.41 0.41545454545454547 0.2223529411764706 0.04
1 0.7735294117647059 0.5277272727272727 0.0976470588235294 0.035454545454545454
1 0.09411764705882353 0.6893181818181818 0.07411764705882352 0.03681818181818182
1 0.10588235294117647 0.4511363636363636 0.08705882352941176 0.03681818181818182
1 0.10911764705882353 0.3709090909090909 0.09588235294117647 0.03636363636363636
1 0.4588235294117647 0.7784090909090909 0.10235294117647059 0.03409090909090909
1 0.16441176470588234 0.9309090909090909 0.06529411764705882 0.038181818181818185
1 0.8185294117647058 0.5727272727272728 0.14176470588235293 0.03636363636363636
1 0.33 0.9311363636363637 0.05764705882352941 0.03772727272727273
1 0.16294117647058823 0.8631818181818182 0.06 0.038181818181818185
1 0.7305882352941176 0.5736363636363636 0.03058823529411765 0.034545454545454546
1 0.10294117647058823 0.5270454545454546 0.09411764705882353 0.03590909090909091
1 0.6144117647058823 0.6147727272727272 0.06647058823529411 0.030454545454545453
1 0.7911764705882353 0.3690909090909091 0.08 0.031818181818181815
1 0.25058823529411767 0.8638636363636364 0.06 0.03772727272727273
1 0.5970588235294118 0.5320454545454546 0.15294117647058825 0.03681818181818182
1 0.24823529411764705 0.9295454545454546 0.058823529411764705 0.038181818181818185
1 0.3473529411764706 0.7743181818181818 0.08647058823529412 0.03318181818181818
1 0.7629411764705882 0.9295454545454546 0.06470588235294118 0.03909090909090909
1 0.29705882352941176 0.03568181818181818 0.03882352941176471 0.023181818181818182
1 0.5797058823529412 0.7293181818181819 0.1923529411764706 0.03772727272727273
1 0.6055882352941176 0.4125 0.16058823529411764 0.03681818181818182
1 0.40058823529411763 0.3693181818181818 0.20705882352941177 0.03227272727272727
1 0.42264705882352943 0.8634090909090909 0.054705882352941174 0.04045454545454545
1 0.5955882352941176 0.9295454545454546 0.05941176470588235 0.038181818181818185
1 0.3935294117647059 0.5309090909090909 0.1988235294117647 0.03909090909090909
1 0.5617647058823529 0.4572727272727273 0.02823529411764706 0.03363636363636364
1 0.5902941176470589 0.8611363636363636 0.061764705882352944 0.04045454545454545
1 0.10764705882352942 0.40613636363636363 0.08588235294117647 0.03772727272727273
1 0.63 0.5718181818181818 0.15294117647058825 0.03
1 0.553235294117647 0.04022727272727273 0.09117647058823529 0.021363636363636362
1 0.7744117647058824 0.40954545454545455 0.09117647058823529 0.034545454545454546
1 0.5135294117647059 0.9390909090909091 0.07882352941176471 0.05181818181818182
1 0.6794117647058824 0.8613636363636363 0.06235294117647059 0.038181818181818185
1 0.5497058823529412 0.6879545454545455 0.17588235294117646 0.045
1 0.3720588235294118 0.4572727272727273 0.13823529411764707 0.03
1 0.09735294117647059 0.7729545454545454 0.07588235294117647 0.035
1 0.7211764705882353 0.37318181818181817 0.03529411764705882 0.03363636363636364
1 0.49823529411764705 0.45386363636363636 0.09647058823529411 0.03409090909090909
1 0.5029411764705882 0.8622727272727273 0.052941176470588235 0.04
1 0.71 0.41 0.036470588235294116 0.03636363636363636
1 0.10264705882352941 0.6134090909090909 0.08764705882352941 0.03590909090909091
1 0.6808823529411765 0.9338636363636363 0.057058823529411766 0.045
1 0.6064705882352941 0.3725 0.17882352941176471 0.03772727272727273
1 0.3347058823529412 0.8615909090909091 0.06352941176470588 0.03954545454545454
1 0.0888235294117647 0.7334090909090909 0.07529411764705882 0.03590909090909091
1 0.6176470588235294 0.4565909090909091 0.07529411764705882 0.03318181818181818
1 0.10441176470588236 0.5718181818181818 0.09588235294117647 0.03727272727272727
1 0.3658823529411765 0.6147727272727272 0.13529411764705881 0.030454545454545453
1 0.49264705882352944 0.6147727272727272 0.10529411764705883 0.030454545454545453
1 0.6947058823529412 0.5397727272727273 0.03058823529411765 0.029545454545454545
1 0.36823529411764705 0.6872727272727273 0.14470588235294118 0.04363636363636364