1 0.4052941176470588 0.6790909090909091 0.18941176470588236 0.038181818181818185
1 0.7723529411764706 0.8554545454545455 0.06823529411764706 0.03909090909090909
1 0.8485294117647059 0.9270454545454545 0.060588235294117644 0.038636363636363635
1 0.5223529411764706 0.6104545454545455 0.0611764705882353 0.03090909090909091
1 0.42470588235294116 0.9272727272727272 0.06 0.03636363636363636
1 0.5091176470588236 0.5243181818181818 0.03705882352941176 0.03409090909090909
1 0.8564705882352941 0.8565909090909091 0.06823529411764706 0.038636363636363635
1 0.38529411764705884 0.6093181818181819 0.1388235294117647 0.03954545454545454
1 0.4597058823529412 0.41045454545454546 0.3052941176470588 0.035454545454545454
1 0.11647058823529412 0.6822727272727273 0.08941176470588236 0.035454545454545454
1 0.11411764705882353 0.3663636363636364 0.10235294117647059 0.038181818181818185
1 0.11088235294117647 0.4486363636363636 0.09823529411764706 0.03909090909090909
1 0.48176470588235293 0.7254545454545455 0.34941176470588237 0.03727272727272727
1 0.17 0.9272727272727272 0.06352941176470588 0.03727272727272727
1 0.7776470588235294 0.7256818181818182 0.21176470588235294 0.04409090909090909
1 0.33676470588235297 0.9272727272727272 0.06294117647058824 0.03636363636363636
1 0.1673529411764706 0.8575 0.061764705882352944 0.03681818181818182
1 0.3941176470588235 0.5220454545454546 0.15529411764705883 0.03681818181818182
1 0.10647058823529412 0.5259090909090909 0.07176470588235294 0.034545454545454546
1 0.2488235294117647 0.86 0.05529411764705883 0.03727272727272727
1 0.2520588235294118 0.9270454545454545 0.060588235294117644 0.03772727272727273
1 0.3861764705882353 0.7684090909090909 0.1535294117647059 0.035
1 0.7629411764705882 0.9265909090909091 0.05764705882352941 0.038636363636363635
1 0.3038235294117647 0.030227272727272728 0.039411764705882354 0.02590909090909091
1 0.5226470588235295 0.7652272727272728 0.0888235294117647 0.035
1 0.5773529411764706 0.3679545454545455 0.09470588235294118 0.03409090909090909
1 0.42470588235294116 0.8593181818181819 0.05411764705882353 0.03772727272727273
1 0.5929411764705882 0.9259090909090909 0.05411764705882353 0.03727272727272727
1 0.4211764705882353 0.57 0.21529411764705883 0.03636363636363636
1 0.5911764705882353 0.8590909090909091 0.05764705882352941 0.03909090909090909
1 0.10823529411764705 0.4088636363636364 0.0988235294117647 0.038636363636363635
1 0.5635294117647058 0.03681818181818182 0.11529411764705882 0.023636363636363636
1 0.5870588235294117 0.5236363636363637 0.07764705882352942 0.03363636363636364
1 0.6958823529411765 0.4077272727272727 0.15411764705882353 0.03727272727272727
1 0.5117647058823529 0.9275 0.06470588235294118 0.03681818181818182
1 0.6811764705882353 0.8577272727272728 0.0611764705882353 0.03636363636363636
1 0.3885294117647059 0.4461363636363636 0.15470588235294117 0.03772727272727273
1 0.11441176470588235 0.7702272727272728 0.0888235294117647 0.035
1 0.11323529411764706 0.7240909090909091 0.08764705882352941 0.035454545454545454
1 0.5238235294117647 0.4475 0.08764705882352941 0.03409090909090909
1 0.5764705882352941 0.6813636363636364 0.10588235294117647 0.03363636363636364
1 0.5041176470588236 0.8602272727272727 0.047058823529411764 0.03772727272727273
1 0.5591176470588235 0.5645454545454546 0.031176470588235295 0.034545454545454546
1 0.4097058823529412 0.3668181818181818 0.20411764705882354 0.03727272727272727
1 0.1011764705882353 0.6143181818181818 0.07294117647058823 0.03681818181818182
1 0.678235294117647 0.9254545454545454 0.05529411764705883 0.03909090909090909
1 0.34205882352941175 0.8590909090909091 0.057058823529411766 0.03727272727272727
1 0.6511764705882352 0.5663636363636364 0.10941176470588235 0.034545454545454546
1 0.47294117647058825 0.6136363636363636 0.02823529411764706 0.04
1 0.1038235294117647 0.571590909090909 0.07352941176470588 0.04045454545454545