1 0.7611764705882353 0.8622727272727273 0.06470588235294118 0.03727272727272727
1 0.8458823529411764 0.9277272727272727 0.06235294117647059 0.038181818181818185
1 0.6535294117647059 0.5275 0.20941176470588235 0.035
1 0.4123529411764706 0.9270454545454545 0.05647058823529412 0.03590909090909091
1 0.8508823529411764 0.8627272727272727 0.0711764705882353 0.038181818181818185
1 0.37970588235294117 0.6118181818181818 0.16294117647058823 0.035454545454545454
1 0.7532352941176471 0.6856818181818182 0.17470588235294118 0.03772727272727273
1 0.4682352941176471 0.7254545454545455 0.34352941176470586 0.04090909090909091
1 0.7826470588235294 0.5370454545454545 0.033529411764705884 0.03227272727272727
1 0.4126470588235294 0.4106818181818182 0.2323529411764706 0.03681818181818182
1 0.10970588235294118 0.6790909090909091 0.09352941176470589 0.03636363636363636
1 0.7976470588235294 0.5734090909090909 0.02823529411764706 0.03409090909090909
1 0.11852941176470588 0.4495454545454545 0.09823529411764706 0.03636363636363636
1 0.615 0.7738636363636363 0.13117647058823528 0.03409090909090909
1 0.15470588235294117 0.9247727272727273 0.0611764705882353 0.038636363636363635
1 0.8752941176470588 0.5729545454545455 0.11294117647058824 0.03590909090909091
1 0.33205882352941174 0.9265909090909091 0.06764705882352941 0.03681818181818182
1 0.1635294117647059 0.8570454545454546 0.06588235294117648 0.038636363636363635
1 0.731764705882353 0.7336363636363636 0.17529411764705882 0.03090909090909091
1 0.4202941176470588 0.5245454545454545 0.23470588235294118 0.03909090909090909
1 0.11764705882352941 0.525 0.10352941176470588 0.03636363636363636
1 0.24294117647058824 0.8568181818181818 0.05647058823529412 0.03909090909090909
1 0.245 0.9256818181818182 0.06411764705882353 0.03681818181818182
1 0.4167647058823529 0.7693181818181818 0.23823529411764705 0.03954545454545454
1 0.7641176470588236 0.9265909090909091 0.06941176470588235 0.03772727272727273
1 0.10970588235294118 0.3634090909090909 0.0888235294117647 0.035
1 0.6220588235294118 0.4168181818181818 0.17941176470588235 0.03636363636363636
1 0.7541176470588236 0.37227272727272726 0.03529411764705882 0.03272727272727273
1 0.41911764705882354 0.8586363636363636 0.0688235294117647 0.03727272727272727
1 0.591764705882353 0.9286363636363636 0.06588235294117648 0.03636363636363636
1 0.12176470588235294 0.5659090909090909 0.10235294117647059 0.03636363636363636
1 0.6123529411764705 0.45636363636363636 0.029411764705882353 0.03272727272727273
1 0.585 0.8584090909090909 0.060588235294117644 0.038636363636363635
1 0.10735294117647058 0.40545454545454546 0.09470588235294118 0.03636363636363636
1 0.663235294117647 0.5711363636363637 0.22647058823529412 0.03772727272727273
1 0.5785294117647058 0.03659090909090909 0.11 0.025
1 0.8205882352941176 0.41659090909090907 0.10705882352941176 0.03590909090909091
1 0.7585294117647059 0.7713636363636364 0.06529411764705882 0.03090909090909091
1 0.5002941176470588 0.9277272727272727 0.060588235294117644 0.03727272727272727
1 0.9120588235294118 0.6884090909090909 0.06764705882352941 0.03590909090909091
1 0.7102941176470589 0.7790909090909091 0.026470588235294117 0.03090909090909091
1 0.8335294117647059 0.37454545454545457 0.11176470588235295 0.034545454545454546
1 0.4773529411764706 0.6818181818181818 0.35352941176470587 0.035454545454545454
1 0.8952941176470588 0.7290909090909091 0.08470588235294117 0.035454545454545454
1 0.3720588235294118 0.45340909090909093 0.13705882352941176 0.03681818181818182
1 0.1223529411764706 0.7661363636363636 0.1011764705882353 0.03590909090909091
1 0.11176470588235295 0.7211363636363637 0.0988235294117647 0.03681818181818182
1 0.5223529411764706 0.4561363636363636 0.12 0.03318181818181818
1 0.4979411764705882 0.86 0.0488235294117647 0.04090909090909091
1 0.8564705882352941 0.5279545454545455 0.1 0.03409090909090909
1 0.6647058823529411 0.6202272727272727 0.029411764705882353 0.031363636363636364
1 0.41294117647058826 0.36727272727272725 0.2188235294117647 0.03636363636363636
1 0.5502941176470588 0.6125 0.14882352941176472 0.03409090909090909
1 0.13323529411764706 0.6068181818181818 0.09941176470588235 0.03636363636363636
1 0.6776470588235294 0.9263636363636364 0.07176470588235294 0.03909090909090909
1 0.6391176470588236 0.36954545454545457 0.17705882352941177 0.03636363636363636
1 0.32441176470588234 0.8613636363636363 0.05235294117647059 0.038181818181818185
1 0.7241176470588235 0.6165909090909091 0.0811764705882353 0.030454545454545453
1 0.30264705882352944 0.03590909090909091 0.033529411764705884 0.025454545454545455
1 0.35058823529411764 0.035227272727272725 0.0611764705882353 0.020454545454545454
1 0.7420588235294118 0.42 0.028823529411764706 0.026363636363636363
1 0.6688235294117647 0.4593181818181818 0.06823529411764706 0.02590909090909091
1 0.42323529411764704 0.5720454545454545 0.24764705882352941 0.035
1 0.8588235294117647 0.6911363636363637 0.03764705882352941 0.02772727272727273
1 0.8394117647058823 0.735 0.02823529411764706 0.026363636363636363
1 0.6726470588235294 0.8604545454545455 0.06411764705882353 0.03909090909090909