1 0.4176470588235294 0.6861363636363637 0.2411764705882353 0.03318181818181818
1 0.42205882352941176 0.4125 0.2523529411764706 0.03227272727272727
1 0.7573529411764706 0.8584090909090909 0.060588235294117644 0.031363636363636364
1 0.8408823529411765 0.9279545454545455 0.061764705882352944 0.04045454545454545
1 0.41970588235294115 0.9259090909090909 0.07352941176470588 0.03909090909090909
1 0.8091176470588235 0.7722727272727272 0.09 0.03
1 0.11323529411764706 0.610909090909091 0.13117647058823528 0.034545454545454546
1 0.7247058823529412 0.7722727272727272 0.02823529411764706 0.04090909090909091
1 0.6585294117647059 0.6856818181818182 0.1888235294117647 0.03227272727272727
1 0.4470588235294118 0.7290909090909091 0.29058823529411765 0.03272727272727273
1 0.3170588235294118 0.03409090909090909 0.06 0.02
1 0.10647058823529412 0.6809090909090909 0.11294117647058824 0.04181818181818182
1 0.10941176470588235 0.45227272727272727 0.12 0.034545454545454546
1 0.11176470588235295 0.36522727272727273 0.12 0.03409090909090909
1 0.7005882352941176 0.7275 0.1811764705882353 0.030454545454545453
1 0.1585294117647059 0.9259090909090909 0.07352941176470588 0.03909090909090909
1 0.7008823529411765 0.5695454545454546 0.29705882352941176 0.035454545454545454
1 0.3332352941176471 0.9259090909090909 0.07235294117647059 0.035454545454545454
1 0.15911764705882353 0.8563636363636363 0.07705882352941176 0.04090909090909091
1 0.6488235294117647 0.4540909090909091 0.21176470588235294 0.035454545454545454
1 0.4244117647058824 0.5254545454545455 0.25588235294117645 0.034545454545454546
1 0.1126470588235294 0.5254545454545455 0.12529411764705883 0.034545454545454546
1 0.6882352941176471 0.6131818181818182 0.23529411764705882 0.031818181818181815
1 0.8776470588235294 0.3718181818181818 0.09647058823529411 0.031818181818181815
1 0.23970588235294119 0.8581818181818182 0.060588235294117644 0.03909090909090909
1 0.24205882352941177 0.9256818181818182 0.06411764705882353 0.038636363636363635
1 0.40852941176470586 0.7715909090909091 0.21470588235294116 0.03227272727272727
1 0.7588235294117647 0.9279545454545455 0.06705882352941177 0.03409090909090909
1 0.6194117647058823 0.7720454545454546 0.1423529411764706 0.03409090909090909
1 0.41352941176470587 0.8590909090909091 0.06352941176470588 0.03272727272727273
1 0.11323529411764706 0.4090909090909091 0.12058823529411765 0.035454545454545454
1 0.11441176470588235 0.5688636363636363 0.1323529411764706 0.03590909090909091
1 0.41294117647058826 0.5706818181818182 0.23058823529411765 0.035
1 0.6997058823529412 0.5270454545454546 0.25941176470588234 0.03590909090909091
1 0.41823529411764704 0.6143181818181818 0.23647058823529413 0.030454545454545453
1 0.5847058823529412 0.8595454545454545 0.06235294117647059 0.035454545454545454
1 0.6452941176470588 0.37113636363636365 0.20941176470588235 0.03318181818181818
1 0.6658823529411765 0.4113636363636364 0.21058823529411766 0.034545454545454546
1 0.7861764705882353 0.46136363636363636 0.03470588235294118 0.03363636363636364
1 0.5014705882352941 0.9281818181818182 0.0688235294117647 0.034545454545454546
1 0.875 0.6859090909090909 0.12176470588235294 0.034545454545454546
1 0.6770588235294117 0.8586363636363636 0.06588235294117648 0.03363636363636364
1 0.9135294117647059 0.7272727272727273 0.11058823529411765 0.038181818181818185
1 0.4082352941176471 0.45227272727272727 0.2235294117647059 0.03090909090909091
1 0.1126470588235294 0.7656818181818181 0.11235294117647059 0.03954545454545454
1 0.10882352941176471 0.7254545454545455 0.12352941176470589 0.034545454545454546
1 0.7914705882352941 0.4102272727272727 0.028823529411764706 0.035
1 0.49970588235294117 0.8593181818181819 0.06529411764705882 0.03227272727272727
1 0.87 0.4527272727272727 0.08588235294117647 0.035454545454545454
1 0.41323529411764703 0.3693181818181818 0.23823529411764705 0.031363636363636364
1 0.6723529411764706 0.9277272727272727 0.06352941176470588 0.034545454545454546
1 0.3332352941176471 0.8581818181818182 0.07 0.04
1 0.7779411764705882 0.6879545454545455 0.03823529411764706 0.03227272727272727
1 0.5629411764705883 0.03704545454545455 0.11764705882352941 0.019545454545454546
1 0.8247058823529412 0.735 0.03058823529411765 0.03363636363636364
1 0.8814705882352941 0.41363636363636364 0.10058823529411764 0.03090909090909091
1 0.7891176470588235 0.375 0.04647058823529412 0.03363636363636364
1 0.8435294117647059 0.8588636363636364 0.052941176470588235 0.03590909090909091
1 0.5923529411764706 0.9293181818181818 0.06705882352941177 0.03681818181818182