1 0.3552941176470588 0.6865909090909091 0.1 0.029545454545454545
1 0.38 0.3715909090909091 0.15411764705882353 0.03681818181818182
1 0.7552941176470588 0.865 0.047058823529411764 0.04181818181818182
1 0.8441176470588235 0.9290909090909091 0.058823529411764705 0.03727272727272727
1 0.5426470588235294 0.5718181818181818 0.13352941176470587 0.035454545454545454
1 0.41558823529411765 0.9281818181818182 0.04764705882352941 0.03636363636363636
1 0.5370588235294118 0.5297727272727273 0.11647058823529412 0.03772727272727273
1 0.3847058823529412 0.571590909090909 0.17647058823529413 0.03772727272727273
1 0.6120588235294118 0.7281818181818182 0.07 0.031818181818181815
1 0.39323529411764707 0.4131818181818182 0.17941176470588235 0.038181818181818185
1 0.6273529411764706 0.6870454545454545 0.09352941176470589 0.03954545454545454
1 0.3635294117647059 0.7279545454545454 0.1223529411764706 0.03590909090909091
1 0.09529411764705882 0.6877272727272727 0.07647058823529412 0.035454545454545454
1 0.095 0.4602272727272727 0.0688235294117647 0.035
1 0.6773529411764706 0.5272727272727272 0.07705882352941176 0.03727272727272727
1 0.0988235294117647 0.3718181818181818 0.07529411764705882 0.035454545454545454
1 0.46058823529411763 0.7777272727272727 0.02823529411764706 0.03363636363636364
1 0.558235294117647 0.7295454545454545 0.029411764705882353 0.03272727272727273
1 0.155 0.9290909090909091 0.05 0.038181818181818185
1 0.3288235294117647 0.9277272727272727 0.05764705882352941 0.03727272727272727
1 0.1511764705882353 0.8618181818181818 0.052941176470588235 0.03909090909090909
1 0.5526470588235294 0.4113636363636364 0.1288235294117647 0.03636363636363636
1 0.08852941176470588 0.5295454545454545 0.0711764705882353 0.03363636363636364
1 0.24352941176470588 0.8620454545454546 0.05411764705882353 0.03681818181818182
1 0.6152941176470588 0.5365909090909091 0.029411764705882353 0.03318181818181818
1 0.23794117647058824 0.9279545454545455 0.04647058823529412 0.03681818181818182
1 0.33941176470588236 0.7727272727272727 0.07529411764705882 0.03363636363636364
1 0.7591176470588236 0.9275 0.05235294117647059 0.038636363636363635
1 0.3 0.03954545454545454 0.04 0.022727272727272728
1 0.4111764705882353 0.8615909090909091 0.04588235294117647 0.03681818181818182
1 0.5832352941176471 0.9270454545454545 0.04647058823529412 0.038636363636363635
1 0.385 0.5277272727272727 0.17 0.03636363636363636
1 0.5882352941176471 0.8604545454545455 0.0611764705882353 0.03909090909090909
1 0.6282352941176471 0.5745454545454546 0.03058823529411765 0.03636363636363636
1 0.5558823529411765 0.04090909090909091 0.10352941176470588 0.02181818181818182
1 0.5032352941176471 0.9259090909090909 0.054705882352941174 0.038181818181818185
1 0.8476470588235294 0.8606818181818182 0.06 0.03772727272727273
1 0.6670588235294118 0.8618181818181818 0.047058823529411764 0.04
1 0.5394117647058824 0.3729545454545454 0.14 0.03681818181818182
1 0.35441176470588237 0.45636363636363636 0.11 0.034545454545454546
1 0.09705882352941177 0.7702272727272728 0.07882352941176471 0.035
1 0.09529411764705882 0.7334090909090909 0.07764705882352942 0.03409090909090909
1 0.35 0.6152272727272727 0.10470588235294118 0.03227272727272727
1 0.49529411764705883 0.8615909090909091 0.04941176470588235 0.03681818181818182
1 0.5617647058823529 0.6918181818181818 0.027058823529411764 0.03272727272727273
1 0.4520588235294118 0.45454545454545453 0.07823529411764706 0.03
1 0.09029411764705883 0.6190909090909091 0.07235294117647059 0.035454545454545454
1 0.6744117647058824 0.9263636363636364 0.05588235294117647 0.03636363636363636
1 0.32676470588235296 0.8625 0.05235294117647059 0.03681818181818182
1 0.6738235294117647 0.5709090909090909 0.061764705882352944 0.031818181818181815
1 0.09735294117647059 0.4138636363636364 0.07235294117647059 0.03681818181818182
1 0.09029411764705883 0.5747727272727273 0.07588235294117647 0.03590909090909091
1 0.4388235294117647 0.6129545454545454 0.07411764705882352 0.03409090909090909
1 0.4835294117647059 0.6190909090909091 0.021176470588235293 0.028181818181818183
1 0.5147058823529411 0.6093181818181819 0.047058823529411764 0.030454545454545453
1 0.47294117647058825 0.6856818181818182 0.1423529411764706 0.03590909090909091
1 0.48176470588235293 0.7265909090909091 0.1188235294117647 0.03681818181818182
1 0.41205882352941176 0.7745454545454545 0.07235294117647059 0.03
1 0.495 0.7713636363636364 0.04294117647058823 0.03