1 0.36705882352941177 0.41204545454545455 0.10352941176470588 0.03590909090909091
1 0.7529411764705882 0.8638636363636364 0.042352941176470586 0.03590909090909091
1 0.8355882352941176 0.9313636363636364 0.04764705882352941 0.03727272727272727
1 0.4026470588235294 0.9279545454545455 0.04411764705882353 0.03590909090909091
1 0.5017647058823529 0.5711363636363637 0.10823529411764705 0.03318181818181818
1 0.37058823529411766 0.6129545454545454 0.12117647058823529 0.03318181818181818
1 0.48294117647058826 0.41954545454545455 0.08352941176470588 0.023636363636363636
1 0.6052941176470589 0.77 0.06941176470588235 0.03090909090909091
1 0.37411764705882355 0.7247727272727272 0.14352941176470588 0.035
1 0.10470588235294118 0.6822727272727273 0.0611764705882353 0.035454545454545454
1 0.1011764705882353 0.4509090909090909 0.05176470588235294 0.035454545454545454
1 0.48970588235294116 0.7693181818181818 0.09705882352941177 0.03409090909090909
1 0.14676470588235294 0.9295454545454546 0.04294117647058823 0.03727272727272727
1 0.3214705882352941 0.9275 0.04411764705882353 0.03681818181818182
1 0.15294117647058825 0.8602272727272727 0.042352941176470586 0.03772727272727273
1 0.6352941176470588 0.7261363636363637 0.08823529411764706 0.03318181818181818
1 0.11029411764705882 0.5272727272727272 0.051176470588235295 0.03363636363636364
1 0.5852941176470589 0.6165909090909091 0.047058823529411764 0.029545454545454545
1 0.24147058823529413 0.8597727272727272 0.04058823529411765 0.03590909090909091
1 0.23705882352941177 0.9272727272727272 0.042352941176470586 0.035454545454545454
1 0.36823529411764705 0.7720454545454546 0.12705882352941175 0.03318181818181818
1 0.7547058823529412 0.9288636363636363 0.05058823529411765 0.03681818181818182
1 0.1011764705882353 0.3718181818181818 0.05764705882352941 0.034545454545454546
1 0.4011764705882353 0.8620454545454546 0.042352941176470586 0.03954545454545454
1 0.5788235294117647 0.9302272727272727 0.03411764705882353 0.028636363636363637
1 0.38176470588235295 0.5759090909090909 0.13176470588235295 0.035454545454545454
1 0.5694117647058824 0.5738636363636364 0.02823529411764706 0.030454545454545453
1 0.4873529411764706 0.6129545454545454 0.09470588235294118 0.03318181818181818
1 0.4335294117647059 0.46136363636363636 0.03058823529411765 0.026363636363636363
1 0.5808823529411765 0.8620454545454546 0.04294117647058823 0.03590909090909091
1 0.11058823529411765 0.5718181818181818 0.04823529411764706 0.035454545454545454
1 0.6120588235294118 0.5725 0.06294117647058824 0.031363636363636364
1 0.5670588235294117 0.03977272727272727 0.11411764705882353 0.022272727272727274
1 0.49823529411764705 0.9288636363636363 0.042352941176470586 0.03590909090909091
1 0.8352941176470589 0.8636363636363636 0.04 0.038181818181818185
1 0.6635294117647059 0.8611363636363636 0.042352941176470586 0.03681818181818182
1 0.36323529411764705 0.4515909090909091 0.09941176470588235 0.03590909090909091
1 0.105 0.7663636363636364 0.061764705882352944 0.034545454545454546
1 0.10676470588235294 0.7268181818181818 0.06294117647058824 0.03363636363636364
1 0.4723529411764706 0.45204545454545453 0.0611764705882353 0.03227272727272727
1 0.58 0.7265909090909091 0.02588235294117647 0.031363636363636364
1 0.4970588235294118 0.8613636363636363 0.04 0.03636363636363636
1 0.5508823529411765 0.6168181818181818 0.02176470588235294 0.03363636363636364
1 0.508235294117647 0.7252272727272727 0.1188235294117647 0.03409090909090909
1 0.10705882352941176 0.6079545454545454 0.04823529411764706 0.03590909090909091
1 0.6655882352941176 0.9279545454545455 0.05 0.03772727272727273
1 0.3264705882352941 0.8584090909090909 0.04588235294117647 0.03772727272727273
1 0.3064705882352941 0.038636363636363635 0.03764705882352941 0.023636363636363636
1 0.09852941176470588 0.4122727272727273 0.05352941176470588 0.031818181818181815
1 0.43323529411764705 0.42204545454545456 0.025294117647058825 0.022272727272727274
1 0.5576470588235294 0.7763636363636364 0.029411764705882353 0.024545454545454544