1 0.41441176470588237 0.4059090909090909 0.22411764705882353 0.03727272727272727
1 0.7573529411764706 0.7277272727272728 0.027647058823529413 0.03909090909090909
1 0.8064705882352942 0.7793181818181818 0.10941176470588235 0.03409090909090909
1 0.655 0.725909090909091 0.1652941176470588 0.035454545454545454
1 0.40058823529411763 0.45204545454545453 0.18941176470588236 0.03681818181818182
1 0.6891176470588235 0.6111363636363636 0.03470588235294118 0.03318181818181818
1 0.4067647058823529 0.6125 0.2076470588235294 0.03772727272727273
1 0.10176470588235294 0.6822727272727273 0.08352941176470588 0.035454545454545454
1 0.09323529411764706 0.4470454545454545 0.07941176470588235 0.03590909090909091
1 0.7226470588235294 0.5711363636363637 0.03235294117647059 0.030454545454545453
1 0.095 0.36227272727272725 0.07705882352941176 0.03636363636363636
1 0.6020588235294118 0.6129545454545454 0.13705882352941176 0.035
1 0.8094117647058824 0.5727272727272728 0.13176470588235295 0.035454545454545454
1 0.40647058823529414 0.7752272727272728 0.21529411764705883 0.035
1 0.0961764705882353 0.7277272727272728 0.08058823529411764 0.03636363636363636
1 0.7708823529411765 0.6154545454545455 0.11470588235294117 0.03363636363636364
1 0.10588235294117647 0.5236363636363637 0.09176470588235294 0.034545454545454546
1 0.4285294117647059 0.7256818181818182 0.25470588235294117 0.03772727272727273
1 0.6229411764705882 0.41 0.1635294117647059 0.03727272727272727
1 0.6102941176470589 0.7793181818181818 0.1711764705882353 0.035
1 0.41794117647058826 0.5720454545454545 0.24411764705882352 0.03318181818181818
1 0.09441176470588235 0.40386363636363637 0.08294117647058824 0.03590909090909091
1 0.10029411764705883 0.5611363636363637 0.08529411764705883 0.035
1 0.5735294117647058 0.03931818181818182 0.11058823529411765 0.022272727272727274
1 0.6588235294117647 0.4552272727272727 0.03176470588235294 0.03318181818181818
1 0.7214705882352941 0.7802272727272728 0.033529411764705884 0.03681818181818182
1 0.8385294117647059 0.7288636363636364 0.12058823529411765 0.035
1 0.0988235294117647 0.7693181818181818 0.08470588235294117 0.03681818181818182
1 0.7332352941176471 0.40863636363636363 0.028823529411764706 0.034545454545454546
1 0.576764705882353 0.4536363636363636 0.1264705882352941 0.035454545454545454
1 0.8305882352941176 0.4097727272727273 0.14705882352941177 0.03772727272727273
1 0.6282352941176471 0.5713636363636364 0.14 0.03636363636363636
1 0.09794117647058824 0.6065909090909091 0.08647058823529412 0.035
1 0.7429411764705882 0.4556818181818182 0.10588235294117647 0.03318181818181818
1 0.2685294117647059 0.032045454545454544 0.03 0.017727272727272727
1 0.325 0.03295454545454545 0.07 0.019545454545454546