1 0.7717647058823529 0.8613636363636363 0.07411764705882352 0.04
1 0.8547058823529412 0.9275 0.07411764705882352 0.04045454545454545
1 0.8864705882352941 0.5420454545454545 0.047058823529411764 0.038636363636363635
1 0.42176470588235293 0.9270454545454545 0.0611764705882353 0.04045454545454545
1 0.40441176470588236 0.6179545454545454 0.20176470588235293 0.026818181818181817
1 0.4414705882352941 0.41045454545454546 0.26176470588235295 0.03909090909090909
1 0.7676470588235295 0.730909090909091 0.25176470588235295 0.035454545454545454
1 0.40176470588235297 0.45795454545454545 0.18 0.03590909090909091
1 0.7473529411764706 0.6877272727272727 0.18176470588235294 0.03636363636363636
1 0.46911764705882353 0.7284090909090909 0.3335294117647059 0.038636363636363635
1 0.09411764705882353 0.6820454545454545 0.08235294117647059 0.035
1 0.7597058823529412 0.5318181818181819 0.20176470588235293 0.034545454545454546
1 0.12205882352941176 0.4531818181818182 0.07588235294117647 0.04
1 0.605 0.6193181818181818 0.1688235294117647 0.02772727272727273
1 0.16676470588235295 0.9254545454545454 0.07823529411764706 0.04363636363636364
1 0.7391176470588235 0.5704545454545454 0.26294117647058823 0.04090909090909091
1 0.3361764705882353 0.9240909090909091 0.0711764705882353 0.04
1 0.16852941176470587 0.855909090909091 0.0711764705882353 0.04090909090909091
1 0.5914705882352941 0.46136363636363636 0.11470588235294117 0.03272727272727273
1 0.48058823529411765 0.5259090909090909 0.3388235294117647 0.042727272727272725
1 0.10735294117647058 0.5236363636363637 0.09588235294117647 0.03636363636363636
1 0.25558823529411767 0.8602272727272727 0.07 0.042272727272727274
1 0.25323529411764706 0.925 0.0711764705882353 0.04181818181818182
1 0.40588235294117647 0.7770454545454546 0.20588235294117646 0.030454545454545453
1 0.768235294117647 0.9295454545454546 0.07294117647058823 0.04181818181818182
1 0.11088235294117647 0.36727272727272725 0.08058823529411764 0.035454545454545454
1 0.5826470588235294 0.7797727272727273 0.12764705882352942 0.03409090909090909
1 0.61 0.37795454545454543 0.05058823529411765 0.03772727272727273
1 0.4294117647058823 0.8597727272727272 0.07294117647058823 0.04045454545454545
1 0.5982352941176471 0.9293181818181818 0.07529411764705882 0.042272727272727274
1 0.11323529411764706 0.5711363636363637 0.10176470588235294 0.03590909090909091
1 0.47058823529411764 0.6861363636363637 0.3341176470588235 0.03590909090909091
1 0.4526470588235294 0.5709090909090909 0.3029411764705882 0.04090909090909091
1 0.5985294117647059 0.8636363636363636 0.060588235294117644 0.05181818181818182
1 0.11676470588235294 0.41 0.09 0.03909090909090909
1 0.5885294117647059 0.03681818181818182 0.13352941176470587 0.025454545454545455
1 0.5970588235294118 0.4131818181818182 0.03529411764705882 0.04
1 0.7208823529411764 0.41363636363636364 0.20411764705882354 0.03727272727272727
1 0.5108823529411765 0.9259090909090909 0.06647058823529411 0.04090909090909091
1 0.6870588235294117 0.8586363636363636 0.07411764705882352 0.04363636363636364
1 0.10470588235294118 0.77 0.09176470588235294 0.03636363636363636
1 0.09588235294117647 0.725909090909091 0.08823529411764706 0.03636363636363636
1 0.7879411764705883 0.37386363636363634 0.1888235294117647 0.03227272727272727
1 0.5117647058823529 0.4606818181818182 0.03176470588235294 0.03590909090909091
1 0.5141176470588236 0.8636363636363636 0.06941176470588235 0.04818181818181818
1 0.45 0.36886363636363634 0.2447058823529412 0.03772727272727273
1 0.11705882352941177 0.610909090909091 0.10352941176470588 0.03727272727272727
1 0.6817647058823529 0.9275 0.0611764705882353 0.03954545454545454
1 0.34558823529411764 0.8579545454545454 0.07470588235294118 0.042272727272727274
1 0.3332352941176471 0.03363636363636364 0.03470588235294118 0.025454545454545455
1 0.7714705882352941 0.6186363636363637 0.0888235294117647 0.031818181818181815
1 0.7126470588235294 0.6188636363636364 0.031176470588235295 0.02772727272727273
1 0.8917647058823529 0.5736363636363636 0.036470588235294116 0.03727272727272727
1 0.9552941176470588 0.5720454545454545 0.08941176470588236 0.042272727272727274
1 0.8594117647058823 0.8618181818181818 0.0811764705882353 0.04