1 0.385 0.6859090909090909 0.1676470588235294 0.038181818181818185
1 0.38235294117647056 0.3704545454545455 0.15529411764705883 0.03727272727272727
1 0.7658823529411765 0.8593181818181819 0.06235294117647059 0.04045454545454545
1 0.8520588235294118 0.9315909090909091 0.060588235294117644 0.045
1 0.5779411764705882 0.5727272727272728 0.22058823529411764 0.035454545454545454
1 0.41852941176470587 0.9277272727272727 0.0488235294117647 0.04
1 0.8476470588235294 0.860909090909091 0.05411764705882353 0.04
1 0.34647058823529414 0.6131818181818182 0.08470588235294117 0.035454545454545454
1 0.42323529411764704 0.41363636363636364 0.25823529411764706 0.034545454545454546
1 0.5055882352941177 0.5329545454545455 0.17352941176470588 0.03590909090909091
1 0.7235294117647059 0.6827272727272727 0.11058823529411765 0.035454545454545454
1 0.4158823529411765 0.7297727272727272 0.2211764705882353 0.03681818181818182
1 0.08794117647058823 0.5270454545454546 0.08647058823529412 0.03681818181818182
1 0.09294117647058824 0.36772727272727274 0.07529411764705882 0.034545454545454546
1 0.08941176470588236 0.4577272727272727 0.08235294117647059 0.03727272727272727
1 0.6288235294117647 0.7306818181818182 0.18588235294117647 0.03681818181818182
1 0.15794117647058822 0.9304545454545454 0.051176470588235295 0.04090909090909091
1 0.8041176470588235 0.571590909090909 0.13176470588235295 0.03590909090909091
1 0.3417647058823529 0.9293181818181818 0.06588235294117648 0.03772727272727273
1 0.16676470588235295 0.8572727272727273 0.0711764705882353 0.04090909090909091
1 0.7547058823529412 0.7761363636363636 0.12588235294117647 0.03772727272727273
1 0.3761764705882353 0.5695454545454546 0.1511764705882353 0.034545454545454546
1 0.2511764705882353 0.8579545454545454 0.06 0.04045454545454545
1 0.6897058823529412 0.5363636363636364 0.09705882352941177 0.03363636363636364
1 0.2523529411764706 0.9302272727272727 0.058823529411764705 0.038636363636363635
1 0.3814705882352941 0.7775 0.16176470588235295 0.03590909090909091
1 0.7641176470588236 0.9265909090909091 0.05529411764705883 0.04045454545454545
1 0.30058823529411766 0.037954545454545456 0.041176470588235294 0.022272727272727274
1 0.5561764705882353 0.7770454545454546 0.14529411764705882 0.03318181818181818
1 0.6547058823529411 0.4125 0.19294117647058823 0.03772727272727273
1 0.6685294117647059 0.3704545454545455 0.10058823529411764 0.03363636363636364
1 0.4238235294117647 0.8588636363636364 0.060588235294117644 0.03954545454545454
1 0.5902941176470589 0.9288636363636363 0.05352941176470588 0.03772727272727273
1 0.35764705882352943 0.5311363636363636 0.11529411764705882 0.03772727272727273
1 0.5897058823529412 0.8611363636363636 0.05941176470588235 0.03772727272727273
1 0.09029411764705883 0.4090909090909091 0.07823529411764706 0.03636363636363636
1 0.09852941176470588 0.5725 0.07352941176470588 0.03590909090909091
1 0.5270588235294118 0.03954545454545454 0.06235294117647059 0.022727272727272728
1 0.6361764705882353 0.46636363636363637 0.033529411764705884 0.035454545454545454
1 0.7038235294117647 0.4634090909090909 0.09235294117647058 0.031363636363636364
1 0.5079411764705882 0.9272727272727272 0.0688235294117647 0.04
1 0.6814705882352942 0.8640909090909091 0.061764705882352944 0.03909090909090909
1 0.528235294117647 0.3718181818181818 0.11764705882352941 0.03636363636363636
1 0.5502941176470588 0.6838636363636363 0.12294117647058823 0.038636363636363635
1 0.8561764705882353 0.7295454545454545 0.15 0.03727272727272727
1 0.38794117647058823 0.4590909090909091 0.17352941176470588 0.03727272727272727
1 0.08970588235294118 0.7725 0.0688235294117647 0.03318181818181818
1 0.5485294117647059 0.46136363636363636 0.1288235294117647 0.035454545454545454
1 0.658235294117647 0.7870454545454545 0.02823529411764706 0.03681818181818182
1 0.5002941176470588 0.8645454545454545 0.05588235294117647 0.04
1 0.846764705882353 0.40954545454545455 0.11470588235294117 0.03636363636363636
1 0.6076470588235294 0.6170454545454546 0.09529411764705882 0.03409090909090909
1 0.10205882352941177 0.6154545454545455 0.07823529411764706 0.03636363636363636
1 0.6811764705882353 0.9263636363636364 0.058823529411764705 0.03909090909090909
1 0.335 0.8627272727272727 0.05941176470588235 0.04090909090909091
1 0.7188235294117648 0.5747727272727273 0.03411764705882353 0.03409090909090909
1 0.7535294117647059 0.7290909090909091 0.03529411764705882 0.034545454545454546
1 0.6038235294117648 0.38295454545454544 0.028823529411764706 0.022272727272727274
1 0.7685294117647059 0.41409090909090907 0.031176470588235295 0.04363636363636364
1 0.6126470588235294 0.5459090909090909 0.028823529411764706 0.024545454545454544
1 0.5473529411764706 0.6272727272727273 0.031176470588235295 0.028181818181818183
1 0.4652941176470588 0.6172727272727273 0.14 0.02909090909090909
1 0.6429411764705882 0.6940909090909091 0.05764705882352941 0.022727272727272728
1 0.0826470588235294 0.7325 0.07 0.028636363636363637
1 0.08470588235294117 0.6865909090909091 0.06352941176470588 0.028636363636363637