1 0.4888235294117647 0.6156818181818182 0.08705882352941176 0.03318181818181818
1 0.575 0.5743181818181818 0.1323529411764706 0.03409090909090909
1 0.7664705882352941 0.7354545454545455 0.08352941176470588 0.034545454545454546
1 0.3935294117647059 0.5745454545454546 0.1776470588235294 0.03363636363636364
1 0.39323529411764707 0.41295454545454546 0.17941176470588235 0.038636363636363635
1 0.41323529411764703 0.7270454545454546 0.22058823529411764 0.03772727272727273
1 0.09852941176470588 0.6829545454545455 0.0688235294117647 0.03409090909090909
1 0.0888235294117647 0.4475 0.06941176470588235 0.03590909090909091
1 0.6694117647058824 0.4590909090909091 0.05529411764705883 0.03
1 0.09382352941176471 0.36727272727272725 0.07352941176470588 0.03636363636363636
1 0.5994117647058823 0.7279545454545454 0.15764705882352942 0.03681818181818182
1 0.09205882352941176 0.7681818181818182 0.07235294117647059 0.03727272727272727
1 0.7594117647058823 0.5752272727272727 0.1 0.03409090909090909
1 0.3602941176470588 0.7754545454545455 0.11352941176470588 0.028181818181818183
1 0.095 0.7334090909090909 0.0711764705882353 0.03590909090909091
1 0.6705882352941176 0.576590909090909 0.03411764705882353 0.031363636363636364
1 0.5832352941176471 0.4122727272727273 0.1476470588235294 0.03727272727272727
1 0.6238235294117647 0.7804545454545454 0.045294117647058825 0.02909090909090909
1 0.5988235294117648 0.46386363636363637 0.027058823529411764 0.03227272727272727
1 0.5091176470588236 0.4581818181818182 0.09823529411764706 0.03272727272727273
1 0.5755882352941176 0.7895454545454546 0.019411764705882354 0.03272727272727273
1 0.09029411764705883 0.5270454545454546 0.06764705882352941 0.035
1 0.5682352941176471 0.04045454545454545 0.1188235294117647 0.02181818181818182
1 0.7741176470588236 0.4152272727272727 0.10823529411764705 0.03681818181818182
1 0.4929411764705882 0.7781818181818182 0.08470588235294117 0.028181818181818183
1 0.7020588235294117 0.7325 0.03 0.03318181818181818
1 0.36705882352941177 0.4536363636363636 0.12588235294117647 0.03727272727272727
1 0.6035294117647059 0.6268181818181818 0.058823529411764705 0.02909090909090909
1 0.6855882352941176 0.41613636363636364 0.03470588235294118 0.03318181818181818
1 0.35794117647058826 0.615 0.11470588235294117 0.034545454545454546
1 0.08647058823529412 0.6018181818181818 0.06823529411764706 0.03727272727272727
1 0.27647058823529413 0.03409090909090909 0.03882352941176471 0.02
1 0.09205882352941176 0.4118181818181818 0.06647058823529411 0.03
1 0.08794117647058823 0.5695454545454546 0.06529411764705882 0.03
1 0.5514705882352942 0.6279545454545454 0.028823529411764706 0.03227272727272727