1 0.395 0.6836363636363636 0.1923529411764706 0.03636363636363636
1 0.7579411764705882 0.8629545454545454 0.05941176470588235 0.03681818181818182
1 0.8432352941176471 0.93 0.060588235294117644 0.038181818181818185
1 0.4076470588235294 0.9275 0.052941176470588235 0.03681818181818182
1 0.8438235294117648 0.8652272727272727 0.06294117647058824 0.03681818181818182
1 0.3720588235294118 0.6220454545454546 0.14529411764705882 0.03590909090909091
1 0.5338235294117647 0.5363636363636364 0.11705882352941177 0.031818181818181815
1 0.6438235294117647 0.7793181818181818 0.08411764705882353 0.028636363636363637
1 0.4111764705882353 0.4163636363636364 0.2235294117647059 0.031818181818181815
1 0.6835294117647058 0.6906818181818182 0.0988235294117647 0.03227272727272727
1 0.41823529411764704 0.7322727272727273 0.24941176470588236 0.03090909090909091
1 0.08147058823529411 0.6879545454545455 0.08058823529411764 0.03409090909090909
1 0.08852941176470588 0.45795454545454545 0.07470588235294118 0.03681818181818182
1 0.10941176470588235 0.36318181818181816 0.10352941176470588 0.038181818181818185
1 0.513235294117647 0.7788636363636363 0.10647058823529412 0.029545454545454545
1 0.6223529411764706 0.7338636363636364 0.16823529411764707 0.03227272727272727
1 0.14823529411764705 0.9288636363636363 0.05176470588235294 0.03772727272727273
1 0.7761764705882352 0.5797727272727272 0.10764705882352942 0.030454545454545453
1 0.3347058823529412 0.9281818181818182 0.05764705882352941 0.03727272727272727
1 0.1535294117647059 0.8561363636363636 0.05176470588235294 0.03772727272727273
1 0.7338235294117647 0.7304545454545455 0.028823529411764706 0.03363636363636364
1 0.08470588235294117 0.5265909090909091 0.07529411764705882 0.03590909090909091
1 0.6170588235294118 0.6170454545454546 0.07411764705882352 0.028636363636363637
1 0.24529411764705883 0.8588636363636364 0.05529411764705883 0.03590909090909091
1 0.2388235294117647 0.9288636363636363 0.05411764705882353 0.03681818181818182
1 0.37676470588235295 0.7777272727272727 0.1676470588235294 0.03363636363636364
1 0.7555882352941177 0.9286363636363636 0.04764705882352941 0.038181818181818185
1 0.6502941176470588 0.4597727272727273 0.07588235294117647 0.030454545454545453
1 0.6458823529411765 0.3781818181818182 0.03058823529411765 0.03090909090909091
1 0.5955882352941176 0.41818181818181815 0.14647058823529413 0.035454545454545454
1 0.4076470588235294 0.8606818181818182 0.05529411764705883 0.03772727272727273
1 0.5802941176470588 0.928409090909091 0.057058823529411766 0.03772727272727273
1 0.3841176470588235 0.5329545454545455 0.16941176470588235 0.03409090909090909
1 0.5982352941176471 0.46295454545454545 0.027058823529411764 0.03318181818181818
1 0.5117647058823529 0.465 0.11647058823529412 0.03363636363636364
1 0.5858823529411765 0.78 0.02823529411764706 0.03272727272727273
1 0.09 0.4122727272727273 0.08705882352941176 0.03727272727272727
1 0.08147058823529411 0.57 0.07235294117647059 0.035454545454545454
1 0.6032352941176471 0.5729545454545455 0.15470588235294117 0.035
1 0.5505882352941176 0.038863636363636364 0.09411764705882353 0.025
1 0.763235294117647 0.4209090909090909 0.11352941176470588 0.03363636363636364
1 0.4988235294117647 0.928409090909091 0.06352941176470588 0.03681818181818182
1 0.6691176470588235 0.8640909090909091 0.057058823529411766 0.038181818181818185
1 0.5685294117647058 0.37681818181818183 0.11941176470588236 0.034545454545454546
1 0.8194117647058824 0.7286363636363636 0.1376470588235294 0.03636363636363636
1 0.3761764705882353 0.45636363636363636 0.1535294117647059 0.035454545454545454
1 0.07647058823529412 0.7725 0.07294117647058823 0.035
1 0.08323529411764706 0.7304545454545455 0.07588235294117647 0.035454545454545454
1 0.7061764705882353 0.3784090909090909 0.09235294117647058 0.03318181818181818
1 0.6208823529411764 0.6902272727272727 0.03235294117647059 0.030454545454545453
1 0.4970588235294118 0.8602272727272727 0.058823529411764705 0.038636363636363635
1 0.6638235294117647 0.5320454545454546 0.07235294117647059 0.03227272727272727
1 0.5676470588235294 0.6186363636363637 0.027058823529411764 0.03
1 0.4011764705882353 0.36977272727272725 0.19647058823529412 0.03772727272727273
1 0.5417647058823529 0.6920454545454545 0.10352941176470588 0.02772727272727273
1 0.08970588235294118 0.6134090909090909 0.07588235294117647 0.03590909090909091
1 0.6697058823529412 0.9281818181818182 0.05588235294117647 0.03909090909090909
1 0.32323529411764707 0.8581818181818182 0.05 0.038181818181818185
1 0.7085294117647059 0.5756818181818182 0.031176470588235295 0.03318181818181818
1 0.31411764705882356 0.035227272727272725 0.04823529411764706 0.02590909090909091
1 0.5002941176470588 0.6225 0.10764705882352942 0.028636363636363637
1 0.4041176470588235 0.5759090909090909 0.2223529411764706 0.04090909090909091
1 0.6126470588235294 0.5390909090909091 0.031176470588235295 0.026363636363636363
1 0.6897058823529412 0.425 0.03 0.03090909090909091
1 0.5826470588235294 0.8677272727272727 0.05352941176470588 0.034545454545454546
1 0.8226470588235294 0.7377272727272727 0.14176470588235293 0.03909090909090909