1 0.4373529411764706 0.6152272727272727 0.15705882352941178 0.04045454545454545
1 0.4385294117647059 0.5286363636363637 0.14529411764705882 0.04
1 0.7608823529411765 0.8629545454545454 0.06294117647058824 0.03590909090909091
1 0.836764705882353 0.9286363636363636 0.054705882352941174 0.03363636363636364
1 0.40852941176470586 0.9277272727272727 0.054705882352941174 0.03636363636363636
1 0.46205882352941174 0.5709090909090909 0.21 0.04181818181818182
1 0.8055882352941176 0.78 0.09588235294117647 0.03272727272727273
1 0.10352941176470588 0.5702272727272727 0.08 0.03681818181818182
1 0.6435294117647059 0.7784090909090909 0.14588235294117646 0.03318181818181818
1 0.5073529411764706 0.46090909090909093 0.2958823529411765 0.03909090909090909
1 0.3170588235294118 0.03409090909090909 0.042352941176470586 0.024545454545454544
1 0.10558823529411765 0.4495454545454545 0.08294117647058824 0.035454545454545454
1 0.15 0.9231818181818182 0.05529411764705883 0.03909090909090909
1 0.7838235294117647 0.7315909090909091 0.13705882352941176 0.03954545454545454
1 0.32176470588235295 0.9238636363636363 0.05529411764705883 0.03954545454545454
1 0.14911764705882352 0.8593181818181819 0.04647058823529412 0.038636363636363635
1 0.10705882352941176 0.5238636363636363 0.08705882352941176 0.03954545454545454
1 0.235 0.8595454545454545 0.05 0.038181818181818185
1 0.2426470588235294 0.9229545454545455 0.05588235294117647 0.03772727272727273
1 0.4576470588235294 0.7763636363636364 0.22705882352941176 0.03727272727272727
1 0.7552941176470588 0.9275 0.05647058823529412 0.03954545454545454
1 0.11735294117647059 0.3659090909090909 0.08647058823529412 0.035454545454545454
1 0.4088235294117647 0.8581818181818182 0.05411764705882353 0.03909090909090909
1 0.5805882352941176 0.9279545454545455 0.04941176470588235 0.03409090909090909
1 0.585 0.8590909090909091 0.051176470588235295 0.03727272727272727
1 0.10911764705882353 0.40863636363636363 0.09 0.03636363636363636
1 0.10882352941176471 0.6815909090909091 0.0976470588235294 0.041363636363636366
1 0.6552941176470588 0.5734090909090909 0.16705882352941176 0.04045454545454545
1 0.585 0.03909090909090909 0.12176470588235294 0.023636363636363636
1 0.5223529411764706 0.4127272727272727 0.35411764705882354 0.04090909090909091
1 0.7547058823529412 0.46090909090909093 0.18823529411764706 0.03727272727272727
1 0.7352941176470589 0.7838636363636363 0.03882352941176471 0.026818181818181817
1 0.4973529411764706 0.9275 0.054705882352941174 0.038636363636363635
1 0.6705882352941176 0.8606818181818182 0.05411764705882353 0.03681818181818182
1 0.5344117647058824 0.6838636363636363 0.3029411764705882 0.03590909090909091
1 0.9155882352941176 0.7320454545454546 0.07588235294117647 0.04409090909090909
1 0.10029411764705883 0.7693181818181818 0.09235294117647058 0.03772727272727273
1 0.10911764705882353 0.7254545454545455 0.09352941176470589 0.04181818181818182
1 0.49970588235294117 0.8579545454545454 0.05588235294117647 0.03772727272727273
1 0.8108823529411765 0.41659090909090907 0.22176470588235295 0.04318181818181818
1 0.605 0.6177272727272727 0.14529411764705882 0.034545454545454546
1 0.5405882352941176 0.7279545454545454 0.34705882352941175 0.04318181818181818
1 0.10264705882352941 0.6102272727272727 0.07705882352941176 0.03681818181818182
1 0.6708823529411765 0.9281818181818182 0.057058823529411766 0.038181818181818185
1 0.5061764705882353 0.37022727272727274 0.31941176470588234 0.038636363636363635
1 0.3291176470588235 0.8606818181818182 0.05588235294117647 0.041363636363636366
1 0.7735294117647059 0.6881818181818182 0.16823529411764707 0.04090909090909091
1 0.7544117647058823 0.37204545454545457 0.18411764705882352 0.041363636363636366
1 0.5611764705882353 0.5293181818181818 0.11058823529411765 0.045909090909090906
1 0.8747058823529412 0.6956818181818182 0.03058823529411765 0.028636363636363637
1 0.9176470588235294 0.6915909090909091 0.05764705882352941 0.031363636363636364
1 0.8691176470588236 0.7336363636363636 0.027647058823529413 0.038181818181818185
1 0.8423529411764706 0.8629545454545454 0.0611764705882353 0.03681818181818182