1 0.4447058823529412 0.6865909090909091 0.2788235294117647 0.04045454545454545
1 0.5902941176470589 0.7795454545454545 0.11352941176470588 0.02727272727272727
1 0.7579411764705882 0.8645454545454545 0.061764705882352944 0.04090909090909091
1 0.8555882352941176 0.9329545454545455 0.08058823529411764 0.042272727272727274
1 0.4238235294117647 0.9268181818181818 0.06294117647058824 0.04
1 0.5126470588235295 0.5309090909090909 0.15470588235294117 0.03727272727272727
1 0.3564705882352941 0.6193181818181818 0.10470588235294118 0.03409090909090909
1 0.41147058823529414 0.4597727272727273 0.21705882352941178 0.03772727272727273
1 0.6670588235294118 0.69 0.15058823529411763 0.03272727272727273
1 0.42705882352941177 0.7340909090909091 0.2564705882352941 0.03
1 0.44088235294117645 0.36954545454545457 0.2817647058823529 0.04363636363636364
1 0.11588235294117646 0.6827272727272727 0.09176470588235294 0.03727272727272727
1 0.7161764705882353 0.5322727272727272 0.14294117647058824 0.03636363636363636
1 0.10088235294117646 0.4536363636363636 0.09941176470588235 0.04181818181818182
1 0.15323529411764705 0.9277272727272727 0.06294117647058824 0.04
1 0.3305882352941176 0.9265909090909091 0.06941176470588235 0.038636363636363635
1 0.1635294117647059 0.8590909090909091 0.07058823529411765 0.03909090909090909
1 0.6479411764705882 0.7363636363636363 0.14058823529411765 0.02909090909090909
1 0.59 0.45954545454545453 0.12352941176470589 0.038181818181818185
1 0.10941176470588235 0.5231818181818182 0.08705882352941176 0.03727272727272727
1 0.6291176470588236 0.6215909090909091 0.09470588235294118 0.03318181818181818
1 0.24735294117647058 0.8590909090909091 0.06411764705882353 0.03909090909090909
1 0.6567647058823529 0.5825 0.025294117647058825 0.030454545454545453
1 0.23941176470588235 0.9256818181818182 0.058823529411764705 0.03954545454545454
1 0.4108823529411765 0.7752272727272728 0.2111764705882353 0.03318181818181818
1 0.7567647058823529 0.928409090909091 0.06764705882352941 0.042272727272727274
1 0.10794117647058823 0.36704545454545456 0.08294117647058824 0.04045454545454545
1 0.6461764705882352 0.42204545454545456 0.15470588235294117 0.028636363636363637
1 0.6717647058823529 0.37522727272727274 0.17882352941176471 0.03590909090909091
1 0.4314705882352941 0.415 0.2605882352941176 0.03636363636363636
1 0.4211764705882353 0.86 0.06823529411764706 0.03909090909090909
1 0.5888235294117647 0.9384090909090909 0.07529411764705882 0.053181818181818184
1 0.10823529411764705 0.5665909090909091 0.08588235294117647 0.03590909090909091
1 0.37029411764705883 0.53 0.13 0.038181818181818185
1 0.6138235294117647 0.5431818181818182 0.03470588235294118 0.03909090909090909
1 0.5402941176470588 0.5797727272727272 0.17588235294117646 0.028636363636363637
1 0.5897058823529412 0.8618181818181818 0.07 0.038181818181818185
1 0.10647058823529412 0.40636363636363637 0.08588235294117647 0.04
1 0.7294117647058823 0.46545454545454545 0.06470588235294118 0.03
1 0.5005882352941177 0.9420454545454545 0.07176470588235294 0.06318181818181819
1 0.8479411764705882 0.8681818181818182 0.08058823529411764 0.05
1 0.6723529411764706 0.8611363636363636 0.0611764705882353 0.03772727272727273
1 0.7958823529411765 0.38272727272727275 0.05647058823529412 0.03636363636363636
1 0.12029411764705883 0.7727272727272727 0.09117647058823529 0.04727272727272727
1 0.11382352941176471 0.7240909090909091 0.08294117647058824 0.03909090909090909
1 0.74 0.4243181818181818 0.03411764705882353 0.03318181818181818
1 0.5008823529411764 0.8606818181818182 0.07235294117647059 0.038636363636363635
1 0.8808823529411764 0.3770454545454546 0.09470588235294118 0.03409090909090909
1 0.558235294117647 0.6318181818181818 0.027058823529411764 0.035454545454545454
1 0.10588235294117647 0.6125 0.08941176470588236 0.038636363636363635
1 0.6691176470588235 0.9365909090909091 0.060588235294117644 0.04681818181818182
1 0.3352941176470588 0.8586363636363636 0.06823529411764706 0.03909090909090909
1 0.7191176470588235 0.5786363636363636 0.09823529411764706 0.03363636363636364
1 0.7958823529411765 0.42159090909090907 0.08823529411764706 0.03227272727272727
1 0.6729411764705883 0.4672727272727273 0.036470588235294116 0.04090909090909091
1 0.37 0.5740909090909091 0.14705882352941177 0.03636363636363636
1 0.4761764705882353 0.6188636363636364 0.1323529411764706 0.03409090909090909