1 0.3826470588235294 0.6781818181818182 0.15941176470588236 0.038181818181818185
1 0.5323529411764706 0.6856818181818182 0.11647058823529412 0.023181818181818182
1 0.7617647058823529 0.8575 0.0611764705882353 0.038636363636363635
1 0.8441176470588235 0.9256818181818182 0.07176470588235294 0.041363636363636366
1 0.4061764705882353 0.9209090909090909 0.054705882352941174 0.03909090909090909
1 0.37411764705882355 0.6127272727272727 0.15411764705882353 0.03090909090909091
1 0.3905882352941176 0.45295454545454544 0.17529411764705882 0.031363636363636364
1 0.6085294117647059 0.6945454545454546 0.033529411764705884 0.034545454545454546
1 0.43058823529411766 0.4077272727272727 0.25176470588235295 0.031818181818181815
1 0.08441176470588235 0.6793181818181818 0.06529411764705882 0.03590909090909091
1 0.10352941176470588 0.44272727272727275 0.0976470588235294 0.03636363636363636
1 0.41352941176470587 0.7220454545454545 0.2235294117647059 0.038636363636363635
1 0.0976470588235294 0.3584090909090909 0.08352941176470588 0.035
1 0.49911764705882355 0.8543181818181819 0.06647058823529411 0.038636363636363635
1 0.15058823529411763 0.92 0.058823529411764705 0.04090909090909091
1 0.325 0.9227272727272727 0.06411764705882353 0.038181818181818185
1 0.15235294117647058 0.8513636363636363 0.05647058823529412 0.03909090909090909
1 0.5405882352941176 0.4511363636363636 0.09058823529411765 0.03409090909090909
1 0.3841176470588235 0.5236363636363637 0.16941176470588235 0.03727272727272727
1 0.09441176470588235 0.5147727272727273 0.08411764705882353 0.03590909090909091
1 0.6091176470588235 0.7295454545454545 0.16176470588235295 0.025454545454545455
1 0.23911764705882352 0.8554545454545455 0.07 0.035454545454545454
1 0.23941176470588235 0.9195454545454546 0.05764705882352941 0.03909090909090909
1 0.37941176470588234 0.7659090909090909 0.1635294117647059 0.03272727272727273
1 0.755 0.9259090909090909 0.06647058823529411 0.04090909090909091
1 0.5423529411764706 0.7684090909090909 0.1376470588235294 0.030454545454545453
1 0.6226470588235294 0.40863636363636363 0.11705882352941177 0.035454545454545454
1 0.40941176470588236 0.8531818181818182 0.06352941176470588 0.03727272727272727
1 0.5808823529411765 0.9225 0.06647058823529411 0.04045454545454545
1 0.40705882352941175 0.5704545454545454 0.21058823529411766 0.025454545454545455
1 0.5402941176470588 0.5286363636363637 0.12176470588235294 0.034545454545454546
1 0.5961764705882353 0.5740909090909091 0.15470588235294117 0.028181818181818183
1 0.5894117647058823 0.8547727272727272 0.06470588235294118 0.03954545454545454
1 0.10294117647058823 0.4002272727272727 0.09647058823529411 0.035
1 0.09852941176470588 0.5581818181818182 0.08411764705882353 0.034545454545454546
1 0.5452941176470588 0.3684090909090909 0.0811764705882353 0.03409090909090909
1 0.7597058823529412 0.5720454545454545 0.08764705882352941 0.028636363636363637
1 0.7738235294117647 0.7315909090909091 0.08647058823529412 0.03318181818181818
1 0.4988235294117647 0.9220454545454545 0.06705882352941177 0.04045454545454545
1 0.8426470588235294 0.855909090909091 0.05352941176470588 0.03909090909090909
1 0.673235294117647 0.8586363636363636 0.06764705882352941 0.04090909090909091
1 0.08147058823529411 0.7572727272727273 0.05941176470588235 0.034545454545454546
1 0.6808823529411765 0.5259090909090909 0.07470588235294118 0.03090909090909091
1 0.39088235294117646 0.36568181818181816 0.18058823529411766 0.03227272727272727
1 0.10088235294117646 0.6045454545454545 0.08764705882352941 0.035454545454545454
1 0.6705882352941176 0.9238636363636363 0.07176470588235294 0.038636363636363635
1 0.32794117647058824 0.8531818181818182 0.06529411764705882 0.038181818181818185
1 0.6429411764705882 0.6136363636363636 0.06823529411764706 0.025454545454545455
1 0.0826470588235294 0.7165909090909091 0.05823529411764706 0.03409090909090909
1 0.3085294117647059 0.028863636363636362 0.033529411764705884 0.021363636363636362
1 0.5791176470588235 0.03386363636363637 0.12764705882352942 0.018636363636363635
1 0.6226470588235294 0.5425 0.033529411764705884 0.03227272727272727
1 0.6985294117647058 0.5793181818181818 0.031176470588235295 0.031363636363636364
1 0.5147058823529411 0.6156818181818182 0.12470588235294118 0.028636363636363637
1 0.5908823529411765 0.6238636363636364 0.025294117647058825 0.02409090909090909
1 0.6620588235294118 0.6956818181818182 0.06294117647058824 0.023181818181818182
1 0.7179411764705882 0.7320454545454546 0.026470588235294117 0.029545454545454545
1 0.6252941176470588 0.7813636363636364 0.024705882352941175 0.03090909090909091
1 0.6779411764705883 0.7797727272727273 0.06411764705882353 0.023181818181818182