1 0.3735294117647059 0.6829545454545455 0.16 0.03954545454545454
1 0.7558823529411764 0.865 0.0611764705882353 0.03727272727272727
1 0.8485294117647059 0.9295454545454546 0.06764705882352941 0.038181818181818185
1 0.5794117647058824 0.57 0.03058823529411765 0.03363636363636364
1 0.4032352941176471 0.9261363636363636 0.05823529411764706 0.03954545454545454
1 0.5226470588235295 0.5365909090909091 0.03 0.03590909090909091
1 0.84 0.8647727272727272 0.05529411764705883 0.03772727272727273
1 0.3729411764705882 0.6072727272727273 0.1388235294117647 0.03636363636363636
1 0.4320588235294118 0.4125 0.2641176470588235 0.04318181818181818
1 0.6444117647058824 0.6931818181818182 0.03470588235294118 0.035454545454545454
1 0.41794117647058826 0.7270454545454546 0.25470588235294117 0.04318181818181818
1 0.2897058823529412 0.034545454545454546 0.03470588235294118 0.023636363636363636
1 0.09441176470588235 0.6797727272727273 0.09 0.03681818181818182
1 0.10294117647058823 0.45181818181818184 0.09647058823529411 0.03727272727272727
1 0.6435294117647059 0.7297727272727272 0.1952941176470588 0.042272727272727274
1 0.14676470588235294 0.9238636363636363 0.057058823529411766 0.041363636363636366
1 0.32029411764705884 0.9263636363636364 0.05352941176470588 0.038181818181818185
1 0.1476470588235294 0.8584090909090909 0.05058823529411765 0.03954545454545454
1 0.7673529411764706 0.730909090909091 0.03705882352941176 0.04181818181818182
1 0.39 0.5281818181818182 0.16941176470588235 0.046363636363636364
1 0.09323529411764706 0.5209090909090909 0.0711764705882353 0.035454545454545454
1 0.23441176470588235 0.86 0.0488235294117647 0.03909090909090909
1 0.23558823529411765 0.9231818181818182 0.05235294117647059 0.038181818181818185
1 0.3623529411764706 0.7652272727272728 0.1388235294117647 0.03681818181818182
1 0.7614705882352941 0.9275 0.07 0.03772727272727273
1 0.10441176470588236 0.36363636363636365 0.09 0.035454545454545454
1 0.6664705882352941 0.4540909090909091 0.0811764705882353 0.03363636363636364
1 0.6026470588235294 0.4540909090909091 0.03235294117647059 0.03727272727272727
1 0.4023529411764706 0.8597727272727272 0.047058823529411764 0.045909090909090906
1 0.5794117647058824 0.9275 0.06 0.03681818181818182
1 0.4229411764705882 0.5713636363636364 0.24235294117647058 0.042727272727272725
1 0.5861764705882353 0.5304545454545454 0.08058823529411764 0.04090909090909091
1 0.46852941176470586 0.6095454545454545 0.03470588235294118 0.03636363636363636
1 0.5832352941176471 0.8625 0.060588235294117644 0.042272727272727274
1 0.10882352941176471 0.4052272727272727 0.0988235294117647 0.03681818181818182
1 0.09235294117647058 0.5640909090909091 0.07176470588235294 0.035454545454545454
1 0.5694117647058824 0.038863636363636364 0.12705882352941175 0.022272727272727274
1 0.793235294117647 0.41613636363636364 0.033529411764705884 0.03772727272727273
1 0.49264705882352944 0.9279545454545455 0.060588235294117644 0.03772727272727273
1 0.6702941176470588 0.8622727272727273 0.054705882352941174 0.04
1 0.5329411764705883 0.37022727272727274 0.10823529411764705 0.04318181818181818
1 0.5423529411764706 0.6836363636363636 0.15411764705882353 0.04
1 0.8641176470588235 0.7295454545454545 0.14352941176470588 0.04
1 0.385 0.4531818181818182 0.15823529411764706 0.03636363636363636
1 0.10558823529411765 0.7670454545454546 0.10294117647058823 0.03681818181818182
1 0.10088235294117646 0.7227272727272728 0.10176470588235294 0.03727272727272727
1 0.69 0.37136363636363634 0.12117647058823529 0.04363636363636364
1 0.5255882352941177 0.4552272727272727 0.10411764705882352 0.038636363636363635
1 0.4923529411764706 0.8584090909090909 0.05764705882352941 0.03954545454545454
1 0.6679411764705883 0.4147727272727273 0.20411764705882354 0.042272727272727274
1 0.8776470588235294 0.4175 0.1188235294117647 0.03954545454545454
1 0.3926470588235294 0.3675 0.1723529411764706 0.042272727272727274
1 0.09323529411764706 0.6063636363636363 0.07470588235294118 0.03636363636363636
1 0.665 0.9306818181818182 0.05235294117647059 0.045909090909090906
1 0.32088235294117645 0.8606818181818182 0.051176470588235295 0.04409090909090909
1 0.6735294117647059 0.5729545454545455 0.1423529411764706 0.041363636363636366
1 0.7205882352941176 0.6843181818181818 0.09294117647058824 0.041363636363636366
1 0.3347058823529412 0.034545454545454546 0.05529411764705883 0.025454545454545455
1 0.6088235294117647 0.3790909090909091 0.03411764705882353 0.03
1 0.5220588235294118 0.610909090909091 0.07235294117647059 0.031818181818181815
1 0.4838235294117647 0.7643181818181818 0.10058823529411764 0.03409090909090909
1 0.5514705882352942 0.7668181818181818 0.031176470588235295 0.02909090909090909
1 0.6088235294117647 0.7675 0.07764705882352942 0.03318181818181818