1 0.4208823529411765 0.6843181818181818 0.25 0.03409090909090909
1 0.7552941176470588 0.8647727272727272 0.07176470588235294 0.038636363636363635
1 0.8473529411764706 0.9290909090909091 0.07705882352941176 0.04
1 0.8420588235294117 0.8645454545454545 0.06647058823529411 0.034545454545454546
1 0.6741176470588235 0.7720454545454546 0.24588235294117647 0.04045454545454545
1 0.40088235294117647 0.45431818181818184 0.20058823529411765 0.04045454545454545
1 0.6770588235294117 0.685 0.22941176470588234 0.04
1 0.43411764705882355 0.725 0.2847058823529412 0.04090909090909091
1 0.46794117647058825 0.41204545454545455 0.3205882352941177 0.03409090909090909
1 0.09235294117647058 0.6822727272727273 0.1 0.03363636363636364
1 0.7629411764705882 0.6243181818181818 0.03529411764705882 0.03681818181818182
1 0.10794117647058823 0.45136363636363636 0.11588235294117646 0.03727272727272727
1 0.15588235294117647 0.9218181818181819 0.08235294117647059 0.03909090909090909
1 0.40794117647058825 0.9293181818181818 0.07 0.03590909090909091
1 0.14794117647058824 0.8568181818181818 0.06529411764705882 0.04090909090909091
1 0.4288235294117647 0.5265909090909091 0.27058823529411763 0.038636363636363635
1 0.10088235294117646 0.5256818181818181 0.11941176470588236 0.035
1 0.6555882352941177 0.6143181818181818 0.18294117647058825 0.03681818181818182
1 0.2288235294117647 0.860909090909091 0.05411764705882353 0.03727272727272727
1 0.24382352941176472 0.9270454545454545 0.08058823529411764 0.038636363636363635
1 0.4158823529411765 0.7672727272727272 0.24588235294117647 0.04
1 0.7594117647058823 0.9281818181818182 0.07529411764705882 0.03636363636363636
1 0.10764705882352942 0.3638636363636364 0.11176470588235295 0.03772727272727273
1 0.6802941176470588 0.4134090909090909 0.10411764705882352 0.03681818181818182
1 0.6517647058823529 0.36954545454545457 0.11529411764705882 0.035454545454545454
1 0.4097058823529412 0.860909090909091 0.07 0.035454545454545454
1 0.5758823529411765 0.9286363636363636 0.06 0.035454545454545454
1 0.4258823529411765 0.6154545454545455 0.2529411764705882 0.03909090909090909
1 0.5776470588235294 0.8620454545454546 0.06352941176470588 0.03772727272727273
1 0.10911764705882353 0.4040909090909091 0.12176470588235294 0.03727272727272727
1 0.09941176470588235 0.5672727272727273 0.10941176470588235 0.03909090909090909
1 0.6697058823529412 0.5734090909090909 0.18176470588235294 0.04045454545454545
1 0.5597058823529412 0.038863636363636364 0.11235294117647059 0.021363636363636362
1 0.6452941176470588 0.5275 0.15529411764705883 0.041363636363636366
1 0.7794117647058824 0.5720454545454545 0.03176470588235294 0.03318181818181818
1 0.4988235294117647 0.9295454545454546 0.08 0.038181818181818185
1 0.668235294117647 0.8618181818181818 0.06823529411764706 0.04
1 0.8505882352941176 0.6213636363636363 0.13294117647058823 0.038181818181818185
1 0.10058823529411764 0.7659090909090909 0.12 0.035454545454545454
1 0.5552941176470588 0.45454545454545453 0.09294117647058824 0.035454545454545454
1 0.5014705882352941 0.86 0.07588235294117647 0.04090909090909091
1 0.8752941176470588 0.5720454545454545 0.1411764705882353 0.03772727272727273
1 0.44735294117647056 0.36818181818181817 0.28411764705882353 0.03363636363636364
1 0.10205882352941177 0.6077272727272728 0.12058823529411765 0.031818181818181815
1 0.6717647058823529 0.9272727272727272 0.07647058823529412 0.038181818181818185
1 0.32735294117647057 0.8584090909090909 0.0688235294117647 0.03954545454545454
1 0.10323529411764706 0.7236363636363636 0.12529411764705883 0.03272727272727273
1 0.3247058823529412 0.925 0.06705882352941177 0.03636363636363636
1 0.836764705882353 0.5284090909090909 0.13117647058823528 0.04045454545454545
1 0.7458823529411764 0.5286363636363637 0.036470588235294116 0.04090909090909091
1 0.43676470588235294 0.5718181818181818 0.27941176470588236 0.04181818181818182
1 0.725 0.7304545454545455 0.29705882352941176 0.038181818181818185
1 0.26676470588235296 0.035 0.03705882352941176 0.02