1 0.4294117647058823 0.6834090909090909 0.2611764705882353 0.03954545454545454
1 0.5602941176470588 0.6254545454545455 0.026470588235294117 0.031818181818181815
1 0.4102941176470588 0.40795454545454546 0.21352941176470588 0.03681818181818182
1 0.7564705882352941 0.8611363636363636 0.05411764705882353 0.03772727272727273
1 0.8402941176470589 0.9281818181818182 0.060588235294117644 0.04
1 0.606764705882353 0.5684090909090909 0.16058823529411764 0.03681818181818182
1 0.40941176470588236 0.9259090909090909 0.05764705882352941 0.03727272727272727
1 0.8488235294117648 0.8588636363636364 0.07764705882352942 0.04045454545454545
1 0.3673529411764706 0.6134090909090909 0.14411764705882352 0.035
1 0.6220588235294118 0.6881818181818182 0.11823529411764706 0.038181818181818185
1 0.4173529411764706 0.7247727272727272 0.23941176470588235 0.038636363636363635
1 0.09823529411764706 0.6756818181818182 0.07411764705882352 0.03590909090909091
1 0.10588235294117647 0.44727272727272727 0.08470588235294117 0.035454545454545454
1 0.11176470588235295 0.3640909090909091 0.08470588235294117 0.034545454545454546
1 0.605 0.7263636363636363 0.10882352941176471 0.034545454545454546
1 0.15411764705882353 0.9222727272727272 0.06 0.04
1 0.7752941176470588 0.5690909090909091 0.12117647058823529 0.035454545454545454
1 0.32941176470588235 0.9243181818181818 0.06588235294117648 0.03772727272727273
1 0.15294117647058825 0.8554545454545455 0.052941176470588235 0.03909090909090909
1 0.4194117647058824 0.5272727272727272 0.2411764705882353 0.03909090909090909
1 0.09235294117647058 0.5227272727272727 0.07058823529411765 0.035454545454545454
1 0.6238235294117647 0.6181818181818182 0.0888235294117647 0.03363636363636364
1 0.24147058823529413 0.855909090909091 0.05352941176470588 0.03909090909090909
1 0.24147058823529413 0.9225 0.05588235294117647 0.038636363636363635
1 0.385 0.7695454545454545 0.17588235294117646 0.035454545454545454
1 0.7555882352941177 0.9265909090909091 0.05823529411764706 0.03954545454545454
1 0.5214705882352941 0.7727272727272727 0.08294117647058824 0.03727272727272727
1 0.6161764705882353 0.4552272727272727 0.06647058823529411 0.03227272727272727
1 0.6070588235294118 0.37136363636363634 0.16470588235294117 0.03727272727272727
1 0.41823529411764704 0.8579545454545454 0.06705882352941177 0.04045454545454545
1 0.5829411764705882 0.9231818181818182 0.05411764705882353 0.042727272727272725
1 0.4138235294117647 0.5686363636363636 0.2288235294117647 0.03909090909090909
1 0.5652941176470588 0.4652272727272727 0.03058823529411765 0.035
1 0.5882352941176471 0.8620454545454546 0.06823529411764706 0.041363636363636366
1 0.11088235294117647 0.4036363636363636 0.09941176470588235 0.035454545454545454
1 0.10882352941176471 0.5686363636363636 0.09411764705882353 0.03636363636363636
1 0.5517647058823529 0.038181818181818185 0.08941176470588236 0.022727272727272728
1 0.5973529411764706 0.4090909090909091 0.15235294117647058 0.03636363636363636
1 0.773235294117647 0.4127272727272727 0.11 0.03727272727272727
1 0.5008823529411764 0.9259090909090909 0.06529411764705882 0.038181818181818185
1 0.6723529411764706 0.8570454545454546 0.06 0.038636363636363635
1 0.7805882352941177 0.37068181818181817 0.08352941176470588 0.03590909090909091
1 0.375 0.4527272727272727 0.1511764705882353 0.04090909090909091
1 0.09647058823529411 0.7643181818181818 0.06705882352941177 0.035
1 0.09970588235294117 0.7197727272727272 0.07941176470588235 0.03590909090909091
1 0.5011764705882353 0.455 0.0976470588235294 0.035454545454545454
1 0.49529411764705883 0.8588636363636364 0.06352941176470588 0.03954545454545454
1 0.41205882352941176 0.36818181818181817 0.21823529411764706 0.042727272727272725
1 0.4985294117647059 0.6125 0.10529411764705883 0.03409090909090909
1 0.10058823529411764 0.6106818181818182 0.08235294117647059 0.03590909090909091
1 0.6726470588235294 0.9240909090909091 0.061764705882352944 0.04
1 0.3285294117647059 0.855909090909091 0.05823529411764706 0.03909090909090909
1 0.7844117647058824 0.5340909090909091 0.09941176470588235 0.03363636363636364
1 0.28205882352941175 0.03272727272727273 0.03235294117647059 0.02181818181818182
1 0.7144117647058823 0.37863636363636366 0.045294117647058825 0.03909090909090909
1 0.6976470588235294 0.4093181818181818 0.04 0.03954545454545454
1 0.6158823529411764 0.5311363636363636 0.15058823529411763 0.03590909090909091
1 0.711764705882353 0.5415909090909091 0.04470588235294118 0.03590909090909091
1 0.6988235294117647 0.5722727272727273 0.02823529411764706 0.034545454545454546