1 0.8685294117647059 0.7761363636363636 0.15470588235294117 0.041363636363636366
1 0.11411764705882353 0.5265909090909091 0.10941176470588235 0.04045454545454545
1 0.4335294117647059 0.6154545454545455 0.26705882352941174 0.04
1 0.31323529411764706 0.03568181818181818 0.04058823529411765 0.03409090909090909
1 0.40794117647058825 0.77 0.22411764705882353 0.03909090909090909
1 0.12970588235294117 0.6820454545454545 0.10764705882352942 0.03954545454545454
1 0.1338235294117647 0.45 0.05823529411764706 0.03727272727272727
1 0.13676470588235295 0.7261363636363637 0.11235294117647059 0.042272727272727274
1 0.7802941176470588 0.6177272727272727 0.03470588235294118 0.03636363636363636
1 0.1361764705882353 0.7706818181818181 0.09117647058823529 0.03772727272727273
1 0.7608823529411765 0.78 0.03588235294117647 0.03363636363636364
1 0.13352941176470587 0.3663636363636364 0.06 0.03727272727272727
1 0.6697058823529412 0.5704545454545454 0.17470588235294118 0.03636363636363636
1 0.42617647058823527 0.7265909090909091 0.25941176470588234 0.042272727272727274
1 0.6358823529411765 0.7736363636363637 0.18941176470588236 0.038181818181818185
1 0.43911764705882356 0.5702272727272727 0.2747058823529412 0.04045454545454545
1 0.13352941176470587 0.41 0.05647058823529412 0.035454545454545454
1 0.10764705882352942 0.5695454545454546 0.10588235294117647 0.03727272727272727
1 0.6555882352941177 0.6152272727272727 0.16411764705882353 0.03681818181818182
1 0.5794117647058824 0.03977272727272727 0.12352941176470589 0.025
1 0.8914705882352941 0.7293181818181819 0.13705882352941176 0.04318181818181818
1 0.8711764705882353 0.6179545454545454 0.09411764705882353 0.03318181818181818
1 0.3997058823529412 0.4668181818181818 0.18411764705882352 0.045454545454545456
1 0.7841176470588235 0.5697727272727273 0.04 0.03772727272727273
1 0.6702941176470588 0.7252272727272727 0.20294117647058824 0.038636363636363635
1 0.8655882352941177 0.5706818181818182 0.09941176470588235 0.035
1 0.11 0.6120454545454546 0.0988235294117647 0.038636363636363635
1 0.4123529411764706 0.4127272727272727 0.21529411764705883 0.04363636363636364
1 0.7958823529411765 0.7290909090909091 0.03529411764705882 0.034545454545454546