1 0.4531802120141343 0.40150136487716104 0.2597173144876325 0.03867151956323931
1 0.7809187279151943 0.8516833484986351 0.0636042402826855 0.0373066424021838
1 0.8639575971731449 0.9206096451319381 0.071849234393404 0.03958143767060965
1 0.5954063604240283 0.6057779799818016 0.127208480565371 0.034121929026387623
1 0.42226148409893993 0.921747042766151 0.05771495877502945 0.040036396724294813
1 0.8589517078916372 0.8514558689717925 0.061837455830388695 0.03867151956323931
1 0.413133097762073 0.6098726114649682 0.2137809187279152 0.0359417652411283
1 0.6569493521790342 0.7645586897179254 0.035924617196702 0.03503184713375796
1 0.4042991755005889 0.44858962693357596 0.17255594817432274 0.036396724294813464
1 0.4199057714958775 0.6824385805277525 0.2049469964664311 0.044585987261146494
1 0.693168433451119 0.683803457688808 0.03651354534746761 0.034576888080072796
1 0.8224381625441696 0.5605095541401274 0.032391048292108364 0.03548680618744313
1 0.11101295641931684 0.6792538671519563 0.09599528857479388 0.036396724294813464
1 0.10659599528857479 0.4442675159235669 0.05889281507656066 0.036851683348498636
1 0.4464075382803298 0.7206551410373067 0.2591283863368669 0.039126478616924476
1 0.717020023557126 0.5602820746132848 0.17373380447585396 0.036851683348498636
1 0.11366313309776208 0.3575978161965423 0.06949352179034157 0.04185623293903549
1 0.508833922261484 0.8535031847133758 0.05535924617196702 0.040036396724294813
1 0.15842167255594816 0.9224294813466788 0.061248527679623084 0.03958143767060965
1 0.7535335689045937 0.6091901728844404 0.0712603062426384 0.03184713375796178
1 0.3406949352179034 0.9199272065514104 0.06654888103651355 0.039126478616924476
1 0.15930506478209658 0.850090991810737 0.06419316843345112 0.04868061874431301
1 0.732037691401649 0.7668334849863512 0.0989399293286219 0.033212010919017286
1 0.6021790341578327 0.4479071883530482 0.09128386336866902 0.033212010919017286
1 0.4278563015312132 0.5186533212010919 0.22673733804475854 0.040036396724294813
1 0.12249705535924617 0.5181983621474068 0.09187279151943463 0.036396724294813464
1 0.6934628975265018 0.6135122838944495 0.04534746760895171 0.04413102820746133
1 0.7988810365135454 0.5177434030937216 0.08775029446407538 0.03366696997270246
1 0.24882214369846878 0.8546405823475887 0.06537102473498234 0.03867151956323931
1 0.2497055359246172 0.9219745222929936 0.05653710247349823 0.03958143767060965
1 0.3960541813898704 0.7684258416742493 0.17608951707891637 0.036396724294813464
1 0.765017667844523 0.9196997270245678 0.05771495877502945 0.03867151956323931
1 0.3050647820965842 0.02343039126478617 0.05889281507656066 0.027752502274795268
1 0.5668433451118964 0.7654686078252957 0.12661955241460543 0.03503184713375796
1 0.726148409893993 0.402638762511374 0.14605418138987045 0.0373066424021838
1 0.6563604240282686 0.3580527752502275 0.10541813898704358 0.03548680618744313
1 0.5627208480565371 0.3610100090991811 0.044169611307420496 0.03776160145586897
1 0.42285041224970554 0.8539581437670609 0.053003533568904596 0.03821656050955414
1 0.5892226148409894 0.9203821656050956 0.06537102473498234 0.040036396724294813
1 0.465547703180212 0.5627843494085533 0.31036513545347466 0.042766151046405826
1 0.6171967020023557 0.517515923566879 0.13663133097762073 0.03867151956323931
1 0.5909893992932862 0.8541856232939036 0.05594817432273263 0.03958143767060965
1 0.11012956419316844 0.40172884440400364 0.07656065959952886 0.0373066424021838
1 0.11808009422850413 0.5607370336669699 0.10306242638398115 0.03503184713375796
1 0.5609540636042403 0.026615104640582348 0.06419316843345112 0.030482256596906277
1 0.6301531213191991 0.4008189262966333 0.03651354534746761 0.0373066424021838
1 0.5100117785630153 0.9203821656050956 0.06713780918727916 0.039126478616924476
1 0.7985865724381626 0.7183803457688808 0.038869257950530034 0.03548680618744313
1 0.6852179034157833 0.8521383075523203 0.059481743227326266 0.03821656050955414
1 0.5957008244994111 0.6767515923566879 0.12426383981154299 0.03776160145586897
1 0.8745583038869258 0.7192902638762512 0.10600706713780919 0.034576888080072796
1 0.10954063604240283 0.7627388535031847 0.09540636042402827 0.036851683348498636
1 0.10895170789163722 0.7224749772520473 0.10129564193168433 0.040036396724294813
1 0.7240871613663133 0.5166060054595086 0.044169611307420496 0.034121929026387623
1 0.5244405182567726 0.451319381255687 0.034746760895170786 0.03275705186533212
1 0.6822732626619552 0.7199727024567789 0.17608951707891637 0.0359417652411283
1 0.89075382803298 0.5600545950864422 0.09599528857479388 0.03548680618744313
1 0.4302120141342756 0.3578252957233849 0.18197879858657243 0.03867151956323931
1 0.11425206124852769 0.6057779799818016 0.09305064782096584 0.036851683348498636
1 0.6872791519434629 0.9199272065514104 0.05535924617196702 0.040036396724294813
1 0.3377502944640754 0.856687898089172 0.05830388692579505 0.039126478616924476
1 0.7623674911660777 0.6765241128298453 0.10541813898704358 0.036396724294813464