1 0.39088235294117646 0.6825 0.20176470588235293 0.03318181818181818
1 0.5797058823529412 0.6856818181818182 0.1511764705882353 0.03681818181818182
1 0.7552941176470588 0.8611363636363636 0.06235294117647059 0.03954545454545454
1 0.8405882352941176 0.925 0.07058823529411765 0.04090909090909091
1 0.586764705882353 0.6113636363636363 0.15941176470588236 0.035454545454545454
1 0.4194117647058824 0.9254545454545454 0.06588235294117648 0.038181818181818185
1 0.778235294117647 0.774090909090909 0.09529411764705882 0.03272727272727273
1 0.38441176470588234 0.6104545454545455 0.18058823529411766 0.02909090909090909
1 0.3785294117647059 0.4536363636363636 0.16294117647058823 0.03363636363636364
1 0.6985294117647058 0.6859090909090909 0.03588235294117647 0.03636363636363636
1 0.8261764705882353 0.5281818181818182 0.11941176470588236 0.03727272727272727
1 0.42176470588235293 0.4084090909090909 0.24705882352941178 0.030454545454545453
1 0.10147058823529412 0.6793181818181818 0.08647058823529412 0.035
1 0.1038235294117647 0.44795454545454544 0.08294117647058824 0.035
1 0.40705882352941175 0.7272727272727273 0.22941176470588234 0.03363636363636364
1 0.7691176470588236 0.5693181818181818 0.03470588235294118 0.03590909090909091
1 0.6211764705882353 0.7252272727272727 0.17294117647058824 0.03681818181818182
1 0.15294117647058825 0.9211363636363636 0.0611764705882353 0.03954545454545454
1 0.8479411764705882 0.5713636363636364 0.09588235294117647 0.03636363636363636
1 0.3255882352941176 0.9213636363636364 0.061764705882352944 0.03909090909090909
1 0.15058823529411763 0.8554545454545455 0.058823529411764705 0.038181818181818185
1 0.7370588235294118 0.730909090909091 0.03294117647058824 0.03363636363636364
1 0.3976470588235294 0.5229545454545454 0.2 0.03954545454545454
1 0.10088235294117646 0.5270454545454546 0.08294117647058824 0.035
1 0.7011764705882353 0.6172727272727273 0.02823529411764706 0.03363636363636364
1 0.23441176470588235 0.8602272727272727 0.05352941176470588 0.03681818181818182
1 0.24176470588235294 0.9247727272727273 0.052941176470588235 0.03954545454545454
1 0.39088235294117646 0.7702272727272728 0.1935294117647059 0.03409090909090909
1 0.7591176470588236 0.9247727272727273 0.0688235294117647 0.03954545454545454
1 0.10941176470588235 0.3629545454545455 0.08470588235294117 0.035
1 0.5835294117647059 0.7715909090909091 0.14 0.035
1 0.7326470588235294 0.4552272727272727 0.09352941176470589 0.03318181818181818
1 0.7552941176470588 0.37136363636363634 0.041176470588235294 0.03272727272727273
1 0.6626470588235294 0.45340909090909093 0.03705882352941176 0.03409090909090909
1 0.41705882352941176 0.8561363636363636 0.06705882352941177 0.04045454545454545
1 0.585 0.9281818181818182 0.06294117647058824 0.03909090909090909
1 0.4097058823529412 0.565 0.2288235294117647 0.038181818181818185
1 0.6058823529411764 0.5259090909090909 0.17058823529411765 0.038181818181818185
1 0.581764705882353 0.8613636363636363 0.058823529411764705 0.04090909090909091
1 0.10588235294117647 0.40636363636363637 0.08823529411764706 0.035454545454545454
1 0.10411764705882352 0.5663636363636364 0.08235294117647059 0.035454545454545454
1 0.6429411764705882 0.571590909090909 0.2 0.030454545454545453
1 0.5585294117647058 0.03704545454545455 0.09352941176470589 0.019545454545454546
1 0.7970588235294118 0.415 0.036470588235294116 0.03727272727272727
1 0.505 0.9238636363636363 0.07352941176470588 0.03954545454545454
1 0.8 0.6877272727272727 0.13411764705882354 0.03909090909090909
1 0.6726470588235294 0.8656818181818182 0.06529411764705882 0.038636363636363635
1 0.6614705882352941 0.4109090909090909 0.20647058823529413 0.031818181818181815
1 0.8441176470588235 0.37068181818181817 0.10941176470588235 0.035
1 0.8379411764705882 0.7290909090909091 0.13588235294117648 0.03727272727272727
1 0.10794117647058823 0.7645454545454545 0.09117647058823529 0.03727272727272727
1 0.10647058823529412 0.7197727272727272 0.09058823529411765 0.03681818181818182
1 0.5576470588235294 0.4547727272727273 0.15529411764705883 0.03409090909090909
1 0.7026470588235294 0.7765909090909091 0.033529411764705884 0.03318181818181818
1 0.49323529411764705 0.8561363636363636 0.054705882352941174 0.04045454545454545
1 0.7276470588235294 0.53 0.03882352941176471 0.034545454545454546
1 0.8891176470588236 0.4127272727272727 0.11588235294117646 0.038181818181818185
1 0.4111764705882353 0.3643181818181818 0.21764705882352942 0.03590909090909091
1 0.10705882352941176 0.6097727272727272 0.08588235294117647 0.03590909090909091
1 0.6705882352941176 0.9290909090909091 0.06705882352941177 0.04090909090909091
1 0.6273529411764706 0.36522727272727273 0.17588235294117646 0.03681818181818182
1 0.325 0.8554545454545455 0.057058823529411766 0.038181818181818185
1 0.77 0.6172727272727273 0.09058823529411765 0.03272727272727273
1 0.3197058823529412 0.0325 0.051176470588235295 0.028636363636363637
1 0.8435294117647059 0.8627272727272727 0.06823529411764706 0.03727272727272727