1 0.3876470588235294 0.6811363636363637 0.14352941176470588 0.03772727272727273
1 0.7608823529411765 0.8590909090909091 0.05823529411764706 0.04090909090909091
1 0.8585294117647059 0.9268181818181818 0.07588235294117647 0.04363636363636364
1 0.4194117647058824 0.9252272727272727 0.06823529411764706 0.03954545454545454
1 0.846764705882353 0.8602272727272727 0.057058823529411766 0.04409090909090909
1 0.3770588235294118 0.6045454545454545 0.13176470588235295 0.034545454545454546
1 0.6020588235294118 0.6856818181818182 0.22647058823529412 0.035
1 0.3476470588235294 0.7252272727272727 0.08823529411764706 0.03681818181818182
1 0.793235294117647 0.5368181818181819 0.03470588235294118 0.03636363636363636
1 0.10147058823529412 0.6795454545454546 0.0711764705882353 0.03636363636363636
1 0.10470588235294118 0.445 0.09058823529411765 0.03727272727272727
1 0.5052941176470588 0.8602272727272727 0.06 0.04681818181818182
1 0.6285294117647059 0.7263636363636363 0.10294117647058823 0.034545454545454546
1 0.16294117647058823 0.9240909090909091 0.06941176470588235 0.04090909090909091
1 0.3291176470588235 0.925 0.05941176470588235 0.04181818181818182
1 0.1561764705882353 0.855 0.05588235294117647 0.04090909090909091
1 0.7479411764705882 0.6936363636363636 0.03705882352941176 0.03636363636363636
1 0.11205882352941177 0.5234090909090909 0.08058823529411764 0.03409090909090909
1 0.24235294117647058 0.8554545454545455 0.05764705882352941 0.04090909090909091
1 0.2464705882352941 0.925 0.06352941176470588 0.04090909090909091
1 0.7694117647058824 0.9261363636363636 0.07411764705882352 0.03954545454545454
1 0.11147058823529411 0.3668181818181818 0.0888235294117647 0.034545454545454546
1 0.543235294117647 0.7736363636363637 0.05235294117647059 0.03272727272727273
1 0.5905882352941176 0.40954545454545455 0.15176470588235294 0.038181818181818185
1 0.42176470588235293 0.8568181818181818 0.06705882352941177 0.04181818181818182
1 0.5938235294117648 0.9295454545454546 0.05235294117647059 0.04727272727272727
1 0.10294117647058823 0.5663636363636364 0.07882352941176471 0.035454545454545454
1 0.45029411764705884 0.5306818181818181 0.27941176470588236 0.03772727272727273
1 0.4973529411764706 0.6090909090909091 0.09823529411764706 0.03272727272727273
1 0.4 0.5697727272727273 0.16588235294117648 0.035
1 0.5911764705882353 0.8568181818181818 0.06588235294117648 0.042727272727272725
1 0.10911764705882353 0.4088636363636364 0.09352941176470589 0.03772727272727273
1 0.5647058823529412 0.5697727272727273 0.13294117647058823 0.03590909090909091
1 0.505 0.925 0.061764705882352944 0.04363636363636364
1 0.678235294117647 0.8577272727272728 0.06352941176470588 0.04090909090909091
1 0.8544117647058823 0.6890909090909091 0.1535294117647059 0.038181818181818185
1 0.3726470588235294 0.44886363636363635 0.13117647058823528 0.03681818181818182
1 0.10676470588235294 0.7661363636363636 0.08529411764705883 0.03590909090909091
1 0.10764705882352942 0.7238636363636364 0.08 0.03590909090909091
1 0.6467647058823529 0.37204545454545457 0.1888235294117647 0.042272727272727274
1 0.5061764705882353 0.45340909090909093 0.09235294117647058 0.03409090909090909
1 0.6894117647058824 0.5284090909090909 0.15764705882352942 0.03681818181818182
1 0.855 0.5343181818181818 0.08058823529411764 0.03318181818181818
1 0.5932352941176471 0.6104545454545455 0.045294117647058825 0.031818181818181815
1 0.4288235294117647 0.36727272727272725 0.22705882352941176 0.03909090909090909
1 0.09794117647058824 0.6052272727272727 0.07941176470588235 0.03590909090909091
1 0.6826470588235294 0.9256818181818182 0.06411764705882353 0.041363636363636366
1 0.33441176470588235 0.8561363636363636 0.05823529411764706 0.04409090909090909
1 0.4026470588235294 0.4084090909090909 0.1888235294117647 0.03681818181818182
1 0.706764705882353 0.5725 0.0711764705882353 0.03409090909090909
1 0.3126470588235294 0.035227272727272725 0.04294117647058823 0.02409090909090909
1 0.5723529411764706 0.034772727272727275 0.11764705882352941 0.023181818181818182
1 0.34088235294117647 0.7670454545454546 0.0688235294117647 0.03681818181818182
1 0.4229411764705882 0.769090909090909 0.09058823529411765 0.03090909090909091
1 0.49558823529411766 0.7815909090909091 0.03 0.03681818181818182
1 0.5641176470588235 0.7284090909090909 0.023529411764705882 0.03681818181818182
1 0.4711764705882353 0.7261363636363637 0.14705882352941177 0.03681818181818182
1 0.5597058823529412 0.6129545454545454 0.022941176470588236 0.035
1 0.6555882352941177 0.5720454545454545 0.028823529411764706 0.03681818181818182