1 0.3870588235294118 0.6834090909090909 0.1588235294117647 0.03681818181818182
1 0.5467647058823529 0.6845454545454546 0.1323529411764706 0.034545454545454546
1 0.4038235294117647 0.37272727272727274 0.1688235294117647 0.038181818181818185
1 0.7620588235294118 0.8581818181818182 0.051176470588235295 0.03727272727272727
1 0.8482352941176471 0.9265909090909091 0.05764705882352941 0.03590909090909091
1 0.5255882352941177 0.615909090909091 0.10882352941176471 0.03272727272727273
1 0.41558823529411765 0.9288636363636363 0.04764705882352941 0.03681818181818182
1 0.8523529411764705 0.8575 0.06235294117647059 0.03772727272727273
1 0.3761764705882353 0.6206818181818182 0.16176470588235295 0.035
1 0.6885294117647058 0.769090909090909 0.07823529411764706 0.031818181818181815
1 0.6473529411764706 0.6859090909090909 0.039411764705882354 0.034545454545454546
1 0.4158823529411765 0.7275 0.22941176470588234 0.035
1 0.2926470588235294 0.03704545454545455 0.03588235294117647 0.025
1 0.10529411764705883 0.6925 0.07411764705882352 0.035
1 0.10441176470588236 0.4561363636363636 0.08294117647058824 0.038636363636363635
1 0.7105882352941176 0.7254545454545455 0.03411764705882353 0.03363636363636364
1 0.10823529411764705 0.37204545454545457 0.07176470588235294 0.035
1 0.5223529411764706 0.7711363636363636 0.13529411764705881 0.03318181818181818
1 0.6158823529411764 0.7275 0.13058823529411764 0.035
1 0.1638235294117647 0.9302272727272727 0.054705882352941174 0.03772727272727273
1 0.7929411764705883 0.7265909090909091 0.09529411764705882 0.03590909090909091
1 0.3335294117647059 0.9302272727272727 0.05647058823529412 0.03590909090909091
1 0.16176470588235295 0.8604545454545455 0.05529411764705883 0.03636363636363636
1 0.09647058823529411 0.5331818181818182 0.07882352941176471 0.03636363636363636
1 0.24441176470588236 0.8638636363636364 0.04294117647058823 0.03590909090909091
1 0.24764705882352941 0.9293181818181818 0.05647058823529412 0.03681818181818182
1 0.37529411764705883 0.7734090909090909 0.14 0.03318181818181818
1 0.7673529411764706 0.9270454545454545 0.06411764705882353 0.03681818181818182
1 0.6458823529411765 0.4106818181818182 0.1011764705882353 0.035
1 0.4455882352941177 0.41409090909090907 0.28294117647058825 0.03272727272727273
1 0.41911764705882354 0.8622727272727273 0.05 0.03727272727272727
1 0.5905882352941176 0.9263636363636364 0.05411764705882353 0.03727272727272727
1 0.3941176470588235 0.5340909090909091 0.17294117647058824 0.04181818181818182
1 0.5614705882352942 0.5279545454545455 0.1476470588235294 0.03590909090909091
1 0.4088235294117647 0.575 0.22 0.03272727272727273
1 0.5914705882352941 0.8579545454545454 0.057058823529411766 0.038636363636363635
1 0.6232352941176471 0.5752272727272727 0.16411764705882353 0.03590909090909091
1 0.5579411764705883 0.04 0.11705882352941177 0.022727272727272728
1 0.5073529411764706 0.9281818181818182 0.05823529411764706 0.038181818181818185
1 0.6802941176470588 0.8575 0.057058823529411766 0.03681818181818182
1 0.5444117647058824 0.37386363636363634 0.08176470588235295 0.03409090909090909
1 0.10970588235294118 0.7731818181818182 0.07941176470588235 0.03363636363636364
1 0.10529411764705883 0.7252272727272727 0.08235294117647059 0.03590909090909091
1 0.5655882352941176 0.45681818181818185 0.09117647058823529 0.03272727272727273
1 0.616764705882353 0.7725 0.028823529411764706 0.03227272727272727
1 0.5047058823529412 0.8595454545454545 0.05176470588235294 0.038181818181818185
1 0.09647058823529411 0.5793181818181818 0.08470588235294117 0.038636363636363635
1 0.6791176470588235 0.9261363636363636 0.057058823529411766 0.03772727272727273
1 0.3347058823529412 0.8618181818181818 0.052941176470588235 0.03636363636363636
1 0.7214705882352941 0.6836363636363636 0.09 0.034545454545454546
1 0.4102941176470588 0.4552272727272727 0.22294117647058823 0.03954545454545454
1 0.10558823529411765 0.415 0.06529411764705882 0.042727272727272725
1 0.08970588235294118 0.6206818181818182 0.0888235294117647 0.04681818181818182