1 0.40558823529411764 0.6797727272727273 0.19823529411764707 0.03954545454545454
1 0.6002941176470589 0.6818181818181818 0.15470588235294117 0.035454545454545454
1 0.7570588235294118 0.8575 0.047058823529411764 0.04318181818181818
1 0.84 0.9263636363636364 0.052941176470588235 0.042727272727272725
1 0.41323529411764703 0.9256818181818182 0.05352941176470588 0.03954545454545454
1 0.846764705882353 0.8604545454545455 0.06294117647058824 0.04090909090909091
1 0.3847058823529412 0.6056818181818182 0.1564705882352941 0.038636363636363635
1 0.71 0.6879545454545455 0.03764705882352941 0.03409090909090909
1 0.41558823529411765 0.7234090909090909 0.21823529411764706 0.038636363636363635
1 0.8038235294117647 0.5284090909090909 0.13588235294117648 0.038636363636363635
1 0.46852941176470586 0.4102272727272727 0.3241176470588235 0.042272727272727274
1 0.09705882352941177 0.678409090909091 0.08 0.03681818181818182
1 0.7241176470588235 0.5729545454545455 0.03764705882352941 0.03318181818181818
1 0.09117647058823529 0.36113636363636364 0.06941176470588235 0.038636363636363635
1 0.09176470588235294 0.44386363636363635 0.07058823529411765 0.03681818181818182
1 0.5017647058823529 0.7697727272727273 0.08470588235294117 0.03681818181818182
1 0.6158823529411764 0.7268181818181818 0.1564705882352941 0.035454545454545454
1 0.1564705882352941 0.9231818181818182 0.05764705882352941 0.03909090909090909
1 0.8255882352941176 0.5702272727272727 0.15705882352941178 0.04045454545454545
1 0.33294117647058824 0.9243181818181818 0.06235294117647059 0.04045454545454545
1 0.15558823529411764 0.8518181818181818 0.05588235294117647 0.04090909090909091
1 0.715 0.7286363636363636 0.033529411764705884 0.03636363636363636
1 0.42970588235294116 0.5245454545454545 0.24529411764705883 0.03636363636363636
1 0.0961764705882353 0.5209090909090909 0.0711764705882353 0.035454545454545454
1 0.6847058823529412 0.6104545454545455 0.09411764705882353 0.03363636363636364
1 0.23970588235294119 0.9225 0.05352941176470588 0.038636363636363635
1 0.36970588235294116 0.7679545454545454 0.13705882352941176 0.03681818181818182
1 0.76 0.9254545454545454 0.06 0.04181818181818182
1 0.6897058823529412 0.40863636363636363 0.10529411764705883 0.038181818181818185
1 0.4123529411764706 0.8586363636363636 0.05058823529411765 0.04090909090909091
1 0.5855882352941176 0.9218181818181819 0.05235294117647059 0.04363636363636364
1 0.0961764705882353 0.5677272727272727 0.07705882352941176 0.03636363636363636
1 0.4176470588235294 0.5681818181818182 0.2188235294117647 0.04
1 0.528235294117647 0.6113636363636363 0.10235294117647059 0.034545454545454546
1 0.5855882352941176 0.8593181818181819 0.0488235294117647 0.041363636363636366
1 0.09147058823529412 0.40454545454545454 0.07235294117647059 0.03636363636363636
1 0.6202941176470588 0.5679545454545455 0.15 0.03681818181818182
1 0.6064705882352941 0.3693181818181818 0.09411764705882353 0.03590909090909091
1 0.6244117647058823 0.525 0.14294117647058824 0.04
1 0.8091176470588235 0.7270454545454546 0.1288235294117647 0.03772727272727273
1 0.4964705882352941 0.9265909090909091 0.04941176470588235 0.041363636363636366
1 0.6726470588235294 0.8595454545454545 0.05352941176470588 0.04181818181818182
1 0.39176470588235296 0.4481818181818182 0.16470588235294117 0.04
1 0.09382352941176471 0.7638636363636364 0.08411764705882353 0.03681818181818182
1 0.09294117647058824 0.7190909090909091 0.07764705882352942 0.038181818181818185
1 0.5244117647058824 0.45045454545454544 0.07705882352941176 0.034545454545454546
1 0.5020588235294118 0.8593181818181819 0.05588235294117647 0.042272727272727274
1 0.7173529411764706 0.5309090909090909 0.03 0.035454545454545454
1 0.616764705882353 0.6134090909090909 0.028823529411764706 0.03227272727272727
1 0.42058823529411765 0.3663636363636364 0.23294117647058823 0.03727272727272727
1 0.09852941176470588 0.6047727272727272 0.07823529411764706 0.03681818181818182
1 0.6758823529411765 0.9252272727272727 0.06823529411764706 0.04318181818181818
1 0.3288235294117647 0.8561363636363636 0.05529411764705883 0.04045454545454545
1 0.8088235294117647 0.6859090909090909 0.13411764705882354 0.03636363636363636
1 0.295 0.03409090909090909 0.05 0.02181818181818182
1 0.5608823529411765 0.03409090909090909 0.09588235294117647 0.02909090909090909
1 0.5776470588235294 0.7759090909090909 0.018823529411764704 0.03727272727272727
1 0.6455882352941177 0.7706818181818181 0.08647058823529412 0.03318181818181818
1 0.24705882352941178 0.8581818181818182 0.05764705882352941 0.03727272727272727