1 0.3588235294117647 0.725 0.12823529411764706 0.03636363636363636
1 0.3985294117647059 0.4075 0.20647058823529413 0.03772727272727273
1 0.7614705882352941 0.8597727272727272 0.05235294117647059 0.03590909090909091
1 0.8526470588235294 0.9268181818181818 0.06764705882352941 0.038181818181818185
1 0.4123529411764706 0.9270454545454545 0.05176470588235294 0.035
1 0.3729411764705882 0.6088636363636364 0.1564705882352941 0.035
1 0.46911764705882353 0.7668181818181818 0.14882352941176472 0.034545454545454546
1 0.10558823529411765 0.6811363636363637 0.05941176470588235 0.03409090909090909
1 0.11 0.4470454545454545 0.06705882352941177 0.03318181818181818
1 0.6214705882352941 0.7665909090909091 0.06411764705882353 0.03409090909090909
1 0.155 0.9240909090909091 0.05588235294117647 0.03727272727272727
1 0.7611764705882353 0.5693181818181818 0.11294117647058824 0.03409090909090909
1 0.33294117647058824 0.9254545454545454 0.06470588235294118 0.03636363636363636
1 0.15823529411764706 0.855909090909091 0.05411764705882353 0.035454545454545454
1 0.6802941176470588 0.7272727272727273 0.08529411764705883 0.034545454545454546
1 0.11235294117647059 0.5231818181818182 0.06823529411764706 0.03272727272727273
1 0.23941176470588235 0.8554545454545455 0.047058823529411764 0.035454545454545454
1 0.24323529411764705 0.9229545454545455 0.05352941176470588 0.03590909090909091
1 0.7602941176470588 0.9254545454545454 0.057058823529411766 0.03727272727272727
1 0.09823529411764706 0.3643181818181818 0.07176470588235294 0.03318181818181818
1 0.6847058823529412 0.45545454545454545 0.09294117647058824 0.03272727272727273
1 0.6970588235294117 0.4065909090909091 0.03176470588235294 0.03772727272727273
1 0.6144117647058823 0.45886363636363636 0.03235294117647059 0.035
1 0.4123529411764706 0.8586363636363636 0.04470588235294118 0.038181818181818185
1 0.5870588235294117 0.9256818181818182 0.04941176470588235 0.03681818181818182
1 0.40176470588235297 0.5661363636363637 0.21058823529411766 0.03318181818181818
1 0.5879411764705882 0.5693181818181818 0.16176470588235295 0.03681818181818182
1 0.5114705882352941 0.6084090909090909 0.11941176470588236 0.03409090909090909
1 0.59 0.8577272727272728 0.052941176470588235 0.038181818181818185
1 0.10441176470588236 0.40613636363636363 0.07 0.03318181818181818
1 0.10970588235294118 0.5654545454545454 0.06411764705882353 0.03363636363636364
1 0.64 0.6118181818181818 0.08705882352941176 0.03
1 0.7764705882352941 0.4093181818181818 0.12117647058823529 0.03590909090909091
1 0.5047058823529412 0.9279545454545455 0.052941176470588235 0.03681818181818182
1 0.8502941176470589 0.8584090909090909 0.06411764705882353 0.038636363636363635
1 0.6752941176470588 0.8561363636363636 0.058823529411764705 0.03681818181818182
1 0.5911764705882353 0.40795454545454546 0.17176470588235293 0.04045454545454545
1 0.10441176470588236 0.7677272727272727 0.05588235294117647 0.03363636363636364
1 0.11529411764705882 0.7220454545454545 0.06352941176470588 0.03318181818181818
1 0.5267647058823529 0.45227272727272727 0.13705882352941176 0.03636363636363636
1 0.5079411764705882 0.8597727272727272 0.057058823529411766 0.03681818181818182
1 0.683235294117647 0.5697727272727273 0.031176470588235295 0.03409090909090909
1 0.5105882352941177 0.725 0.1776470588235294 0.03636363636363636
1 0.10882352941176471 0.6065909090909091 0.06588235294117648 0.03409090909090909
1 0.6758823529411765 0.9259090909090909 0.05647058823529412 0.038181818181818185
1 0.3285294117647059 0.8572727272727273 0.0488235294117647 0.03636363636363636
1 0.37529411764705883 0.45045454545454544 0.15411764705882353 0.03636363636363636
1 0.2979411764705882 0.03340909090909091 0.03 0.025
1 0.5547058823529412 0.03568181818181818 0.08705882352941176 0.029545454545454545
1 0.581764705882353 0.6184090909090909 0.029411764705882353 0.030454545454545453
1 0.3417647058823529 0.7654545454545455 0.09411764705882353 0.035454545454545454
1 0.6217647058823529 0.7275 0.03294117647058824 0.03409090909090909
1 0.5691176470588235 0.7709090909090909 0.039411764705882354 0.03