1 0.39441176470588235 0.615909090909091 0.16411764705882353 0.035454545454545454
1 0.3788235294117647 0.4106818181818182 0.14470588235294118 0.03681818181818182
1 0.5720588235294117 0.6136363636363636 0.13 0.034545454545454546
1 0.5758823529411765 0.5738636363636364 0.14588235294117646 0.03681818181818182
1 0.31176470588235294 0.03704545454545455 0.03764705882352941 0.022272727272727274
1 0.10764705882352942 0.6861363636363637 0.07647058823529412 0.03409090909090909
1 0.09382352941176471 0.45840909090909093 0.07588235294117647 0.03590909090909091
1 0.11 0.7765909090909091 0.0811764705882353 0.03409090909090909
1 0.7532352941176471 0.5763636363636364 0.09588235294117647 0.03363636363636364
1 0.3770588235294118 0.7709090909090909 0.1376470588235294 0.031818181818181815
1 0.10970588235294118 0.7340909090909091 0.08058823529411764 0.034545454545454546
1 0.7467647058823529 0.7361363636363636 0.03470588235294118 0.03681818181818182
1 0.6741176470588235 0.6156818181818182 0.029411764705882353 0.03409090909090909
1 0.7391176470588235 0.615909090909091 0.07588235294117647 0.034545454545454546
1 0.4076470588235294 0.7306818181818182 0.2011764705882353 0.035
1 0.7420588235294118 0.7759090909090909 0.10529411764705883 0.03272727272727273
1 0.6164705882352941 0.7327272727272728 0.18705882352941178 0.038181818181818185
1 0.5423529411764706 0.4093181818181818 0.1388235294117647 0.03681818181818182
1 0.09294117647058824 0.37136363636363634 0.0811764705882353 0.03363636363636364
1 0.38735294117647057 0.5756818181818182 0.16411764705882353 0.03409090909090909
1 0.5220588235294118 0.4597727272727273 0.11823529411764706 0.03409090909090909
1 0.0988235294117647 0.4106818181818182 0.08705882352941176 0.03590909090909091
1 0.0976470588235294 0.5275 0.07058823529411765 0.03318181818181818
1 0.6314705882352941 0.4640909090909091 0.031176470588235295 0.03363636363636364
1 0.5544117647058824 0.038863636363636364 0.07705882352941176 0.021363636363636362
1 0.648235294117647 0.4113636363636364 0.03294117647058824 0.03636363636363636
1 0.7252941176470589 0.4586363636363636 0.0988235294117647 0.034545454545454546
1 0.8158823529411765 0.6906818181818182 0.12588235294117647 0.035
1 0.8261764705882353 0.7363636363636363 0.11823529411764706 0.03363636363636364
1 0.375 0.4586363636363636 0.1323529411764706 0.034545454545454546
1 0.6288235294117647 0.685 0.13294117647058823 0.03363636363636364
1 0.5323529411764706 0.7727272727272727 0.14352941176470588 0.03636363636363636
1 0.68 0.5763636363636364 0.029411764705882353 0.031818181818181815
1 0.7323529411764705 0.4106818181818182 0.10588235294117647 0.031363636363636364
1 0.09941176470588235 0.6172727272727273 0.07764705882352942 0.034545454545454546
1 0.6452941176470588 0.7763636363636364 0.03058823529411765 0.031818181818181815
1 0.41323529411764703 0.6861363636363637 0.21 0.03590909090909091
1 0.726764705882353 0.6843181818181818 0.04058823529411765 0.03409090909090909
1 0.095 0.5747727272727273 0.07235294117647059 0.03318181818181818