1 0.4264705882352941 0.6859090909090909 0.17058823529411765 0.03
1 0.4464705882352941 0.5254545454545455 0.14705882352941177 0.03727272727272727
1 0.7652941176470588 0.8565909090909091 0.06235294117647059 0.03954545454545454
1 0.8505882352941176 0.9275 0.0611764705882353 0.03954545454545454
1 0.5811764705882353 0.6118181818181818 0.08705882352941176 0.03272727272727273
1 0.4138235294117647 0.9270454545454545 0.05235294117647059 0.03772727272727273
1 0.5335294117647059 0.57 0.02588235294117647 0.031818181818181815
1 0.683235294117647 0.7713636363636364 0.08176470588235295 0.031818181818181815
1 0.41147058823529414 0.41409090909090907 0.2088235294117647 0.02909090909090909
1 0.10852941176470589 0.6843181818181818 0.07 0.03409090909090909
1 0.11029411764705882 0.45204545454545453 0.08294117647058824 0.03590909090909091
1 0.11352941176470588 0.36886363636363634 0.08 0.03409090909090909
1 0.5405882352941176 0.7722727272727272 0.12117647058823529 0.03363636363636364
1 0.45676470588235296 0.7265909090909091 0.20058823529411765 0.03590909090909091
1 0.15764705882352942 0.9293181818181818 0.05647058823529412 0.038636363636363635
1 0.7947058823529412 0.7252272727272727 0.12 0.03590909090909091
1 0.33205882352941174 0.928409090909091 0.05588235294117647 0.03590909090909091
1 0.16029411764705884 0.8606818181818182 0.05352941176470588 0.03772727272727273
1 0.7220588235294118 0.7272727272727273 0.028823529411764706 0.03272727272727273
1 0.10647058823529412 0.5247727272727273 0.058823529411764705 0.03318181818181818
1 0.24764705882352941 0.8618181818181818 0.05176470588235294 0.04
1 0.6020588235294118 0.5322727272727272 0.0888235294117647 0.034545454545454546
1 0.25088235294117645 0.9288636363636363 0.06294117647058824 0.03681818181818182
1 0.4188235294117647 0.7722727272727272 0.13411764705882354 0.034545454545454546
1 0.7597058823529412 0.9275 0.05588235294117647 0.038636363636363635
1 0.655 0.4552272727272727 0.07235294117647059 0.03227272727272727
1 0.6032352941176471 0.4097727272727273 0.14058823529411765 0.03681818181818182
1 0.4194117647058824 0.860909090909091 0.05529411764705883 0.038181818181818185
1 0.5941176470588235 0.9263636363636364 0.05764705882352941 0.03909090909090909
1 0.43470588235294116 0.5722727272727273 0.14705882352941177 0.03727272727272727
1 0.596764705882353 0.8593181818181819 0.06647058823529411 0.04045454545454545
1 0.6144117647058823 0.5693181818181818 0.11588235294117646 0.035
1 0.7758823529411765 0.4115909090909091 0.10941176470588235 0.03681818181818182
1 0.5044117647058823 0.9265909090909091 0.05235294117647059 0.038636363636363635
1 0.8526470588235294 0.8577272727272728 0.06294117647058824 0.04
1 0.6829411764705883 0.8588636363636364 0.0611764705882353 0.041363636363636366
1 0.5411764705882353 0.5361363636363636 0.024705882352941175 0.03318181818181818
1 0.736764705882353 0.36886363636363634 0.07 0.03409090909090909
1 0.4067647058823529 0.45704545454545453 0.15470588235294117 0.029545454545454545
1 0.115 0.7670454545454546 0.07470588235294118 0.03409090909090909
1 0.11029411764705882 0.7247727272727272 0.07235294117647059 0.03318181818181818
1 0.6982352941176471 0.4118181818181818 0.027058823529411764 0.035454545454545454
1 0.6270588235294118 0.7729545454545454 0.03058823529411765 0.03409090909090909
1 0.5035294117647059 0.8615909090909091 0.05176470588235294 0.03954545454545454
1 0.44176470588235295 0.3684090909090909 0.18 0.03772727272727273
1 0.5164705882352941 0.6163636363636363 0.024705882352941175 0.03363636363636364
1 0.11323529411764706 0.6136363636363636 0.06529411764705882 0.034545454545454546
1 0.6776470588235294 0.9259090909090909 0.05647058823529412 0.038181818181818185
1 0.6029411764705882 0.3718181818181818 0.12823529411764706 0.03636363636363636
1 0.33647058823529413 0.8581818181818182 0.06235294117647059 0.038181818181818185
1 0.7382352941176471 0.6863636363636364 0.08352941176470588 0.03090909090909091
1 0.2938235294117647 0.03704545454545455 0.039411764705882354 0.021363636363636362
1 0.5605882352941176 0.037954545454545456 0.11764705882352941 0.021363636363636362
1 0.6844117647058824 0.37522727272727274 0.028823529411764706 0.03318181818181818
1 0.6008823529411764 0.4565909090909091 0.03 0.035
1 0.5352941176470588 0.4586363636363636 0.09411764705882353 0.03090909090909091
1 0.11235294117647059 0.5693181818181818 0.06941176470588235 0.035
1 0.1161764705882353 0.4134090909090909 0.0688235294117647 0.03590909090909091
1 0.633235294117647 0.7277272727272728 0.13941176470588235 0.04
1 0.5861764705882353 0.6879545454545455 0.14294117647058824 0.03227272727272727
1 0.6788235294117647 0.6856818181818182 0.03529411764705882 0.03318181818181818
1 0.43441176470588233 0.6138636363636364 0.12294117647058823 0.03681818181818182