1 0.76 0.8579545454545454 0.058823529411764705 0.03954545454545454
1 0.84 0.9272727272727272 0.05647058823529412 0.03727272727272727
1 0.40941176470588236 0.9281818181818182 0.052941176470588235 0.038181818181818185
1 0.84 0.8606818181818182 0.04941176470588235 0.03772727272727273
1 0.36823529411764705 0.6140909090909091 0.1223529411764706 0.034545454545454546
1 0.4223529411764706 0.4122727272727273 0.2447058823529412 0.035454545454545454
1 0.6326470588235295 0.7775 0.07705882352941176 0.03227272727272727
1 0.48 0.6118181818181818 0.1188235294117647 0.034545454545454546
1 0.43529411764705883 0.7252272727272727 0.2741176470588235 0.03318181818181818
1 0.10205882352941177 0.6802272727272727 0.09 0.03590909090909091
1 0.10617647058823529 0.3684090909090909 0.09823529411764706 0.035
1 0.1011764705882353 0.4475 0.09529411764705882 0.03681818181818182
1 0.4970588235294118 0.7725 0.10823529411764705 0.03318181818181818
1 0.14647058823529413 0.9268181818181818 0.04941176470588235 0.04181818181818182
1 0.8152941176470588 0.5718181818181818 0.15176470588235294 0.03909090909090909
1 0.32529411764705884 0.9268181818181818 0.04823529411764706 0.03909090909090909
1 0.15411764705882353 0.8577272727272728 0.052941176470588235 0.03909090909090909
1 0.6823529411764706 0.7265909090909091 0.21176470588235294 0.031363636363636364
1 0.4161764705882353 0.5688636363636363 0.22294117647058823 0.038636363636363635
1 0.10058823529411764 0.5229545454545454 0.08705882352941176 0.035
1 0.6211764705882353 0.6136363636363636 0.09647058823529411 0.031818181818181815
1 0.24294117647058824 0.8588636363636364 0.04823529411764706 0.03681818181818182
1 0.6135294117647059 0.5693181818181818 0.1635294117647059 0.038636363636363635
1 0.2411764705882353 0.925 0.05411764705882353 0.03909090909090909
1 0.36941176470588233 0.7711363636363636 0.1376470588235294 0.035
1 0.755 0.9275 0.0488235294117647 0.04318181818181818
1 0.29411764705882354 0.03227272727272727 0.04470588235294118 0.025454545454545455
1 0.6285294117647059 0.4556818181818182 0.06764705882352941 0.03227272727272727
1 0.4188235294117647 0.8595454545454545 0.06 0.038181818181818185
1 0.5879411764705882 0.92 0.05823529411764706 0.03636363636363636
1 0.09941176470588235 0.5670454545454545 0.08705882352941176 0.035
1 0.5679411764705883 0.46045454545454545 0.03235294117647059 0.034545454545454546
1 0.49 0.45590909090909093 0.09647058823529411 0.035454545454545454
1 0.5864705882352941 0.8581818181818182 0.06470588235294118 0.04
1 0.10323529411764706 0.4081818181818182 0.10647058823529412 0.03727272727272727
1 0.5520588235294117 0.03909090909090909 0.09117647058823529 0.019090909090909092
1 0.8238235294117647 0.4127272727272727 0.10411764705882352 0.038181818181818185
1 0.5017647058823529 0.9252272727272727 0.058823529411764705 0.03954545454545454
1 0.673235294117647 0.8584090909090909 0.051176470588235295 0.03954545454545454
1 0.8758823529411764 0.7256818181818182 0.10588235294117647 0.03772727272727273
1 0.3679411764705882 0.455 0.1264705882352941 0.03636363636363636
1 0.10323529411764706 0.7684090909090909 0.0888235294117647 0.035
1 0.09794117647058824 0.7270454545454546 0.0888235294117647 0.03681818181818182
1 0.7517647058823529 0.41409090909090907 0.03882352941176471 0.03727272727272727
1 0.4985294117647059 0.86 0.05352941176470588 0.03909090909090909
1 0.558235294117647 0.62 0.021176470588235293 0.035454545454545454
1 0.09382352941176471 0.6052272727272727 0.08647058823529412 0.03772727272727273
1 0.6711764705882353 0.9254545454545454 0.058823529411764705 0.038181818181818185
1 0.6429411764705882 0.41045454545454546 0.17529411764705882 0.03909090909090909
1 0.3214705882352941 0.8579545454545454 0.04647058823529412 0.038636363636363635
1 0.7223529411764706 0.5745454545454546 0.027058823529411764 0.03727272727272727
1 0.8061764705882353 0.7281818181818182 0.02411764705882353 0.042727272727272725
1 0.5779411764705882 0.7802272727272728 0.026470588235294117 0.03954545454545454