1 0.40705882352941175 0.6870454545454545 0.20588235294117646 0.04045454545454545
1 0.7591176470588236 0.8652272727272727 0.06764705882352941 0.03954545454545454
1 0.8376470588235294 0.9309090909090909 0.06470588235294118 0.04
1 0.5488235294117647 0.6190909090909091 0.12117647058823529 0.03272727272727273
1 0.40441176470588236 0.9247727272727273 0.05941176470588235 0.038636363636363635
1 0.8405882352941176 0.8615909090909091 0.05058823529411765 0.03954545454545454
1 0.3855882352941176 0.6154545454545455 0.1688235294117647 0.031818181818181815
1 0.5 0.4090909090909091 0.15294117647058825 0.03909090909090909
1 0.6561764705882352 0.7793181818181818 0.07470588235294118 0.030454545454545453
1 0.3911764705882353 0.7275 0.19411764705882353 0.038636363636363635
1 0.36 0.37136363636363634 0.10235294117647059 0.03727272727272727
1 0.3538235294117647 0.4097727272727273 0.11 0.03772727272727273
1 0.07823529411764706 0.6775 0.06705882352941177 0.03590909090909091
1 0.09117647058823529 0.44636363636363635 0.06470588235294118 0.034545454545454546
1 0.10294117647058823 0.3629545454545455 0.06823529411764706 0.035
1 0.5102941176470588 0.7715909090909091 0.11470588235294117 0.035
1 0.5782352941176471 0.7295454545454545 0.15764705882352942 0.03636363636363636
1 0.15411764705882353 0.9218181818181819 0.05764705882352941 0.04090909090909091
1 0.7894117647058824 0.6938636363636363 0.1011764705882353 0.03318181818181818
1 0.3211764705882353 0.9236363636363636 0.05529411764705883 0.038181818181818185
1 0.15323529411764705 0.8575 0.05588235294117647 0.03681818181818182
1 0.5738235294117647 0.4577272727272727 0.07235294117647059 0.031818181818181815
1 0.09205882352941176 0.5204545454545455 0.07588235294117647 0.035454545454545454
1 0.6764705882352942 0.7295454545454545 0.029411764705882353 0.034545454545454546
1 0.2447058823529412 0.9238636363636363 0.0611764705882353 0.03954545454545454
1 0.37029411764705883 0.775 0.14176470588235293 0.035454545454545454
1 0.7458823529411764 0.9295454545454546 0.058823529411764705 0.04
1 0.6176470588235294 0.37522727272727274 0.03529411764705882 0.03318181818181818
1 0.4108823529411765 0.8579545454545454 0.06647058823529411 0.03954545454545454
1 0.5870588235294117 0.928409090909091 0.06 0.04045454545454545
1 0.4032352941176471 0.5261363636363636 0.2111764705882353 0.03681818181818182
1 0.5902941176470589 0.5331818181818182 0.13705882352941176 0.034545454545454546
1 0.45176470588235296 0.45454545454545453 0.10941176470588235 0.03727272727272727
1 0.595 0.7834090909090909 0.03705882352941176 0.03590909090909091
1 0.09735294117647059 0.4036363636363636 0.07470588235294118 0.035454545454545454
1 0.09058823529411765 0.5611363636363637 0.07647058823529412 0.035
1 0.6008823529411764 0.5727272727272728 0.15941176470588236 0.034545454545454546
1 0.5508823529411765 0.03727272727272727 0.0711764705882353 0.028181818181818183
1 0.6058823529411764 0.4097727272727273 0.027058823529411764 0.03681818181818182
1 0.6823529411764706 0.4097727272727273 0.09058823529411765 0.035
1 0.7488235294117647 0.7338636363636364 0.11058823529411765 0.035
1 0.49441176470588233 0.9288636363636363 0.05941176470588235 0.041363636363636366
1 0.6655882352941176 0.8620454545454546 0.06411764705882353 0.03954545454545454
1 0.3497058823529412 0.4509090909090909 0.09352941176470589 0.03727272727272727
1 0.0738235294117647 0.7620454545454546 0.07 0.035
1 0.23794117647058824 0.8552272727272727 0.057058823529411766 0.03772727272727273
1 0.6888235294117647 0.3715909090909091 0.09294117647058824 0.03590909090909091
1 0.6152941176470588 0.6895454545454546 0.13294117647058823 0.03727272727272727
1 0.4908823529411765 0.8595454545454545 0.05588235294117647 0.04
1 0.08970588235294118 0.6027272727272728 0.07470588235294118 0.035454545454545454
1 0.6626470588235294 0.9311363636363637 0.05823529411764706 0.041363636363636366
1 0.5055882352941177 0.3718181818181818 0.1476470588235294 0.038181818181818185
1 0.32382352941176473 0.8563636363636363 0.054705882352941174 0.03909090909090909
1 0.7114705882352941 0.6952272727272727 0.039411764705882354 0.03227272727272727
1 0.08088235294117647 0.7204545454545455 0.07 0.034545454545454546
1 0.2852941176470588 0.0325 0.03764705882352941 0.028636363636363637
1 0.33588235294117647 0.032045454545454544 0.06705882352941177 0.02409090909090909
1 0.3985294117647059 0.5704545454545454 0.2088235294117647 0.03636363636363636
1 0.5764705882352941 0.865909090909091 0.05411764705882353 0.04181818181818182