1 0.42 0.6825 0.23529411764705882 0.038636363636363635
1 0.4011764705882353 0.40613636363636363 0.18 0.038636363636363635
1 0.7655882352941177 0.8629545454545454 0.07470588235294118 0.03954545454545454
1 0.8511764705882353 0.9293181818181818 0.07764705882352942 0.04045454545454545
1 0.41323529411764703 0.9270454545454545 0.06529411764705882 0.03681818181818182
1 0.3870588235294118 0.6127272727272727 0.18352941176470589 0.035454545454545454
1 0.7188235294117648 0.77 0.1011764705882353 0.031818181818181815
1 0.6373529411764706 0.6879545454545455 0.17588235294117646 0.04045454545454545
1 0.8197058823529412 0.5272727272727272 0.03470588235294118 0.038181818181818185
1 0.1161764705882353 0.678409090909091 0.11941176470588236 0.03772727272727273
1 0.4138235294117647 0.7263636363636363 0.24294117647058824 0.03272727272727273
1 0.8964705882352941 0.5234090909090909 0.10823529411764705 0.03954545454545454
1 0.11411764705882353 0.45295454545454544 0.08352941176470588 0.03954545454545454
1 0.6258823529411764 0.730909090909091 0.17294117647058824 0.03727272727272727
1 0.1538235294117647 0.9254545454545454 0.061764705882352944 0.04
1 0.7438235294117647 0.6168181818181818 0.1264705882352941 0.035454545454545454
1 0.3326470588235294 0.9275 0.07352941176470588 0.038636363636363635
1 0.1561764705882353 0.8556818181818182 0.05823529411764706 0.03772727272727273
1 0.46294117647058824 0.52 0.30117647058823527 0.04
1 0.10352941176470588 0.5261363636363636 0.10823529411764705 0.03772727272727273
1 0.24676470588235294 0.8563636363636363 0.0711764705882353 0.03909090909090909
1 0.6576470588235294 0.6168181818181818 0.03294117647058824 0.03272727272727273
1 0.24088235294117646 0.9263636363636364 0.060588235294117644 0.03909090909090909
1 0.3652941176470588 0.7675 0.14941176470588236 0.038636363636363635
1 0.7588235294117647 0.9275 0.06235294117647059 0.03954545454545454
1 0.1161764705882353 0.36318181818181816 0.08647058823529412 0.03727272727272727
1 0.5344117647058824 0.7693181818181818 0.15941176470588236 0.035
1 0.6629411764705883 0.4531818181818182 0.08941176470588236 0.03272727272727273
1 0.7220588235294118 0.3654545454545455 0.09117647058823529 0.03636363636363636
1 0.415 0.8577272727272728 0.060588235294117644 0.03909090909090909
1 0.5882352941176471 0.9286363636363636 0.06470588235294118 0.03909090909090909
1 0.5505882352941176 0.6118181818181818 0.13529411764705881 0.034545454545454546
1 0.49441176470588233 0.4509090909090909 0.09470588235294118 0.03636363636363636
1 0.5923529411764706 0.8602272727272727 0.07176470588235294 0.03954545454545454
1 0.10911764705882353 0.4040909090909091 0.0888235294117647 0.03727272727272727
1 0.11441176470588235 0.5661363636363637 0.12176470588235294 0.03772727272727273
1 0.6964705882352941 0.5725 0.1811764705882353 0.038636363636363635
1 0.5764705882352941 0.03977272727272727 0.12 0.023181818181818182
1 0.7726470588235295 0.4115909090909091 0.1111764705882353 0.03681818181818182
1 0.7464705882352941 0.7302272727272727 0.04470588235294118 0.03772727272727273
1 0.5052941176470588 0.9288636363636363 0.07058823529411765 0.038636363636363635
1 0.8538235294117648 0.6897727272727273 0.10647058823529412 0.035
1 0.6758823529411765 0.8602272727272727 0.06235294117647059 0.03772727272727273
1 0.5808823529411765 0.4090909090909091 0.14058823529411765 0.038181818181818185
1 0.8073529411764706 0.5727272727272728 0.03588235294117647 0.04
1 0.36941176470588233 0.44977272727272727 0.12588235294117647 0.03772727272727273
1 0.13323529411764706 0.7645454545454545 0.11941176470588236 0.03909090909090909
1 0.1161764705882353 0.7209090909090909 0.11941176470588236 0.03727272727272727
1 0.6932352941176471 0.405 0.03705882352941176 0.03909090909090909
1 0.5805882352941176 0.4556818181818182 0.03882352941176471 0.03590909090909091
1 0.6405882352941177 0.7713636363636364 0.03058823529411765 0.031818181818181815
1 0.5014705882352941 0.8590909090909091 0.0711764705882353 0.038181818181818185
1 0.7088235294117647 0.5238636363636363 0.1776470588235294 0.03954545454545454
1 0.4088235294117647 0.3634090909090909 0.16705882352941176 0.03772727272727273
1 0.12205882352941176 0.6047727272727272 0.11705882352941177 0.03954545454545454
1 0.6817647058823529 0.9270454545454545 0.08 0.04045454545454545
1 0.5914705882352941 0.36272727272727273 0.11588235294117646 0.03636363636363636
1 0.33205882352941174 0.8568181818181818 0.06529411764705882 0.038181818181818185
1 0.7676470588235295 0.6913636363636364 0.04 0.03363636363636364
1 0.8429411764705882 0.8640909090909091 0.06823529411764706 0.03727272727272727
1 0.3044117647058823 0.035454545454545454 0.0488235294117647 0.03363636363636364
1 0.8917647058823529 0.5768181818181818 0.1376470588235294 0.04454545454545455
1 0.83 0.7311363636363636 0.13058823529411764 0.03318181818181818
1 0.6579411764705883 0.3693181818181818 0.031176470588235295 0.03409090909090909
1 0.4411764705882353 0.57 0.3035294117647059 0.045454545454545456