1 0.39205882352941174 0.6825 0.1652941176470588 0.029545454545454545
1 0.5529411764705883 0.6843181818181818 0.10235294117647059 0.029545454545454545
1 0.7570588235294118 0.860909090909091 0.05058823529411765 0.035454545454545454
1 0.8435294117647059 0.9277272727272727 0.05529411764705883 0.038181818181818185
1 0.40852941176470586 0.9256818181818182 0.054705882352941174 0.03590909090909091
1 0.3788235294117647 0.6077272727272728 0.13294117647058823 0.034545454545454546
1 0.6797058823529412 0.7713636363636364 0.07823529411764706 0.031818181818181815
1 0.3814705882352941 0.45227272727272727 0.13 0.03636363636363636
1 0.6376470588235295 0.6859090909090909 0.029411764705882353 0.03
1 0.40941176470588236 0.7261363636363637 0.2011764705882353 0.03227272727272727
1 0.31823529411764706 0.034772727272727275 0.04352941176470588 0.026818181818181817
1 0.41323529411764703 0.41363636363636364 0.18176470588235294 0.03636363636363636
1 0.09382352941176471 0.6788636363636363 0.06764705882352941 0.03409090909090909
1 0.11382352941176471 0.4506818181818182 0.08058823529411764 0.031363636363636364
1 0.11352941176470588 0.36227272727272725 0.07647058823529412 0.03272727272727273
1 0.5823529411764706 0.7268181818181818 0.12 0.028181818181818183
1 0.14735294117647058 0.9225 0.0488235294117647 0.03954545454545454
1 0.7258823529411764 0.7263636363636363 0.09647058823529411 0.028181818181818183
1 0.32588235294117646 0.923409090909091 0.05058823529411765 0.03772727272727273
1 0.1511764705882353 0.8534090909090909 0.04941176470588235 0.038636363636363635
1 0.4023529411764706 0.5206818181818181 0.16 0.03681818181818182
1 0.10441176470588236 0.5220454545454546 0.07235294117647059 0.02590909090909091
1 0.2411764705882353 0.8561363636363636 0.05176470588235294 0.03681818181818182
1 0.2338235294117647 0.9213636363636364 0.04647058823529412 0.038181818181818185
1 0.37558823529411767 0.7675 0.14058823529411765 0.035
1 0.7552941176470588 0.9265909090909091 0.06 0.04045454545454545
1 0.5276470588235294 0.7679545454545454 0.10235294117647059 0.03409090909090909
1 0.5541176470588235 0.36954545454545457 0.06941176470588235 0.031818181818181815
1 0.5567647058823529 0.4131818181818182 0.06764705882352941 0.031818181818181815
1 0.4067647058823529 0.8575 0.0488235294117647 0.03772727272727273
1 0.5841176470588235 0.9279545454545455 0.047058823529411764 0.038636363636363635
1 0.3991176470588235 0.5661363636363637 0.1688235294117647 0.03590909090909091
1 0.5820588235294117 0.5245454545454545 0.18058823529411766 0.03727272727272727
1 0.5805882352941176 0.8586363636363636 0.05058823529411765 0.03909090909090909
1 0.11323529411764706 0.4059090909090909 0.08176470588235295 0.03
1 0.10352941176470588 0.5636363636363636 0.07411764705882352 0.03
1 0.6026470588235294 0.5702272727272727 0.20294117647058824 0.03590909090909091
1 0.56 0.04 0.08 0.02181818181818182
1 0.49529411764705883 0.9261363636363636 0.05058823529411765 0.03681818181818182
1 0.8429411764705882 0.8604545454545455 0.05411764705882353 0.03363636363636364
1 0.6697058823529412 0.8590909090909091 0.05235294117647059 0.03636363636363636
1 0.09529411764705882 0.7606818181818182 0.07647058823529412 0.035
1 0.09529411764705882 0.72 0.07294117647058823 0.03636363636363636
1 0.5026470588235294 0.4547727272727273 0.061764705882352944 0.03227272727272727
1 0.6173529411764705 0.7722727272727272 0.026470588235294117 0.03363636363636364
1 0.5005882352941177 0.8588636363636364 0.052941176470588235 0.038636363636363635
1 0.41352941176470587 0.3690909090909091 0.18470588235294116 0.03090909090909091
1 0.5138235294117647 0.6115909090909091 0.08647058823529412 0.03227272727272727
1 0.09941176470588235 0.6038636363636364 0.07882352941176471 0.035
1 0.6644117647058824 0.9259090909090909 0.051176470588235295 0.038181818181818185
1 0.32794117647058824 0.8568181818181818 0.051176470588235295 0.03727272727272727
1 0.7105882352941176 0.6881818181818182 0.08705882352941176 0.03272727272727273
1 0.6611764705882353 0.7290909090909091 0.029411764705882353 0.03090909090909091