1 0.6032448377581121 0.7482915717539863 0.12448377581120944 0.03416856492027335
1 0.41150442477876104 0.4357630979498861 0.19882005899705016 0.03507972665148064
1 0.7619469026548673 0.878132118451025 0.07138643067846608 0.04236902050113895
1 0.8507374631268436 0.9430523917995444 0.06843657817109144 0.04009111617312073
1 0.6138643067846608 0.6332574031890661 0.18230088495575222 0.03553530751708428
1 0.4247787610619469 0.9419134396355353 0.07079646017699115 0.03781321184510251
1 0.608259587020649 0.587243735763098 0.17227138643067846 0.03553530751708428
1 0.8536873156342183 0.8758542141230068 0.0743362831858407 0.04236902050113895
1 0.4271386430678466 0.6350797266514806 0.18761061946902655 0.03462414578587699
1 0.6746312684365782 0.7904328018223234 0.032448377581120944 0.03462414578587699
1 0.42507374631268435 0.4776765375854214 0.20117994100294986 0.03599088838268793
1 0.4392330383480826 0.7027334851936219 0.23303834808259588 0.04054669703872437
1 0.6787610619469027 0.752619589977221 0.032448377581120944 0.0337129840546697
1 0.4353982300884956 0.7890660592255125 0.20176991150442478 0.03553530751708428
1 0.7492625368731564 0.43507972665148065 0.0920353982300885 0.03189066059225513
1 0.1224188790560472 0.7043280182232347 0.0808259587020649 0.03553530751708428
1 0.12654867256637167 0.4760820045558087 0.09498525073746313 0.03553530751708428
1 0.4324483775811209 0.7485193621867882 0.20766961651917404 0.03553530751708428
1 0.6669616519174041 0.5496583143507973 0.2424778761061947 0.04054669703872437
1 0.5979351032448378 0.7883826879271071 0.11740412979351032 0.03416856492027335
1 0.168141592920354 0.9419134396355353 0.06253687315634218 0.0387243735763098
1 0.8061946902654867 0.7050113895216401 0.10088495575221239 0.03416856492027335
1 0.3374631268436578 0.9428246013667426 0.06725663716814159 0.03781321184510251
1 0.1678466076696165 0.8753986332574032 0.06430678466076696 0.0387243735763098
1 0.7256637168141593 0.7913439635535308 0.07315634218289085 0.03189066059225513
1 0.6005899705014749 0.4774487471526196 0.1392330383480826 0.03462414578587699
1 0.4230088495575221 0.5494305239179954 0.21946902654867256 0.04009111617312073
1 0.12477876106194691 0.54874715261959 0.09616519174041298 0.03690205011389522
1 0.25073746312684364 0.8763097949886105 0.06253687315634218 0.03781321184510251
1 0.25162241887905606 0.9425968109339408 0.06784660766961652 0.03826879271070615
1 0.7619469026548673 0.9416856492027335 0.06666666666666667 0.04009111617312073
1 0.12389380530973451 0.3929384965831435 0.0920353982300885 0.03781321184510251
1 0.6935103244837758 0.48200455580865603 0.028908554572271386 0.030979498861047835
1 0.6991150442477876 0.3954441913439636 0.0471976401179941 0.03553530751708428
1 0.4253687315634218 0.876993166287016 0.06253687315634218 0.03826879271070615
1 0.5943952802359882 0.9446469248291571 0.06666666666666667 0.04054669703872437
1 0.4144542772861357 0.5895216400911162 0.21179941002949854 0.03644646924829157
1 0.5870206489675516 0.8776765375854214 0.06135693215339233 0.04328018223234624
1 0.12507374631268436 0.434624145785877 0.0943952802359882 0.03553530751708428
1 0.128023598820059 0.5902050113895216 0.09557522123893805 0.03507972665148064
1 0.6035398230088496 0.3929384965831435 0.14041297935103245 0.04145785876993166
1 0.7501474926253687 0.4783599088838269 0.08908554572271386 0.03189066059225513
1 0.7247787610619469 0.7517084282460137 0.07256637168141593 0.030979498861047835
1 0.512094395280236 0.9428246013667426 0.0743362831858407 0.03963553530751709
1 0.6746312684365782 0.8767653758542141 0.06902654867256637 0.04054669703872437
1 0.5905604719764012 0.43416856492027334 0.12625368731563422 0.0337129840546697
1 0.7746312684365781 0.3954441913439636 0.10737463126843658 0.03644646924829157
1 0.12979351032448377 0.7874715261958998 0.08377581120943953 0.03599088838268793
1 0.5076696165191741 0.8774487471526196 0.06548672566371681 0.03917995444191344
1 0.6834808259587021 0.43758542141230067 0.0359882005899705 0.03234624145785877
1 0.6315634218289086 0.7036446469248292 0.15162241887905606 0.03963553530751709
1 0.42389380530973453 0.3949886104783599 0.20353982300884957 0.04009111617312073
1 0.12654867256637167 0.6330296127562642 0.09144542772861357 0.03507972665148064
1 0.6808259587020649 0.941002277904328 0.0743362831858407 0.04054669703872437
1 0.3410029498525074 0.876993166287016 0.07079646017699115 0.03735763097949886
1 0.728023598820059 0.7082004555808656 0.044837758112094395 0.03599088838268793
1 0.1224188790560472 0.7489749430523918 0.0831858407079646 0.03462414578587699