1 0.4538235294117647 0.7268181818181818 0.2911764705882353 0.04363636363636364
1 0.5270588235294118 0.6906818181818182 0.03058823529411765 0.03409090909090909
1 0.38382352941176473 0.4127272727272727 0.15705882352941178 0.03909090909090909
1 0.7626470588235295 0.8579545454545454 0.054705882352941174 0.03772727272727273
1 0.8441176470588235 0.9306818181818182 0.04470588235294118 0.03772727272727273
1 0.905 0.37613636363636366 0.07 0.03318181818181818
1 0.535 0.6122727272727273 0.13352941176470587 0.034545454545454546
1 0.41352941176470587 0.9304545454545454 0.04 0.035454545454545454
1 0.4752941176470588 0.5252272727272728 0.08588235294117647 0.03590909090909091
1 0.3826470588235294 0.6095454545454545 0.1535294117647059 0.035454545454545454
1 0.48470588235294115 0.3775 0.04 0.03409090909090909
1 0.6064705882352941 0.7702272727272728 0.09058823529411765 0.03227272727272727
1 0.36 0.6865909090909091 0.10470588235294118 0.03227272727272727
1 0.7973529411764706 0.37522727272727274 0.08294117647058824 0.03318181818181818
1 0.11176470588235295 0.6820454545454545 0.08941176470588236 0.03772727272727273
1 0.10205882352941177 0.44931818181818184 0.08176470588235295 0.038636363636363635
1 0.10617647058823529 0.3675 0.08294117647058824 0.03590909090909091
1 0.48764705882352943 0.7722727272727272 0.08941176470588236 0.03363636363636364
1 0.1564705882352941 0.9306818181818182 0.04823529411764706 0.03681818181818182
1 0.3323529411764706 0.9295454545454546 0.05058823529411765 0.034545454545454546
1 0.15735294117647058 0.8618181818181818 0.05235294117647059 0.03909090909090909
1 0.6982352941176471 0.7245454545454545 0.18823529411764706 0.038181818181818185
1 0.10352941176470588 0.5229545454545454 0.07882352941176471 0.035
1 0.8573529411764705 0.37795454545454543 0.03235294117647059 0.031363636363636364
1 0.2426470588235294 0.8590909090909091 0.045294117647058825 0.038181818181818185
1 0.24205882352941177 0.9286363636363636 0.04294117647058823 0.03636363636363636
1 0.3673529411764706 0.7727272727272727 0.13117647058823528 0.034545454545454546
1 0.7588235294117647 0.928409090909091 0.042352941176470586 0.038636363636363635
1 0.695 0.4156818181818182 0.028823529411764706 0.03318181818181818
1 0.4152941176470588 0.8588636363636364 0.042352941176470586 0.03954545454545454
1 0.3720588235294118 0.5295454545454545 0.13352941176470587 0.03636363636363636
1 0.45176470588235296 0.5684090909090909 0.29764705882352943 0.042272727272727274
1 0.46088235294117647 0.4540909090909091 0.10882352941176471 0.035454545454545454
1 0.5902941176470589 0.8584090909090909 0.05588235294117647 0.038636363636363635
1 0.10205882352941177 0.4081818181818182 0.08294117647058824 0.03727272727272727
1 0.1011764705882353 0.5665909090909091 0.07411764705882352 0.03590909090909091
1 0.591764705882353 0.4552272727272727 0.09294117647058824 0.03318181818181818
1 0.57 0.41409090909090907 0.21294117647058824 0.03909090909090909
1 0.7911764705882353 0.4147727272727273 0.15764705882352942 0.038636363636363635
1 0.8173529411764706 0.7313636363636363 0.04058823529411765 0.03272727272727273
1 0.5047058823529412 0.9290909090909091 0.04588235294117647 0.03727272727272727
1 0.678235294117647 0.8595454545454545 0.05529411764705883 0.03727272727272727
1 0.9067647058823529 0.7290909090909091 0.13941176470588235 0.04363636363636364
1 0.3564705882352941 0.45227272727272727 0.10235294117647059 0.03636363636363636
1 0.11676470588235294 0.7684090909090909 0.09470588235294118 0.038636363636363635
1 0.11411764705882353 0.7268181818181818 0.08588235294117647 0.038181818181818185
1 0.7194117647058823 0.37545454545454543 0.07764705882352942 0.03272727272727273
1 0.5788235294117647 0.6852272727272727 0.07647058823529412 0.03318181818181818
1 0.5014705882352941 0.8602272727272727 0.04176470588235294 0.03772727272727273
1 0.10205882352941177 0.6081818181818182 0.07941176470588235 0.03727272727272727
1 0.6720588235294118 0.9286363636363636 0.045294117647058825 0.03727272727272727
1 0.3323529411764706 0.8602272727272727 0.05176470588235294 0.038636363636363635
1 0.7138235294117647 0.5709090909090909 0.22058823529411764 0.03909090909090909
1 0.3114705882352941 0.03931818181818182 0.0488235294117647 0.02772727272727273
1 0.46147058823529413 0.6877272727272727 0.08529411764705883 0.03363636363636364
1 0.54 0.7752272727272728 0.024705882352941175 0.042272727272727274
1 0.53 0.4561363636363636 0.02823529411764706 0.028636363636363637
1 0.846764705882353 0.8604545454545455 0.05941176470588235 0.046363636363636364
1 0.5882352941176471 0.93 0.05058823529411765 0.04