1 0.7620588235294118 0.8684090909090909 0.061764705882352944 0.045909090909090906
1 0.8514705882352941 0.9277272727272727 0.07235294117647059 0.04
1 0.4076470588235294 0.9265909090909091 0.06352941176470588 0.038636363636363635
1 0.8482352941176471 0.8634090909090909 0.0611764705882353 0.038636363636363635
1 0.36705882352941177 0.6163636363636363 0.14470588235294118 0.03727272727272727
1 0.6376470588235295 0.7818181818181819 0.04941176470588235 0.031818181818181815
1 0.4082352941176471 0.6856818181818182 0.21764705882352942 0.042272727272727274
1 0.7188235294117648 0.6979545454545455 0.03529411764705882 0.03227272727272727
1 0.40147058823529413 0.73 0.21823529411764706 0.03636363636363636
1 0.42411764705882354 0.41 0.2411764705882353 0.03909090909090909
1 0.10411764705882352 0.6811363636363637 0.1 0.03681818181818182
1 0.10205882352941177 0.4495454545454545 0.1111764705882353 0.03909090909090909
1 0.495 0.7793181818181818 0.11235294117647059 0.03409090909090909
1 0.6161764705882353 0.7345454545454545 0.1888235294117647 0.03090909090909091
1 0.15764705882352942 0.9231818181818182 0.07058823529411765 0.04
1 0.3261764705882353 0.9243181818181818 0.060588235294117644 0.038636363636363635
1 0.15794117647058822 0.8556818181818182 0.060588235294117644 0.03772727272727273
1 0.7458823529411764 0.7375 0.03882352941176471 0.03409090909090909
1 0.4097058823529412 0.5327272727272727 0.21235294117647058 0.03272727272727273
1 0.11411764705882353 0.5236363636363637 0.10235294117647059 0.03636363636363636
1 0.8829411764705882 0.37977272727272726 0.09058823529411765 0.03409090909090909
1 0.24294117647058824 0.8584090909090909 0.06823529411764706 0.03954545454545454
1 0.6094117647058823 0.5363636363636364 0.16941176470588235 0.026363636363636363
1 0.2373529411764706 0.9243181818181818 0.061764705882352944 0.03772727272727273
1 0.35970588235294115 0.7775 0.13470588235294118 0.03227272727272727
1 0.7573529411764706 0.9272727272727272 0.06529411764705882 0.03909090909090909
1 0.11058823529411765 0.3638636363636364 0.11411764705882353 0.035
1 0.6685294117647059 0.3770454545454546 0.18176470588235294 0.03590909090909091
1 0.6576470588235294 0.41295454545454546 0.21529411764705883 0.03772727272727273
1 0.4188235294117647 0.8586363636363636 0.07058823529411765 0.03909090909090909
1 0.5861764705882353 0.9327272727272727 0.06294117647058824 0.042727272727272725
1 0.10411764705882352 0.5661363636363637 0.1011764705882353 0.03681818181818182
1 0.41852941176470587 0.571590909090909 0.23705882352941177 0.03954545454545454
1 0.5797058823529412 0.7854545454545454 0.031176470588235295 0.02909090909090909
1 0.1038235294117647 0.4052272727272727 0.10764705882352942 0.03681818181818182
1 0.6679411764705883 0.5736363636363636 0.24411764705882352 0.035454545454545454
1 0.5488235294117647 0.038863636363636364 0.07764705882352942 0.023181818181818182
1 0.606764705882353 0.4743181818181818 0.027647058823529413 0.02409090909090909
1 0.7973529411764706 0.42045454545454547 0.03588235294117647 0.035454545454545454
1 0.5061764705882353 0.9265909090909091 0.0711764705882353 0.04045454545454545
1 0.6735294117647059 0.8652272727272727 0.06352941176470588 0.042272727272727274
1 0.8052941176470588 0.3875 0.03058823529411765 0.025
1 0.6076470588235294 0.6927272727272727 0.15529411764705883 0.034545454545454546
1 0.8291176470588235 0.7343181818181819 0.09823529411764706 0.035
1 0.3685294117647059 0.4590909090909091 0.14176470588235293 0.03272727272727273
1 0.09382352941176471 0.7622727272727273 0.10176470588235294 0.045454545454545456
1 0.10147058823529412 0.7222727272727273 0.09705882352941177 0.03909090909090909
1 0.5170588235294118 0.4665909090909091 0.13058823529411764 0.035
1 0.5 0.8606818181818182 0.06352941176470588 0.04045454545454545
1 0.6620588235294118 0.46545454545454545 0.08058823529411764 0.03272727272727273
1 0.8820588235294118 0.41795454545454547 0.11823529411764706 0.04045454545454545
1 0.43176470588235294 0.3690909090909091 0.24 0.042727272727272725
1 0.5188235294117647 0.6204545454545455 0.13529411764705881 0.03272727272727273
1 0.10235294117647059 0.6072727272727273 0.0976470588235294 0.03636363636363636
1 0.6755882352941176 0.9327272727272727 0.0711764705882353 0.03909090909090909
1 0.32823529411764707 0.8570454545454546 0.06588235294117648 0.04045454545454545
1 0.7905882352941176 0.6952272727272727 0.08 0.031363636363636364
1 0.31441176470588234 0.034772727272727275 0.03588235294117647 0.022272727272727274
1 0.5835294117647059 0.8625 0.06705882352941177 0.042272727272727274