1 0.4361764705882353 0.7365909090909091 0.2852941176470588 0.03318181818181818
1 0.5861764705882353 0.6245454545454545 0.16294117647058823 0.03090909090909091
1 0.37176470588235294 0.3756818181818182 0.1376470588235294 0.03590909090909091
1 0.7620588235294118 0.8640909090909091 0.0711764705882353 0.04
1 0.851764705882353 0.9277272727272727 0.07647058823529412 0.04090909090909091
1 0.5538235294117647 0.5334090909090909 0.14058823529411765 0.03590909090909091
1 0.85 0.8634090909090909 0.07058823529411765 0.041363636363636366
1 0.3888235294117647 0.6229545454545454 0.19411764705882353 0.031363636363636364
1 0.5129411764705882 0.37681818181818183 0.10235294117647059 0.034545454545454546
1 0.7252941176470589 0.7868181818181819 0.13411764705882354 0.02909090909090909
1 0.5185294117647059 0.6922727272727273 0.1111764705882353 0.035454545454545454
1 0.6885294117647058 0.6952272727272727 0.07235294117647059 0.03227272727272727
1 0.7602941176470588 0.5347727272727273 0.07235294117647059 0.03409090909090909
1 0.3888235294117647 0.4665909090909091 0.17529411764705882 0.028636363636363637
1 0.41058823529411764 0.8627272727272727 0.058823529411764705 0.04
1 0.10764705882352942 0.6865909090909091 0.09176470588235294 0.03681818181818182
1 0.09735294117647059 0.4531818181818182 0.08058823529411764 0.03636363636363636
1 0.11058823529411765 0.36613636363636365 0.09176470588235294 0.03681818181818182
1 0.4329411764705882 0.42068181818181816 0.2647058823529412 0.030454545454545453
1 0.5164705882352941 0.7722727272727272 0.1423529411764706 0.03363636363636364
1 0.7 0.7356818181818182 0.2376470588235294 0.031363636363636364
1 0.1564705882352941 0.9275 0.06588235294117648 0.03772727272727273
1 0.8423529411764706 0.5784090909090909 0.03764705882352941 0.03590909090909091
1 0.4073529411764706 0.928409090909091 0.05235294117647059 0.03590909090909091
1 0.15323529411764705 0.8575 0.061764705882352944 0.03954545454545454
1 0.10735294117647058 0.5234090909090909 0.09 0.03409090909090909
1 0.6894117647058824 0.6238636363636364 0.03176470588235294 0.030454545454545453
1 0.2520588235294118 0.8622727272727273 0.07 0.03909090909090909
1 0.24029411764705882 0.9272727272727272 0.05823529411764706 0.038181818181818185
1 0.35823529411764704 0.7729545454545454 0.12470588235294118 0.03409090909090909
1 0.7664705882352941 0.9290909090909091 0.07294117647058823 0.03909090909090909
1 0.6411764705882353 0.3775 0.0611764705882353 0.031363636363636364
1 0.6755882352941176 0.42454545454545456 0.17705882352941177 0.03272727272727273
1 0.5861764705882353 0.928409090909091 0.06294117647058824 0.03954545454545454
1 0.38441176470588234 0.5306818181818181 0.16058823529411764 0.03772727272727273
1 0.4426470588235294 0.5734090909090909 0.2923529411764706 0.031363636363636364
1 0.5879411764705882 0.8615909090909091 0.0711764705882353 0.03772727272727273
1 0.10352941176470588 0.41 0.08470588235294117 0.03727272727272727
1 0.7076470588235294 0.5802272727272727 0.22 0.035
1 0.5605882352941176 0.04090909090909091 0.10705882352941176 0.022727272727272728
1 0.655 0.46863636363636363 0.03705882352941176 0.03272727272727273
1 0.7926470588235294 0.41795454545454547 0.04058823529411765 0.03590909090909091
1 0.7585294117647059 0.6215909090909091 0.07941176470588235 0.03227272727272727
1 0.49911764705882355 0.9275 0.07352941176470588 0.04045454545454545
1 0.9055882352941177 0.7402272727272727 0.12058823529411765 0.03590909090909091
1 0.6711764705882353 0.8620454545454546 0.05647058823529412 0.041363636363636366
1 0.9035294117647059 0.5745454545454546 0.07764705882352942 0.03909090909090909
1 0.1161764705882353 0.7652272727272728 0.11352941176470588 0.03681818181818182
1 0.11088235294117647 0.7247727272727272 0.10647058823529412 0.03681818181818182
1 0.558235294117647 0.47045454545454546 0.14 0.028181818181818183
1 0.6311764705882353 0.7763636363636364 0.036470588235294116 0.034545454545454546
1 0.5026470588235294 0.8625 0.061764705882352944 0.038636363636363635
1 0.875 0.41545454545454547 0.09941176470588235 0.038181818181818185
1 0.6197058823529412 0.6954545454545454 0.04647058823529412 0.03363636363636364
1 0.11794117647058823 0.6140909090909091 0.09941176470588235 0.035454545454545454
1 0.6729411764705883 0.9297727272727273 0.058823529411764705 0.04045454545454545
1 0.32441176470588234 0.8631818181818182 0.060588235294117644 0.03909090909090909
1 0.30323529411764705 0.03931818181818182 0.04764705882352941 0.018636363636363635
1 0.5947058823529412 0.3840909090909091 0.024705882352941175 0.025454545454545455
1 0.7123529411764706 0.4697727272727273 0.06588235294117648 0.023181818181818182
1 0.6994117647058824 0.5436363636363636 0.03529411764705882 0.025454545454545455
1 0.12029411764705883 0.5665909090909091 0.07941176470588235 0.03954545454545454
1 0.8335294117647059 0.7415909090909091 0.02823529411764706 0.035
1 0.37411764705882355 0.6956818181818182 0.14823529411764705 0.028636363636363637
1 0.3270588235294118 0.9290909090909091 0.06588235294117648 0.035454545454545454