1 0.48676470588235293 0.6840909090909091 0.3547058823529412 0.04181818181818182
1 0.46058823529411763 0.36772727272727274 0.2988235294117647 0.04181818181818182
1 0.7747058823529411 0.8568181818181818 0.07882352941176471 0.04363636363636364
1 0.8629411764705882 0.9254545454545454 0.07764705882352942 0.04090909090909091
1 0.9211764705882353 0.6811363636363637 0.06470588235294118 0.038636363636363635
1 0.4264705882352941 0.9279545454545455 0.05764705882352941 0.03772727272727273
1 0.8664705882352941 0.8647727272727272 0.07176470588235294 0.04318181818181818
1 0.5235294117647059 0.4618181818181818 0.08941176470588236 0.026363636363636363
1 0.45588235294117646 0.4134090909090909 0.29294117647058826 0.04409090909090909
1 0.3835294117647059 0.4586363636363636 0.1635294117647059 0.035454545454545454
1 0.10617647058823529 0.6875 0.08411764705882353 0.03681818181818182
1 0.1161764705882353 0.46090909090909093 0.09705882352941177 0.03727272727272727
1 0.11382352941176471 0.5738636363636364 0.08529411764705883 0.035
1 0.115 0.41863636363636364 0.09823529411764706 0.038181818181818185
1 0.4011764705882353 0.7784090909090909 0.1811764705882353 0.035
1 0.15823529411764706 0.9311363636363637 0.04941176470588235 0.04045454545454545
1 0.3411764705882353 0.9295454545454546 0.05647058823529412 0.038181818181818185
1 0.17294117647058824 0.8634090909090909 0.07176470588235294 0.041363636363636366
1 0.7597058823529412 0.7272727272727273 0.15705882352941178 0.03727272727272727
1 0.6329411764705882 0.4665909090909091 0.07411764705882352 0.03318181818181818
1 0.44529411764705884 0.5263636363636364 0.29058823529411765 0.04454545454545455
1 0.11941176470588236 0.5336363636363637 0.06941176470588235 0.04090909090909091
1 0.8538235294117648 0.3679545454545455 0.11352941176470588 0.03681818181818182
1 0.2661764705882353 0.8663636363636363 0.0688235294117647 0.03909090909090909
1 0.25176470588235295 0.9302272727272727 0.05764705882352941 0.03681818181818182
1 0.4888235294117647 0.7284090909090909 0.37058823529411766 0.03772727272727273
1 0.7735294117647059 0.9286363636363636 0.06470588235294118 0.038181818181818185
1 0.2688235294117647 0.04090909090909091 0.02823529411764706 0.023636363636363636
1 0.6873529411764706 0.41045454545454546 0.1535294117647059 0.035454545454545454
1 0.6791176470588235 0.37 0.13588235294117648 0.03636363636363636
1 0.42764705882352944 0.8645454545454545 0.06705882352941177 0.04181818181818182
1 0.6058823529411764 0.9247727272727273 0.07176470588235294 0.03590909090909091
1 0.5835294117647059 0.4656818181818182 0.01764705882352941 0.03409090909090909
1 0.4273529411764706 0.57 0.25 0.04090909090909091
1 0.5914705882352941 0.8647727272727272 0.05588235294117647 0.045
1 0.11176470588235295 0.37613636363636366 0.08823529411764706 0.035
1 0.6070588235294118 0.5702272727272727 0.02823529411764706 0.035
1 0.535 0.0375 0.07705882352941176 0.021363636363636362
1 0.6205882352941177 0.5277272727272727 0.024705882352941175 0.03636363636363636
1 0.52 0.9275 0.07764705882352942 0.04045454545454545
1 0.6876470588235294 0.8618181818181818 0.06941176470588235 0.042727272727272725
1 0.9094117647058824 0.7263636363636363 0.08352941176470588 0.04
1 0.10647058823529412 0.7713636363636364 0.08352941176470588 0.034545454545454546
1 0.10441176470588236 0.7302272727272727 0.09 0.038636363636363635
1 0.11411764705882353 0.6177272727272727 0.08 0.03272727272727273
1 0.5011764705882353 0.8629545454545454 0.04823529411764706 0.04318181818181818
1 0.7202941176470589 0.5256818181818181 0.14529411764705882 0.03954545454545454
1 0.8723529411764706 0.4113636363636364 0.1188235294117647 0.03363636363636364
1 0.5158823529411765 0.6195454545454545 0.08352941176470588 0.024545454545454544
1 0.6941176470588235 0.9272727272727272 0.07882352941176471 0.03727272727272727
1 0.3402941176470588 0.8640909090909091 0.05941176470588235 0.04090909090909091
1 0.72 0.5679545454545455 0.14941176470588236 0.03772727272727273
1 0.7614705882352941 0.68 0.1923529411764706 0.03909090909090909
1 0.3214705882352941 0.042272727272727274 0.061764705882352944 0.024545454545454544
1 0.763235294117647 0.375 0.025294117647058825 0.02909090909090909
1 0.79 0.4097727272727273 0.04470588235294118 0.03772727272727273
1 0.3788235294117647 0.6218181818181818 0.13647058823529412 0.03090909090909091
1 0.4573529411764706 0.6268181818181818 0.018235294117647058 0.023636363636363636
1 0.8523529411764705 0.7277272727272728 0.021176470588235293 0.03727272727272727
1 0.8741176470588236 0.6863636363636364 0.029411764705882353 0.03636363636363636
1 0.5411764705882353 0.7806818181818181 0.08705882352941176 0.03318181818181818
1 0.5970588235294118 0.7870454545454545 0.02 0.022272727272727274
1 0.6373529411764706 0.7818181818181819 0.057058823529411766 0.024545454545454544