1 0.3776470588235294 0.37681818181818183 0.12941176470588237 0.03636363636363636
1 0.7602941176470588 0.8613636363636363 0.054705882352941174 0.053636363636363635
1 0.8564705882352941 0.9327272727272727 0.07176470588235294 0.05818181818181818
1 0.5547058823529412 0.6997727272727273 0.024705882352941175 0.023181818181818182
1 0.5541176470588235 0.5709090909090909 0.03176470588235294 0.03363636363636364
1 0.4211764705882353 0.9320454545454545 0.0611764705882353 0.04045454545454545
1 0.4929411764705882 0.5359090909090909 0.03882352941176471 0.03363636363636364
1 0.8561764705882353 0.8563636363636363 0.0711764705882353 0.046363636363636364
1 0.3708823529411765 0.6195454545454545 0.13823529411764707 0.034545454545454546
1 0.39558823529411763 0.415 0.18058823529411766 0.038181818181818185
1 0.48911764705882355 0.6875 0.08411764705882353 0.03318181818181818
1 0.6064705882352941 0.6947727272727273 0.06235294117647059 0.02409090909090909
1 0.4214705882352941 0.7261363636363637 0.23470588235294118 0.03772727272727273
1 0.2817647058823529 0.03431818181818182 0.041176470588235294 0.02409090909090909
1 0.10588235294117647 0.6868181818181818 0.09647058823529411 0.038181818181818185
1 0.0976470588235294 0.46386363636363637 0.07294117647058823 0.035
1 0.09676470588235295 0.3734090909090909 0.07705882352941176 0.03590909090909091
1 0.09558823529411764 0.4115909090909091 0.07823529411764706 0.03772727272727273
1 0.4964705882352941 0.7731818181818182 0.09294117647058824 0.031818181818181815
1 0.15970588235294117 0.9327272727272727 0.0488235294117647 0.04090909090909091
1 0.3326470588235294 0.9325 0.05823529411764706 0.03954545454545454
1 0.16029411764705884 0.8620454545454546 0.0488235294117647 0.041363636363636366
1 0.1011764705882353 0.5290909090909091 0.07411764705882352 0.03636363636363636
1 0.6373529411764706 0.7245454545454545 0.18294117647058825 0.03727272727272727
1 0.2411764705882353 0.8636363636363636 0.04470588235294118 0.04090909090909091
1 0.2485294117647059 0.9318181818181818 0.054705882352941174 0.03909090909090909
1 0.36941176470588233 0.774090909090909 0.12588235294117647 0.03272727272727273
1 0.7661764705882353 0.9286363636363636 0.060588235294117644 0.04090909090909091
1 0.6526470588235294 0.4106818181818182 0.028823529411764706 0.03409090909090909
1 0.6438235294117647 0.3718181818181818 0.06294117647058824 0.03090909090909091
1 0.558235294117647 0.41363636363636364 0.13294117647058823 0.035454545454545454
1 0.4208823529411765 0.8638636363636364 0.05588235294117647 0.03954545454545454
1 0.5920588235294117 0.9304545454545454 0.051176470588235295 0.04363636363636364
1 0.37823529411764706 0.5331818181818182 0.14470588235294118 0.03727272727272727
1 0.5544117647058824 0.46386363636363637 0.026470588235294117 0.03318181818181818
1 0.41411764705882353 0.5734090909090909 0.23411764705882354 0.03681818181818182
1 0.48205882352941176 0.4581818181818182 0.10529411764705883 0.03272727272727273
1 0.5655882352941176 0.7825 0.03470588235294118 0.03772727272727273
1 0.6164705882352941 0.571590909090909 0.08235294117647059 0.03409090909090909
1 0.5697058823529412 0.03931818181818182 0.10647058823529412 0.02409090909090909
1 0.6132352941176471 0.4622727272727273 0.05352941176470588 0.03363636363636364
1 0.7188235294117648 0.4102272727272727 0.07882352941176471 0.03409090909090909
1 0.5088235294117647 0.9365909090909091 0.047058823529411764 0.04681818181818182
1 0.68 0.8588636363636364 0.058823529411764705 0.04045454545454545
1 0.5185294117647059 0.37272727272727274 0.10176470588235294 0.034545454545454546
1 0.8291176470588235 0.7236363636363636 0.12411764705882353 0.04363636363636364
1 0.3561764705882353 0.45704545454545453 0.10294117647058823 0.035
1 0.08911764705882352 0.7811363636363636 0.07235294117647059 0.03318181818181818
1 0.09735294117647059 0.73 0.10647058823529412 0.04181818181818182
1 0.6088235294117647 0.7763636363636364 0.06705882352941177 0.031818181818181815
1 0.5026470588235294 0.8625 0.04764705882352941 0.04045454545454545
1 0.4808823529411765 0.615909090909091 0.054705882352941174 0.03090909090909091
1 0.1011764705882353 0.5763636363636364 0.07882352941176471 0.03636363636363636
1 0.6864705882352942 0.9272727272727272 0.06705882352941177 0.04
1 0.3341176470588235 0.860909090909091 0.058823529411764705 0.04181818181818182
1 0.5979411764705882 0.8640909090909091 0.0711764705882353 0.05272727272727273
1 0.5908823529411765 0.38227272727272726 0.02411764705882353 0.022727272727272728
1 0.09588235294117647 0.6261363636363636 0.06705882352941177 0.02590909090909091
1 0.5402941176470588 0.5381818181818182 0.05235294117647059 0.02090909090909091
1 0.37470588235294117 0.6943181818181818 0.14823529411764705 0.028636363636363637
1 0.7538235294117647 0.7263636363636363 0.03470588235294118 0.03909090909090909