1 0.40647058823529414 0.6827272727272727 0.20588235294117646 0.038181818181818185
1 0.76 0.8584090909090909 0.0611764705882353 0.042272727272727274
1 0.8455882352941176 0.9277272727272727 0.07352941176470588 0.04090909090909091
1 0.41058823529411764 0.928409090909091 0.052941176470588235 0.04045454545454545
1 0.845 0.860909090909091 0.06529411764705882 0.04
1 0.3773529411764706 0.6152272727272727 0.17 0.03772727272727273
1 0.4329411764705882 0.7279545454545454 0.2541176470588235 0.041363636363636366
1 0.7938235294117647 0.3765909090909091 0.11588235294117646 0.03409090909090909
1 0.4223529411764706 0.4109090909090909 0.24588235294117647 0.042727272727272725
1 0.09470588235294118 0.6804545454545454 0.0811764705882353 0.03636363636363636
1 0.7288235294117648 0.6936363636363636 0.042352941176470586 0.03272727272727273
1 0.09294117647058824 0.36522727272727273 0.08823529411764706 0.03772727272727273
1 0.09441176470588235 0.4484090909090909 0.0888235294117647 0.03772727272727273
1 0.6494117647058824 0.7297727272727272 0.18 0.038636363636363635
1 0.14735294117647058 0.9265909090909091 0.05 0.04318181818181818
1 0.7644117647058823 0.7272727272727273 0.03823529411764706 0.03363636363636364
1 0.33088235294117646 0.9277272727272727 0.05941176470588235 0.04
1 0.15411764705882353 0.8568181818181818 0.06 0.04090909090909091
1 0.7120588235294117 0.7715909090909091 0.07352941176470588 0.031363636363636364
1 0.4373529411764706 0.5243181818181818 0.26529411764705885 0.03954545454545454
1 0.09411764705882353 0.5215909090909091 0.0811764705882353 0.03772727272727273
1 0.24205882352941177 0.8593181818181819 0.054705882352941174 0.03954545454545454
1 0.6173529411764705 0.5256818181818181 0.08647058823529412 0.03590909090909091
1 0.23970588235294119 0.9275 0.054705882352941174 0.03772727272727273
1 0.3885294117647059 0.7709090909090909 0.1864705882352941 0.03727272727272727
1 0.7591176470588236 0.9256818181818182 0.05941176470588235 0.042272727272727274
1 0.5505882352941176 0.7697727272727273 0.12941176470588237 0.03409090909090909
1 0.6555882352941177 0.4159090909090909 0.19588235294117648 0.038181818181818185
1 0.6047058823529412 0.3718181818181818 0.14588235294117646 0.04090909090909091
1 0.41323529411764703 0.8595454545454545 0.05823529411764706 0.04
1 0.5882352941176471 0.9277272727272727 0.06235294117647059 0.03909090909090909
1 0.586764705882353 0.8586363636363636 0.06529411764705882 0.04
1 0.09205882352941176 0.40704545454545454 0.0888235294117647 0.03772727272727273
1 0.09470588235294118 0.5652272727272727 0.08352941176470588 0.03681818181818182
1 0.6458823529411765 0.5752272727272727 0.1011764705882353 0.03590909090909091
1 0.5661764705882353 0.04 0.11 0.024545454545454544
1 0.6041176470588235 0.465 0.04470588235294118 0.04727272727272727
1 0.78 0.41204545454545455 0.06352941176470588 0.03681818181818182
1 0.49941176470588233 0.9286363636363636 0.06705882352941177 0.03909090909090909
1 0.6735294117647059 0.8588636363636364 0.06352941176470588 0.041363636363636366
1 0.846764705882353 0.7288636363636364 0.10882352941176471 0.03590909090909091
1 0.3761764705882353 0.45227272727272727 0.1511764705882353 0.045454545454545456
1 0.09558823529411764 0.7686363636363637 0.08176470588235295 0.035454545454545454
1 0.09264705882352942 0.7254545454545455 0.08294117647058824 0.03636363636363636
1 0.706764705882353 0.38295454545454544 0.039411764705882354 0.03318181818181818
1 0.5114705882352941 0.455 0.12058823529411765 0.034545454545454546
1 0.6570588235294118 0.7843181818181818 0.04588235294117647 0.05136363636363636
1 0.4979411764705882 0.8575 0.057058823529411766 0.042272727272727274
1 0.866764705882353 0.4106818181818182 0.13117647058823528 0.03954545454545454
1 0.6158823529411764 0.6804545454545454 0.1411764705882353 0.03636363636363636
1 0.4041176470588235 0.37022727272727274 0.20588235294117646 0.04318181818181818
1 0.5035294117647059 0.6125 0.06823529411764706 0.03318181818181818
1 0.09529411764705882 0.6068181818181818 0.08470588235294117 0.03727272727272727
1 0.6697058823529412 0.9245454545454546 0.05588235294117647 0.042727272727272725
1 0.32794117647058824 0.8584090909090909 0.05823529411764706 0.04045454545454545
1 0.8055882352941176 0.6861363636363637 0.09352941176470589 0.03681818181818182
1 0.2938235294117647 0.034772727272727275 0.05 0.025
1 0.6679411764705883 0.4593181818181818 0.08294117647058824 0.031363636363636364
1 0.43676470588235294 0.5727272727272728 0.30411764705882355 0.04454545454545455