1 0.3861764705882353 0.6806818181818182 0.12764705882352942 0.03681818181818182
1 0.7605882352941177 0.8597727272727272 0.05176470588235294 0.03681818181818182
1 0.8494117647058823 0.9281818181818182 0.07058823529411765 0.03909090909090909
1 0.4082352941176471 0.9259090909090909 0.05647058823529412 0.03636363636363636
1 0.8435294117647059 0.8593181818181819 0.05176470588235294 0.03681818181818182
1 0.41852941176470587 0.6156818181818182 0.22176470588235295 0.03227272727272727
1 0.6052941176470589 0.7720454545454546 0.19647058823529412 0.03227272727272727
1 0.3764705882352941 0.7247727272727272 0.15294117647058825 0.03681818181818182
1 0.325 0.034772727272727275 0.04411764705882353 0.021363636363636362
1 0.8023529411764706 0.5311363636363636 0.09647058823529411 0.03409090909090909
1 0.11558823529411764 0.6827272727272727 0.07823529411764706 0.034545454545454546
1 0.7270588235294118 0.6231818181818182 0.021176470588235293 0.02909090909090909
1 0.10294117647058823 0.3643181818181818 0.07176470588235294 0.03681818181818182
1 0.10764705882352942 0.4509090909090909 0.06941176470588235 0.035454545454545454
1 0.4264705882352941 0.7709090909090909 0.12470588235294118 0.03363636363636364
1 0.1564705882352941 0.9256818181818182 0.06352941176470588 0.03681818181818182
1 0.3247058823529412 0.9252272727272727 0.06352941176470588 0.03772727272727273
1 0.1661764705882353 0.8556818181818182 0.07 0.042272727272727274
1 0.4329411764705882 0.5288636363636363 0.18941176470588236 0.03227272727272727
1 0.10676470588235294 0.5222727272727272 0.08176470588235295 0.03363636363636364
1 0.24323529411764705 0.8579545454545454 0.06294117647058824 0.038636363636363635
1 0.23941176470588235 0.925 0.05411764705882353 0.03636363636363636
1 0.7617647058823529 0.9265909090909091 0.06235294117647059 0.03772727272727273
1 0.39 0.4127272727272727 0.15294117647058825 0.03363636363636364
1 0.4194117647058824 0.8572727272727273 0.06352941176470588 0.04
1 0.5891176470588235 0.9281818181818182 0.054705882352941174 0.03636363636363636
1 0.4667647058823529 0.5729545454545455 0.29 0.028636363636363637
1 0.5888235294117647 0.86 0.06941176470588235 0.038181818181818185
1 0.10588235294117647 0.4084090909090909 0.06588235294117648 0.03318181818181818
1 0.10705882352941176 0.5704545454545454 0.08 0.034545454545454546
1 0.6158823529411764 0.6172727272727273 0.1388235294117647 0.034545454545454546
1 0.575 0.04090909090909091 0.11823529411764706 0.022727272727272728
1 0.6267647058823529 0.5275 0.1323529411764706 0.035
1 0.7961764705882353 0.6195454545454545 0.08529411764705883 0.03090909090909091
1 0.5020588235294118 0.9259090909090909 0.07 0.038181818181818185
1 0.6723529411764706 0.8622727272727273 0.052941176470588235 0.04090909090909091
1 0.3985294117647059 0.3704545454545455 0.09588235294117647 0.028181818181818183
1 0.5635294117647058 0.6836363636363636 0.17529411764705882 0.03909090909090909
1 0.8988235294117647 0.5736363636363636 0.09176470588235294 0.03272727272727273
1 0.36941176470588233 0.4509090909090909 0.11529411764705882 0.035454545454545454
1 0.1126470588235294 0.7659090909090909 0.08647058823529412 0.03636363636363636
1 0.11205882352941177 0.7243181818181819 0.08764705882352941 0.03590909090909091
1 0.5014705882352941 0.8643181818181818 0.057058823529411766 0.04863636363636364
1 0.5955882352941176 0.7286363636363636 0.24529411764705883 0.03272727272727273
1 0.10558823529411765 0.6072727272727273 0.08764705882352941 0.035454545454545454
1 0.673235294117647 0.9277272727272727 0.05941176470588235 0.03909090909090909
1 0.32823529411764707 0.8577272727272728 0.058823529411764705 0.038181818181818185
1 0.7252941176470589 0.5759090909090909 0.15764705882352942 0.03
1 0.7341176470588235 0.5429545454545455 0.027058823529411764 0.03227272727272727
1 0.826764705882353 0.5784090909090909 0.02176470588235294 0.02590909090909091