1 0.4505882352941176 0.6852272727272727 0.26588235294117646 0.04318181818181818
1 0.7570588235294118 0.8625 0.06941176470588235 0.04045454545454545
1 0.84 0.9290909090909091 0.05647058823529412 0.038181818181818185
1 0.5655882352941176 0.6156818181818182 0.14176470588235293 0.038636363636363635
1 0.4088235294117647 0.928409090909091 0.058823529411764705 0.03590909090909091
1 0.42558823529411766 0.5718181818181818 0.23941176470588235 0.042727272727272725
1 0.39941176470588236 0.6165909090909091 0.17882352941176471 0.038636363636363635
1 0.44058823529411767 0.7284090909090909 0.2564705882352941 0.04045454545454545
1 0.7791176470588236 0.5706818181818182 0.04176470588235294 0.04863636363636364
1 0.1376470588235294 0.3618181818181818 0.06 0.031818181818181815
1 0.14441176470588235 0.4506818181818182 0.07823529411764706 0.03772727272727273
1 0.16058823529411764 0.9263636363636364 0.07058823529411765 0.03727272727272727
1 0.32735294117647057 0.9268181818181818 0.05941176470588235 0.03727272727272727
1 0.15823529411764706 0.8577272727272728 0.07176470588235294 0.04
1 0.435 0.5295454545454545 0.19470588235294117 0.04090909090909091
1 0.11470588235294117 0.5272727272727272 0.09529411764705882 0.03636363636363636
1 0.6747058823529412 0.6204545454545455 0.03294117647058824 0.03363636363636364
1 0.2488235294117647 0.8577272727272728 0.07058823529411765 0.04
1 0.2461764705882353 0.9270454545454545 0.060588235294117644 0.03590909090909091
1 0.40941176470588236 0.7720454545454546 0.20588235294117646 0.041363636363636366
1 0.7602941176470588 0.9270454545454545 0.07 0.03772727272727273
1 0.5847058823529412 0.7729545454545454 0.13529411764705881 0.03954545454545454
1 0.6188235294117647 0.415 0.2 0.04
1 0.4626470588235294 0.41295454545454546 0.11588235294117646 0.03954545454545454
1 0.4214705882352941 0.8618181818181818 0.07470588235294118 0.03727272727272727
1 0.5467647058823529 0.4602272727272727 0.1711764705882353 0.03954545454545454
1 0.5841176470588235 0.8606818181818182 0.05764705882352941 0.03954545454545454
1 0.1285294117647059 0.4115909090909091 0.07470588235294118 0.03954545454545454
1 0.12558823529411764 0.6815909090909091 0.08647058823529412 0.03772727272727273
1 0.6529411764705882 0.571590909090909 0.1952941176470588 0.045
1 0.5614705882352942 0.03977272727272727 0.10411764705882352 0.021363636363636362
1 0.49970588235294117 0.928409090909091 0.06764705882352941 0.038636363636363635
1 0.6673529411764706 0.8631818181818182 0.05352941176470588 0.04090909090909091
1 0.1188235294117647 0.7713636363636364 0.09529411764705882 0.04
1 0.11588235294117646 0.7236363636363636 0.0811764705882353 0.04090909090909091
1 0.495 0.8634090909090909 0.05941176470588235 0.03954545454545454
1 0.8547058823529412 0.5720454545454545 0.1 0.04409090909090909
1 0.4641176470588235 0.3729545454545454 0.14823529411764705 0.03772727272727273
1 0.11823529411764706 0.6143181818181818 0.10470588235294118 0.03681818181818182
1 0.6685294117647059 0.9263636363636364 0.060588235294117644 0.031818181818181815
1 0.66 0.375 0.21529411764705883 0.031818181818181815
1 0.3226470588235294 0.8602272727272727 0.05823529411764706 0.04045454545454545
1 0.3876470588235294 0.45840909090909093 0.11411764705882353 0.03772727272727273
1 0.28352941176470586 0.03681818181818182 0.03294117647058824 0.022727272727272728
1 0.11411764705882353 0.5704545454545454 0.1011764705882353 0.04
1 0.7476470588235294 0.6220454545454546 0.07058823529411765 0.029545454545454545
1 0.6605882352941177 0.6865909090909091 0.15411764705882353 0.041363636363636366
1 0.7573529411764706 0.6925 0.03588235294117647 0.03227272727272727
1 0.8426470588235294 0.6920454545454545 0.13117647058823528 0.03227272727272727
1 0.6964705882352941 0.7295454545454545 0.25882352941176473 0.04454545454545455
1 0.8505882352941176 0.7293181818181819 0.03529411764705882 0.045
1 0.9205882352941176 0.7315909090909091 0.10588235294117647 0.041363636363636366
1 0.6788235294117647 0.7825 0.03529411764705882 0.03681818181818182
1 0.7626470588235295 0.7815909090909091 0.11235294117647059 0.030454545454545453
1 0.5802941176470588 0.9240909090909091 0.05941176470588235 0.035454545454545454
1 0.8385294117647059 0.8634090909090909 0.05823529411764706 0.03590909090909091