1 0.35205882352941176 0.6834090909090909 0.09941176470588235 0.038636363636363635
1 0.755 0.865 0.06529411764705882 0.03909090909090909
1 0.8476470588235294 0.9336363636363636 0.07647058823529412 0.04181818181818182
1 0.41323529411764703 0.9281818181818182 0.0688235294117647 0.038181818181818185
1 0.49529411764705883 0.5272727272727272 0.08235294117647059 0.035454545454545454
1 0.8488235294117648 0.8652272727272727 0.0811764705882353 0.03954545454545454
1 0.3602941176470588 0.6102272727272727 0.11705882352941177 0.03681818181818182
1 0.3811764705882353 0.36477272727272725 0.15411764705882353 0.03772727272727273
1 0.41970588235294115 0.4084090909090909 0.23352941176470587 0.035
1 0.3564705882352941 0.7234090909090909 0.10823529411764705 0.03681818181818182
1 0.6352941176470588 0.4143181818181818 0.16941176470588235 0.03227272727272727
1 0.10941176470588235 0.44772727272727275 0.09647058823529411 0.03363636363636364
1 0.15029411764705883 0.9272727272727272 0.06647058823529411 0.04
1 0.8076470588235294 0.4156818181818182 0.08470588235294117 0.03590909090909091
1 0.32323529411764707 0.9275 0.06411764705882353 0.038636363636363635
1 0.15205882352941177 0.8565909090909091 0.060588235294117644 0.03954545454545454
1 0.36470588235294116 0.5270454545454546 0.13176470588235295 0.03590909090909091
1 0.09264705882352942 0.5238636363636363 0.07588235294117647 0.03590909090909091
1 0.6170588235294118 0.5722727272727273 0.13058823529411764 0.03727272727272727
1 0.2411764705882353 0.9254545454545454 0.06235294117647059 0.038181818181818185
1 0.3417647058823529 0.7684090909090909 0.0811764705882353 0.035
1 0.7558823529411764 0.9320454545454545 0.06588235294117648 0.03772727272727273
1 0.10852941176470589 0.36568181818181816 0.10647058823529412 0.04045454545454545
1 0.5235294117647059 0.37022727272727274 0.11294117647058824 0.03590909090909091
1 0.415 0.8590909090909091 0.0688235294117647 0.038181818181818185
1 0.5870588235294117 0.9277272727272727 0.06941176470588235 0.03636363636363636
1 0.41441176470588237 0.5681818181818182 0.21705882352941178 0.03636363636363636
1 0.5814705882352941 0.4715909090909091 0.026470588235294117 0.02590909090909091
1 0.5870588235294117 0.8625 0.05411764705882353 0.03954545454545454
1 0.11058823529411765 0.4043181818181818 0.0988235294117647 0.03409090909090909
1 0.09235294117647058 0.5665909090909091 0.08235294117647059 0.03772727272727273
1 0.5602941176470588 0.03840909090909091 0.07823529411764706 0.021363636363636362
1 0.5994117647058823 0.3809090909090909 0.03058823529411765 0.035454545454545454
1 0.7447058823529412 0.41704545454545455 0.029411764705882353 0.03318181818181818
1 0.4976470588235294 0.9270454545454545 0.06705882352941177 0.038636363636363635
1 0.6708823529411765 0.8643181818181818 0.06529411764705882 0.03954545454545454
1 0.37323529411764705 0.4540909090909091 0.13588235294117648 0.03727272727272727
1 0.11029411764705882 0.7627272727272727 0.03823529411764706 0.034545454545454546
1 0.6561764705882352 0.36704545454545456 0.07705882352941176 0.03409090909090909
1 0.5067647058823529 0.45954545454545453 0.09117647058823529 0.03636363636363636
1 0.5 0.8615909090909091 0.06470588235294118 0.038636363636363635
1 0.47852941176470587 0.615909090909091 0.08647058823529412 0.03363636363636364
1 0.09823529411764706 0.6125 0.08588235294117647 0.03681818181818182
1 0.6694117647058824 0.9327272727272727 0.06588235294117648 0.03909090909090909
1 0.3305882352941176 0.8602272727272727 0.07294117647058823 0.03954545454545454
1 0.6455882352941177 0.46045454545454545 0.07352941176470588 0.03272727272727273
1 0.10676470588235294 0.7229545454545454 0.04058823529411765 0.03681818181818182
1 0.2917647058823529 0.035227272727272725 0.03529411764705882 0.022272727272727274
1 0.23411764705882354 0.8597727272727272 0.06 0.041363636363636366