1 0.4023529411764706 0.37681818181818183 0.18941176470588236 0.03727272727272727
1 0.7620588235294118 0.8663636363636363 0.06529411764705882 0.038181818181818185
1 0.8470588235294118 0.9327272727272727 0.07411764705882352 0.04181818181818182
1 0.4117647058823529 0.9302272727272727 0.06470588235294118 0.03772727272727273
1 0.8423529411764706 0.8688636363636364 0.05411764705882353 0.04045454545454545
1 0.4123529411764706 0.6181818181818182 0.21764705882352942 0.03272727272727273
1 0.30823529411764705 0.042045454545454546 0.052941176470588235 0.023181818181818182
1 0.10941176470588235 0.6875 0.06588235294117648 0.03681818181818182
1 0.10882352941176471 0.4590909090909091 0.09529411764705882 0.03636363636363636
1 0.6173529411764705 0.5336363636363637 0.13823529411764707 0.035454545454545454
1 0.15529411764705883 0.9329545454545455 0.047058823529411764 0.038636363636363635
1 0.8341176470588235 0.5777272727272728 0.11411764705882353 0.03636363636363636
1 0.32323529411764707 0.9286363636363636 0.05941176470588235 0.038181818181818185
1 0.15676470588235294 0.8613636363636363 0.054705882352941174 0.03727272727272727
1 0.42911764705882355 0.5302272727272728 0.23941176470588235 0.035
1 0.10794117647058823 0.5284090909090909 0.10294117647058823 0.03681818181818182
1 0.5885294117647059 0.62 0.13352941176470587 0.03
1 0.24352941176470588 0.8640909090909091 0.05647058823529412 0.03636363636363636
1 0.2361764705882353 0.9293181818181818 0.05 0.03681818181818182
1 0.37058823529411766 0.7725 0.14823529411764705 0.03590909090909091
1 0.7564705882352941 0.9311363636363637 0.058823529411764705 0.04045454545454545
1 0.6270588235294118 0.41863636363636364 0.1635294117647059 0.03727272727272727
1 0.42058823529411765 0.41659090909090907 0.23176470588235293 0.03772727272727273
1 0.41294117647058826 0.8652272727272727 0.058823529411764705 0.03772727272727273
1 0.5785294117647058 0.9318181818181818 0.051176470588235295 0.03727272727272727
1 0.44088235294117645 0.5722727272727273 0.27588235294117647 0.03636363636363636
1 0.5905882352941176 0.8634090909090909 0.06352941176470588 0.041363636363636366
1 0.1126470588235294 0.3784090909090909 0.09588235294117647 0.03681818181818182
1 0.673235294117647 0.46136363636363636 0.07705882352941176 0.03636363636363636
1 0.8076470588235294 0.41818181818181815 0.12470588235294118 0.038181818181818185
1 0.4914705882352941 0.9347727272727273 0.0488235294117647 0.045
1 0.6773529411764706 0.8636363636363636 0.06764705882352941 0.03909090909090909
1 0.39294117647058824 0.46 0.17647058823529413 0.03636363636363636
1 0.10147058823529412 0.7713636363636364 0.05941176470588235 0.034545454545454546
1 0.10941176470588235 0.6127272727272727 0.0988235294117647 0.034545454545454546
1 0.7258823529411764 0.4175 0.03529411764705882 0.03681818181818182
1 0.4976470588235294 0.8656818181818182 0.06352941176470588 0.038636363636363635
1 0.39794117647058824 0.6893181818181818 0.17 0.03954545454545454
1 0.6691176470588235 0.9320454545454545 0.06411764705882353 0.042272727272727274
1 0.3305882352941176 0.8631818181818182 0.06235294117647059 0.03636363636363636
1 0.6673529411764706 0.5768181818181818 0.15 0.042727272727272725
1 0.5691176470588235 0.042727272727272725 0.1476470588235294 0.03
1 0.10588235294117647 0.4197727272727273 0.0988235294117647 0.03590909090909091
1 0.6208823529411764 0.3825 0.020588235294117647 0.030454545454545453
1 0.5541176470588235 0.46090909090909093 0.11529411764705882 0.03727272727272727
1 0.10323529411764706 0.7297727272727272 0.057058823529411766 0.03772727272727273
1 0.40705882352941175 0.7331818181818182 0.2 0.03272727272727273
1 0.4538235294117647 0.7797727272727273 0.02176470588235294 0.031363636363636364
1 0.10441176470588236 0.5706818181818182 0.08647058823529412 0.035
1 0.553235294117647 0.3806818181818182 0.12058823529411765 0.03409090909090909
1 0.6973529411764706 0.5422727272727272 0.028823529411764706 0.02909090909090909
1 0.7432352941176471 0.5413636363636364 0.07823529411764706 0.02727272727272727
1 0.7579411764705882 0.581590909090909 0.04176470588235294 0.03590909090909091
1 0.6614705882352941 0.6252272727272727 0.022941176470588236 0.02772727272727273
1 0.7108823529411765 0.6234090909090909 0.08058823529411764 0.02772727272727273
1 0.4964705882352941 0.6961363636363637 0.03058823529411765 0.03409090909090909
1 0.545 0.7002272727272727 0.06529411764705882 0.026818181818181817
1 0.5164705882352941 0.7363636363636363 0.027058823529411764 0.038181818181818185
1 0.5597058823529412 0.7365909090909091 0.07352941176470588 0.03590909090909091
1 0.4938235294117647 0.7770454545454546 0.05941176470588235 0.028636363636363637
1 0.6229411764705882 0.4615909090909091 0.03294117647058824 0.03227272727272727