1 0.7647058823529411 0.8547727272727272 0.07764705882352942 0.042272727272727274
1 0.8491176470588235 0.9238636363636363 0.08764705882352941 0.04409090909090909
1 0.5773529411764706 0.6095454545454545 0.1935294117647059 0.031818181818181815
1 0.8514705882352941 0.8547727272727272 0.07705882352941176 0.04409090909090909
1 0.38323529411764706 0.6045454545454545 0.15941176470588236 0.03636363636363636
1 0.6488235294117647 0.7675 0.06470588235294118 0.03318181818181818
1 0.4244117647058824 0.6781818181818182 0.24176470588235294 0.03909090909090909
1 0.8126470588235294 0.4113636363636364 0.026470588235294117 0.035454545454545454
1 0.45 0.4075 0.28941176470588237 0.029545454545454545
1 0.09323529411764706 0.6765909090909091 0.07 0.03681818181818182
1 0.08764705882352941 0.4461363636363636 0.06470588235294118 0.03409090909090909
1 0.40794117647058825 0.7234090909090909 0.20411764705882354 0.038636363636363635
1 0.09147058823529412 0.35818181818181816 0.06647058823529411 0.03363636363636364
1 0.5114705882352941 0.7672727272727272 0.10647058823529412 0.035454545454545454
1 0.14882352941176472 0.9190909090909091 0.052941176470588235 0.04
1 0.4126470588235294 0.9211363636363636 0.0688235294117647 0.041363636363636366
1 0.16117647058823528 0.850909090909091 0.06941176470588235 0.04
1 0.7026470588235294 0.7252272727272727 0.031176470588235295 0.03318181818181818
1 0.6091176470588235 0.4547727272727273 0.033529411764705884 0.03409090909090909
1 0.4097058823529412 0.5179545454545454 0.2088235294117647 0.03954545454545454
1 0.08941176470588236 0.5184090909090909 0.07176470588235294 0.035
1 0.2523529411764706 0.8497727272727272 0.06235294117647059 0.03954545454545454
1 0.23558823529411765 0.92 0.04764705882352941 0.03727272727272727
1 0.37 0.7659090909090909 0.1411764705882353 0.03727272727272727
1 0.7594117647058823 0.923409090909091 0.07176470588235294 0.04318181818181818
1 0.3164705882352941 0.02909090909090909 0.04941176470588235 0.015454545454545455
1 0.5958823529411764 0.7238636363636364 0.16117647058823528 0.03409090909090909
1 0.6661764705882353 0.45295454545454544 0.0711764705882353 0.031363636363636364
1 0.7 0.3668181818181818 0.03529411764705882 0.03272727272727273
1 0.42205882352941176 0.8525 0.0711764705882353 0.04045454545454545
1 0.5911764705882353 0.9222727272727272 0.07176470588235294 0.04727272727272727
1 0.08735294117647059 0.5609090909090909 0.07 0.03363636363636364
1 0.42705882352941177 0.5636363636363636 0.24705882352941178 0.038181818181818185
1 0.5955882352941176 0.7775 0.03235294117647059 0.04045454545454545
1 0.08852941176470588 0.40136363636363637 0.06647058823529411 0.03272727272727273
1 0.5991176470588235 0.3663636363636364 0.14411764705882352 0.03727272727272727
1 0.6982352941176471 0.4143181818181818 0.19176470588235295 0.03318181818181818
1 0.7885294117647059 0.725909090909091 0.13588235294117648 0.035454545454545454
1 0.5020588235294118 0.9215909090909091 0.0711764705882353 0.042272727272727274
1 0.866764705882353 0.6843181818181818 0.14058823529411765 0.03681818181818182
1 0.6776470588235294 0.8554545454545455 0.07176470588235294 0.04454545454545455
1 0.7814705882352941 0.36954545454545457 0.1111764705882353 0.034545454545454546
1 0.6397058823529411 0.6829545454545455 0.17588235294117646 0.03227272727272727
1 0.38176470588235295 0.4461363636363636 0.15294117647058825 0.03681818181818182
1 0.0888235294117647 0.7615909090909091 0.07529411764705882 0.03409090909090909
1 0.5267647058823529 0.4506818181818182 0.11470588235294117 0.03409090909090909
1 0.505 0.855 0.07823529411764706 0.04363636363636364
1 0.6347058823529412 0.5193181818181818 0.2235294117647059 0.03954545454545454
1 0.888235294117647 0.4118181818181818 0.10588235294117647 0.03272727272727273
1 0.41205882352941176 0.36272727272727273 0.20647058823529413 0.03909090909090909
1 0.085 0.6029545454545454 0.06764705882352941 0.03409090909090909
1 0.6755882352941176 0.9218181818181819 0.06764705882352941 0.04090909090909091
1 0.32676470588235296 0.8522727272727273 0.06294117647058824 0.04
1 0.7326470588235294 0.5681818181818182 0.3311764705882353 0.03090909090909091
1 0.7626470588235295 0.6859090909090909 0.039411764705882354 0.035454545454545454
1 0.09264705882352942 0.7181818181818181 0.07 0.034545454545454546
1 0.5961764705882353 0.034772727272727275 0.09 0.021363636363636362
1 0.325 0.9197727272727273 0.05823529411764706 0.03409090909090909
1 0.5897058823529412 0.8561363636363636 0.07235294117647059 0.03772727272727273