1 0.3761764705882353 0.5227272727272727 0.14058823529411765 0.03727272727272727
1 0.7629411764705882 0.8556818181818182 0.06588235294117648 0.041363636363636366
1 0.8488235294117648 0.9238636363636363 0.06705882352941177 0.04045454545454545
1 0.5370588235294118 0.6127272727272727 0.1223529411764706 0.03272727272727273
1 0.4158823529411765 0.9231818181818182 0.05529411764705883 0.038181818181818185
1 0.5235294117647059 0.5184090909090909 0.12705882352941175 0.03772727272727273
1 0.37823529411764706 0.6054545454545455 0.14 0.03636363636363636
1 0.675 0.8522727272727273 0.05352941176470588 0.04181818181818182
1 0.3941176470588235 0.7675 0.1623529411764706 0.045909090909090906
1 0.10235294117647059 0.6738636363636363 0.04352941176470588 0.03954545454545454
1 0.09705882352941177 0.44431818181818183 0.07176470588235294 0.03681818181818182
1 0.3864705882352941 0.7188636363636364 0.14823529411764705 0.03772727272727273
1 0.6888235294117647 0.565 0.03176470588235294 0.03636363636363636
1 0.09294117647058824 0.3568181818181818 0.07294117647058823 0.034545454545454546
1 0.15558823529411764 0.9190909090909091 0.05588235294117647 0.03909090909090909
1 0.32088235294117645 0.9225 0.051176470588235295 0.03954545454545454
1 0.1535294117647059 0.8511363636363637 0.05176470588235294 0.03954545454545454
1 0.10058823529411764 0.5156818181818181 0.09176470588235294 0.03772727272727273
1 0.6273529411764706 0.6156818181818182 0.028823529411764706 0.03409090909090909
1 0.24088235294117646 0.8543181818181819 0.05235294117647059 0.04045454545454545
1 0.2426470588235294 0.9206818181818182 0.05823529411764706 0.04045454545454545
1 0.7558823529411764 0.9229545454545455 0.06 0.04045454545454545
1 0.41147058823529414 0.8575 0.04176470588235294 0.03954545454545454
1 0.5873529411764706 0.9227272727272727 0.06411764705882353 0.04090909090909091
1 0.35823529411764704 0.6768181818181818 0.09176470588235294 0.03636363636363636
1 0.39941176470588236 0.5640909090909091 0.18705882352941178 0.03727272727272727
1 0.5885294117647059 0.855909090909091 0.06294117647058824 0.04181818181818182
1 0.105 0.4011363636363636 0.07235294117647059 0.03590909090909091
1 0.1011764705882353 0.5602272727272727 0.08352941176470588 0.03590909090909091
1 0.5855882352941176 0.5645454545454546 0.13705882352941176 0.035454545454545454
1 0.616764705882353 0.5243181818181818 0.028823529411764706 0.031363636363636364
1 0.773235294117647 0.5659090909090909 0.11470588235294117 0.035454545454545454
1 0.4973529411764706 0.9238636363636363 0.04764705882352941 0.038636363636363635
1 0.8420588235294117 0.855909090909091 0.0488235294117647 0.04
1 0.11176470588235295 0.7570454545454546 0.04 0.035
1 0.6788235294117647 0.5293181818181818 0.06941176470588235 0.03227272727272727
1 0.4535294117647059 0.4090909090909091 0.28823529411764703 0.03636363636363636
1 0.5002941176470588 0.8554545454545455 0.04294117647058823 0.04
1 0.4158823529411765 0.36227272727272725 0.2 0.038181818181818185
1 0.10058823529411764 0.6031818181818182 0.09176470588235294 0.03636363636363636
1 0.6679411764705883 0.9222727272727272 0.054705882352941174 0.04181818181818182
1 0.32588235294117646 0.8538636363636364 0.04352941176470588 0.038636363636363635
1 0.37558823529411767 0.4445454545454545 0.14058823529411765 0.035454545454545454
1 0.6970588235294117 0.6086363636363636 0.08235294117647059 0.03272727272727273
1 0.11147058823529411 0.7172727272727273 0.04058823529411765 0.038181818181818185
1 0.2735294117647059 0.03363636363636364 0.03764705882352941 0.02909090909090909
1 0.3220588235294118 0.03159090909090909 0.057058823529411766 0.025
1 0.5485294117647059 0.031818181818181815 0.09941176470588235 0.02181818181818182