1 0.445 0.685 0.19588235294117648 0.03909090909090909
1 0.6091176470588235 0.6854545454545454 0.12058823529411765 0.03727272727272727
1 0.7620588235294118 0.8604545454545455 0.05941176470588235 0.035454545454545454
1 0.8397058823529412 0.9293181818181818 0.05235294117647059 0.038636363636363635
1 0.4108823529411765 0.9252272727272727 0.057058823529411766 0.03772727272727273
1 0.8429411764705882 0.8606818181818182 0.047058823529411764 0.038636363636363635
1 0.40794117647058825 0.6143181818181818 0.1688235294117647 0.038636363636363635
1 0.6523529411764706 0.7745454545454545 0.12823529411764706 0.03272727272727273
1 0.4329411764705882 0.46204545454545454 0.2235294117647059 0.03318181818181818
1 0.8088235294117647 0.5284090909090909 0.11058823529411765 0.03590909090909091
1 0.10323529411764706 0.45340909090909093 0.07352941176470588 0.03590909090909091
1 0.726764705882353 0.5275 0.03823529411764706 0.035
1 0.14882352941176472 0.9236363636363636 0.05058823529411765 0.03909090909090909
1 0.3323529411764706 0.925 0.0611764705882353 0.03909090909090909
1 0.1535294117647059 0.8602272727272727 0.05176470588235294 0.03772727272727273
1 0.6938235294117647 0.7295454545454545 0.16294117647058823 0.04
1 0.6205882352941177 0.4652272727272727 0.1223529411764706 0.03409090909090909
1 0.10323529411764706 0.5281818181818182 0.08058823529411764 0.034545454545454546
1 0.6838235294117647 0.6202272727272727 0.03470588235294118 0.03318181818181818
1 0.8691176470588236 0.3765909090909091 0.11705882352941177 0.03590909090909091
1 0.24352941176470588 0.8586363636363636 0.06 0.03909090909090909
1 0.24382352941176472 0.9240909090909091 0.057058823529411766 0.03727272727272727
1 0.45323529411764707 0.7715909090909091 0.24411764705882352 0.04045454545454545
1 0.7626470588235295 0.9265909090909091 0.061764705882352944 0.038636363636363635
1 0.105 0.3659090909090909 0.08411764705882353 0.035454545454545454
1 0.47852941176470587 0.7286363636363636 0.2747058823529412 0.04090909090909091
1 0.6758823529411765 0.375 0.16823529411764707 0.03727272727272727
1 0.65 0.4134090909090909 0.16 0.038636363636363635
1 0.41323529411764703 0.8604545454545455 0.05235294117647059 0.038181818181818185
1 0.5823529411764706 0.9270454545454545 0.047058823529411764 0.038636363636363635
1 0.4152941176470588 0.5275 0.16705882352941176 0.03772727272727273
1 0.606764705882353 0.5288636363636363 0.1723529411764706 0.03772727272727273
1 0.44735294117647056 0.5709090909090909 0.24529411764705883 0.038181818181818185
1 0.5870588235294117 0.8606818181818182 0.05411764705882353 0.03772727272727273
1 0.10205882352941177 0.4088636363636364 0.08764705882352941 0.03681818181818182
1 0.1011764705882353 0.6834090909090909 0.09529411764705882 0.04045454545454545
1 0.6705882352941176 0.5722727272727273 0.18823529411764706 0.04090909090909091
1 0.5682352941176471 0.03931818181818182 0.09411764705882353 0.023181818181818182
1 0.7641176470588236 0.4640909090909091 0.0976470588235294 0.03272727272727273
1 0.7667647058823529 0.6163636363636363 0.11 0.03363636363636364
1 0.5020588235294118 0.9252272727272727 0.06294117647058824 0.038636363636363635
1 0.67 0.860909090909091 0.05058823529411765 0.03727272727272727
1 0.8676470588235294 0.5729545454545455 0.1376470588235294 0.03681818181818182
1 0.10735294117647058 0.7679545454545454 0.09588235294117647 0.03590909090909091
1 0.10235294117647059 0.7270454545454546 0.09176470588235294 0.03681818181818182
1 0.7441176470588236 0.4147727272727273 0.03764705882352941 0.038636363636363635
1 0.4961764705882353 0.8604545454545455 0.054705882352941174 0.03909090909090909
1 0.6973529411764706 0.4656818181818182 0.03235294117647059 0.03318181818181818
1 0.8288235294117647 0.41659090909090907 0.1388235294117647 0.03772727272727273
1 0.4520588235294118 0.3725 0.26294117647058823 0.038636363636363635
1 0.5820588235294117 0.6165909090909091 0.15941176470588236 0.03318181818181818
1 0.10764705882352942 0.6106818181818182 0.07882352941176471 0.03590909090909091
1 0.6729411764705883 0.9254545454545454 0.05764705882352941 0.038181818181818185
1 0.32676470588235296 0.8627272727272727 0.0488235294117647 0.03909090909090909
1 0.7820588235294118 0.5747727272727273 0.039411764705882354 0.03681818181818182
1 0.30411764705882355 0.03590909090909091 0.05647058823529412 0.03090909090909091
1 0.7861764705882353 0.37772727272727274 0.04176470588235294 0.031818181818181815
1 0.4414705882352941 0.4125 0.25941176470588234 0.04045454545454545
1 0.10529411764705883 0.5702272727272727 0.08352941176470588 0.03227272727272727