1 0.3973529411764706 0.68 0.18294117647058825 0.038181818181818185
1 0.5655882352941176 0.68 0.13823529411764707 0.035454545454545454
1 0.38441176470588234 0.37 0.17352941176470588 0.038181818181818185
1 0.7626470588235295 0.8565909090909091 0.05352941176470588 0.03954545454545454
1 0.8429411764705882 0.9256818181818182 0.05176470588235294 0.041363636363636366
1 0.5664705882352942 0.6077272727272728 0.11529411764705882 0.034545454545454546
1 0.41705882352941176 0.9268181818181818 0.058823529411764705 0.038181818181818185
1 0.40705882352941175 0.6113636363636363 0.18823529411764706 0.03636363636363636
1 0.6705882352941176 0.7661363636363636 0.07882352941176471 0.030454545454545453
1 0.3814705882352941 0.45045454545454544 0.16176470588235295 0.034545454545454546
1 0.6558823529411765 0.6806818181818182 0.02588235294117647 0.03590909090909091
1 0.41911764705882354 0.7236363636363636 0.23588235294117646 0.03727272727272727
1 0.09735294117647059 0.6829545454545455 0.08058823529411764 0.03681818181818182
1 0.09823529411764706 0.36522727272727273 0.08352941176470588 0.03590909090909091
1 0.095 0.4465909090909091 0.07823529411764706 0.03590909090909091
1 0.6338235294117647 0.7290909090909091 0.16294117647058823 0.03636363636363636
1 0.15294117647058825 0.9277272727272727 0.052941176470588235 0.03909090909090909
1 0.8176470588235294 0.7252272727272727 0.12352941176470589 0.035
1 0.3291176470588235 0.9270454545454545 0.05823529411764706 0.03772727272727273
1 0.15676470588235294 0.8552272727272727 0.05588235294117647 0.04045454545454545
1 0.3911764705882353 0.5206818181818181 0.1623529411764706 0.03681818181818182
1 0.09529411764705882 0.5245454545454545 0.07764705882352942 0.034545454545454546
1 0.24588235294117647 0.8581818181818182 0.05647058823529412 0.038181818181818185
1 0.24235294117647058 0.9261363636363636 0.04941176470588235 0.03772727272727273
1 0.38794117647058823 0.769090909090909 0.1688235294117647 0.034545454545454546
1 0.7585294117647059 0.9252272727272727 0.05352941176470588 0.03954545454545454
1 0.28 0.03318181818181818 0.04352941176470588 0.023636363636363636
1 0.5367647058823529 0.7675 0.10764705882352942 0.03318181818181818
1 0.6314705882352941 0.4495454545454545 0.033529411764705884 0.03363636363636364
1 0.6547058823529411 0.36886363636363634 0.04 0.03409090909090909
1 0.6014705882352941 0.4088636363636364 0.17705882352941177 0.038636363636363635
1 0.4188235294117647 0.8581818181818182 0.05647058823529412 0.03909090909090909
1 0.5847058823529412 0.9270454545454545 0.052941176470588235 0.03954545454545454
1 0.5588235294117647 0.5215909090909091 0.11764705882352941 0.03409090909090909
1 0.4238235294117647 0.5695454545454546 0.2252941176470588 0.03727272727272727
1 0.5894117647058823 0.8581818181818182 0.052941176470588235 0.03909090909090909
1 0.09382352941176471 0.4077272727272727 0.08058823529411764 0.03636363636363636
1 0.6341176470588236 0.5668181818181818 0.15764705882352942 0.031818181818181815
1 0.6964705882352941 0.45045454545454544 0.08823529411764706 0.03363636363636364
1 0.4970588235294118 0.9288636363636363 0.04352941176470588 0.038636363636363635
1 0.8482352941176471 0.8554545454545455 0.06352941176470588 0.038181818181818185
1 0.6761764705882353 0.8577272727272728 0.057058823529411766 0.038181818181818185
1 0.5514705882352942 0.37113636363636365 0.11470588235294117 0.03590909090909091
1 0.09676470588235295 0.77 0.08176470588235295 0.035454545454545454
1 0.09705882352941177 0.7238636363636364 0.08352941176470588 0.03590909090909091
1 0.7291176470588235 0.3693181818181818 0.10529411764705883 0.03227272727272727
1 0.5338235294117647 0.45 0.11823529411764706 0.035454545454545454
1 0.6155882352941177 0.7695454545454545 0.033529411764705884 0.04
1 0.5002941176470588 0.8584090909090909 0.05 0.03954545454545454
1 0.798235294117647 0.4056818181818182 0.12 0.03227272727272727
1 0.095 0.6127272727272727 0.08058823529411764 0.035454545454545454
1 0.675 0.9245454545454546 0.05352941176470588 0.04
1 0.3285294117647059 0.8561363636363636 0.05 0.038636363636363635
1 0.7285294117647059 0.6781818181818182 0.09588235294117647 0.035454545454545454
1 0.7208823529411764 0.4075 0.03588235294117647 0.028636363636363637
1 0.09294117647058824 0.5675 0.1011764705882353 0.03772727272727273
1 0.7397058823529412 0.7245454545454545 0.028823529411764706 0.031818181818181815
1 0.3988235294117647 0.41204545454545455 0.20352941176470588 0.031363636363636364
1 0.558235294117647 0.03840909090909091 0.1188235294117647 0.01681818181818182