1 0.40911764705882353 0.6831818181818182 0.21823529411764706 0.03909090909090909
1 0.7558823529411764 0.8711363636363636 0.06588235294117648 0.042272727272727274
1 0.841764705882353 0.9390909090909091 0.07058823529411765 0.04909090909090909
1 0.4535294117647059 0.5727272727272728 0.3129411764705882 0.03727272727272727
1 0.4026470588235294 0.9288636363636363 0.05352941176470588 0.04045454545454545
1 0.8391176470588235 0.8631818181818182 0.061764705882352944 0.04181818181818182
1 0.39323529411764707 0.6211363636363636 0.1864705882352941 0.03227272727272727
1 0.6420588235294118 0.78 0.031176470588235295 0.035454545454545454
1 0.4252941176470588 0.7290909090909091 0.2823529411764706 0.03727272727272727
1 0.4076470588235294 0.3609090909090909 0.21411764705882352 0.03909090909090909
1 0.4441176470588235 0.4113636363636364 0.28823529411764703 0.03727272727272727
1 0.0961764705882353 0.6790909090909091 0.08529411764705883 0.03636363636363636
1 0.09117647058823529 0.36886363636363634 0.08588235294117647 0.038636363636363635
1 0.08470588235294117 0.45227272727272727 0.08352941176470588 0.03909090909090909
1 0.14941176470588236 0.925 0.0611764705882353 0.04181818181818182
1 0.7944117647058824 0.7281818181818182 0.033529411764705884 0.035454545454545454
1 0.32823529411764707 0.9281818181818182 0.06470588235294118 0.038181818181818185
1 0.1526470588235294 0.8568181818181818 0.06529411764705882 0.04181818181818182
1 0.7102941176470589 0.7745454545454545 0.07941176470588235 0.03090909090909091
1 0.4329411764705882 0.5320454545454546 0.28823529411764703 0.03590909090909091
1 0.09029411764705883 0.5261363636363636 0.07705882352941176 0.03681818181818182
1 0.6747058823529412 0.730909090909091 0.20705882352941177 0.04363636363636364
1 0.24 0.8602272727272727 0.06352941176470588 0.03954545454545454
1 0.23970588235294119 0.9252272727272727 0.06529411764705882 0.038636363636363635
1 0.37970588235294117 0.7788636363636363 0.1723529411764706 0.042272727272727274
1 0.7511764705882353 0.9343181818181818 0.05529411764705883 0.04772727272727273
1 0.5561764705882353 0.7781818181818182 0.14529411764705882 0.031818181818181815
1 0.6973529411764706 0.4134090909090909 0.1935294117647059 0.04045454545454545
1 0.41147058823529414 0.860909090909091 0.06411764705882353 0.04
1 0.5838235294117647 0.935 0.05352941176470588 0.045454545454545456
1 0.08941176470588236 0.5709090909090909 0.08352941176470588 0.038181818181818185
1 0.5844117647058824 0.8620454545454546 0.06529411764705882 0.04045454545454545
1 0.08764705882352941 0.40795454545454546 0.08588235294117647 0.03772727272727273
1 0.5479411764705883 0.038636363636363635 0.07352941176470588 0.02181818181818182
1 0.49911764705882355 0.9304545454545454 0.07 0.04
1 0.8270588235294117 0.6940909090909091 0.1388235294117647 0.03727272727272727
1 0.6711764705882353 0.8629545454545454 0.0611764705882353 0.038636363636363635
1 0.6294117647058823 0.37477272727272726 0.1811764705882353 0.03318181818181818
1 0.8805882352941177 0.7343181818181819 0.13647058823529412 0.041363636363636366
1 0.38029411764705884 0.4622727272727273 0.1652941176470588 0.03272727272727273
1 0.14088235294117646 0.7675 0.08764705882352941 0.03681818181818182
1 0.11470588235294117 0.7227272727272728 0.0976470588235294 0.03727272727272727
1 0.5329411764705883 0.4625 0.10470588235294118 0.035
1 0.5014705882352941 0.8604545454545455 0.0688235294117647 0.03909090909090909
1 0.6470588235294118 0.5290909090909091 0.13176470588235295 0.038181818181818185
1 0.6338235294117647 0.6925 0.1723529411764706 0.03954545454545454
1 0.5323529411764706 0.615 0.06352941176470588 0.03363636363636364
1 0.08794117647058823 0.6113636363636363 0.08529411764705883 0.03727272727272727
1 0.6685294117647059 0.9327272727272727 0.05941176470588235 0.045454545454545456
1 0.3291176470588235 0.8590909090909091 0.06529411764705882 0.04
1 0.6970588235294117 0.5718181818181818 0.12588235294117647 0.03636363636363636
1 0.7405882352941177 0.6915909090909091 0.029411764705882353 0.03227272727272727
1 0.3120588235294118 0.03409090909090909 0.04058823529411765 0.02181818181818182