1 0.40441176470588236 0.6838636363636363 0.19941176470588234 0.03681818181818182
1 0.763235294117647 0.8590909090909091 0.06294117647058824 0.03909090909090909
1 0.8511764705882353 0.9279545454545455 0.06705882352941177 0.04045454545454545
1 0.42323529411764704 0.9279545454545455 0.060588235294117644 0.03772727272727273
1 0.3558823529411765 0.6106818181818182 0.10705882352941176 0.035
1 0.4505882352941176 0.6154545454545455 0.08352941176470588 0.034545454545454546
1 0.3708823529411765 0.7265909090909091 0.13823529411764707 0.035
1 0.27705882352941175 0.03431818181818182 0.04 0.023181818181818182
1 0.36058823529411765 0.44886363636363635 0.11529411764705882 0.03590909090909091
1 0.11294117647058824 0.6813636363636364 0.06470588235294118 0.034545454545454546
1 0.11441176470588235 0.45636363636363636 0.06529411764705882 0.03363636363636364
1 0.11352941176470588 0.37068181818181817 0.06941176470588235 0.03318181818181818
1 0.46647058823529414 0.7704545454545455 0.08705882352941176 0.03272727272727273
1 0.6105882352941177 0.6854545454545454 0.1623529411764706 0.034545454545454546
1 0.1623529411764706 0.9275 0.06 0.04045454545454545
1 0.3335294117647059 0.9288636363636363 0.06470588235294118 0.038636363636363635
1 0.16411764705882353 0.8584090909090909 0.0611764705882353 0.03954545454545454
1 0.1126470588235294 0.5247727272727273 0.07235294117647059 0.03318181818181818
1 0.24941176470588236 0.8590909090909091 0.0611764705882353 0.03909090909090909
1 0.2523529411764706 0.9275 0.06235294117647059 0.03772727272727273
1 0.7688235294117647 0.928409090909091 0.07058823529411765 0.03772727272727273
1 0.5955882352941176 0.37613636363636366 0.15470588235294117 0.035
1 0.40558823529411764 0.3725 0.20176470588235293 0.03681818181818182
1 0.4202941176470588 0.8588636363636364 0.061764705882352944 0.03772727272727273
1 0.5935294117647059 0.9268181818181818 0.0611764705882353 0.03909090909090909
1 0.4026470588235294 0.5286363636363637 0.19470588235294117 0.035454545454545454
1 0.5458823529411765 0.44977272727272727 0.042352941176470586 0.03590909090909091
1 0.47 0.5736363636363636 0.09411764705882353 0.03
1 0.5979411764705882 0.5263636363636364 0.13705882352941176 0.03363636363636364
1 0.5476470588235294 0.04090909090909091 0.07882352941176471 0.02181818181818182
1 0.6052941176470589 0.4531818181818182 0.07764705882352942 0.031818181818181815
1 0.7976470588235294 0.3790909090909091 0.11058823529411765 0.03272727272727273
1 0.5070588235294118 0.9270454545454545 0.052941176470588235 0.04045454545454545
1 0.8552941176470589 0.8586363636363636 0.07529411764705882 0.04181818181818182
1 0.675 0.8595454545454545 0.05823529411764706 0.04090909090909091
1 0.115 0.7695454545454545 0.06411764705882353 0.03272727272727273
1 0.11735294117647059 0.725909090909091 0.06647058823529411 0.031818181818181815
1 0.7044117647058824 0.38045454545454543 0.039411764705882354 0.03272727272727273
1 0.4823529411764706 0.45181818181818184 0.1011764705882353 0.035454545454545454
1 0.5952941176470589 0.8570454545454546 0.06470588235294118 0.03954545454545454
1 0.5076470588235295 0.8584090909090909 0.06470588235294118 0.041363636363636366
1 0.49205882352941177 0.7288636363636364 0.1111764705882353 0.03318181818181818
1 0.12058823529411765 0.6097727272727272 0.06705882352941177 0.03318181818181818
1 0.6788235294117647 0.9279545454545455 0.05764705882352941 0.041363636363636366
1 0.3305882352941176 0.8588636363636364 0.05058823529411765 0.038636363636363635
1 0.3652941176470588 0.4131818181818182 0.12823529411764706 0.038181818181818185
1 0.48 0.4188636363636364 0.09529411764705882 0.023181818181818182
1 0.5367647058823529 0.42363636363636364 0.018235294117647058 0.022727272727272728
1 0.5838235294117647 0.42272727272727273 0.05588235294117647 0.02
1 0.11705882352941177 0.4177272727272727 0.08 0.03
1 0.11441176470588235 0.5688636363636363 0.07941176470588235 0.030454545454545453
1 0.3526470588235294 0.571590909090909 0.10882352941176471 0.03318181818181818
1 0.35764705882352943 0.774090909090909 0.12 0.03272727272727273