1 0.39029411764705885 0.6838636363636363 0.16411764705882353 0.038636363636363635
1 0.7629411764705882 0.8622727272727273 0.06941176470588235 0.03727272727272727
1 0.8429411764705882 0.9281818181818182 0.06470588235294118 0.04
1 0.53 0.5206818181818181 0.10588235294117647 0.035
1 0.836764705882353 0.8654545454545455 0.057058823529411766 0.04454545454545455
1 0.39088235294117646 0.6081818181818182 0.16176470588235295 0.035454545454545454
1 0.635 0.7734090909090909 0.0711764705882353 0.031363636363636364
1 0.4117647058823529 0.45204545454545453 0.18352941176470589 0.03772727272727273
1 0.6885294117647058 0.6861363636363637 0.09117647058823529 0.03681818181818182
1 0.3961764705882353 0.7231818181818181 0.18176470588235294 0.03727272727272727
1 0.4335294117647059 0.40704545454545454 0.2388235294117647 0.03227272727272727
1 0.09029411764705883 0.6765909090909091 0.07235294117647059 0.035
1 0.08294117647058824 0.4486363636363636 0.06588235294117648 0.034545454545454546
1 0.7285294117647059 0.571590909090909 0.03 0.03409090909090909
1 0.5070588235294118 0.7709090909090909 0.1011764705882353 0.03363636363636364
1 0.15205882352941177 0.9204545454545454 0.05941176470588235 0.04
1 0.8114705882352942 0.5693181818181818 0.14176470588235293 0.03772727272727273
1 0.4 0.9222727272727272 0.05529411764705883 0.03909090909090909
1 0.15176470588235294 0.8525 0.05411764705882353 0.038636363636363635
1 0.7458823529411764 0.7252272727272727 0.10352941176470588 0.026818181818181817
1 0.3914705882352941 0.519090909090909 0.16058823529411764 0.038181818181818185
1 0.09029411764705883 0.5172727272727272 0.07352941176470588 0.034545454545454546
1 0.6738235294117647 0.6156818181818182 0.09117647058823529 0.03227272727272727
1 0.24176470588235294 0.8556818181818182 0.05529411764705883 0.03954545454545454
1 0.23294117647058823 0.9206818181818182 0.04823529411764706 0.03954545454545454
1 0.3726470588235294 0.7684090909090909 0.13941176470588235 0.03681818181818182
1 0.7576470588235295 0.9263636363636364 0.0611764705882353 0.038181818181818185
1 0.09441176470588235 0.3615909090909091 0.07588235294117647 0.03409090909090909
1 0.5785294117647058 0.7288636363636364 0.15823529411764706 0.035
1 0.7058823529411765 0.4561363636363636 0.08352941176470588 0.035
1 0.6811764705882353 0.3740909090909091 0.03294117647058824 0.031818181818181815
1 0.6029411764705882 0.37136363636363634 0.12823529411764706 0.035454545454545454
1 0.40705882352941175 0.8579545454545454 0.05647058823529412 0.038636363636363635
1 0.5820588235294117 0.8615909090909091 0.05352941176470588 0.03590909090909091
1 0.4223529411764706 0.5693181818181818 0.22 0.03590909090909091
1 0.6082352941176471 0.5265909090909091 0.03176470588235294 0.03318181818181818
1 0.5341176470588235 0.6134090909090909 0.11411764705882353 0.035
1 0.5802941176470588 0.7811363636363636 0.031176470588235295 0.03318181818181818
1 0.09176470588235294 0.40613636363636363 0.07647058823529412 0.03409090909090909
1 0.09294117647058824 0.5615909090909091 0.07529411764705882 0.03409090909090909
1 0.6273529411764706 0.5679545454545455 0.16294117647058823 0.03590909090909091
1 0.5705882352941176 0.03977272727272727 0.10235294117647059 0.021363636363636362
1 0.7917647058823529 0.4097727272727273 0.10941176470588235 0.029545454545454545
1 0.5 0.9252272727272727 0.06470588235294118 0.038636363636363635
1 0.6711764705882353 0.8584090909090909 0.06352941176470588 0.03954545454545454
1 0.7520588235294118 0.36977272727272725 0.10764705882352942 0.035
1 0.543235294117647 0.6793181818181818 0.12411764705882353 0.038636363636363635
1 0.08970588235294118 0.7620454545454546 0.07588235294117647 0.035
1 0.5685294117647058 0.45181818181818184 0.11941176470588236 0.03727272727272727
1 0.6317647058823529 0.6875 0.03294117647058824 0.03318181818181818
1 0.49970588235294117 0.8563636363636363 0.06647058823529411 0.04
1 0.6855882352941176 0.5220454545454546 0.11352941176470588 0.03590909090909091
1 0.601764705882353 0.6143181818181818 0.03294117647058824 0.03318181818181818
1 0.4264705882352941 0.36477272727272725 0.21529411764705883 0.038636363636363635
1 0.09852941176470588 0.6038636363636364 0.08176470588235295 0.035
1 0.6720588235294118 0.9252272727272727 0.06764705882352941 0.038636363636363635
1 0.32382352941176473 0.8552272727272727 0.054705882352941174 0.038636363636363635
1 0.08823529411764706 0.7204545454545455 0.07176470588235294 0.035454545454545454
1 0.32382352941176473 0.923409090909091 0.060588235294117644 0.03772727272727273
1 0.5835294117647059 0.9290909090909091 0.05529411764705883 0.03727272727272727
1 0.6752941176470588 0.7254545454545455 0.02823529411764706 0.028181818181818183
1 0.6444117647058824 0.45954545454545453 0.025294117647058825 0.025454545454545455
1 0.6302941176470588 0.4093181818181818 0.14294117647058824 0.03318181818181818
1 0.315 0.034545454545454546 0.04411764705882353 0.026363636363636363
1 0.7202941176470589 0.41 0.03705882352941176 0.03