1 0.4023529411764706 0.6877272727272727 0.12705882352941175 0.035454545454545454
1 0.3973529411764706 0.37318181818181817 0.18058823529411766 0.03727272727272727
1 0.7552941176470588 0.8643181818181818 0.06352941176470588 0.04409090909090909
1 0.4173529411764706 0.9295454545454546 0.07941176470588235 0.04
1 0.845 0.8663636363636363 0.08058823529411764 0.04363636363636364
1 0.4411764705882353 0.6206818181818182 0.2741176470588235 0.03954545454545454
1 0.37411764705882355 0.7290909090909091 0.16470588235294117 0.04454545454545455
1 0.11411764705882353 0.6836363636363636 0.07176470588235294 0.03636363636363636
1 0.1011764705882353 0.3665909090909091 0.10588235294117647 0.04045454545454545
1 0.10529411764705883 0.4511363636363636 0.1188235294117647 0.03318181818181818
1 0.5479411764705883 0.7843181818181818 0.14411764705882352 0.03227272727272727
1 0.5758823529411765 0.7334090909090909 0.17176470588235293 0.04045454545454545
1 0.15441176470588236 0.9238636363636363 0.10529411764705883 0.045
1 0.15764705882352942 0.8590909090909091 0.0811764705882353 0.045454545454545456
1 0.6129411764705882 0.465 0.15176470588235294 0.03272727272727273
1 0.09794117647058824 0.5245454545454545 0.10882352941176471 0.03636363636363636
1 0.7644117647058823 0.6222727272727273 0.33 0.03727272727272727
1 0.24823529411764705 0.8613636363636363 0.07529411764705882 0.04181818181818182
1 0.7826470588235294 0.5381818181818182 0.32529411764705884 0.03727272727272727
1 0.24558823529411763 0.9252272727272727 0.08411764705882353 0.04318181818181818
1 0.3764705882352941 0.7718181818181818 0.14941176470588236 0.034545454545454546
1 0.7638235294117647 0.9334090909090909 0.07470588235294118 0.04045454545454545
1 0.31176470588235294 0.03636363636363636 0.052941176470588235 0.024545454545454544
1 0.6852941176470588 0.4152272727272727 0.1776470588235294 0.04045454545454545
1 0.41794117647058826 0.8625 0.08294117647058824 0.041363636363636366
1 0.5873529411764706 0.9309090909090909 0.06411764705882353 0.04818181818181818
1 0.10558823529411765 0.5693181818181818 0.11470588235294117 0.03681818181818182
1 0.4538235294117647 0.5306818181818181 0.3205882352941177 0.045909090909090906
1 0.46941176470588236 0.5720454545454545 0.36823529411764705 0.038636363636363635
1 0.5879411764705882 0.8709090909090909 0.0688235294117647 0.04909090909090909
1 0.1038235294117647 0.4088636363636364 0.11 0.038636363636363635
1 0.5732352941176471 0.04022727272727273 0.1264705882352941 0.02409090909090909
1 0.8126470588235294 0.4697727272727273 0.15 0.031363636363636364
1 0.5047058823529412 0.9302272727272727 0.08588235294117647 0.042272727272727274
1 0.6747058823529412 0.87 0.08 0.046363636363636364
1 0.6014705882352941 0.375 0.21823529411764706 0.04454545454545455
1 0.4117647058823529 0.46090909090909093 0.2411764705882353 0.03909090909090909
1 0.12588235294117647 0.7670454545454546 0.06470588235294118 0.03772727272727273
1 0.1285294117647059 0.7270454545454546 0.06529411764705882 0.03681818181818182
1 0.8055882352941176 0.3806818181818182 0.1652941176470588 0.035
1 0.6823529411764706 0.6929545454545455 0.17529411764705882 0.04772727272727273
1 0.5061764705882353 0.8645454545454545 0.07941176470588235 0.04181818181818182
1 0.7129411764705882 0.4752272727272727 0.02823529411764706 0.02772727272727273
1 0.8714705882352941 0.41818181818181815 0.1688235294117647 0.04454545454545455
1 0.11470588235294117 0.6129545454545454 0.11058823529411765 0.038636363636363635
1 0.33558823529411763 0.8629545454545454 0.07235294117647059 0.041363636363636366
1 0.44735294117647056 0.41454545454545455 0.3052941176470588 0.04818181818181818
1 0.8035294117647059 0.5797727272727272 0.29764705882352943 0.03681818181818182
1 0.33176470588235296 0.9293181818181818 0.07882352941176471 0.041363636363636366