1 0.40205882352941175 0.6815909090909091 0.18764705882352942 0.03318181818181818
1 0.5738235294117647 0.6831818181818182 0.11705882352941177 0.03
1 0.7541176470588236 0.8634090909090909 0.04823529411764706 0.03227272727272727
1 0.8423529411764706 0.9309090909090909 0.06 0.03363636363636364
1 0.5647058823529412 0.6165909090909091 0.16470588235294117 0.029545454545454545
1 0.40794117647058825 0.9252272727272727 0.05588235294117647 0.03681818181818182
1 0.8420588235294117 0.8643181818181818 0.054705882352941174 0.03772727272727273
1 0.3864705882352941 0.6122727272727273 0.1635294117647059 0.031818181818181815
1 0.5205882352941177 0.4097727272727273 0.1635294117647059 0.028636363636363637
1 0.7182352941176471 0.7704545454545455 0.07176470588235294 0.03090909090909091
1 0.47323529411764703 0.45204545454545453 0.13 0.030454545454545453
1 0.66 0.6834090909090909 0.03058823529411765 0.029545454545454545
1 0.4038235294117647 0.7240909090909091 0.20647058823529413 0.03
1 0.7314705882352941 0.5252272727272728 0.03470588235294118 0.03318181818181818
1 0.3644117647058824 0.4088636363636364 0.12294117647058823 0.030454545454545453
1 0.09647058823529411 0.6768181818181818 0.08 0.03636363636363636
1 0.09235294117647058 0.44636363636363635 0.07058823529411765 0.034545454545454546
1 0.0976470588235294 0.3618181818181818 0.07529411764705882 0.03636363636363636
1 0.6135294117647059 0.7245454545454545 0.17176470588235293 0.028181818181818183
1 0.15029411764705883 0.9218181818181819 0.05588235294117647 0.04090909090909091
1 0.32735294117647057 0.9270454545454545 0.05588235294117647 0.03772727272727273
1 0.16029411764705884 0.8561363636363636 0.07 0.03590909090909091
1 0.6323529411764706 0.45295454545454544 0.09529411764705882 0.030454545454545453
1 0.40794117647058825 0.5236363636363637 0.19823529411764707 0.03363636363636364
1 0.10352941176470588 0.5218181818181818 0.08705882352941176 0.035454545454545454
1 0.24352941176470588 0.855909090909091 0.06470588235294118 0.034545454545454546
1 0.24323529411764705 0.9229545454545455 0.061764705882352944 0.038636363636363635
1 0.38941176470588235 0.7686363636363637 0.18 0.034545454545454546
1 0.7608823529411765 0.9311363636363637 0.06294117647058824 0.035
1 0.3176470588235294 0.03340909090909091 0.04588235294117647 0.020454545454545454
1 0.5617647058823529 0.7688636363636364 0.13529411764705881 0.03409090909090909
1 0.5205882352941177 0.37022727272727274 0.16470588235294117 0.03318181818181818
1 0.4147058823529412 0.8602272727272727 0.0611764705882353 0.03409090909090909
1 0.40941176470588236 0.5675 0.21764705882352942 0.030454545454545453
1 0.6161764705882353 0.5268181818181819 0.18058823529411766 0.03
1 0.5885294117647059 0.8611363636363636 0.06294117647058824 0.03409090909090909
1 0.09676470588235295 0.4031818181818182 0.07823529411764706 0.035454545454545454
1 0.10205882352941177 0.5636363636363636 0.09 0.03636363636363636
1 0.6279411764705882 0.5677272727272727 0.19117647058823528 0.03090909090909091
1 0.5676470588235294 0.038181818181818185 0.041176470588235294 0.02090909090909091
1 0.6305882352941177 0.4109090909090909 0.03058823529411765 0.03090909090909091
1 0.7152941176470589 0.4122727272727273 0.11176470588235295 0.031818181818181815
1 0.495 0.9265909090909091 0.05235294117647059 0.035
1 0.7988235294117647 0.7261363636363637 0.08470588235294117 0.030454545454545453
1 0.6726470588235294 0.8625 0.060588235294117644 0.03318181818181818
1 0.711764705882353 0.3679545454545455 0.13176470588235295 0.028636363636363637
1 0.34823529411764703 0.45045454545454544 0.09058823529411765 0.03363636363636364
1 0.09470588235294118 0.7606818181818182 0.08235294117647059 0.03590909090909091
1 0.09529411764705882 0.72 0.08470588235294117 0.035454545454545454
1 0.56 0.4527272727272727 0.02823529411764706 0.028181818181818183
1 0.6573529411764706 0.7695454545454545 0.020588235294117647 0.03272727272727273
1 0.5014705882352941 0.86 0.07352941176470588 0.034545454545454546
1 0.8226470588235294 0.5277272727272727 0.12529411764705883 0.02909090909090909
1 0.3635294117647059 0.36772727272727274 0.11411764705882353 0.034545454545454546
1 0.10029411764705883 0.6079545454545454 0.08764705882352941 0.03590909090909091
1 0.6670588235294118 0.9302272727272727 0.05411764705882353 0.03409090909090909
1 0.3305882352941176 0.8579545454545454 0.06235294117647059 0.03318181818181818
1 0.7576470588235295 0.6163636363636363 0.11647058823529412 0.03
1 0.7329411764705882 0.6854545454545454 0.07529411764705882 0.028181818181818183
1 0.6282352941176471 0.36977272727272725 0.02235294117647059 0.03227272727272727
1 0.7441176470588236 0.5690909090909091 0.029411764705882353 0.028181818181818183
1 0.8329411764705882 0.5693181818181818 0.13294117647058823 0.02772727272727273
1 0.6673529411764706 0.6170454545454546 0.028823529411764706 0.026818181818181817
1 0.7226470588235294 0.7265909090909091 0.027647058823529413 0.029545454545454545
1 0.5823529411764706 0.9286363636363636 0.052941176470588235 0.03363636363636364