1 0.3729411764705882 0.7245454545454545 0.15529411764705883 0.038181818181818185
1 0.7611764705882353 0.8577272727272728 0.058823529411764705 0.038181818181818185
1 0.8461764705882353 0.9238636363636363 0.06411764705882353 0.03954545454545454
1 0.5832352941176471 0.6147727272727272 0.14294117647058824 0.03772727272727273
1 0.4076470588235294 0.9254545454545454 0.05764705882352941 0.038181818181818185
1 0.8452941176470589 0.8572727272727273 0.06352941176470588 0.04
1 0.71 0.7725 0.0976470588235294 0.03409090909090909
1 0.4188235294117647 0.45340909090909093 0.22823529411764706 0.041363636363636366
1 0.7276470588235294 0.730909090909091 0.03882352941176471 0.03727272727272727
1 0.3008823529411765 0.035227272727272725 0.03235294117647059 0.021363636363636362
1 0.7723529411764706 0.5745454545454546 0.03882352941176471 0.03727272727272727
1 0.105 0.6820454545454545 0.07588235294117647 0.03590909090909091
1 0.105 0.4090909090909091 0.10294117647058823 0.03636363636363636
1 0.10735294117647058 0.36522727272727273 0.09235294117647058 0.03772727272727273
1 0.10205882352941177 0.45227272727272727 0.10529411764705883 0.03909090909090909
1 0.5202941176470588 0.7695454545454545 0.17470588235294118 0.03636363636363636
1 0.15470588235294117 0.9227272727272727 0.06235294117647059 0.04090909090909091
1 0.3241176470588235 0.9231818181818182 0.052941176470588235 0.04
1 0.1514705882352941 0.855 0.05941176470588235 0.03909090909090909
1 0.42323529411764704 0.5679545454545455 0.24764705882352941 0.03681818181818182
1 0.11352941176470588 0.5222727272727272 0.09529411764705882 0.038181818181818185
1 0.6785294117647059 0.6215909090909091 0.028823529411764706 0.03590909090909091
1 0.23852941176470588 0.855909090909091 0.051176470588235295 0.038181818181818185
1 0.23794117647058824 0.9225 0.05352941176470588 0.038636363636363635
1 0.3614705882352941 0.7684090909090909 0.11941176470588236 0.03590909090909091
1 0.7611764705882353 0.925 0.06941176470588235 0.04
1 0.6726470588235294 0.4606818181818182 0.03588235294117647 0.03681818181818182
1 0.6994117647058824 0.4093181818181818 0.029411764705882353 0.03681818181818182
1 0.4126470588235294 0.8579545454545454 0.05352941176470588 0.038636363636363635
1 0.5861764705882353 0.9238636363636363 0.05352941176470588 0.04045454545454545
1 0.10852941176470589 0.5665909090909091 0.09117647058823529 0.03681818181818182
1 0.5858823529411765 0.8604545454545455 0.06235294117647059 0.04181818181818182
1 0.5452941176470588 0.03681818181818182 0.08235294117647059 0.02090909090909091
1 0.6208823529411764 0.4084090909090909 0.11470588235294117 0.03681818181818182
1 0.7438235294117647 0.45545454545454545 0.08647058823529412 0.03363636363636364
1 0.8332352941176471 0.730909090909091 0.15941176470588236 0.04
1 0.5011764705882353 0.9252272727272727 0.05764705882352941 0.04045454545454545
1 0.6764705882352942 0.8597727272727272 0.06588235294117648 0.038636363636363635
1 0.7885294117647059 0.4081818181818182 0.1288235294117647 0.03636363636363636
1 0.39705882352941174 0.6125 0.19176470588235295 0.038636363636363635
1 0.10558823529411765 0.7638636363636364 0.08176470588235295 0.03772727272727273
1 0.10617647058823529 0.7222727272727273 0.08058823529411764 0.03727272727272727
1 0.5955882352941176 0.45545454545454545 0.09352941176470589 0.03727272727272727
1 0.6344117647058823 0.7761363636363636 0.03235294117647059 0.03772727272727273
1 0.49911764705882355 0.8584090909090909 0.05 0.03954545454545454
1 0.855 0.5729545454545455 0.11941176470588236 0.03954545454545454
1 0.6505882352941177 0.5688636363636363 0.19294117647058823 0.03772727272727273
1 0.4288235294117647 0.4109090909090909 0.24823529411764705 0.03909090909090909
1 0.5847058823529412 0.7281818181818182 0.2376470588235294 0.04090909090909091
1 0.10441176470588236 0.605 0.09352941176470589 0.03727272727272727
1 0.6726470588235294 0.9238636363636363 0.0711764705882353 0.03954545454545454
1 0.3220588235294118 0.8565909090909091 0.051176470588235295 0.03954545454545454
1 0.7508823529411764 0.6147727272727272 0.09941176470588235 0.03409090909090909