1 0.37676470588235295 0.6754545454545454 0.14411764705882352 0.03727272727272727
1 0.7502941176470588 0.8575 0.045294117647058825 0.04045454545454545
1 0.8405882352941176 0.9227272727272727 0.05411764705882353 0.03272727272727273
1 0.571764705882353 0.6043181818181819 0.036470588235294116 0.03772727272727273
1 0.4032352941176471 0.9215909090909091 0.05 0.04045454545454545
1 0.52 0.5179545454545454 0.0988235294117647 0.03590909090909091
1 0.8391176470588235 0.8572727272727273 0.04764705882352941 0.04
1 0.37 0.6034090909090909 0.13294117647058823 0.03590909090909091
1 0.43558823529411766 0.40386363636363637 0.2605882352941176 0.03772727272727273
1 0.625 0.7634090909090909 0.08294117647058824 0.03409090909090909
1 0.6611764705882353 0.6790909090909091 0.09647058823529411 0.034545454545454546
1 0.39676470588235296 0.3615909090909091 0.1676470588235294 0.026818181818181817
1 0.10911764705882353 0.675 0.08294117647058824 0.035454545454545454
1 0.10852941176470589 0.44272727272727275 0.09235294117647058 0.035454545454545454
1 0.4202941176470588 0.7243181818181819 0.23705882352941177 0.02772727272727273
1 0.5070588235294118 0.7656818181818181 0.0976470588235294 0.030454545454545453
1 0.6361764705882353 0.7247727272727272 0.1652941176470588 0.028636363636363637
1 0.15558823529411764 0.9188636363636363 0.0488235294117647 0.03772727272727273
1 0.3176470588235294 0.9159090909090909 0.052941176470588235 0.03909090909090909
1 0.15058823529411763 0.8511363636363637 0.05176470588235294 0.038636363636363635
1 0.7355882352941177 0.7231818181818181 0.03588235294117647 0.034545454545454546
1 0.3885294117647059 0.5168181818181818 0.15 0.038181818181818185
1 0.10911764705882353 0.5156818181818181 0.09705882352941177 0.03590909090909091
1 0.24 0.8520454545454546 0.05176470588235294 0.03590909090909091
1 0.23176470588235293 0.9193181818181818 0.05058823529411765 0.03772727272727273
1 0.37529411764705883 0.7593181818181818 0.1564705882352941 0.03681818181818182
1 0.7476470588235294 0.9243181818181818 0.04941176470588235 0.04045454545454545
1 0.11647058823529412 0.35863636363636364 0.09647058823529411 0.035454545454545454
1 0.6476470588235295 0.40704545454545454 0.15529411764705883 0.03681818181818182
1 0.5444117647058824 0.36272727272727273 0.11823529411764706 0.035454545454545454
1 0.4111764705882353 0.8536363636363636 0.06470588235294118 0.038181818181818185
1 0.5761764705882353 0.9229545454545455 0.05352941176470588 0.038636363636363635
1 0.10970588235294118 0.5595454545454546 0.09588235294117647 0.034545454545454546
1 0.4173529411764706 0.5629545454545455 0.22176470588235295 0.03772727272727273
1 0.5885294117647059 0.5211363636363636 0.028823529411764706 0.035
1 0.4894117647058824 0.6011363636363637 0.10941176470588235 0.03681818181818182
1 0.5829411764705882 0.8581818181818182 0.05411764705882353 0.04
1 0.10647058823529412 0.39954545454545454 0.08823529411764706 0.034545454545454546
1 0.6223529411764706 0.5681818181818182 0.15058823529411763 0.03727272727272727
1 0.7814705882352941 0.5731818181818182 0.061764705882352944 0.02727272727272727
1 0.48764705882352943 0.9229545454545455 0.04941176470588235 0.035
1 0.6702941176470588 0.8538636363636364 0.060588235294117644 0.04045454545454545
1 0.5155882352941177 0.678409090909091 0.11 0.03590909090909091
1 0.8205882352941176 0.7238636363636364 0.13529411764705881 0.03681818181818182
1 0.3811764705882353 0.44545454545454544 0.14823529411764705 0.03727272727272727
1 0.10323529411764706 0.7575 0.10294117647058823 0.03590909090909091
1 0.10441176470588236 0.7209090909090909 0.08764705882352941 0.035454545454545454
1 0.5076470588235295 0.4486363636363636 0.11529411764705882 0.034545454545454546
1 0.505 0.8534090909090909 0.06529411764705882 0.03772727272727273
1 0.5955882352941176 0.6811363636363637 0.028823529411764706 0.03590909090909091
1 0.10088235294117646 0.6015909090909091 0.09 0.035
1 0.668235294117647 0.9204545454545454 0.06 0.04
1 0.32794117647058824 0.8520454545454546 0.05941176470588235 0.03772727272727273
1 0.28411764705882353 0.03159090909090909 0.03529411764705882 0.019545454545454546
1 0.34088235294117647 0.03 0.06647058823529411 0.02181818181818182
1 0.5702941176470588 0.034545454545454546 0.12176470588235294 0.019090909090909092
1 0.6285294117647059 0.5254545454545455 0.0488235294117647 0.02727272727272727
1 0.6132352941176471 0.6084090909090909 0.05235294117647059 0.02409090909090909
1 0.5682352941176471 0.7720454545454546 0.03058823529411765 0.028636363636363637
1 0.7238235294117648 0.5727272727272728 0.03235294117647059 0.031818181818181815