1 0.3729411764705882 0.6788636363636363 0.11529411764705882 0.03681818181818182
1 0.7614705882352941 0.8625 0.061764705882352944 0.03590909090909091
1 0.8497058823529412 0.9272727272727272 0.06294117647058824 0.03909090909090909
1 0.5473529411764706 0.6118181818181818 0.10294117647058823 0.03272727272727273
1 0.4138235294117647 0.9261363636363636 0.0488235294117647 0.03772727272727273
1 0.40058823529411763 0.6084090909090909 0.16705882352941176 0.03590909090909091
1 0.4776470588235294 0.6793181818181818 0.07882352941176471 0.03590909090909091
1 0.38676470588235295 0.725 0.14529411764705882 0.03636363636363636
1 0.3708823529411765 0.36318181818181816 0.11235294117647059 0.03727272727272727
1 0.7547058823529412 0.5302272727272728 0.0988235294117647 0.03409090909090909
1 0.3664705882352941 0.4084090909090909 0.11647058823529412 0.03681818181818182
1 0.1011764705882353 0.6818181818181818 0.0611764705882353 0.035454545454545454
1 0.7220588235294118 0.5727272727272728 0.03 0.031818181818181815
1 0.11323529411764706 0.36477272727272725 0.0688235294117647 0.03409090909090909
1 0.11 0.44772727272727275 0.0811764705882353 0.03727272727272727
1 0.15823529411764706 0.9231818181818182 0.05411764705882353 0.038181818181818185
1 0.7861764705882353 0.5718181818181818 0.10294117647058823 0.034545454545454546
1 0.3276470588235294 0.9252272727272727 0.058823529411764705 0.03954545454545454
1 0.16205882352941176 0.8570454545454546 0.057058823529411766 0.038636363636363635
1 0.685 0.6175 0.08647058823529412 0.031363636363636364
1 0.41411764705882353 0.5256818181818181 0.20705882352941177 0.03772727272727273
1 0.1038235294117647 0.52 0.07235294117647059 0.03363636363636364
1 0.24735294117647058 0.8568181818181818 0.060588235294117644 0.03909090909090909
1 0.6702941176470588 0.5320454545454546 0.03705882352941176 0.03318181818181818
1 0.24323529411764705 0.9247727272727273 0.057058823529411766 0.03772727272727273
1 0.36205882352941177 0.7684090909090909 0.10294117647058823 0.03409090909090909
1 0.7605882352941177 0.9277272727272727 0.058823529411764705 0.03909090909090909
1 0.6158823529411764 0.3718181818181818 0.03294117647058824 0.03363636363636364
1 0.5138235294117647 0.3684090909090909 0.14294117647058824 0.03772727272727273
1 0.41852941176470587 0.86 0.05823529411764706 0.04
1 0.5835294117647059 0.9259090909090909 0.05529411764705883 0.03909090909090909
1 0.5691176470588235 0.45954545454545453 0.03 0.034545454545454546
1 0.47852941176470587 0.4556818181818182 0.13 0.03590909090909091
1 0.5855882352941176 0.8638636363636364 0.051176470588235295 0.038636363636363635
1 0.11294117647058824 0.40454545454545454 0.07529411764705882 0.035454545454545454
1 0.10176470588235294 0.5663636363636364 0.07176470588235294 0.035454545454545454
1 0.6238235294117647 0.45954545454545453 0.06294117647058824 0.031818181818181815
1 0.5370588235294118 0.04113636363636364 0.06235294117647059 0.022272727272727274
1 0.6435294117647059 0.4113636363636364 0.03294117647058824 0.03636363636363636
1 0.7061764705882353 0.41045454545454546 0.08411764705882353 0.034545454545454546
1 0.5017647058823529 0.9272727272727272 0.05647058823529412 0.038181818181818185
1 0.8461764705882353 0.8645454545454545 0.05823529411764706 0.03727272727272727
1 0.6779411764705883 0.8638636363636364 0.057058823529411766 0.03954545454545454
1 0.6970588235294117 0.37 0.08235294117647059 0.03272727272727273
1 0.3488235294117647 0.45136363636363636 0.09647058823529411 0.03636363636363636
1 0.10323529411764706 0.765 0.07235294117647059 0.035454545454545454
1 0.0988235294117647 0.7231818181818181 0.07058823529411765 0.035454545454545454
1 0.53 0.4147727272727273 0.1811764705882353 0.03772727272727273
1 0.5052941176470588 0.8593181818181819 0.06235294117647059 0.03954545454545454
1 0.5811764705882353 0.5293181818181818 0.10352941176470588 0.035
1 0.5005882352941177 0.7281818181818182 0.08470588235294117 0.034545454545454546
1 0.10588235294117647 0.6040909090909091 0.07882352941176471 0.035454545454545454
1 0.6723529411764706 0.9331818181818182 0.05058823529411765 0.04090909090909091
1 0.3305882352941176 0.8575 0.05411764705882353 0.03954545454545454
1 0.3044117647058823 0.035454545454545454 0.03235294117647059 0.023636363636363636
1 0.43823529411764706 0.5697727272727273 0.2529411764705882 0.038636363636363635
1 0.6338235294117647 0.5709090909090909 0.13 0.03727272727272727
1 0.6238235294117647 0.6156818181818182 0.026470588235294117 0.035
1 0.43411764705882355 0.7720454545454546 0.058823529411764705 0.028636363636363637