1 0.3608823529411765 0.7279545454545454 0.13117647058823528 0.03409090909090909
1 0.5635294117647058 0.6836363636363636 0.029411764705882353 0.03363636363636364
1 0.4688235294117647 0.4097727272727273 0.3270588235294118 0.041363636363636366
1 0.7626470588235295 0.8577272727272728 0.06647058823529411 0.04090909090909091
1 0.8544117647058823 0.9265909090909091 0.07 0.04318181818181818
1 0.4102941176470588 0.9245454545454546 0.057058823529411766 0.03909090909090909
1 0.8564705882352941 0.8570454545454546 0.07647058823529412 0.042272727272727274
1 0.3926470588235294 0.6131818181818182 0.1888235294117647 0.038181818181818185
1 0.4061764705882353 0.45204545454545453 0.20294117647058824 0.03772727272727273
1 0.4767647058823529 0.6836363636363636 0.11823529411764706 0.03727272727272727
1 0.2994117647058824 0.028181818181818183 0.05176470588235294 0.031818181818181815
1 0.10205882352941177 0.6806818181818182 0.0888235294117647 0.035
1 0.12558823529411764 0.3634090909090909 0.07588235294117647 0.038636363636363635
1 0.1188235294117647 0.4509090909090909 0.08823529411764706 0.038181818181818185
1 0.45676470588235296 0.7697727272727273 0.10764705882352942 0.03590909090909091
1 0.6238235294117647 0.7675 0.09941176470588235 0.03409090909090909
1 0.15705882352941178 0.9236363636363636 0.06588235294117648 0.04363636363636364
1 0.3388235294117647 0.9238636363636363 0.06823529411764706 0.041363636363636366
1 0.15705882352941178 0.8572727272727273 0.06941176470588235 0.04181818181818182
1 0.41147058823529414 0.525 0.2311764705882353 0.03363636363636364
1 0.11823529411764706 0.5229545454545454 0.07882352941176471 0.03590909090909091
1 0.665 0.725 0.03235294117647059 0.03727272727272727
1 0.7332352941176471 0.41 0.1864705882352941 0.04454545454545455
1 0.25529411764705884 0.8570454545454546 0.0811764705882353 0.04318181818181818
1 0.6376470588235295 0.6802272727272727 0.12823529411764706 0.03681818181818182
1 0.2535294117647059 0.9238636363636363 0.07176470588235294 0.042272727272727274
1 0.3452941176470588 0.77 0.09529411764705882 0.03727272727272727
1 0.7617647058823529 0.9252272727272727 0.06941176470588235 0.042272727272727274
1 0.5497058823529412 0.7718181818181818 0.028823529411764706 0.038181818181818185
1 0.68 0.37 0.03529411764705882 0.03636363636363636
1 0.42205882352941176 0.8590909090909091 0.07 0.042727272727272725
1 0.5870588235294117 0.9256818181818182 0.05764705882352941 0.04318181818181818
1 0.35411764705882354 0.6818181818181818 0.11529411764705882 0.03727272727272727
1 0.43558823529411766 0.5672727272727273 0.28294117647058825 0.03909090909090909
1 0.5970588235294118 0.8570454545454546 0.07529411764705882 0.04045454545454545
1 0.11911764705882352 0.40386363636363637 0.08176470588235295 0.03772727272727273
1 0.6029411764705882 0.45386363636363636 0.13294117647058823 0.035
1 0.5555882352941176 0.03159090909090909 0.10058823529411764 0.02590909090909091
1 0.7811764705882352 0.4577272727272727 0.07882352941176471 0.034545454545454546
1 0.7447058823529412 0.7227272727272728 0.14 0.03636363636363636
1 0.5067647058823529 0.9252272727272727 0.061764705882352944 0.041363636363636366
1 0.6791176470588235 0.8572727272727273 0.06764705882352941 0.04181818181818182
1 0.5805882352941176 0.37318181818181817 0.13647058823529412 0.03727272727272727
1 0.7544117647058823 0.3690909090909091 0.07235294117647059 0.03272727272727273
1 0.11588235294117646 0.7629545454545454 0.08823529411764706 0.03681818181818182
1 0.11441176470588235 0.7215909090909091 0.08058823529411764 0.03681818181818182
1 0.5032352941176471 0.8606818181818182 0.05235294117647059 0.04409090909090909
1 0.8985294117647059 0.4125 0.09 0.04772727272727273
1 0.40294117647058825 0.3679545454545455 0.19058823529411764 0.02772727272727273
1 0.12676470588235295 0.6115909090909091 0.08411764705882353 0.03590909090909091
1 0.6744117647058824 0.9243181818181818 0.06411764705882353 0.041363636363636366
1 0.3352941176470588 0.8572727272727273 0.06823529411764706 0.042727272727272725
1 0.71 0.4581818181818182 0.03882352941176471 0.03909090909090909
1 0.12529411764705883 0.5681818181818182 0.09294117647058824 0.02727272727272727
1 0.84 0.41409090909090907 0.018823529411764704 0.04818181818181818
1 0.5302941176470588 0.7272727272727273 0.20176470588235293 0.034545454545454546