1 0.3982352941176471 0.6815909090909091 0.18588235294117647 0.038636363636363635
1 0.6076470588235294 0.6818181818181818 0.17882352941176471 0.03909090909090909
1 0.7652941176470588 0.8575 0.07176470588235294 0.042272727272727274
1 0.8552941176470589 0.9261363636363636 0.07411764705882352 0.04045454545454545
1 0.6105882352941177 0.5697727272727273 0.16470588235294117 0.03772727272727273
1 0.41205882352941176 0.9265909090909091 0.061764705882352944 0.038636363636363635
1 0.8526470588235294 0.8595454545454545 0.07235294117647059 0.04181818181818182
1 0.46705882352941175 0.4084090909090909 0.3423529411764706 0.041363636363636366
1 0.4329411764705882 0.45295454545454544 0.26588235294117646 0.035
1 0.44176470588235295 0.7254545454545455 0.2752941176470588 0.04
1 0.8294117647058824 0.5247727272727273 0.12352941176470589 0.03681818181818182
1 0.11205882352941177 0.6829545454545455 0.09235294117647058 0.03681818181818182
1 0.7585294117647059 0.5727272727272728 0.03588235294117647 0.03363636363636364
1 0.1111764705882353 0.3640909090909091 0.10705882352941176 0.038181818181818185
1 0.11705882352941177 0.4459090909090909 0.10823529411764705 0.04
1 0.5052941176470588 0.8577272727272728 0.0611764705882353 0.04181818181818182
1 0.1526470588235294 0.9286363636363636 0.04647058823529412 0.03909090909090909
1 0.33205882352941174 0.9286363636363636 0.06411764705882353 0.03909090909090909
1 0.15205882352941177 0.8552272727272727 0.0488235294117647 0.03954545454545454
1 0.7641176470588236 0.7238636363636364 0.3411764705882353 0.03409090909090909
1 0.40558823529411764 0.5195454545454545 0.21705882352941178 0.04
1 0.11294117647058824 0.5225 0.1 0.03681818181818182
1 0.6838235294117647 0.6095454545454545 0.18176470588235294 0.038181818181818185
1 0.24970588235294117 0.8602272727272727 0.06647058823529411 0.03954545454545454
1 0.2461764705882353 0.925 0.05941176470588235 0.04090909090909091
1 0.39176470588235296 0.7693181818181818 0.18 0.03681818181818182
1 0.765 0.9261363636363636 0.0711764705882353 0.038636363636363635
1 0.6011764705882353 0.7677272727272727 0.1952941176470588 0.03727272727272727
1 0.6952941176470588 0.36863636363636365 0.21294117647058824 0.03909090909090909
1 0.6973529411764706 0.4540909090909091 0.20176470588235293 0.031818181818181815
1 0.41058823529411764 0.8595454545454545 0.06470588235294118 0.04
1 0.40705882352941175 0.5704545454545454 0.21176470588235294 0.03909090909090909
1 0.6155882352941177 0.5218181818181818 0.17588235294117646 0.04
1 0.6002941176470589 0.8588636363636364 0.07705882352941176 0.04318181818181818
1 0.1111764705882353 0.40613636363636363 0.10941176470588235 0.041363636363636366
1 0.5597058823529412 0.04022727272727273 0.10764705882352942 0.019545454545454546
1 0.5026470588235294 0.9268181818181818 0.06764705882352941 0.04090909090909091
1 0.6797058823529412 0.8597727272727272 0.06764705882352941 0.04409090909090909
1 0.8782352941176471 0.6075 0.13058823529411764 0.04409090909090909
1 0.1126470588235294 0.7663636363636364 0.09352941176470589 0.03727272727272727
1 0.7314705882352941 0.5261363636363636 0.04647058823529412 0.03318181818181818
1 0.8008823529411765 0.40704545454545454 0.28411764705882353 0.041363636363636366
1 0.445 0.3654545454545455 0.2747058823529412 0.03909090909090909
1 0.11676470588235294 0.6061363636363636 0.10058823529411764 0.038636363636363635
1 0.6747058823529412 0.9261363636363636 0.06823529411764706 0.04045454545454545
1 0.33676470588235297 0.8588636363636364 0.05823529411764706 0.04045454545454545
1 0.10205882352941177 0.7295454545454545 0.0711764705882353 0.038181818181818185
1 0.2782352941176471 0.03727272727272727 0.047058823529411764 0.022727272727272728
1 0.8758823529411764 0.5677272727272727 0.11529411764705882 0.03363636363636364
1 0.4423529411764706 0.6113636363636363 0.28941176470588237 0.038181818181818185
1 0.7967647058823529 0.6113636363636363 0.025294117647058825 0.038181818181818185
1 0.5894117647058823 0.9261363636363636 0.05647058823529412 0.03318181818181818
1 0.11588235294117646 0.5688636363636363 0.09411764705882353 0.03409090909090909