1 0.38058823529411767 0.6856818181818182 0.15176470588235294 0.03681818181818182
1 0.7552941176470588 0.860909090909091 0.058823529411764705 0.04
1 0.8461764705882353 0.9277272727272727 0.0711764705882353 0.03909090909090909
1 0.40852941176470586 0.9272727272727272 0.0488235294117647 0.03727272727272727
1 0.5567647058823529 0.5275 0.14294117647058824 0.03590909090909091
1 0.3685294117647059 0.6125 0.13705882352941176 0.03681818181818182
1 0.653235294117647 0.7718181818181818 0.08411764705882353 0.03090909090909091
1 0.40294117647058825 0.4540909090909091 0.18705882352941178 0.04
1 0.6279411764705882 0.6904545454545454 0.031176470588235295 0.031818181818181815
1 0.38 0.7256818181818182 0.1588235294117647 0.03590909090909091
1 0.3088235294117647 0.03431818181818182 0.04823529411764706 0.029545454545454545
1 0.7073529411764706 0.5288636363636363 0.0688235294117647 0.03318181818181818
1 0.4167647058823529 0.4102272727272727 0.22058823529411764 0.03681818181818182
1 0.095 0.6777272727272727 0.07588235294117647 0.03727272727272727
1 0.10852941176470589 0.3625 0.09705882352941177 0.03772727272727273
1 0.0976470588235294 0.4445454545454545 0.08470588235294117 0.03636363636363636
1 0.49941176470588233 0.7709090909090909 0.11294117647058824 0.034545454545454546
1 0.15794117647058822 0.925 0.060588235294117644 0.03909090909090909
1 0.3291176470588235 0.9277272727272727 0.05588235294117647 0.038181818181818185
1 0.15588235294117647 0.8572727272727273 0.04823529411764706 0.03636363636363636
1 0.6823529411764706 0.7272727272727273 0.09294117647058824 0.031818181818181815
1 0.0976470588235294 0.5220454545454546 0.08235294117647059 0.035
1 0.643235294117647 0.6154545454545455 0.05823529411764706 0.03090909090909091
1 0.6535294117647059 0.5311363636363636 0.03294117647058824 0.03318181818181818
1 0.23323529411764707 0.9261363636363636 0.04764705882352941 0.03954545454545454
1 0.36676470588235294 0.7695454545454545 0.13470588235294118 0.035454545454545454
1 0.7597058823529412 0.9272727272727272 0.060588235294117644 0.03909090909090909
1 0.6776470588235294 0.4202272727272727 0.041176470588235294 0.03590909090909091
1 0.6370588235294118 0.37363636363636366 0.16117647058823528 0.035454545454545454
1 0.5952941176470589 0.41204545454545455 0.11764705882352941 0.03590909090909091
1 0.40852941176470586 0.8588636363636364 0.04764705882352941 0.03681818181818182
1 0.5861764705882353 0.9329545454545455 0.06647058823529411 0.05045454545454545
1 0.09647058823529411 0.5654545454545454 0.08470588235294117 0.03636363636363636
1 0.3941176470588235 0.5297727272727273 0.17529411764705882 0.035
1 0.5111764705882353 0.6143181818181818 0.11647058823529412 0.03409090909090909
1 0.5441176470588235 0.5718181818181818 0.1423529411764706 0.034545454545454546
1 0.5852941176470589 0.7763636363636364 0.029411764705882353 0.03363636363636364
1 0.09941176470588235 0.4031818181818182 0.08588235294117647 0.03636363636363636
1 0.6329411764705882 0.4552272727272727 0.03058823529411765 0.03590909090909091
1 0.5738235294117647 0.04068181818181818 0.12176470588235294 0.023181818181818182
1 0.7385294117647059 0.4240909090909091 0.09941176470588235 0.034545454545454546
1 0.4976470588235294 0.9313636363636364 0.06352941176470588 0.04181818181818182
1 0.8426470588235294 0.8640909090909091 0.061764705882352944 0.03909090909090909
1 0.6694117647058824 0.8618181818181818 0.05529411764705883 0.04
1 0.53 0.6838636363636363 0.13058823529411764 0.03681818181818182
1 0.09147058823529412 0.7659090909090909 0.07588235294117647 0.035454545454545454
1 0.09088235294117647 0.7211363636363637 0.07588235294117647 0.03681818181818182
1 0.7347058823529412 0.37681818181818183 0.03529411764705882 0.03272727272727273
1 0.5558823529411765 0.45431818181818184 0.11647058823529412 0.03318181818181818
1 0.6194117647058823 0.725 0.027058823529411764 0.03272727272727273
1 0.821764705882353 0.37772727272727274 0.10352941176470588 0.03363636363636364
1 0.5894117647058823 0.6134090909090909 0.03058823529411765 0.03318181818181818
1 0.43176470588235294 0.3690909090909091 0.24705882352941178 0.03909090909090909
1 0.5317647058823529 0.7252272727272727 0.13647058823529412 0.035
1 0.09823529411764706 0.6047727272727272 0.08588235294117647 0.03681818181818182
1 0.6705882352941176 0.9261363636363636 0.06352941176470588 0.03954545454545454
1 0.32588235294117646 0.8590909090909091 0.05176470588235294 0.03727272727272727
1 0.6829411764705883 0.5743181818181818 0.06470588235294118 0.031363636363636364
1 0.7011764705882353 0.6847727272727273 0.09058823529411765 0.03318181818181818
1 0.38294117647058823 0.5686363636363636 0.17176470588235293 0.03909090909090909
1 0.6326470588235295 0.5722727272727273 0.03705882352941176 0.03
1 0.5902941176470589 0.8640909090909091 0.06764705882352941 0.03272727272727273
1 0.23970588235294119 0.8593181818181819 0.04764705882352941 0.04045454545454545
1 0.6958823529411765 0.46204545454545454 0.09294117647058824 0.03409090909090909