1 0.7576470588235295 0.860909090909091 0.07647058823529412 0.038181818181818185
1 0.8532352941176471 0.9268181818181818 0.07705882352941176 0.042727272727272725
1 0.42411764705882354 0.9281818181818182 0.06588235294117648 0.035454545454545454
1 0.8508823529411764 0.8631818181818182 0.07823529411764706 0.04090909090909091
1 0.3685294117647059 0.6161363636363636 0.12529411764705883 0.03590909090909091
1 0.4158823529411765 0.6906818181818182 0.22941176470588234 0.042272727272727274
1 0.6894117647058824 0.7856818181818181 0.03058823529411765 0.042272727272727274
1 0.4211764705882353 0.7297727272727272 0.2447058823529412 0.038636363636363635
1 0.41147058823529414 0.4106818181818182 0.2088235294117647 0.042272727272727274
1 0.09029411764705883 0.6804545454545454 0.09823529411764706 0.04181818181818182
1 0.10205882352941177 0.44931818181818184 0.07235294117647059 0.03590909090909091
1 0.4041176470588235 0.7781818181818182 0.21529411764705883 0.038181818181818185
1 0.1588235294117647 0.9254545454545454 0.06470588235294118 0.042727272727272725
1 0.8064705882352942 0.6927272727272727 0.06470588235294118 0.035454545454545454
1 0.3323529411764706 0.9245454545454546 0.07764705882352942 0.04181818181818182
1 0.1561764705882353 0.8568181818181818 0.06411764705882353 0.04181818181818182
1 0.10794117647058823 0.525 0.08294117647058824 0.03727272727272727
1 0.6502941176470588 0.7313636363636363 0.20176470588235293 0.038181818181818185
1 0.24176470588235294 0.8577272727272728 0.0611764705882353 0.04090909090909091
1 0.24176470588235294 0.9265909090909091 0.06705882352941177 0.03954545454545454
1 0.7638235294117647 0.9265909090909091 0.0688235294117647 0.03954545454545454
1 0.10441176470588236 0.36454545454545456 0.06529411764705882 0.03727272727272727
1 0.6308823529411764 0.40954545454545455 0.14058823529411765 0.04090909090909091
1 0.5829411764705882 0.36863636363636365 0.11411764705882353 0.03636363636363636
1 0.4164705882352941 0.8575 0.07176470588235294 0.042272727272727274
1 0.5885294117647059 0.9254545454545454 0.0711764705882353 0.03909090909090909
1 0.11205882352941177 0.5668181818181818 0.09705882352941177 0.03909090909090909
1 0.38235294117647056 0.5290909090909091 0.16117647058823528 0.03909090909090909
1 0.5620588235294117 0.5252272727272728 0.18294117647058825 0.03954545454545454
1 0.5167647058823529 0.6222727272727273 0.13705882352941176 0.034545454545454546
1 0.39205882352941174 0.5722727272727273 0.1864705882352941 0.03727272727272727
1 0.5864705882352941 0.8588636363636364 0.06588235294117648 0.04045454545454545
1 0.10176470588235294 0.40954545454545455 0.07529411764705882 0.03636363636363636
1 0.6023529411764705 0.57 0.2188235294117647 0.04
1 0.576764705882353 0.03840909090909091 0.10647058823529412 0.022272727272727274
1 0.7617647058823529 0.7772727272727272 0.07294117647058823 0.034545454545454546
1 0.6791176470588235 0.86 0.07235294117647059 0.04090909090909091
1 0.4935294117647059 0.37136363636363634 0.03764705882352941 0.03363636363636364
1 0.8341176470588235 0.7275 0.0976470588235294 0.03681818181818182
1 0.3888235294117647 0.45840909090909093 0.14705882352941177 0.03772727272727273
1 0.12558823529411764 0.7693181818181818 0.09941176470588235 0.03772727272727273
1 0.10705882352941176 0.7243181818181819 0.1011764705882353 0.038636363636363635
1 0.4929411764705882 0.4715909090909091 0.03058823529411765 0.03409090909090909
1 0.5897058823529412 0.7781818181818182 0.14529411764705882 0.034545454545454546
1 0.5055882352941177 0.8584090909090909 0.06647058823529411 0.041363636363636366
1 0.6326470588235295 0.6861363636363637 0.1711764705882353 0.03772727272727273
1 0.3820588235294118 0.3675 0.15235294117647058 0.038636363636363635
1 0.11 0.6122727272727273 0.0976470588235294 0.05
1 0.6723529411764706 0.9256818181818182 0.06470588235294118 0.041363636363636366
1 0.3261764705882353 0.8570454545454546 0.06764705882352941 0.041363636363636366
1 0.7394117647058823 0.6940909090909091 0.036470588235294116 0.034545454545454546
1 0.3076470588235294 0.03659090909090909 0.04941176470588235 0.02590909090909091
1 0.5361764705882353 0.41295454545454546 0.04058823529411765 0.03681818181818182
1 0.5697058823529412 0.4640909090909091 0.10529411764705883 0.02909090909090909
1 0.7647058823529411 0.7320454545454546 0.03529411764705882 0.03318181818181818
1 0.5002941176470588 0.9272727272727272 0.07235294117647059 0.034545454545454546