1 0.39588235294117646 0.7286363636363636 0.1952941176470588 0.031818181818181815
1 0.5264705882352941 0.6861363636363637 0.08588235294117647 0.03409090909090909
1 0.4067647058823529 0.4090909090909091 0.18764705882352942 0.03909090909090909
1 0.7591176470588236 0.8636363636363636 0.07235294117647059 0.038181818181818185
1 0.841764705882353 0.9329545454545455 0.05411764705882353 0.042272727272727274
1 0.40852941176470586 0.9313636363636364 0.05352941176470588 0.03636363636363636
1 0.3870588235294118 0.6118181818181818 0.17411764705882352 0.03909090909090909
1 0.6661764705882353 0.8627272727272727 0.05941176470588235 0.038181818181818185
1 0.3870588235294118 0.45136363636363636 0.1635294117647059 0.03909090909090909
1 0.7520588235294118 0.5352272727272728 0.10176470588235294 0.03409090909090909
1 0.10558823529411765 0.6788636363636363 0.08647058823529412 0.038636363636363635
1 0.6879411764705883 0.45886363636363636 0.06294117647058824 0.03409090909090909
1 0.10470588235294118 0.4461363636363636 0.09411764705882353 0.038636363636363635
1 0.5061764705882353 0.7736363636363637 0.07941176470588235 0.03272727272727273
1 0.5617647058823529 0.7286363636363636 0.11647058823529412 0.034545454545454546
1 0.15294117647058825 0.9270454545454545 0.05647058823529412 0.03954545454545454
1 0.7379411764705882 0.5734090909090909 0.11235294117647059 0.03318181818181818
1 0.3270588235294118 0.9306818181818182 0.05529411764705883 0.03772727272727273
1 0.1588235294117647 0.8568181818181818 0.07176470588235294 0.04181818181818182
1 0.6897058823529412 0.6163636363636363 0.0888235294117647 0.031818181818181815
1 0.39588235294117646 0.5263636363636364 0.18705882352941178 0.03727272727272727
1 0.10588235294117647 0.5209090909090909 0.09411764705882353 0.03909090909090909
1 0.23823529411764705 0.8586363636363636 0.05411764705882353 0.04
1 0.6576470588235294 0.5693181818181818 0.03294117647058824 0.03318181818181818
1 0.23647058823529413 0.928409090909091 0.04470588235294118 0.03954545454545454
1 0.375 0.7704545454545455 0.15470588235294117 0.03636363636363636
1 0.7564705882352941 0.9322727272727273 0.05529411764705883 0.03909090909090909
1 0.1126470588235294 0.365 0.09823529411764706 0.038181818181818185
1 0.6608823529411765 0.3770454545454546 0.031176470588235295 0.03227272727272727
1 0.5805882352941176 0.4122727272727273 0.15294117647058825 0.038181818181818185
1 0.4147058823529412 0.8615909090909091 0.06 0.04318181818181818
1 0.5814705882352941 0.9381818181818182 0.04411764705882353 0.042727272727272725
1 0.5726470588235294 0.5293181818181818 0.14411764705882352 0.03681818181818182
1 0.586764705882353 0.8634090909090909 0.06764705882352941 0.03772727272727273
1 0.10794117647058823 0.4043181818181818 0.09588235294117647 0.03681818181818182
1 0.1011764705882353 0.5654545454545454 0.09529411764705882 0.038181818181818185
1 0.6355882352941177 0.46545454545454545 0.028823529411764706 0.038181818181818185
1 0.5802941176470588 0.04 0.11823529411764706 0.022727272727272728
1 0.7576470588235295 0.4163636363636364 0.08705882352941176 0.035454545454545454
1 0.4988235294117647 0.9306818181818182 0.05529411764705883 0.03772727272727273
1 0.8502941176470589 0.8638636363636364 0.06647058823529411 0.03772727272727273
1 0.5661764705882353 0.3759090909090909 0.1476470588235294 0.03727272727272727
1 0.7176470588235294 0.37545454545454543 0.09647058823529411 0.034545454545454546
1 0.10058823529411764 0.7645454545454545 0.0976470588235294 0.04
1 0.10029411764705883 0.7236363636363636 0.09117647058823529 0.04
1 0.6882352941176471 0.41 0.04 0.035454545454545454
1 0.548235294117647 0.45545454545454545 0.13294117647058823 0.03636363636363636
1 0.6238235294117647 0.6238636363636364 0.027647058823529413 0.03227272727272727
1 0.5023529411764706 0.8620454545454546 0.06588235294117648 0.038636363636363635
1 0.4011764705882353 0.36727272727272725 0.17411764705882352 0.03909090909090909
1 0.5397058823529411 0.6172727272727273 0.11470588235294117 0.034545454545454546
1 0.10705882352941176 0.6070454545454546 0.1011764705882353 0.04409090909090909
1 0.6708823529411765 0.9352272727272727 0.060588235294117644 0.03954545454545454
1 0.3285294117647059 0.8588636363636364 0.05941176470588235 0.041363636363636366
1 0.31529411764705884 0.034545454545454546 0.047058823529411764 0.02090909090909091
1 0.3835294117647059 0.6872727272727273 0.18470588235294116 0.035454545454545454
1 0.6679411764705883 0.5481818181818182 0.022941176470588236 0.03636363636363636
1 0.3991176470588235 0.5713636363636364 0.19588235294117648 0.03363636363636364
1 0.5685294117647058 0.5738636363636364 0.12764705882352942 0.03409090909090909