1 0.42058823529411765 0.685 0.2376470588235294 0.03909090909090909
1 0.41852941176470587 0.3709090909090909 0.2288235294117647 0.03272727272727273
1 0.7561764705882353 0.87 0.06411764705882353 0.04909090909090909
1 0.8491176470588235 0.9311363636363637 0.0688235294117647 0.04045454545454545
1 0.5279411764705882 0.6229545454545454 0.09352941176470589 0.031363636363636364
1 0.4147058823529412 0.93 0.06588235294117648 0.038181818181818185
1 0.8541176470588235 0.865909090909091 0.07764705882352942 0.046363636363636364
1 0.3685294117647059 0.6234090909090909 0.15470588235294117 0.035
1 0.6458823529411765 0.7815909090909091 0.047058823529411764 0.031363636363636364
1 0.4258823529411765 0.4163636363636364 0.2529411764705882 0.04363636363636364
1 0.6564705882352941 0.6881818181818182 0.15411764705882353 0.03727272727272727
1 0.4235294117647059 0.7265909090909091 0.24705882352941178 0.038636363636363635
1 0.7970588235294118 0.5370454545454545 0.03294117647058824 0.03590909090909091
1 0.09823529411764706 0.6818181818181818 0.08823529411764706 0.03727272727272727
1 0.10294117647058823 0.4577272727272727 0.09294117647058824 0.03727272727272727
1 0.875 0.5313636363636364 0.12764705882352942 0.038181818181818185
1 0.775 0.5752272727272727 0.03 0.03409090909090909
1 0.11352941176470588 0.36818181818181817 0.10352941176470588 0.038181818181818185
1 0.5226470588235295 0.7804545454545454 0.09470588235294118 0.03272727272727273
1 0.6529411764705882 0.7288636363636364 0.17529411764705882 0.03772727272727273
1 0.15764705882352942 0.9277272727272727 0.06352941176470588 0.04
1 0.3261764705882353 0.9297727272727273 0.060588235294117644 0.03954545454545454
1 0.15176470588235294 0.8606818181818182 0.05647058823529412 0.04045454545454545
1 0.7626470588235295 0.73 0.03588235294117647 0.03636363636363636
1 0.09647058823529411 0.5306818181818181 0.08470588235294117 0.03590909090909091
1 0.6538235294117647 0.6243181818181818 0.07588235294117647 0.028636363636363637
1 0.8547058823529412 0.37886363636363635 0.13411764705882354 0.03681818181818182
1 0.24823529411764705 0.8622727272727273 0.06588235294117648 0.04
1 0.24352941176470588 0.9279545454545455 0.06588235294117648 0.03954545454545454
1 0.36676470588235294 0.7809090909090909 0.13470588235294118 0.034545454545454546
1 0.7620588235294118 0.9309090909090909 0.060588235294117644 0.04
1 0.30411764705882355 0.037954545454545456 0.03764705882352941 0.02409090909090909
1 0.6670588235294118 0.41545454545454547 0.20941176470588235 0.04
1 0.6385294117647059 0.37363636363636366 0.18764705882352942 0.03727272727272727
1 0.4167647058823529 0.8622727272727273 0.06411764705882353 0.04
1 0.591764705882353 0.9286363636363636 0.06705882352941177 0.03909090909090909
1 0.43441176470588233 0.5329545454545455 0.2605882352941176 0.038636363636363635
1 0.4320588235294118 0.5788636363636364 0.27 0.03772727272727273
1 0.5952941176470589 0.78 0.03411764705882353 0.03727272727272727
1 0.09558823529411764 0.571590909090909 0.09352941176470589 0.038636363636363635
1 0.6705882352941176 0.5781818181818181 0.1564705882352941 0.03727272727272727
1 0.55 0.04 0.06588235294117648 0.02181818181818182
1 0.6211764705882353 0.4656818181818182 0.05764705882352941 0.03318181818181818
1 0.8047058823529412 0.41613636363636364 0.03176470588235294 0.03590909090909091
1 0.8311764705882353 0.7286363636363636 0.08588235294117647 0.03636363636363636
1 0.5002941176470588 0.93 0.060588235294117644 0.04
1 0.8370588235294117 0.6886363636363636 0.08352941176470588 0.03636363636363636
1 0.673235294117647 0.8686363636363637 0.061764705882352944 0.04454545454545455
1 0.5761764705882353 0.46795454545454546 0.02411764705882353 0.03227272727272727
1 0.8561764705882353 0.5772727272727273 0.11823529411764706 0.03727272727272727
1 0.3611764705882353 0.4636363636363636 0.13058823529411764 0.03090909090909091
1 0.09735294117647059 0.7704545454545455 0.08411764705882353 0.03636363636363636
1 0.09676470588235295 0.7231818181818181 0.08647058823529412 0.03727272727272727
1 0.7588235294117647 0.3775 0.036470588235294116 0.03227272727272727
1 0.5052941176470588 0.8627272727272727 0.06823529411764706 0.04
1 0.6811764705882353 0.53 0.1811764705882353 0.04
1 0.8902941176470588 0.41454545454545455 0.09823529411764706 0.038181818181818185
1 0.5976470588235294 0.6252272727272727 0.03176470588235294 0.02772727272727273
1 0.09470588235294118 0.6161363636363636 0.09294117647058824 0.03772727272727273
1 0.6767647058823529 0.9290909090909091 0.06294117647058824 0.04
1 0.3347058823529412 0.8627272727272727 0.06823529411764706 0.038181818181818185
1 0.7729411764705882 0.6886363636363636 0.042352941176470586 0.035454545454545454
1 0.49441176470588233 0.4668181818181818 0.12294117647058823 0.031818181818181815
1 0.11235294117647059 0.41454545454545455 0.09058823529411765 0.03636363636363636
1 0.5908823529411765 0.8647727272727272 0.07941176470588235 0.03954545454545454