1 0.3947058823529412 0.6768181818181818 0.1988235294117647 0.03909090909090909
1 0.7570588235294118 0.8577272727272728 0.04823529411764706 0.03909090909090909
1 0.8382352941176471 0.9229545454545455 0.052941176470588235 0.04045454545454545
1 0.5720588235294117 0.5645454545454546 0.09117647058823529 0.03363636363636364
1 0.4047058823529412 0.9225 0.058823529411764705 0.03954545454545454
1 0.528235294117647 0.5245454545454545 0.07176470588235294 0.03727272727272727
1 0.8394117647058823 0.8581818181818182 0.05176470588235294 0.042727272727272725
1 0.36911764705882355 0.6043181818181819 0.13588235294117648 0.035
1 0.7105882352941176 0.7686363636363637 0.08352941176470588 0.03
1 0.3985294117647059 0.4481818181818182 0.18176470588235294 0.035454545454545454
1 0.7094117647058824 0.6825 0.03529411764705882 0.03318181818181818
1 0.4461764705882353 0.4084090909090909 0.2958823529411765 0.03318181818181818
1 0.09352941176470589 0.6763636363636364 0.0811764705882353 0.03727272727272727
1 0.08941176470588236 0.4445454545454545 0.06941176470588235 0.03363636363636364
1 0.425 0.7213636363636363 0.2523529411764706 0.038181818181818185
1 0.09117647058823529 0.36227272727272725 0.07529411764705882 0.03636363636363636
1 0.14558823529411766 0.9206818181818182 0.05588235294117647 0.03954545454545454
1 0.32794117647058824 0.9209090909090909 0.054705882352941174 0.038181818181818185
1 0.1588235294117647 0.8529545454545454 0.06470588235294118 0.04045454545454545
1 0.7473529411764706 0.725909090909091 0.03588235294117647 0.034545454545454546
1 0.375 0.5175 0.14411764705882352 0.038636363636363635
1 0.08823529411764706 0.5161363636363636 0.06470588235294118 0.035
1 0.6402941176470588 0.7206818181818182 0.16647058823529412 0.03590909090909091
1 0.24411764705882352 0.8538636363636364 0.06352941176470588 0.038636363636363635
1 0.591764705882353 0.6831818181818182 0.17647058823529413 0.028181818181818183
1 0.23852941176470588 0.9197727272727273 0.05823529411764706 0.038636363636363635
1 0.39205882352941174 0.7647727272727273 0.18529411764705883 0.03227272727272727
1 0.7520588235294118 0.9222727272727272 0.05352941176470588 0.04
1 0.28147058823529414 0.024772727272727273 0.04647058823529412 0.02590909090909091
1 0.5573529411764706 0.7659090909090909 0.13941176470588235 0.03
1 0.6044117647058823 0.36727272727272725 0.1935294117647059 0.03909090909090909
1 0.4088235294117647 0.8556818181818182 0.0611764705882353 0.03772727272727273
1 0.5847058823529412 0.9220454545454545 0.06588235294117648 0.03954545454545454
1 0.39558823529411763 0.5613636363636364 0.18176470588235294 0.03727272727272727
1 0.5026470588235294 0.6070454545454546 0.06764705882352941 0.03227272727272727
1 0.5870588235294117 0.8554545454545455 0.05764705882352941 0.038181818181818185
1 0.09147058823529412 0.40136363636363637 0.07470588235294118 0.03363636363636364
1 0.08941176470588236 0.5597727272727273 0.06470588235294118 0.03409090909090909
1 0.57 0.03 0.11411764705882353 0.026363636363636363
1 0.49411764705882355 0.9218181818181819 0.05647058823529412 0.04
1 0.6770588235294117 0.860909090909091 0.07411764705882352 0.03272727272727273
1 0.8261764705882353 0.7245454545454545 0.1323529411764706 0.03636363636363636
1 0.0976470588235294 0.7595454545454545 0.08588235294117647 0.034545454545454546
1 0.5829411764705882 0.45022727272727275 0.17058823529411765 0.030454545454545453
1 0.49441176470588233 0.8554545454545455 0.05352941176470588 0.04090909090909091
1 0.7411764705882353 0.4088636363636364 0.2811764705882353 0.03227272727272727
1 0.395 0.3638636363636364 0.18058823529411766 0.038636363636363635
1 0.09029411764705883 0.6038636363636364 0.06294117647058824 0.035
1 0.6717647058823529 0.9225 0.0611764705882353 0.03954545454545454
1 0.3276470588235294 0.8531818181818182 0.058823529411764705 0.038181818181818185
1 0.7847058823529411 0.6806818181818182 0.10705882352941176 0.035
1 0.09352941176470589 0.7181818181818181 0.07764705882352942 0.034545454545454546
1 0.34441176470588236 0.031818181818181815 0.07352941176470588 0.03
1 0.4723529411764706 0.5320454545454546 0.02823529411764706 0.030454545454545453
1 0.5120588235294118 0.5688636363636363 0.03235294117647059 0.03590909090909091
1 0.4597058823529412 0.6184090909090909 0.026470588235294117 0.026818181818181817
1 0.6444117647058824 0.7820454545454546 0.025294117647058825 0.02409090909090909