1 0.4026470588235294 0.7240909090909091 0.21 0.04
1 0.6508823529411765 0.7229545454545454 0.24529411764705883 0.03954545454545454
1 0.4373529411764706 0.41045454545454546 0.2688235294117647 0.045454545454545456
1 0.5026470588235294 0.4606818181818182 0.026470588235294117 0.03590909090909091
1 0.4208823529411765 0.6154545454545455 0.24529411764705883 0.03727272727272727
1 0.11205882352941177 0.68 0.08176470588235295 0.038181818181818185
1 0.8570588235294118 0.5727272727272728 0.03764705882352941 0.035454545454545454
1 0.7429411764705882 0.6190909090909091 0.02588235294117647 0.034545454545454546
1 0.09235294117647058 0.3668181818181818 0.06823529411764706 0.03363636363636364
1 0.09441176470588235 0.4506818181818182 0.06529411764705882 0.03772727272727273
1 0.5326470588235294 0.7743181818181818 0.20058823529411765 0.03590909090909091
1 0.6388235294117647 0.615 0.16588235294117648 0.034545454545454546
1 0.115 0.765 0.09823529411764706 0.04181818181818182
1 0.8023529411764706 0.6179545454545454 0.0811764705882353 0.03318181818181818
1 0.3564705882352941 0.7725 0.13411764705882354 0.03590909090909091
1 0.115 0.7265909090909091 0.08176470588235295 0.041363636363636366
1 0.5905882352941176 0.4561363636363636 0.12352941176470589 0.03409090909090909
1 0.4738235294117647 0.5675 0.35823529411764704 0.03772727272727273
1 0.10441176470588236 0.5254545454545455 0.0888235294117647 0.03636363636363636
1 0.7476470588235294 0.5711363636363637 0.18352941176470589 0.04045454545454545
1 0.2902941176470588 0.03636363636363636 0.04647058823529412 0.026363636363636363
1 0.7311764705882353 0.4097727272727273 0.2011764705882353 0.04045454545454545
1 0.09147058823529412 0.4068181818181818 0.0688235294117647 0.03727272727272727
1 0.10941176470588235 0.5604545454545454 0.09058823529411765 0.03727272727272727
1 0.5447058823529412 0.038181818181818185 0.042352941176470586 0.025454545454545455
1 0.6082352941176471 0.40704545454545454 0.036470588235294116 0.04045454545454545
1 0.8017647058823529 0.7254545454545455 0.04 0.03636363636363636
1 0.7652941176470588 0.775 0.18 0.042727272727272725
1 0.92 0.5697727272727273 0.07882352941176471 0.03954545454545454
1 0.3905882352941176 0.4515909090909091 0.17294117647058824 0.03772727272727273
1 0.10647058823529412 0.6079545454545454 0.09411764705882353 0.03772727272727273
1 0.6520588235294118 0.7847727272727273 0.026470588235294117 0.03681818181818182
1 0.9035294117647059 0.7270454545454546 0.1623529411764706 0.04681818181818182