1 0.3835294117647059 0.6861363636363637 0.1811764705882353 0.03681818181818182
1 0.5417647058823529 0.6843181818181818 0.13058823529411764 0.038636363636363635
1 0.7702941176470588 0.8595454545454545 0.0688235294117647 0.03909090909090909
1 0.8397058823529412 0.9247727272727273 0.05352941176470588 0.045
1 0.5438235294117647 0.6136363636363636 0.13588235294117648 0.035454545454545454
1 0.4211764705882353 0.9279545454545455 0.05764705882352941 0.03954545454545454
1 0.42764705882352944 0.5695454545454546 0.23647058823529413 0.04
1 0.38823529411764707 0.6093181818181819 0.1635294117647059 0.035
1 0.6070588235294118 0.7745454545454545 0.07647058823529412 0.03272727272727273
1 0.4373529411764706 0.4127272727272727 0.26176470588235295 0.03090909090909091
1 0.0888235294117647 0.6847727272727273 0.06823529411764706 0.035
1 0.0976470588235294 0.4525 0.08 0.03590909090909091
1 0.09441176470588235 0.36772727272727274 0.07588235294117647 0.035454545454545454
1 0.4935294117647059 0.7715909090909091 0.08823529411764706 0.03409090909090909
1 0.5726470588235294 0.7254545454545455 0.10529411764705883 0.035454545454545454
1 0.15705882352941178 0.9272727272727272 0.052941176470588235 0.04
1 0.3376470588235294 0.928409090909091 0.06705882352941177 0.038636363636363635
1 0.1585294117647059 0.865 0.05588235294117647 0.03909090909090909
1 0.7194117647058823 0.7286363636363636 0.13176470588235295 0.035454545454545454
1 0.2488235294117647 0.8604545454545455 0.05764705882352941 0.04
1 0.2461764705882353 0.9279545454545455 0.06294117647058824 0.04045454545454545
1 0.3720588235294118 0.7722727272727272 0.13 0.034545454545454546
1 0.758235294117647 0.9277272727272727 0.05176470588235294 0.04181818181818182
1 0.32941176470588235 0.0375 0.06235294117647059 0.026818181818181817
1 0.5861764705882353 0.36886363636363634 0.1323529411764706 0.03681818181818182
1 0.4211764705882353 0.86 0.05529411764705883 0.04181818181818182
1 0.5923529411764706 0.9263636363636364 0.0611764705882353 0.03909090909090909
1 0.39205882352941174 0.5302272727272728 0.16411764705882353 0.04045454545454545
1 0.5682352941176471 0.5254545454545455 0.15176470588235294 0.03636363636363636
1 0.586764705882353 0.8590909090909091 0.05588235294117647 0.04454545454545455
1 0.09264705882352942 0.5297727272727273 0.06647058823529411 0.03681818181818182
1 0.5617647058823529 0.04090909090909091 0.1223529411764706 0.02909090909090909
1 0.6785294117647059 0.4106818181818182 0.18058823529411766 0.03954545454545454
1 0.5041176470588236 0.9265909090909091 0.058823529411764705 0.04318181818181818
1 0.8464705882352941 0.8572727272727273 0.05176470588235294 0.04090909090909091
1 0.6758823529411765 0.8579545454545454 0.06 0.04045454545454545
1 0.38823529411764707 0.45340909090909093 0.1588235294117647 0.03772727272727273
1 0.08735294117647059 0.7709090909090909 0.07352941176470588 0.034545454545454546
1 0.5485294117647059 0.4540909090909091 0.14411764705882352 0.03636363636363636
1 0.5 0.8588636363636364 0.052941176470588235 0.04045454545454545
1 0.4 0.3693181818181818 0.19647058823529412 0.038636363636363635
1 0.095 0.605909090909091 0.0711764705882353 0.035454545454545454
1 0.6767647058823529 0.9259090909090909 0.05823529411764706 0.04363636363636364
1 0.3326470588235294 0.8602272727272727 0.057058823529411766 0.038636363636363635
1 0.726764705882353 0.6863636363636364 0.11235294117647059 0.03727272727272727
1 0.08352941176470588 0.7290909090909091 0.06705882352941177 0.035454545454545454
1 0.09647058823529411 0.4138636363636364 0.08235294117647059 0.03954545454545454
1 0.09264705882352942 0.5718181818181818 0.0711764705882353 0.035454545454545454
1 0.6867647058823529 0.5711363636363637 0.26529411764705885 0.03954545454545454
1 0.6414705882352941 0.6881818181818182 0.04647058823529412 0.035454545454545454
1 0.40205882352941175 0.7268181818181818 0.2076470588235294 0.03727272727272727
1 0.6411764705882353 0.7268181818181818 0.027058823529411764 0.035454545454545454
1 0.5620588235294117 0.7840909090909091 0.025294117647058825 0.03909090909090909
1 0.2761764705882353 0.03409090909090909 0.04411764705882353 0.03636363636363636