1 0.3729411764705882 0.7265909090909091 0.14470588235294118 0.03681818181818182
1 0.76 0.8584090909090909 0.058823529411764705 0.03772727272727273
1 0.8464705882352941 0.9263636363636364 0.06588235294117648 0.038181818181818185
1 0.41323529411764703 0.9270454545454545 0.06529411764705882 0.03772727272727273
1 0.8429411764705882 0.8579545454545454 0.0611764705882353 0.03954545454545454
1 0.6305882352941177 0.7784090909090909 0.07647058823529412 0.029545454545454545
1 0.653235294117647 0.7322727272727273 0.027647058823529413 0.03272727272727273
1 0.08970588235294118 0.6836363636363636 0.0711764705882353 0.035454545454545454
1 0.4879411764705882 0.7763636363636364 0.13352941176470587 0.034545454545454546
1 0.1538235294117647 0.9261363636363636 0.061764705882352944 0.041363636363636366
1 0.3288235294117647 0.9275 0.052941176470588235 0.03681818181818182
1 0.16 0.8575 0.0611764705882353 0.03954545454545454
1 0.7220588235294118 0.7304545454545455 0.09941176470588235 0.035454545454545454
1 0.24441176470588236 0.8586363636363636 0.051176470588235295 0.03909090909090909
1 0.24058823529411766 0.9254545454545454 0.058823529411764705 0.03727272727272727
1 0.3458823529411765 0.774090909090909 0.09058823529411765 0.03363636363636364
1 0.7585294117647059 0.9259090909090909 0.06411764705882353 0.038181818181818185
1 0.4152941176470588 0.8584090909090909 0.05764705882352941 0.03954545454545454
1 0.5870588235294117 0.9254545454545454 0.0611764705882353 0.04
1 0.59 0.8563636363636363 0.05647058823529412 0.04090909090909091
1 0.5038235294117647 0.9261363636363636 0.06647058823529411 0.03954545454545454
1 0.6723529411764706 0.8572727272727273 0.05764705882352941 0.038181818181818185
1 0.09676470588235295 0.7695454545454545 0.08529411764705883 0.03636363636363636
1 0.09441176470588235 0.7270454545454546 0.07823529411764706 0.03681818181818182
1 0.5029411764705882 0.8579545454545454 0.05411764705882353 0.038636363636363635
1 0.5420588235294118 0.7286363636363636 0.1723529411764706 0.04
1 0.6708823529411765 0.9252272727272727 0.05941176470588235 0.03954545454545454
1 0.3291176470588235 0.8575 0.057058823529411766 0.038636363636363635
1 0.43441176470588233 0.4127272727272727 0.2605882352941176 0.031818181818181815
1 0.5194117647058824 0.4561363636363636 0.11764705882352941 0.042272727272727274
1 0.3764705882352941 0.5697727272727273 0.16117647058823528 0.03954545454545454
1 0.3070588235294118 0.035227272727272725 0.036470588235294116 0.020454545454545454
1 0.5444117647058824 0.04022727272727273 0.08529411764705883 0.02590909090909091
1 0.0961764705882353 0.3654545454545455 0.10176470588235294 0.04090909090909091
1 0.10235294117647059 0.40863636363636363 0.11411764705882353 0.045454545454545456
1 0.09676470588235295 0.4486363636363636 0.10294117647058823 0.04363636363636364
1 0.3764705882352941 0.4602272727272727 0.16588235294117648 0.03772727272727273
1 0.6538235294117647 0.41409090909090907 0.18058823529411766 0.04454545454545455
1 0.7711764705882352 0.4077272727272727 0.041176470588235294 0.04181818181818182
1 0.8455882352941176 0.4106818181818182 0.10529411764705883 0.04772727272727273
1 0.5973529411764706 0.4643181818181818 0.04058823529411765 0.03681818181818182
1 0.6511764705882352 0.4615909090909091 0.07058823529411765 0.031363636363636364
1 0.09029411764705883 0.5243181818181818 0.08529411764705883 0.03590909090909091
1 0.0838235294117647 0.5686363636363636 0.08529411764705883 0.04
1 0.08764705882352941 0.6090909090909091 0.09294117647058824 0.042727272727272725
1 0.3438235294117647 0.6181818181818182 0.11 0.04363636363636364
1 0.5747058823529412 0.7825 0.03058823529411765 0.038636363636363635
1 0.5464705882352942 0.571590909090909 0.17176470588235293 0.03954545454545454
1 0.6626470588235294 0.5720454545454545 0.045294117647058825 0.04681818181818182
1 0.7302941176470589 0.57 0.08764705882352941 0.042727272727272725
1 0.47941176470588237 0.6172727272727273 0.13529411764705881 0.04
1 0.5626470588235294 0.6215909090909091 0.031176470588235295 0.04045454545454545
1 0.6111764705882353 0.6234090909090909 0.06235294117647059 0.03681818181818182