1 0.3779411764705882 0.7277272727272728 0.16294117647058823 0.04
1 0.51 0.6906818181818182 0.18588235294117647 0.028636363636363637
1 0.7655882352941177 0.8606818181818182 0.08176470588235295 0.042272727272727274
1 0.85 0.9275 0.07529411764705882 0.041363636363636366
1 0.8488235294117648 0.4159090909090909 0.03176470588235294 0.03909090909090909
1 0.4188235294117647 0.9265909090909091 0.07294117647058823 0.041363636363636366
1 0.5529411764705883 0.5340909090909091 0.10823529411764705 0.035454545454545454
1 0.8502941176470589 0.8606818181818182 0.07352941176470588 0.041363636363636366
1 0.3726470588235294 0.6190909090909091 0.15235294117647058 0.034545454545454546
1 0.6097058823529412 0.7729545454545454 0.08764705882352941 0.030454545454545453
1 0.3941176470588235 0.45954545454545453 0.18705882352941178 0.03636363636363636
1 0.7697058823529411 0.37681818181818183 0.07470588235294118 0.03272727272727273
1 0.46794117647058825 0.4106818181818182 0.33588235294117647 0.04045454545454545
1 0.10058823529411764 0.68 0.07764705882352942 0.03727272727272727
1 0.35352941176470587 0.6870454545454545 0.11176470588235295 0.031363636363636364
1 0.10294117647058823 0.4475 0.09058823529411765 0.03681818181818182
1 0.4626470588235294 0.7768181818181819 0.13 0.034545454545454546
1 0.32529411764705884 0.9265909090909091 0.06352941176470588 0.04045454545454545
1 0.1538235294117647 0.8577272727272728 0.06529411764705882 0.042727272727272725
1 0.6908823529411765 0.7268181818181818 0.03470588235294118 0.034545454545454546
1 0.10941176470588235 0.5213636363636364 0.09647058823529411 0.03727272727272727
1 0.24382352941176472 0.8581818181818182 0.0711764705882353 0.04363636363636364
1 0.24735294117647058 0.9279545454545455 0.07823529411764706 0.03772727272727273
1 0.3452941176470588 0.7809090909090909 0.09529411764705882 0.03363636363636364
1 0.7623529411764706 0.9270454545454545 0.06705882352941177 0.03954545454545454
1 0.10588235294117647 0.36568181818181816 0.09529411764705882 0.035
1 0.7355882352941177 0.4147727272727273 0.18529411764705883 0.03681818181818182
1 0.6185294117647059 0.3725 0.14294117647058824 0.03772727272727273
1 0.4211764705882353 0.8588636363636364 0.07058823529411765 0.041363636363636366
1 0.591764705882353 0.860909090909091 0.06588235294117648 0.03727272727272727
1 0.39794117647058824 0.5297727272727273 0.1888235294117647 0.038636363636363635
1 0.49323529411764705 0.6215909090909091 0.09 0.03318181818181818
1 0.5479411764705883 0.7784090909090909 0.03 0.03409090909090909
1 0.10205882352941177 0.4040909090909091 0.09470588235294118 0.03636363636363636
1 0.6373529411764706 0.5727272727272728 0.14294117647058824 0.038181818181818185
1 0.5576470588235294 0.04068181818181818 0.08352941176470588 0.02590909090909091
1 0.6261764705882353 0.4627272727272727 0.028823529411764706 0.034545454545454546
1 0.7873529411764706 0.7270454545454546 0.14882352941176472 0.03772727272727273
1 0.5047058823529412 0.9265909090909091 0.07529411764705882 0.041363636363636366
1 0.6761764705882353 0.8593181818181819 0.06764705882352941 0.04318181818181818
1 0.105 0.7659090909090909 0.08647058823529412 0.03727272727272727
1 0.10323529411764706 0.7263636363636363 0.08058823529411764 0.03909090909090909
1 0.7132352941176471 0.3770454545454546 0.03235294117647059 0.035
1 0.5488235294117647 0.4618181818181818 0.10705882352941176 0.034545454545454546
1 0.5064705882352941 0.8593181818181819 0.07529411764705882 0.041363636363636366
1 0.903235294117647 0.4156818181818182 0.06764705882352941 0.041363636363636366
1 0.4208823529411765 0.37068181818181817 0.23352941176470587 0.03227272727272727
1 0.5723529411764706 0.7322727272727273 0.1976470588235294 0.034545454545454546
1 0.11558823529411764 0.615909090909091 0.09470588235294118 0.03727272727272727
1 0.6735294117647059 0.9275 0.07176470588235294 0.03954545454545454
1 0.33558823529411763 0.8581818181818182 0.0688235294117647 0.04181818181818182
1 0.7073529411764706 0.6895454545454546 0.11470588235294117 0.035454545454545454
1 0.3173529411764706 0.034545454545454546 0.04411764705882353 0.024545454545454544
1 0.6785294117647059 0.4647727272727273 0.061764705882352944 0.028636363636363637
1 0.42705882352941177 0.5702272727272727 0.26 0.04045454545454545
1 0.11323529411764706 0.5688636363636363 0.09705882352941177 0.03681818181818182
1 0.6297058823529412 0.6995454545454546 0.031176470588235295 0.035454545454545454
1 0.16 0.9254545454545454 0.07176470588235294 0.03636363636363636
1 0.5941176470588235 0.9293181818181818 0.07764705882352942 0.03318181818181818