1 0.37970588235294117 0.685 0.15823529411764706 0.038181818181818185
1 0.5255882352941177 0.6872727272727273 0.11941176470588236 0.03363636363636364
1 0.35705882352941176 0.5272727272727272 0.1188235294117647 0.03636363636363636
1 0.7576470588235295 0.865 0.05529411764705883 0.03727272727272727
1 0.8411764705882353 0.9286363636363636 0.05411764705882353 0.03727272727272727
1 0.4126470588235294 0.9270454545454545 0.05235294117647059 0.03772727272727273
1 0.49558823529411766 0.5329545454545455 0.06647058823529411 0.03318181818181818
1 0.34647058823529414 0.6154545454545455 0.09176470588235294 0.028181818181818183
1 0.4373529411764706 0.5727272727272728 0.039411764705882354 0.03272727272727273
1 0.6529411764705882 0.6865909090909091 0.04823529411764706 0.03227272727272727
1 0.3952941176470588 0.7288636363636364 0.19411764705882353 0.03772727272727273
1 0.3826470588235294 0.4122727272727273 0.16294117647058823 0.038181818181818185
1 0.10294117647058823 0.6802272727272727 0.07647058823529412 0.03409090909090909
1 0.11058823529411765 0.3693181818181818 0.08588235294117647 0.035
1 0.10764705882352942 0.4525 0.08352941176470588 0.03590909090909091
1 0.5002941176470588 0.8588636363636364 0.057058823529411766 0.04045454545454545
1 0.5673529411764706 0.7325 0.13 0.03318181818181818
1 0.15 0.9277272727272727 0.04941176470588235 0.04090909090909091
1 0.3264705882352941 0.9272727272727272 0.05176470588235294 0.038181818181818185
1 0.15441176470588236 0.8556818181818182 0.05235294117647059 0.04045454545454545
1 0.5329411764705883 0.4125 0.1223529411764706 0.03409090909090909
1 0.10941176470588235 0.5286363636363637 0.06352941176470588 0.03272727272727273
1 0.6494117647058824 0.7327272727272728 0.036470588235294116 0.031818181818181815
1 0.24382352941176472 0.8581818181818182 0.054705882352941174 0.03909090909090909
1 0.6032352941176471 0.6922727272727273 0.027647058823529413 0.031818181818181815
1 0.2411764705882353 0.9270454545454545 0.047058823529411764 0.038636363636363635
1 0.36470588235294116 0.774090909090909 0.13294117647058823 0.026363636363636363
1 0.7576470588235295 0.928409090909091 0.058823529411764705 0.03681818181818182
1 0.6764705882352942 0.4138636363636364 0.08470588235294117 0.03318181818181818
1 0.41352941176470587 0.8604545454545455 0.05058823529411765 0.038181818181818185
1 0.5826470588235294 0.9265909090909091 0.051176470588235295 0.03772727272727273
1 0.3611764705882353 0.5697727272727273 0.11764705882352941 0.03681818181818182
1 0.4938235294117647 0.5711363636363637 0.07705882352941176 0.03227272727272727
1 0.4511764705882353 0.4606818181818182 0.07764705882352942 0.03318181818181818
1 0.5832352941176471 0.8575 0.05 0.04045454545454545
1 0.11029411764705882 0.41045454545454546 0.08764705882352941 0.03636363636363636
1 0.10970588235294118 0.5718181818181818 0.061764705882352944 0.03363636363636364
1 0.5626470588235294 0.45954545454545453 0.05823529411764706 0.02909090909090909
1 0.5467647058823529 0.03909090909090909 0.07588235294117647 0.02090909090909091
1 0.6002941176470589 0.37613636363636366 0.03 0.03318181818181818
1 0.5017647058823529 0.9286363636363636 0.05411764705882353 0.038181818181818185
1 0.8529411764705882 0.860909090909091 0.06588235294117648 0.038181818181818185
1 0.6744117647058824 0.8629545454545454 0.05823529411764706 0.038636363636363635
1 0.525 0.3759090909090909 0.10058823529411764 0.03
1 0.3523529411764706 0.4565909090909091 0.10235294117647059 0.03590909090909091
1 0.09852941176470588 0.7670454545454546 0.07 0.03409090909090909
1 0.09911764705882353 0.7245454545454545 0.07352941176470588 0.034545454545454546
1 0.6585294117647059 0.3709090909090909 0.07705882352941176 0.03272727272727273
1 0.5141176470588236 0.46136363636363636 0.03411764705882353 0.022727272727272728
1 0.6176470588235294 0.41454545454545455 0.02823529411764706 0.035454545454545454
1 0.39029411764705885 0.36954545454545457 0.1652941176470588 0.03636363636363636
1 0.10617647058823529 0.6120454545454546 0.0711764705882353 0.03590909090909091
1 0.6714705882352942 0.93 0.05588235294117647 0.03727272727272727
1 0.33294117647058824 0.8568181818181818 0.05647058823529412 0.04
1 0.3123529411764706 0.0375 0.03764705882352941 0.022272727272727274
1 0.43823529411764706 0.5359090909090909 0.03882352941176471 0.025454545454545455
1 0.40441176470588236 0.6179545454545454 0.022941176470588236 0.02590909090909091
1 0.44088235294117645 0.6168181818181818 0.0488235294117647 0.028181818181818183
1 0.6876470588235294 0.7329545454545454 0.05411764705882353 0.030454545454545453
1 0.47823529411764704 0.7747727272727273 0.09411764705882353 0.02772727272727273
1 0.5394117647058824 0.7770454545454546 0.024705882352941175 0.02590909090909091
1 0.5758823529411765 0.775 0.04941176470588235 0.022727272727272728