1 0.35411764705882354 0.6806818181818182 0.11764705882352941 0.03772727272727273
1 0.7579411764705882 0.855909090909091 0.06411764705882353 0.04181818181818182
1 0.8361764705882353 0.9238636363636363 0.07 0.042272727272727274
1 0.5394117647058824 0.5711363636363637 0.11411764705882353 0.03409090909090909
1 0.8473529411764706 0.855909090909091 0.07470588235294118 0.04090909090909091
1 0.35823529411764704 0.6163636363636363 0.13294117647058823 0.03636363636363636
1 0.6179411764705882 0.7704545454545455 0.07941176470588235 0.03272727272727273
1 0.5085294117647059 0.6822727272727273 0.1688235294117647 0.03636363636363636
1 0.6355882352941177 0.6834090909090909 0.03705882352941176 0.035
1 0.7744117647058824 0.5309090909090909 0.03588235294117647 0.035454545454545454
1 0.37529411764705883 0.4115909090909091 0.15176470588235294 0.03681818181818182
1 0.09823529411764706 0.4484090909090909 0.08 0.03590909090909091
1 0.3588235294117647 0.7304545454545455 0.12588235294117647 0.035454545454545454
1 0.09558823529411764 0.3618181818181818 0.08529411764705883 0.035454545454545454
1 0.47441176470588237 0.769090909090909 0.11823529411764706 0.035454545454545454
1 0.14735294117647058 0.9209090909090909 0.05823529411764706 0.03909090909090909
1 0.4061764705882353 0.923409090909091 0.06411764705882353 0.042272727272727274
1 0.14176470588235293 0.8543181818181819 0.04941176470588235 0.03954545454545454
1 0.6726470588235294 0.7268181818181818 0.09588235294117647 0.03363636363636364
1 0.43558823529411766 0.5206818181818181 0.2723529411764706 0.03772727272727273
1 0.09441176470588235 0.5247727272727273 0.08411764705882353 0.03681818181818182
1 0.6173529411764705 0.6131818181818182 0.08058823529411764 0.03090909090909091
1 0.22852941176470587 0.9206818181818182 0.05235294117647059 0.03954545454545454
1 0.3476470588235294 0.7681818181818182 0.10352941176470588 0.035454545454545454
1 0.7564705882352941 0.9240909090909091 0.06705882352941177 0.04
1 0.2908823529411765 0.029545454545454545 0.04764705882352941 0.026363636363636363
1 0.6679411764705883 0.4131818181818182 0.0711764705882353 0.03363636363636364
1 0.643235294117647 0.3684090909090909 0.17823529411764705 0.03772727272727273
1 0.5288235294117647 0.41113636363636363 0.11294117647058824 0.035
1 0.4061764705882353 0.8554545454545455 0.06294117647058824 0.04
1 0.5876470588235294 0.8638636363636364 0.06705882352941177 0.03954545454545454
1 0.08941176470588236 0.5659090909090909 0.08 0.035454545454545454
1 0.6188235294117647 0.5690909090909091 0.02823529411764706 0.03090909090909091
1 0.4885294117647059 0.610909090909091 0.10647058823529412 0.03363636363636364
1 0.47911764705882354 0.4515909090909091 0.10411764705882352 0.035
1 0.5561764705882353 0.7727272727272727 0.028823529411764706 0.03272727272727273
1 0.09705882352941177 0.4034090909090909 0.08470588235294117 0.035
1 0.09176470588235294 0.6756818181818182 0.07529411764705882 0.03681818181818182
1 0.6070588235294118 0.45204545454545453 0.06235294117647059 0.03227272727272727
1 0.61 0.41659090909090907 0.03411764705882353 0.03318181818181818
1 0.5029411764705882 0.9225 0.08 0.03954545454545454
1 0.6776470588235294 0.8561363636363636 0.06823529411764706 0.04045454545454545
1 0.8585294117647059 0.5277272727272727 0.09705882352941177 0.034545454545454546
1 0.3602941176470588 0.4486363636363636 0.12411764705882353 0.038181818181818185
1 0.10352941176470588 0.7656818181818181 0.08352941176470588 0.03681818181818182
1 0.105 0.7238636363636364 0.08411764705882353 0.03681818181818182
1 0.7605882352941177 0.3729545454545454 0.041176470588235294 0.035
1 0.5535294117647059 0.4515909090909091 0.029411764705882353 0.035
1 0.596764705882353 0.7261363636363637 0.031176470588235295 0.03227272727272727
1 0.5032352941176471 0.8577272727272728 0.06411764705882353 0.04090909090909091
1 0.66 0.5236363636363637 0.15529411764705883 0.03727272727272727
1 0.85 0.3729545454545454 0.12470588235294118 0.038636363636363635
1 0.4194117647058824 0.3643181818181818 0.24352941176470588 0.038636363636363635
1 0.5102941176470588 0.7238636363636364 0.14647058823529413 0.035
1 0.08705882352941176 0.6068181818181818 0.08352941176470588 0.03636363636363636
1 0.6788235294117647 0.9225 0.07294117647058823 0.045
1 0.3205882352941177 0.8563636363636363 0.06352941176470588 0.04090909090909091
1 0.6794117647058824 0.5713636363636364 0.08 0.03363636363636364
1 0.7305882352941176 0.6827272727272727 0.1223529411764706 0.03636363636363636
1 0.5585294117647058 0.03318181818181818 0.10058823529411764 0.02909090909090909
1 0.23147058823529412 0.8595454545454545 0.05941176470588235 0.04363636363636364
1 0.315 0.925 0.05823529411764706 0.042727272727272725
1 0.5847058823529412 0.9225 0.07764705882352942 0.03590909090909091
1 0.37411764705882355 0.5725 0.17294117647058824 0.03590909090909091
1 0.5552941176470588 0.6211363636363636 0.021176470588235293 0.02590909090909091