1 0.43676470588235294 0.725909090909091 0.2605882352941176 0.045454545454545456
1 0.7579411764705882 0.8656818181818182 0.06411764705882353 0.05136363636363636
1 0.8420588235294117 0.9325 0.05941176470588235 0.045909090909090906
1 0.586764705882353 0.6140909090909091 0.15823529411764706 0.035454545454545454
1 0.4167647058823529 0.9277272727272727 0.06294117647058824 0.03909090909090909
1 0.8464705882352941 0.8661363636363636 0.06588235294117648 0.04863636363636364
1 0.395 0.6852272727272727 0.17588235294117646 0.038636363636363635
1 0.40647058823529414 0.6131818181818182 0.20352941176470588 0.03727272727272727
1 0.6544117647058824 0.4106818181818182 0.22647058823529412 0.03772727272727273
1 0.42411764705882354 0.4109090909090909 0.23529411764705882 0.03909090909090909
1 0.0976470588235294 0.3693181818181818 0.09647058823529411 0.038636363636363635
1 0.09382352941176471 0.4509090909090909 0.09352941176470589 0.038181818181818185
1 0.5514705882352942 0.7697727272727273 0.1652941176470588 0.03590909090909091
1 0.15411764705882353 0.9243181818181818 0.06705882352941177 0.042272727272727274
1 0.32676470588235296 0.9302272727272727 0.06294117647058824 0.04045454545454545
1 0.1561764705882353 0.8586363636363636 0.061764705882352944 0.04090909090909091
1 0.4052941176470588 0.45795454545454545 0.21764705882352942 0.045
1 0.40088235294117647 0.5245454545454545 0.1888235294117647 0.04090909090909091
1 0.11205882352941177 0.5245454545454545 0.10058823529411764 0.03727272727272727
1 0.24705882352941178 0.8597727272727272 0.06352941176470588 0.04045454545454545
1 0.24058823529411766 0.93 0.06 0.04090909090909091
1 0.38382352941176473 0.7709090909090909 0.1711764705882353 0.03636363636363636
1 0.7623529411764706 0.9297727272727273 0.07176470588235294 0.03954545454545454
1 0.6738235294117647 0.3715909090909091 0.04294117647058823 0.03409090909090909
1 0.4173529411764706 0.8593181818181819 0.060588235294117644 0.041363636363636366
1 0.5897058823529412 0.9304545454545454 0.0688235294117647 0.03909090909090909
1 0.10882352941176471 0.5663636363636364 0.09647058823529411 0.035454545454545454
1 0.5788235294117647 0.5270454545454546 0.16470588235294117 0.038636363636363635
1 0.5944117647058823 0.8681818181818182 0.07 0.06
1 0.10529411764705883 0.4084090909090909 0.10235294117647059 0.03954545454545454
1 0.115 0.6818181818181818 0.08764705882352941 0.03727272727272727
1 0.5447058823529412 0.03363636363636364 0.04823529411764706 0.023636363636363636
1 0.7691176470588236 0.4572727272727273 0.11823529411764706 0.035454545454545454
1 0.5044117647058823 0.9306818181818182 0.06764705882352941 0.045
1 0.6726470588235294 0.8604545454545455 0.05941176470588235 0.04454545454545455
1 0.5644117647058824 0.37318181818181817 0.16294117647058823 0.038181818181818185
1 0.11147058823529411 0.7652272727272728 0.09588235294117647 0.03681818181818182
1 0.7620588235294118 0.3740909090909091 0.13941176470588235 0.03636363636363636
1 0.5944117647058823 0.6856818181818182 0.19470588235294117 0.03590909090909091
1 0.4988235294117647 0.8593181818181819 0.05764705882352941 0.041363636363636366
1 0.6970588235294117 0.46454545454545454 0.02823529411764706 0.03727272727272727
1 0.8738235294117647 0.4102272727272727 0.11470588235294117 0.038636363636363635
1 0.11382352941176471 0.6065909090909091 0.10411764705882352 0.038636363636363635
1 0.673235294117647 0.9288636363636363 0.05941176470588235 0.041363636363636366
1 0.33088235294117646 0.8615909090909091 0.06411764705882353 0.03954545454545454
1 0.7985294117647059 0.5713636363636364 0.2676470588235294 0.04181818181818182
1 0.11147058823529411 0.725 0.09823529411764706 0.03727272727272727
1 0.3270588235294118 0.03704545454545455 0.047058823529411764 0.026818181818181817
1 0.3876470588235294 0.36522727272727273 0.18470588235294116 0.04318181818181818
1 0.4814705882352941 0.5711363636363637 0.3558823529411765 0.045
1 0.5947058823529412 0.45954545454545453 0.16117647058823528 0.038181818181818185
1 0.7941176470588235 0.4134090909090909 0.042352941176470586 0.045