1 0.4202941176470588 0.37318181818181817 0.21352941176470588 0.038181818181818185
1 0.7623529411764706 0.8575 0.058823529411764705 0.03954545454545454
1 0.8526470588235294 0.9275 0.07 0.038636363636363635
1 0.41823529411764704 0.9275 0.05647058823529412 0.03681818181818182
1 0.6079411764705882 0.5263636363636364 0.17470588235294118 0.03636363636363636
1 0.8544117647058823 0.8581818181818182 0.06764705882352941 0.03909090909090909
1 0.39941176470588236 0.6165909090909091 0.18705882352941178 0.03227272727272727
1 0.44441176470588234 0.41659090909090907 0.2782352941176471 0.042272727272727274
1 0.41558823529411765 0.7277272727272728 0.20529411764705882 0.03727272727272727
1 0.7961764705882353 0.5259090909090909 0.09941176470588235 0.034545454545454546
1 0.10852941176470589 0.6872727272727273 0.09235294117647058 0.03636363636363636
1 0.10705882352941176 0.4593181818181818 0.09529411764705882 0.03590909090909091
1 0.42705882352941177 0.6868181818181818 0.22470588235294117 0.03363636363636364
1 0.1038235294117647 0.3709090909090909 0.08529411764705883 0.03636363636363636
1 0.6058823529411764 0.7270454545454546 0.1564705882352941 0.03590909090909091
1 0.1635294117647059 0.9288636363636363 0.06352941176470588 0.03772727272727273
1 0.7891176470588235 0.5670454545454545 0.10294117647058823 0.03409090909090909
1 0.3373529411764706 0.9286363636363636 0.0688235294117647 0.03727272727272727
1 0.16588235294117648 0.865909090909091 0.06941176470588235 0.034545454545454546
1 0.7088235294117647 0.7277272727272728 0.03529411764705882 0.03272727272727273
1 0.1011764705882353 0.53 0.09647058823529411 0.03636363636363636
1 0.25029411764705883 0.8634090909090909 0.061764705882352944 0.03590909090909091
1 0.6544117647058824 0.6143181818181818 0.03 0.038636363636363635
1 0.24588235294117647 0.9295454545454546 0.06 0.03636363636363636
1 0.7691176470588236 0.9263636363636364 0.06647058823529411 0.03727272727272727
1 0.29676470588235293 0.04068181818181818 0.03470588235294118 0.02409090909090909
1 0.6805882352941176 0.4163636363636364 0.18588235294117647 0.03909090909090909
1 0.42205882352941176 0.8631818181818182 0.057058823529411766 0.03636363636363636
1 0.5938235294117648 0.9277272727272727 0.061764705882352944 0.03727272727272727
1 0.40852941176470586 0.5336363636363637 0.20647058823529413 0.03727272727272727
1 0.59 0.8606818181818182 0.05647058823529412 0.03954545454545454
1 0.6397058823529411 0.45886363636363636 0.03823529411764706 0.031363636363636364
1 0.5691176470588235 0.03977272727272727 0.12294117647058823 0.022272727272727274
1 0.7911764705882353 0.41545454545454547 0.036470588235294116 0.03636363636363636
1 0.5076470588235295 0.9277272727272727 0.06352941176470588 0.038181818181818185
1 0.6776470588235294 0.8604545454545455 0.06 0.038181818181818185
1 0.6358823529411765 0.37386363636363634 0.18941176470588236 0.03772727272727273
1 0.8091176470588235 0.3684090909090909 0.08764705882352941 0.03409090909090909
1 0.8302941176470588 0.7261363636363637 0.20411764705882354 0.038636363636363635
1 0.39205882352941174 0.4511363636363636 0.17470588235294118 0.03772727272727273
1 0.11058823529411765 0.7759090909090909 0.09529411764705882 0.035454545454545454
1 0.11 0.73 0.0988235294117647 0.03727272727272727
1 0.5570588235294117 0.45454545454545453 0.13176470588235295 0.034545454545454546
1 0.616764705882353 0.6838636363636363 0.11941176470588236 0.03590909090909091
1 0.5064705882352941 0.8606818181818182 0.0611764705882353 0.038636363636363635
1 0.7188235294117648 0.5297727272727273 0.03529411764705882 0.03590909090909091
1 0.8585294117647059 0.4138636363636364 0.09235294117647058 0.03681818181818182
1 0.5747058823529412 0.6161363636363636 0.14823529411764705 0.035
1 0.10823529411764705 0.6193181818181818 0.10705882352941176 0.045909090909090906
1 0.6820588235294117 0.9277272727272727 0.06647058823529411 0.038181818181818185
1 0.3347058823529412 0.8611363636363636 0.06352941176470588 0.03681818181818182
1 0.7079411764705882 0.6138636363636364 0.08176470588235295 0.03318181818181818
1 0.7788235294117647 0.6843181818181818 0.11764705882352941 0.03681818181818182
1 0.7523529411764706 0.3734090909090909 0.03882352941176471 0.038636363636363635
1 0.6770588235294117 0.4556818181818182 0.05176470588235294 0.03318181818181818
1 0.10970588235294118 0.4125 0.08647058823529412 0.03954545454545454
1 0.09558823529411764 0.5770454545454545 0.10294117647058823 0.03681818181818182
1 0.7208823529411764 0.5690909090909091 0.031176470588235295 0.02909090909090909
1 0.5964705882352941 0.5672727272727273 0.18705882352941178 0.02909090909090909
1 0.39794117647058824 0.5734090909090909 0.20058823529411765 0.03772727272727273
1 0.7032352941176471 0.6888636363636363 0.04411764705882353 0.03590909090909091