1 0.38176470588235295 0.6829545454545455 0.1635294117647059 0.038636363636363635
1 0.7558823529411764 0.8629545454545454 0.04588235294117647 0.04045454545454545
1 0.8497058823529412 0.9275 0.06294117647058824 0.038636363636363635
1 0.5479411764705883 0.6115909090909091 0.15705882352941178 0.03318181818181818
1 0.4108823529411765 0.9259090909090909 0.05352941176470588 0.03727272727272727
1 0.5408823529411765 0.525 0.14294117647058824 0.03909090909090909
1 0.8411764705882353 0.8595454545454545 0.042352941176470586 0.04
1 0.385 0.6111363636363636 0.1723529411764706 0.03590909090909091
1 0.39088235294117646 0.45295454545454544 0.17823529411764705 0.03590909090909091
1 0.445 0.7268181818181818 0.27705882352941175 0.04090909090909091
1 0.3876470588235294 0.36363636363636365 0.16 0.03636363636363636
1 0.42911764705882355 0.4093181818181818 0.2535294117647059 0.04409090909090909
1 0.10941176470588235 0.6822727272727273 0.09294117647058824 0.035454545454545454
1 0.6991176470588235 0.5713636363636364 0.19823529411764707 0.03909090909090909
1 0.09205882352941176 0.36113636363636364 0.08411764705882353 0.03772727272727273
1 0.08911764705882352 0.45 0.07352941176470588 0.034545454545454546
1 0.1514705882352941 0.9243181818181818 0.05 0.03772727272727273
1 0.32794117647058824 0.9256818181818182 0.05588235294117647 0.03772727272727273
1 0.15 0.8568181818181818 0.04823529411764706 0.04
1 0.6873529411764706 0.7277272727272728 0.20411764705882354 0.038181818181818185
1 0.09529411764705882 0.5236363636363637 0.0811764705882353 0.03363636363636364
1 0.6423529411764706 0.6145454545454545 0.03882352941176471 0.03727272727272727
1 0.24235294117647058 0.8572727272727273 0.04588235294117647 0.038181818181818185
1 0.2447058823529412 0.9243181818181818 0.05764705882352941 0.03681818181818182
1 0.4052941176470588 0.7688636363636364 0.20941176470588235 0.03590909090909091
1 0.7644117647058823 0.9254545454545454 0.05588235294117647 0.038181818181818185
1 0.6044117647058823 0.7668181818181818 0.1723529411764706 0.03636363636363636
1 0.6126470588235294 0.4102272727272727 0.11941176470588236 0.04045454545454545
1 0.4102941176470588 0.8568181818181818 0.04764705882352941 0.038181818181818185
1 0.5932352941176471 0.9297727272727273 0.06294117647058824 0.03954545454545454
1 0.4667647058823529 0.5697727272727273 0.2676470588235294 0.045909090909090906
1 0.5805882352941176 0.8584090909090909 0.042352941176470586 0.03954545454545454
1 0.09411764705882353 0.4047727272727273 0.08352941176470588 0.035
1 0.0961764705882353 0.5654545454545454 0.08764705882352941 0.035454545454545454
1 0.5088235294117647 0.3629545454545455 0.08235294117647059 0.035
1 0.6320588235294118 0.5304545454545454 0.03 0.034545454545454546
1 0.5029411764705882 0.925 0.0611764705882353 0.04
1 0.6711764705882353 0.8575 0.04823529411764706 0.03954545454545454
1 0.5397058823529411 0.6818181818181818 0.14529411764705882 0.04090909090909091
1 0.8867647058823529 0.5711363636363637 0.10176470588235294 0.03954545454545454
1 0.1111764705882353 0.7652272727272728 0.10470588235294118 0.03681818181818182
1 0.10647058823529412 0.7272727272727273 0.09411764705882353 0.038181818181818185
1 0.49823529411764705 0.8595454545454545 0.05647058823529412 0.03909090909090909
1 0.6858823529411765 0.5261363636363636 0.08470588235294117 0.03227272727272727
1 0.10058823529411764 0.6070454545454546 0.08705882352941176 0.03590909090909091
1 0.6761764705882353 0.9240909090909091 0.05823529411764706 0.03909090909090909
1 0.3270588235294118 0.8575 0.04823529411764706 0.03772727272727273
1 0.696764705882353 0.6127272727272727 0.07823529411764706 0.03636363636363636
1 0.3023529411764706 0.031818181818181815 0.042352941176470586 0.028181818181818183
1 0.5641176470588235 0.03636363636363636 0.1223529411764706 0.028181818181818183
1 0.5194117647058824 0.45340909090909093 0.0811764705882353 0.03681818181818182
1 0.38441176470588234 0.5220454545454546 0.1723529411764706 0.038636363636363635
1 0.816764705882353 0.57 0.039411764705882354 0.04181818181818182