1 0.38588235294117645 0.6770454545454545 0.16588235294117648 0.03772727272727273
1 0.7620588235294118 0.8540909090909091 0.07941176470588235 0.04
1 0.8479411764705882 0.9268181818181818 0.07705882352941176 0.04090909090909091
1 0.5120588235294118 0.5675 0.0711764705882353 0.02772727272727273
1 0.4211764705882353 0.9220454545454545 0.08 0.038636363636363635
1 0.8452941176470589 0.8622727272727273 0.07647058823529412 0.042727272727272725
1 0.3635294117647059 0.6068181818181818 0.1223529411764706 0.024545454545454544
1 0.44882352941176473 0.5218181818181818 0.28352941176470586 0.042727272727272725
1 0.6729411764705883 0.8615909090909091 0.06941176470588235 0.055
1 0.3679411764705882 0.4077272727272727 0.11235294117647059 0.03363636363636364
1 0.095 0.6715909090909091 0.060588235294117644 0.035
1 0.08647058823529412 0.44295454545454543 0.04352941176470588 0.03318181818181818
1 0.35205882352941176 0.7252272727272727 0.09117647058823529 0.031363636363636364
1 0.6914705882352942 0.6861363636363637 0.03705882352941176 0.03954545454545454
1 0.08794117647058823 0.3593181818181818 0.04647058823529412 0.03409090909090909
1 0.581764705882353 0.7227272727272728 0.06235294117647059 0.031818181818181815
1 0.15441176470588236 0.9193181818181818 0.0688235294117647 0.04045454545454545
1 0.7623529411764706 0.6843181818181818 0.11058823529411765 0.03590909090909091
1 0.32441176470588234 0.9215909090909091 0.07235294117647059 0.038636363636363635
1 0.1585294117647059 0.8504545454545455 0.07352941176470588 0.04090909090909091
1 0.09794117647058824 0.5154545454545455 0.06647058823529411 0.03363636363636364
1 0.24352941176470588 0.8527272727272728 0.06352941176470588 0.04
1 0.2361764705882353 0.9193181818181818 0.06294117647058824 0.03954545454545454
1 0.33588235294117647 0.7620454545454546 0.07176470588235294 0.022272727272727274
1 0.7555882352941177 0.9252272727272727 0.07235294117647059 0.04045454545454545
1 0.5297058823529411 0.7681818181818182 0.05235294117647059 0.024545454545454544
1 0.3870588235294118 0.3643181818181818 0.14352941176470588 0.038636363636363635
1 0.41441176470588237 0.8543181818181819 0.06764705882352941 0.038636363636363635
1 0.5876470588235294 0.9227272727272727 0.07411764705882352 0.03909090909090909
1 0.09647058823529411 0.5595454545454546 0.06823529411764706 0.03272727272727273
1 0.3864705882352941 0.5638636363636363 0.16823529411764707 0.03318181818181818
1 0.46294117647058824 0.6084090909090909 0.05411764705882353 0.02409090909090909
1 0.591764705882353 0.8538636363636364 0.07294117647058823 0.041363636363636366
1 0.08647058823529412 0.39795454545454545 0.04352941176470588 0.03590909090909091
1 0.5008823529411764 0.9215909090909091 0.07705882352941176 0.03954545454545454
1 0.3438235294117647 0.4531818181818182 0.08058823529411764 0.02181818181818182
1 0.1 0.7540909090909091 0.06 0.031818181818181815
1 0.4988235294117647 0.8556818181818182 0.06705882352941177 0.03954545454545454
1 0.5758823529411765 0.6815909090909091 0.1811764705882353 0.03409090909090909
1 0.0961764705882353 0.6025 0.06411764705882353 0.03318181818181818
1 0.6629411764705883 0.9306818181818182 0.06470588235294118 0.05136363636363636
1 0.33294117647058824 0.8518181818181818 0.06823529411764706 0.04090909090909091
1 0.6702941176470588 0.5309090909090909 0.1288235294117647 0.03363636363636364
1 0.09411764705882353 0.7145454545454546 0.06352941176470588 0.03363636363636364
1 0.2747058823529412 0.026590909090909092 0.03176470588235294 0.022272727272727274
1 0.5438235294117647 0.035227272727272725 0.05941176470588235 0.022272727272727274
1 0.4702941176470588 0.7209090909090909 0.11470588235294117 0.025454545454545455
1 0.5408823529411765 0.7229545454545454 0.018235294117647058 0.022272727272727274
1 0.4202941176470588 0.7704545454545455 0.07941176470588235 0.02181818181818182
1 0.48558823529411765 0.774090909090909 0.031176470588235295 0.023636363636363636