1 0.7638235294117647 0.7818181818181819 0.03588235294117647 0.03090909090909091
1 0.8514705882352941 0.93 0.07352941176470588 0.042727272727272725
1 0.4223529411764706 0.9254545454545454 0.06588235294117648 0.038181818181818185
1 0.8282352941176471 0.7790909090909091 0.08 0.03090909090909091
1 0.3735294117647059 0.6156818181818182 0.15411764705882353 0.03318181818181818
1 0.4420588235294118 0.4106818181818182 0.29470588235294115 0.04409090909090909
1 0.6452941176470588 0.7775 0.17411764705882352 0.031363636363636364
1 0.4861764705882353 0.7247727272727272 0.38058823529411767 0.041363636363636366
1 0.8094117647058824 0.4118181818181818 0.03529411764705882 0.03909090909090909
1 0.10088235294117646 0.6847727272727273 0.08294117647058824 0.035
1 0.105 0.45045454545454544 0.09235294117647058 0.03636363636363636
1 0.15470588235294117 0.9222727272727272 0.06705882352941177 0.04181818181818182
1 0.33558823529411763 0.9240909090909091 0.0711764705882353 0.04
1 0.7926470588235294 0.7295454545454545 0.22058823529411764 0.03909090909090909
1 0.42676470588235293 0.5668181818181818 0.26176470588235295 0.04454545454545455
1 0.1038235294117647 0.525 0.08294117647058824 0.034545454545454546
1 0.2447058823529412 0.9231818181818182 0.07058823529411765 0.038181818181818185
1 0.41852941176470587 0.7752272727272728 0.24764705882352941 0.03318181818181818
1 0.765 0.9297727272727273 0.06647058823529411 0.041363636363636366
1 0.10647058823529412 0.3663636363636364 0.09294117647058824 0.03636363636363636
1 0.69 0.41045454545454546 0.2011764705882353 0.03909090909090909
1 0.5964705882352941 0.9281818181818182 0.06941176470588235 0.03909090909090909
1 0.10235294117647059 0.4072727272727273 0.09294117647058824 0.03636363636363636
1 0.10088235294117646 0.5665909090909091 0.07941176470588235 0.035
1 0.6461764705882352 0.5706818181818182 0.16647058823529412 0.041363636363636366
1 0.58 0.03772727272727273 0.1188235294117647 0.022727272727272728
1 0.6523529411764706 0.4640909090909091 0.03764705882352941 0.03272727272727273
1 0.7405882352941177 0.4622727272727273 0.12941176470588237 0.03
1 0.5038235294117647 0.9286363636363636 0.07352941176470588 0.042727272727272725
1 0.38058823529411767 0.4606818181818182 0.17058823529411765 0.03318181818181818
1 0.09294117647058824 0.7638636363636364 0.08470588235294117 0.03681818181818182
1 0.09970588235294117 0.7234090909090909 0.08647058823529412 0.03681818181818182
1 0.5455882352941176 0.4618181818181818 0.15588235294117647 0.03636363636363636
1 0.8891176470588236 0.41409090909090907 0.12058823529411765 0.04
1 0.5114705882352941 0.6172727272727273 0.1111764705882353 0.03272727272727273
1 0.09794117647058824 0.6063636363636363 0.07941176470588235 0.03636363636363636
1 0.6826470588235294 0.9263636363636364 0.07823529411764706 0.04
1 0.30205882352941177 0.03409090909090909 0.04647058823529412 0.024545454545454544
1 0.9547058823529412 0.7320454545454546 0.08352941176470588 0.04409090909090909