1 0.3976470588235294 0.6829545454545455 0.1635294117647059 0.038636363636363635
1 0.5552941176470588 0.6845454545454546 0.09058823529411765 0.035454545454545454
1 0.7647058823529411 0.8661363636363636 0.06470588235294118 0.038636363636363635
1 0.8464705882352941 0.9272727272727272 0.06352941176470588 0.04090909090909091
1 0.4244117647058824 0.9288636363636363 0.06764705882352941 0.04045454545454545
1 0.5 0.5243181818181818 0.12470588235294118 0.038636363636363635
1 0.36941176470588233 0.6118181818181818 0.10352941176470588 0.035454545454545454
1 0.6726470588235294 0.7806818181818181 0.07352941176470588 0.03318181818181818
1 0.4023529411764706 0.7272727272727273 0.19294117647058823 0.03636363636363636
1 0.3897058823529412 0.4109090909090909 0.1688235294117647 0.038181818181818185
1 0.11441176470588235 0.6865909090909091 0.09705882352941177 0.03772727272727273
1 0.10941176470588235 0.4575 0.09176470588235294 0.038636363636363635
1 0.6823529411764706 0.5361363636363636 0.08705882352941176 0.03681818181818182
1 0.10852941176470589 0.37113636363636365 0.09 0.03590909090909091
1 0.6076470588235294 0.7293181818181819 0.029411764705882353 0.03409090909090909
1 0.16088235294117648 0.9311363636363637 0.061764705882352944 0.03954545454545454
1 0.3335294117647059 0.9295454545454546 0.05176470588235294 0.038181818181818185
1 0.1635294117647059 0.8575 0.058823529411764705 0.04045454545454545
1 0.6805882352941176 0.7288636363636364 0.08941176470588236 0.03409090909090909
1 0.5685294117647058 0.45886363636363636 0.15235294117647058 0.03681818181818182
1 0.3685294117647059 0.5261363636363636 0.10764705882352942 0.038636363636363635
1 0.10794117647058823 0.5315909090909091 0.07705882352941176 0.03590909090909091
1 0.6932352941176471 0.6204545454545455 0.06294117647058824 0.03272727272727273
1 0.2488235294117647 0.8590909090909091 0.04941176470588235 0.04090909090909091
1 0.24970588235294117 0.9288636363636363 0.06294117647058824 0.03772727272727273
1 0.7647058823529411 0.9368181818181818 0.05764705882352941 0.046363636363636364
1 0.2979411764705882 0.0375 0.039411764705882354 0.02409090909090909
1 0.548235294117647 0.7279545454545454 0.08823529411764706 0.03227272727272727
1 0.6767647058823529 0.4661363636363636 0.03235294117647059 0.03681818181818182
1 0.6879411764705883 0.41113636363636363 0.04294117647058823 0.03409090909090909
1 0.5744117647058824 0.41045454545454546 0.17588235294117646 0.03909090909090909
1 0.43588235294117644 0.8640909090909091 0.07058823529411765 0.04181818181818182
1 0.5914705882352941 0.9265909090909091 0.051176470588235295 0.041363636363636366
1 0.375 0.5665909090909091 0.11235294117647059 0.038636363636363635
1 0.595 0.5445454545454546 0.04294117647058823 0.035454545454545454
1 0.5176470588235295 0.5754545454545454 0.1411764705882353 0.03636363636363636
1 0.5923529411764706 0.8588636363636364 0.06470588235294118 0.041363636363636366
1 0.10735294117647058 0.41454545454545455 0.09352941176470589 0.03727272727272727
1 0.6273529411764706 0.571590909090909 0.027647058823529413 0.03227272727272727
1 0.6341176470588236 0.3759090909090909 0.042352941176470586 0.03727272727272727
1 0.7458823529411764 0.4606818181818182 0.09176470588235294 0.03318181818181818
1 0.5052941176470588 0.9286363636363636 0.06352941176470588 0.04
1 0.8497058823529412 0.8647727272727272 0.06294117647058824 0.042272727272727274
1 0.673235294117647 0.8627272727272727 0.06294117647058824 0.04909090909090909
1 0.5417647058823529 0.3729545454545454 0.12117647058823529 0.038636363636363635
1 0.7132352941176471 0.37272727272727274 0.10058823529411764 0.034545454545454546
1 0.3941176470588235 0.45795454545454545 0.1588235294117647 0.04045454545454545
1 0.1161764705882353 0.7704545454545455 0.09705882352941177 0.03727272727272727
1 0.11705882352941177 0.7272727272727273 0.09411764705882353 0.03636363636363636
1 0.5070588235294118 0.8575 0.06235294117647059 0.04045454545454545
1 0.7805882352941177 0.41 0.12470588235294118 0.03727272727272727
1 0.6252941176470588 0.6259090909090909 0.029411764705882353 0.035454545454545454
1 0.3861764705882353 0.3679545454545455 0.15823529411764706 0.038636363636363635
1 0.5047058823529412 0.6145454545454545 0.13529411764705881 0.035454545454545454
1 0.11382352941176471 0.6140909090909091 0.09 0.04
1 0.6767647058823529 0.9268181818181818 0.0711764705882353 0.03909090909090909
1 0.3388235294117647 0.8590909090909091 0.05529411764705883 0.04
1 0.6961764705882353 0.5772727272727273 0.0688235294117647 0.03
1 0.7029411764705882 0.6854545454545454 0.10352941176470588 0.035454545454545454
1 0.5588235294117647 0.03363636363636364 0.13176470588235295 0.02909090909090909
1 0.11058823529411765 0.5729545454545455 0.07764705882352942 0.03681818181818182
1 0.3876470588235294 0.7813636363636364 0.15764705882352942 0.03636363636363636
1 0.5226470588235295 0.7784090909090909 0.07235294117647059 0.028636363636363637
1 0.5891176470588235 0.7840909090909091 0.025294117647058825 0.026363636363636363
1 0.625 0.7004545454545454 0.03470588235294118 0.034545454545454546