1 0.4076470588235294 0.6765909090909091 0.21411764705882352 0.042272727272727274
1 0.5776470588235294 0.6143181818181818 0.02588235294117647 0.03227272727272727
1 0.44029411764705884 0.41 0.2711764705882353 0.02909090909090909
1 0.7538235294117647 0.8595454545454545 0.05235294117647059 0.04181818181818182
1 0.8482352941176471 0.9275 0.07411764705882352 0.042272727272727274
1 0.4076470588235294 0.9229545454545455 0.05647058823529412 0.041363636363636366
1 0.8379411764705882 0.8579545454545454 0.051176470588235295 0.042272727272727274
1 0.3788235294117647 0.6088636363636364 0.1388235294117647 0.035
1 0.8073529411764706 0.5277272727272727 0.08764705882352941 0.03363636363636364
1 0.10794117647058823 0.6711363636363636 0.09117647058823529 0.03954545454545454
1 0.11029411764705882 0.44363636363636366 0.09705882352941177 0.03727272727272727
1 0.43411764705882355 0.7225 0.26941176470588235 0.03954545454545454
1 0.11147058823529411 0.3588636363636364 0.09352941176470589 0.03772727272727273
1 0.5029411764705882 0.7684090909090909 0.06470588235294118 0.03318181818181818
1 0.6335294117647059 0.7227272727272728 0.08470588235294117 0.035454545454545454
1 0.1461764705882353 0.9222727272727272 0.04647058823529412 0.042727272727272725
1 0.8123529411764706 0.5720454545454545 0.0988235294117647 0.035
1 0.32235294117647056 0.9218181818181819 0.05647058823529412 0.04090909090909091
1 0.15029411764705883 0.8543181818181819 0.057058823529411766 0.04045454545454545
1 0.40794117647058825 0.5186363636363637 0.20647058823529413 0.04
1 0.10676470588235294 0.5168181818181818 0.09117647058823529 0.03727272727272727
1 0.6273529411764706 0.6154545454545455 0.05941176470588235 0.02727272727272727
1 0.2426470588235294 0.8554545454545455 0.057058823529411766 0.04090909090909091
1 0.6055882352941176 0.5234090909090909 0.16058823529411764 0.038636363636363635
1 0.23970588235294119 0.9211363636363636 0.054705882352941174 0.04045454545454545
1 0.3726470588235294 0.7634090909090909 0.15 0.03772727272727273
1 0.7529411764705882 0.9268181818181818 0.05764705882352941 0.042727272727272725
1 0.6558823529411765 0.4506818181818182 0.08352941176470588 0.031363636363636364
1 0.7191176470588235 0.37068181818181817 0.03705882352941176 0.03227272727272727
1 0.6005882352941176 0.36863636363636365 0.14 0.03727272727272727
1 0.41 0.8561363636363636 0.06 0.041363636363636366
1 0.5838235294117647 0.9236363636363636 0.04411764705882353 0.04181818181818182
1 0.41558823529411765 0.5647727272727273 0.22176470588235295 0.03772727272727273
1 0.5067647058823529 0.6125 0.09588235294117647 0.031363636363636364
1 0.5785294117647058 0.8590909090909091 0.04647058823529412 0.04
1 0.10852941176470589 0.4002272727272727 0.09117647058823529 0.03590909090909091
1 0.10205882352941177 0.5611363636363637 0.09 0.030454545454545453
1 0.62 0.5675 0.16117647058823528 0.03681818181818182
1 0.7605882352941177 0.4093181818181818 0.03294117647058824 0.03590909090909091
1 0.49176470588235294 0.9240909090909091 0.04941176470588235 0.04181818181818182
1 0.6673529411764706 0.855909090909091 0.0488235294117647 0.04
1 0.6564705882352941 0.40954545454545455 0.16117647058823528 0.034545454545454546
1 0.8097058823529412 0.3704545454545455 0.1264705882352941 0.03636363636363636
1 0.38323529411764706 0.45295454545454544 0.15235294117647058 0.03227272727272727
1 0.11176470588235295 0.7611363636363636 0.08823529411764706 0.03681818181818182
1 0.1111764705882353 0.7197727272727272 0.09058823529411765 0.03772727272727273
1 0.5194117647058824 0.45454545454545453 0.10941176470588235 0.02909090909090909
1 0.6108823529411764 0.6811363636363637 0.08764705882352941 0.035
1 0.4970588235294118 0.8588636363636364 0.052941176470588235 0.041363636363636366
1 0.8438235294117648 0.4138636363636364 0.11588235294117646 0.03681818181818182
1 0.42176470588235293 0.3638636363636364 0.20823529411764705 0.038636363636363635
1 0.10088235294117646 0.6043181818181819 0.0888235294117647 0.03590909090909091
1 0.6623529411764706 0.9243181818181818 0.05411764705882353 0.04318181818181818
1 0.32029411764705884 0.8536363636363636 0.051176470588235295 0.04090909090909091
1 0.731764705882353 0.5677272727272727 0.036470588235294116 0.034545454545454546
1 0.29411764705882354 0.029545454545454545 0.04352941176470588 0.02
1 0.5576470588235294 0.0325 0.1 0.02590909090909091
1 0.5905882352941176 0.46704545454545454 0.02823529411764706 0.021363636363636362