1 0.39647058823529413 0.6806818181818182 0.19058823529411764 0.042272727272727274
1 0.5779411764705882 0.6868181818181818 0.13705882352941176 0.035454545454545454
1 0.4279411764705882 0.41 0.2311764705882353 0.04181818181818182
1 0.7491176470588236 0.8588636363636364 0.057058823529411766 0.045
1 0.8341176470588235 0.9354545454545454 0.058823529411764705 0.05818181818181818
1 0.5617647058823529 0.615 0.1 0.04090909090909091
1 0.405 0.9254545454545454 0.05588235294117647 0.045454545454545456
1 0.8347058823529412 0.8629545454545454 0.06705882352941177 0.04409090909090909
1 0.4061764705882353 0.6147727272727272 0.17941176470588235 0.035
1 0.6888235294117647 0.7768181818181819 0.07294117647058823 0.03363636363636364
1 0.6564705882352941 0.6997727272727273 0.02823529411764706 0.03318181818181818
1 0.7541176470588236 0.5356818181818181 0.06941176470588235 0.029545454545454545
1 0.105 0.6740909090909091 0.08058823529411764 0.03636363636363636
1 0.10352941176470588 0.44431818181818183 0.08 0.035
1 0.4229411764705882 0.7252272727272727 0.2447058823529412 0.03772727272727273
1 0.10205882352941177 0.35795454545454547 0.07588235294117647 0.035
1 0.49676470588235294 0.8625 0.061764705882352944 0.05227272727272727
1 0.633235294117647 0.7286363636363636 0.16294117647058823 0.038181818181818185
1 0.14676470588235294 0.9204545454545454 0.05352941176470588 0.04181818181818182
1 0.8188235294117647 0.5759090909090909 0.09176470588235294 0.03636363636363636
1 0.32323529411764707 0.9238636363636363 0.05352941176470588 0.04045454545454545
1 0.15558823529411764 0.8513636363636363 0.07235294117647059 0.04363636363636364
1 0.59 0.4647727272727273 0.03176470588235294 0.03409090909090909
1 0.4173529411764706 0.5181818181818182 0.2076470588235294 0.04
1 0.10058823529411764 0.5131818181818182 0.07294117647058823 0.03636363636363636
1 0.6370588235294118 0.6197727272727273 0.027058823529411764 0.03227272727272727
1 0.2311764705882353 0.8572727272727273 0.052941176470588235 0.04363636363636364
1 0.2361764705882353 0.9209090909090909 0.060588235294117644 0.04363636363636364
1 0.39323529411764707 0.7709090909090909 0.18411764705882352 0.038181818181818185
1 0.7579411764705882 0.9259090909090909 0.06529411764705882 0.04090909090909091
1 0.2979411764705882 0.02772727272727273 0.04294117647058823 0.03272727272727273
1 0.5585294117647058 0.7686363636363637 0.11588235294117646 0.035454545454545454
1 0.6452941176470588 0.45045454545454544 0.06470588235294118 0.03272727272727273
1 0.6935294117647058 0.36886363636363634 0.07882352941176471 0.03409090909090909
1 0.4088235294117647 0.8556818181818182 0.05529411764705883 0.04045454545454545
1 0.5835294117647059 0.9243181818181818 0.06588235294117648 0.042272727272727274
1 0.43411764705882355 0.5670454545454545 0.2411764705882353 0.045
1 0.6082352941176471 0.5279545454545455 0.1376470588235294 0.038636363636363635
1 0.5117647058823529 0.4597727272727273 0.10235294117647059 0.035
1 0.5920588235294117 0.8620454545454546 0.07352941176470588 0.055
1 0.10676470588235294 0.4009090909090909 0.08058823529411764 0.035454545454545454
1 0.10176470588235294 0.5620454545454545 0.08 0.038636363636363635
1 0.5561764705882353 0.03704545454545455 0.09352941176470589 0.028636363636363637
1 0.643235294117647 0.4143181818181818 0.1723529411764706 0.04045454545454545
1 0.8038235294117647 0.7256818181818182 0.09941176470588235 0.03772727272727273
1 0.49264705882352944 0.9279545454545455 0.060588235294117644 0.03954545454545454
1 0.6702941176470588 0.8604545454545455 0.057058823529411766 0.046363636363636364
1 0.5685294117647058 0.3709090909090909 0.10764705882352942 0.031818181818181815
1 0.3855882352941176 0.45681818181818185 0.1476470588235294 0.034545454545454546
1 0.1038235294117647 0.7606818181818182 0.07823529411764706 0.035
1 0.76 0.41295454545454546 0.029411764705882353 0.03590909090909091
1 0.8388235294117647 0.41454545454545455 0.10235294117647059 0.03636363636363636
1 0.643235294117647 0.5690909090909091 0.1676470588235294 0.03727272727272727
1 0.41323529411764703 0.36568181818181816 0.19705882352941176 0.045
1 0.1011764705882353 0.6104545454545455 0.07529411764705882 0.04090909090909091
1 0.6667647058823529 0.9231818181818182 0.057058823529411766 0.04454545454545455
1 0.31941176470588234 0.8531818181818182 0.047058823529411764 0.03909090909090909
1 0.6926470588235294 0.6127272727272727 0.06529411764705882 0.031818181818181815
1 0.7144117647058823 0.6809090909090909 0.07235294117647059 0.03727272727272727
1 0.09970588235294117 0.7179545454545454 0.07352941176470588 0.035
1 0.6323529411764706 0.3861363636363636 0.023529411764705882 0.030454545454545453
1 0.758235294117647 0.5754545454545454 0.03529411764705882 0.03909090909090909
1 0.6929411764705883 0.5429545454545455 0.03058823529411765 0.03227272727272727
1 0.7341176470588235 0.725909090909091 0.03058823529411765 0.03272727272727273
1 0.6323529411764706 0.7811363636363636 0.024705882352941175 0.023181818181818182