1 0.4461764705882353 0.7318181818181818 0.3052941176470588 0.035454545454545454
1 0.4285294117647059 0.4147727272727273 0.26529411764705885 0.04045454545454545
1 0.7658823529411765 0.8640909090909091 0.07411764705882352 0.03909090909090909
1 0.8470588235294118 0.9311363636363637 0.07058823529411765 0.038636363636363635
1 0.5529411764705883 0.6172727272727273 0.11176470588235295 0.03090909090909091
1 0.40852941176470586 0.9315909090909091 0.05235294117647059 0.038636363636363635
1 0.4385294117647059 0.5711363636363637 0.2888235294117647 0.035
1 0.8494117647058823 0.8672727272727273 0.07294117647058823 0.038181818181818185
1 0.39029411764705885 0.6168181818181818 0.1935294117647059 0.03636363636363636
1 0.38794117647058823 0.4611363636363636 0.18176470588235294 0.038636363636363635
1 0.6711764705882353 0.6934090909090909 0.2235294117647059 0.038636363636363635
1 0.32588235294117646 0.03636363636363636 0.042352941176470586 0.023636363636363636
1 0.825 0.3815909090909091 0.09352941176470589 0.038636363636363635
1 0.1011764705882353 0.685 0.1 0.03727272727272727
1 0.42617647058823527 0.6879545454545455 0.2570588235294118 0.038636363636363635
1 0.10058823529411764 0.3684090909090909 0.10588235294117647 0.03772727272727273
1 0.10705882352941176 0.45340909090909093 0.11647058823529412 0.038636363636363635
1 0.15735294117647058 0.9272727272727272 0.0688235294117647 0.03909090909090909
1 0.33147058823529413 0.9315909090909091 0.060588235294117644 0.03954545454545454
1 0.1535294117647059 0.8588636363636364 0.06 0.041363636363636366
1 0.7323529411764705 0.7313636363636363 0.2647058823529412 0.03272727272727273
1 0.09705882352941177 0.5265909090909091 0.1 0.03772727272727273
1 0.2426470588235294 0.860909090909091 0.06764705882352941 0.038181818181818185
1 0.24 0.9295454545454546 0.06470588235294118 0.038181818181818185
1 0.39441176470588235 0.7763636363636364 0.20058823529411765 0.03090909090909091
1 0.7588235294117647 0.9302272727272727 0.06235294117647059 0.038636363636363635
1 0.5888235294117647 0.7772727272727272 0.17647058823529413 0.03
1 0.6791176470588235 0.41704545454545455 0.23941176470588235 0.04045454545454545
1 0.4161764705882353 0.8631818181818182 0.08058823529411764 0.03727272727272727
1 0.5797058823529412 0.9370454545454545 0.05823529411764706 0.05045454545454545
1 0.3985294117647059 0.5313636363636364 0.19 0.04
1 0.5773529411764706 0.5284090909090909 0.13588235294117648 0.03681818181818182
1 0.5852941176470589 0.8625 0.06588235294117648 0.03772727272727273
1 0.10647058823529412 0.4097727272727273 0.1188235294117647 0.04318181818181818
1 0.10235294117647059 0.5686363636363636 0.09647058823529411 0.03727272727272727
1 0.6711764705882353 0.5738636363636364 0.1588235294117647 0.03318181818181818
1 0.5464705882352942 0.04340909090909091 0.07294117647058823 0.021363636363636362
1 0.6255882352941177 0.37727272727272726 0.1888235294117647 0.038181818181818185
1 0.7752941176470588 0.46545454545454545 0.10823529411764705 0.03363636363636364
1 0.49558823529411766 0.9311363636363637 0.06294117647058824 0.04045454545454545
1 0.6776470588235294 0.8652272727272727 0.07058823529411765 0.03772727272727273
1 0.0961764705882353 0.7677272727272727 0.08411764705882353 0.03636363636363636
1 0.7485294117647059 0.37795454545454543 0.04176470588235294 0.031363636363636364
1 0.505 0.8620454545454546 0.07470588235294118 0.03772727272727273
1 0.7044117647058824 0.4634090909090909 0.03235294117647059 0.03318181818181818
1 0.8808823529411764 0.4159090909090909 0.10647058823529412 0.03909090909090909
1 0.10147058823529412 0.6118181818181818 0.09705882352941177 0.038181818181818185
1 0.6755882352941176 0.9302272727272727 0.07235294117647059 0.038636363636363635
1 0.335 0.8602272727272727 0.0688235294117647 0.03954545454545454
1 0.09705882352941177 0.7270454545454546 0.08 0.035
1 0.5808823529411765 0.4647727272727273 0.19705882352941176 0.03590909090909091
1 0.4117647058823529 0.37227272727272726 0.22470588235294117 0.042727272727272725
1 0.8126470588235294 0.42818181818181816 0.03588235294117647 0.03909090909090909