1 0.4164705882352941 0.6788636363636363 0.2211764705882353 0.03954545454545454
1 0.7591176470588236 0.8588636363636364 0.054705882352941174 0.04045454545454545
1 0.8464705882352941 0.9265909090909091 0.06823529411764706 0.03772727272727273
1 0.4067647058823529 0.9229545454545455 0.057058823529411766 0.03681818181818182
1 0.8438235294117648 0.8602272727272727 0.05352941176470588 0.04045454545454545
1 0.36764705882352944 0.6077272727272728 0.12705882352941175 0.035454545454545454
1 0.6817647058823529 0.7736363636363637 0.07176470588235294 0.03090909090909091
1 0.6808823529411765 0.6897727272727273 0.033529411764705884 0.035
1 0.4470588235294118 0.7220454545454545 0.28705882352941176 0.03772727272727273
1 0.40647058823529414 0.4056818181818182 0.20352941176470588 0.03681818181818182
1 0.10823529411764705 0.6747727272727273 0.07882352941176471 0.035
1 0.09588235294117647 0.4445454545454545 0.07764705882352942 0.035454545454545454
1 0.09676470588235295 0.36 0.08294117647058824 0.03727272727272727
1 0.14470588235294118 0.9236363636363636 0.04588235294117647 0.04
1 0.7905882352941176 0.7277272727272728 0.042352941176470586 0.03636363636363636
1 0.1497058823529412 0.8547727272727272 0.05235294117647059 0.03954545454545454
1 0.3855882352941176 0.5197727272727273 0.16411764705882353 0.038636363636363635
1 0.6817647058823529 0.7245454545454545 0.1623529411764706 0.035454545454545454
1 0.7785294117647059 0.3684090909090909 0.10529411764705883 0.03318181818181818
1 0.24 0.8556818181818182 0.052941176470588235 0.041363636363636366
1 0.23647058823529413 0.9209090909090909 0.05058823529411765 0.038181818181818185
1 0.3947058823529412 0.7702272727272728 0.18705882352941178 0.03227272727272727
1 0.7508823529411764 0.9263636363636364 0.05235294117647059 0.04
1 0.29411764705882354 0.032045454545454544 0.04588235294117647 0.020454545454545454
1 0.5538235294117647 0.7756818181818181 0.11470588235294117 0.03409090909090909
1 0.648235294117647 0.4634090909090909 0.09411764705882353 0.025
1 0.6914705882352942 0.3684090909090909 0.03705882352941176 0.031363636363636364
1 0.6114705882352941 0.4090909090909091 0.1723529411764706 0.03909090909090909
1 0.4111764705882353 0.8584090909090909 0.05529411764705883 0.03954545454545454
1 0.41294117647058826 0.5654545454545454 0.21411764705882352 0.03909090909090909
1 0.5576470588235294 0.5293181818181818 0.14588235294117646 0.03772727272727273
1 0.5085294117647059 0.6088636363636364 0.13588235294117648 0.03590909090909091
1 0.585 0.8597727272727272 0.06411764705882353 0.04318181818181818
1 0.09794117647058824 0.4018181818181818 0.08294117647058824 0.035454545454545454
1 0.09970588235294117 0.5640909090909091 0.07941176470588235 0.035454545454545454
1 0.5682352941176471 0.03568181818181818 0.11294117647058824 0.025
1 0.7891176470588235 0.4109090909090909 0.10529411764705883 0.03727272727272727
1 0.4970588235294118 0.9245454545454546 0.06352941176470588 0.03727272727272727
1 0.6720588235294118 0.8606818181818182 0.060588235294117644 0.042272727272727274
1 0.8764705882352941 0.7245454545454545 0.1011764705882353 0.03636363636363636
1 0.3688235294117647 0.45 0.13294117647058823 0.03727272727272727
1 0.09676470588235295 0.7631818181818182 0.07235294117647059 0.035454545454545454
1 0.09823529411764706 0.7197727272727272 0.07764705882352942 0.035
1 0.5073529411764706 0.45340909090909093 0.12058823529411765 0.03590909090909091
1 0.6252941176470588 0.7727272727272727 0.03294117647058824 0.035454545454545454
1 0.4970588235294118 0.8581818181818182 0.05647058823529412 0.04
1 0.09264705882352942 0.6061363636363636 0.08411764705882353 0.035
1 0.6729411764705883 0.9247727272727273 0.058823529411764705 0.038636363636363635
1 0.32176470588235295 0.8561363636363636 0.05058823529411765 0.03954545454545454
1 0.7441176470588236 0.6836363636363636 0.06941176470588235 0.03636363636363636
1 0.5991176470588235 0.36818181818181817 0.1476470588235294 0.03727272727272727
1 0.10088235294117646 0.5177272727272727 0.08764705882352941 0.03727272727272727
1 0.5785294117647058 0.9265909090909091 0.057058823529411766 0.035
1 0.4067647058823529 0.3668181818181818 0.20176470588235293 0.03727272727272727
1 0.7185294117647059 0.41363636363636364 0.03470588235294118 0.035454545454545454
1 0.6335294117647059 0.5697727272727273 0.20705882352941177 0.03954545454545454
1 0.31823529411764706 0.9220454545454545 0.05058823529411765 0.030454545454545453
1 0.6047058823529412 0.6845454545454546 0.12352941176470589 0.03727272727272727
1 0.5882352941176471 0.46295454545454545 0.03411764705882353 0.031363636363636364