1 0.44 0.40613636363636363 0.26588235294117646 0.038636363636363635
1 0.3947058823529412 0.4484090909090909 0.1776470588235294 0.03681818181818182
1 0.38294117647058823 0.6127272727272727 0.14 0.035454545454545454
1 0.10058823529411764 0.4536363636363636 0.08588235294117647 0.026363636363636363
1 0.5832352941176471 0.5663636363636364 0.08058823529411764 0.03363636363636364
1 0.8288235294117647 0.4081818181818182 0.08 0.03272727272727273
1 0.35058823529411764 0.7761363636363636 0.09176470588235294 0.035
1 0.10647058823529412 0.7318181818181818 0.03294117647058824 0.034545454545454546
1 0.4164705882352941 0.5679545454545455 0.2 0.035
1 0.10852941176470589 0.4072727272727273 0.09117647058823529 0.03363636363636364
1 0.10352941176470588 0.5679545454545455 0.07882352941176471 0.03318181818181818
1 0.5505882352941176 0.03431818181818182 0.09176470588235294 0.026818181818181817
1 0.5552941176470588 0.4536363636363636 0.12117647058823529 0.02727272727272727
1 0.6770588235294117 0.40954545454545455 0.17058823529411765 0.03363636363636364
1 0.5002941176470588 0.6143181818181818 0.05941176470588235 0.03318181818181818
1 0.1 0.6106818181818182 0.07529411764705882 0.035
1 0.3644117647058824 0.7231818181818181 0.10882352941176471 0.03636363636363636
1 0.3052941176470588 0.037954545454545456 0.04470588235294118 0.025
1 0.63 0.46 0.023529411764705882 0.025454545454545455
1 0.6761764705882353 0.4561363636363636 0.0688235294117647 0.023181818181818182
1 0.7764705882352941 0.41045454545454546 0.03058823529411765 0.03363636363636364
1 0.10647058823529412 0.7727272727272727 0.042352941176470586 0.03363636363636364