1 0.39088235294117646 0.6768181818181818 0.1935294117647059 0.038181818181818185
1 0.43470588235294116 0.4059090909090909 0.26941176470588235 0.03636363636363636
1 0.7526470588235294 0.8581818181818182 0.06411764705882353 0.03636363636363636
1 0.8429411764705882 0.9265909090909091 0.07411764705882352 0.03772727272727273
1 0.5102941176470588 0.6093181818181819 0.12294117647058823 0.03409090909090909
1 0.41705882352941176 0.9236363636363636 0.07058823529411765 0.04090909090909091
1 0.44676470588235295 0.5661363636363637 0.3052941176470588 0.035
1 0.845 0.8586363636363636 0.07823529411764706 0.034545454545454546
1 0.3673529411764706 0.6075 0.15 0.035
1 0.6294117647058823 0.6795454545454546 0.2611764705882353 0.038181818181818185
1 0.30558823529411766 0.028181818181818183 0.04764705882352941 0.02
1 0.7429411764705882 0.5261363636363636 0.05764705882352941 0.03227272727272727
1 0.1 0.6736363636363636 0.09058823529411765 0.035454545454545454
1 0.1111764705882353 0.44386363636363635 0.08705882352941176 0.03681818181818182
1 0.41205882352941176 0.7231818181818181 0.22764705882352942 0.03727272727272727
1 0.11529411764705882 0.3584090909090909 0.08588235294117647 0.03772727272727273
1 0.5735294117647058 0.7704545454545455 0.24588235294117647 0.03363636363636364
1 0.14529411764705882 0.9195454545454546 0.058823529411764705 0.042727272727272725
1 0.8729411764705882 0.5718181818181818 0.08823529411764706 0.031818181818181815
1 0.32382352941176473 0.9202272727272728 0.0711764705882353 0.041363636363636366
1 0.15029411764705883 0.8490909090909091 0.061764705882352944 0.04090909090909091
1 0.40647058823529414 0.5209090909090909 0.21058823529411766 0.03636363636363636
1 0.10617647058823529 0.5152272727272728 0.08764705882352941 0.03227272727272727
1 0.24176470588235294 0.8511363636363637 0.07411764705882352 0.041363636363636366
1 0.6011764705882353 0.5229545454545454 0.15176470588235294 0.03318181818181818
1 0.24176470588235294 0.918409090909091 0.06941176470588235 0.04045454545454545
1 0.36617647058823527 0.7636363636363637 0.14647058823529413 0.03636363636363636
1 0.7541176470588236 0.923409090909091 0.06941176470588235 0.03409090909090909
1 0.7320588235294118 0.41 0.28647058823529414 0.04
1 0.4097058823529412 0.8534090909090909 0.06294117647058824 0.038636363636363635
1 0.5826470588235294 0.9238636363636363 0.06529411764705882 0.03772727272727273
1 0.5855882352941176 0.8552272727272727 0.05588235294117647 0.04045454545454545
1 0.1126470588235294 0.3990909090909091 0.07823529411764706 0.03636363636363636
1 0.10411764705882352 0.5593181818181818 0.09058823529411765 0.03409090909090909
1 0.5802941176470588 0.36613636363636365 0.15823529411764706 0.03409090909090909
1 0.7005882352941176 0.7277272727272728 0.3341176470588235 0.031818181818181815
1 0.49676470588235294 0.9218181818181819 0.0711764705882353 0.04
1 0.6679411764705883 0.8579545454545454 0.057058823529411766 0.03954545454545454
1 0.37441176470588233 0.44795454545454544 0.1476470588235294 0.03681818181818182
1 0.10588235294117647 0.7597727272727273 0.09176470588235294 0.03590909090909091
1 0.10588235294117647 0.7168181818181818 0.09529411764705882 0.03727272727272727
1 0.5435294117647059 0.45454545454545453 0.17176470588235293 0.02909090909090909
1 0.4979411764705882 0.8572727272727273 0.0688235294117647 0.038181818181818185
1 0.10264705882352941 0.6034090909090909 0.09941176470588235 0.03409090909090909
1 0.6685294117647059 0.9240909090909091 0.06529411764705882 0.03727272727272727
1 0.32676470588235296 0.8534090909090909 0.0711764705882353 0.03954545454545454
1 0.6991176470588235 0.5681818181818182 0.1935294117647059 0.034545454545454546
1 0.5647058823529412 0.03340909090909091 0.11411764705882353 0.02409090909090909
1 0.3973529411764706 0.3638636363636364 0.1935294117647059 0.035
1 0.5826470588235294 0.6204545454545455 0.020588235294117647 0.023636363636363636
1 0.6247058823529412 0.6140909090909091 0.0611764705882353 0.026363636363636363
1 0.8129411764705883 0.5720454545454545 0.027058823529411764 0.030454545454545453
1 0.6947058823529412 0.525 0.02588235294117647 0.03363636363636364