1 0.7738235294117647 0.8602272727272727 0.07235294117647059 0.042272727272727274
1 0.8602941176470589 0.9290909090909091 0.07352941176470588 0.04181818181818182
1 0.5829411764705882 0.6240909090909091 0.07647058823529412 0.03272727272727273
1 0.42323529411764704 0.9277272727272727 0.060588235294117644 0.04090909090909091
1 0.4211764705882353 0.5690909090909091 0.26588235294117646 0.04818181818181818
1 0.8482352941176471 0.8654545454545455 0.05764705882352941 0.04454545454545455
1 0.38941176470588235 0.6120454545454546 0.16588235294117648 0.03681818181818182
1 0.6194117647058823 0.7738636363636363 0.08705882352941176 0.03409090909090909
1 0.29205882352941176 0.03681818181818182 0.045294117647058825 0.025454545454545455
1 0.10823529411764705 0.6825 0.09058823529411765 0.03772727272727273
1 0.09529411764705882 0.45022727272727275 0.0811764705882353 0.038636363636363635
1 0.7205882352941176 0.5268181818181819 0.12352941176470589 0.03727272727272727
1 0.095 0.36863636363636365 0.08176470588235295 0.03727272727272727
1 0.4285294117647059 0.7763636363636364 0.2688235294117647 0.04363636363636364
1 0.16 0.9293181818181818 0.05176470588235294 0.04045454545454545
1 0.8370588235294117 0.7261363636363637 0.18588235294117647 0.04409090909090909
1 0.34294117647058825 0.9293181818181818 0.06 0.041363636363636366
1 0.16029411764705884 0.8588636363636364 0.057058823529411766 0.03954545454545454
1 0.09323529411764706 0.5290909090909091 0.06529411764705882 0.04
1 0.8564705882352941 0.36886363636363634 0.2788235294117647 0.04318181818181818
1 0.24529411764705883 0.8613636363636363 0.06352941176470588 0.04090909090909091
1 0.2526470588235294 0.9293181818181818 0.05941176470588235 0.041363636363636366
1 0.7667647058823529 0.9275 0.0711764705882353 0.041363636363636366
1 0.6788235294117647 0.46704545454545454 0.07764705882352942 0.03318181818181818
1 0.6305882352941177 0.41409090909090907 0.1952941176470588 0.04181818181818182
1 0.4235294117647059 0.8627272727272727 0.06705882352941177 0.04090909090909091
1 0.5926470588235294 0.9268181818181818 0.061764705882352944 0.04090909090909091
1 0.44882352941176473 0.5297727272727273 0.2811764705882353 0.031363636363636364
1 0.5873529411764706 0.5688636363636363 0.04294117647058823 0.03409090909090909
1 0.5114705882352941 0.7231818181818181 0.43117647058823527 0.045454545454545456
1 0.5941176470588235 0.8618181818181818 0.06352941176470588 0.03909090909090909
1 0.09352941176470589 0.41 0.08352941176470588 0.03909090909090909
1 0.6188235294117647 0.45795454545454545 0.03058823529411765 0.035
1 0.5629411764705883 0.038636363636363635 0.11058823529411765 0.022727272727272728
1 0.6273529411764706 0.5252272727272728 0.045294117647058825 0.03772727272727273
1 0.7773529411764706 0.4113636363636364 0.04058823529411765 0.03727272727272727
1 0.5035294117647059 0.9302272727272727 0.06705882352941177 0.04045454545454545
1 0.68 0.8625 0.05529411764705883 0.041363636363636366
1 0.5138235294117647 0.6827272727272727 0.4335294117647059 0.034545454545454546
1 0.3911764705882353 0.4561363636363636 0.17058823529411765 0.03772727272727273
1 0.11852941176470588 0.7686363636363637 0.09 0.03909090909090909
1 0.11823529411764706 0.7302272727272727 0.0988235294117647 0.03954545454545454
1 0.5429411764705883 0.45795454545454545 0.11176470588235295 0.035
1 0.5047058823529412 0.8611363636363636 0.07058823529411765 0.042272727272727274
1 0.8697058823529412 0.41204545454545455 0.11352941176470588 0.038636363636363635
1 0.5138235294117647 0.6175 0.03588235294117647 0.035
1 0.09852941176470588 0.6084090909090909 0.07 0.038636363636363635
1 0.6723529411764706 0.9279545454545455 0.05529411764705883 0.04318181818181818
1 0.49470588235294116 0.3693181818181818 0.39176470588235296 0.045
1 0.3326470588235294 0.86 0.06294117647058824 0.04181818181818182
1 0.6952941176470588 0.5702272727272727 0.13529411764705881 0.038636363636363635
1 0.8214705882352941 0.6843181818181818 0.15941176470588236 0.03681818181818182
1 0.4067647058823529 0.41363636363636364 0.22176470588235295 0.04363636363636364
1 0.10470588235294118 0.5702272727272727 0.1188235294117647 0.04045454545454545