1 0.41563421828908553 0.6783931003177486 0.1905604719764012 0.03949160236041761
1 0.5952802359882006 0.6802088061734 0.1368731563421829 0.03676804357694054
1 0.4200589970501475 0.4019518837948252 0.22418879056047197 0.03767589650476623
1 0.7740412979351032 0.8524738992283251 0.054277286135693215 0.04176123467998184
1 0.8634218289085546 0.9189741261915569 0.06784660766961652 0.03949160236041761
1 0.42448377581120944 0.9210167952791648 0.05014749262536873 0.03903767589650477
1 0.8675516224188791 0.8492964139809351 0.06312684365781711 0.04176123467998184
1 0.3893805309734513 0.6068996822514753 0.15575221238938053 0.038129822968679075
1 0.403834808259587 0.44802541988197914 0.1882005899705015 0.03903767589650477
1 0.6967551622418879 0.6833862914207899 0.03421828908554572 0.03858374943259192
1 0.42979351032448376 0.7219700408533818 0.22949852507374632 0.03767589650476623
1 0.3070796460176991 0.024285065819337266 0.04542772861356932 0.025873808443032227
1 0.7513274336283186 0.519291874716296 0.10914454277286136 0.035406264185202
1 0.11415929203539824 0.681343622333182 0.0808259587020649 0.03631411711302769
1 0.7067846607669617 0.5624148887880164 0.03185840707964602 0.033590558329550615
1 0.12035398230088495 0.35905583295506127 0.09085545722713864 0.035406264185202
1 0.12536873156342182 0.4448479346345892 0.09380530973451327 0.03631411711302769
1 0.636283185840708 0.7219700408533818 0.1528023598820059 0.03495233772128915
1 0.17079646017699116 0.9226055379028597 0.057227138643067846 0.03949160236041761
1 0.7831858407079646 0.5615070358601907 0.11976401179941003 0.035406264185202
1 0.3407079646017699 0.9210167952791648 0.05014749262536873 0.03903767589650477
1 0.16902654867256636 0.8551974580118021 0.06312684365781711 0.03994552882433046
1 0.7271386430678466 0.7678166137085792 0.07964601769911504 0.03313663186563777
1 0.41386430678466074 0.517703132092601 0.18702064896755163 0.040399455288243305
1 0.11474926253687316 0.5224693599636859 0.09970501474926254 0.038129822968679075
1 0.25250737463126843 0.8554244212437585 0.0471976401179941 0.03858374943259192
1 0.25309734513274335 0.921697684975034 0.05781710914454277 0.03858374943259192
1 0.4008849557522124 0.7689514298683613 0.1752212389380531 0.03631411711302769
1 0.775811209439528 0.9180662732637312 0.05663716814159292 0.03949160236041761
1 0.5681415929203539 0.7680435769405356 0.12743362831858407 0.03449841125737631
1 0.6716814159292035 0.45097594189741264 0.03480825958702065 0.03313663186563777
1 0.675811209439528 0.36064457557875623 0.033628318584070796 0.03404448479346346
1 0.5896755162241888 0.36064457557875623 0.13628318584070798 0.03767589650476623
1 0.4259587020648968 0.8558783477076713 0.05073746312684366 0.041307308216069
1 0.5991150442477876 0.9192010894235134 0.05958702064896755 0.03994552882433046
1 0.11415929203539824 0.5658193372673627 0.09262536873156342 0.03495233772128915
1 0.41858407079646015 0.5640036314117113 0.2153392330383481 0.03767589650476623
1 0.5823008849557522 0.5170222423967318 0.12743362831858407 0.038129822968679075
1 0.536283185840708 0.6066727190195188 0.11563421828908554 0.035860190649114845
1 0.6 0.8515660463004994 0.05663716814159292 0.03903767589650477
1 0.12330383480825959 0.4026327734906945 0.0967551622418879 0.03631411711302769
1 0.6230088495575221 0.6093962778029959 0.03421828908554572 0.03676804357694054
1 0.58023598820059 0.024285065819337266 0.07492625368731563 0.02315024965955515
1 0.7412979351032448 0.44620971402632775 0.10088495575221239 0.033590558329550615
1 0.7448377581120944 0.7246935996368589 0.0359882005899705 0.03313663186563777
1 0.512684365781711 0.9201089423513391 0.058997050147492625 0.03903767589650477
1 0.6864306784660767 0.8533817521561508 0.05368731563421829 0.04085338175215615
1 0.6129793510324484 0.40217884702678164 0.16755162241887905 0.03722197004085338
1 0.7371681415929203 0.35882886972310485 0.08908554572271386 0.03313663186563777
1 0.8123893805309734 0.722650930549251 0.0967551622418879 0.03449841125737631
1 0.12300884955752213 0.7669087607807535 0.09262536873156342 0.035860190649114845
1 0.11032448377581121 0.7237857467090332 0.07669616519174041 0.03495233772128915
1 0.7197640117994101 0.40217884702678164 0.03303834808259587 0.035406264185202
1 0.58023598820059 0.44734453018610987 0.14454277286135694 0.035860190649114845
1 0.6578171091445427 0.7712210621879255 0.029498525073746312 0.038129822968679075
1 0.5117994100294986 0.8542896050839764 0.05368731563421829 0.038129822968679075
1 0.6716814159292035 0.5240581025873808 0.04070796460176991 0.03767589650476623
1 0.7920353982300885 0.40240581025873806 0.11386430678466077 0.035860190649114845
1 0.6041297935103245 0.5626418520199727 0.14277286135693215 0.035860190649114845
1 0.4153392330383481 0.35905583295506127 0.1911504424778761 0.03903767589650477
1 0.11209439528023599 0.606218792555606 0.0920353982300885 0.03676804357694054
1 0.6846607669616519 0.9180662732637312 0.05132743362831858 0.03949160236041761
1 0.33421828908554574 0.8558783477076713 0.04660766961651917 0.040399455288243305
1 0.7035398230088495 0.6073536087153881 0.11268436578171091 0.033590558329550615
1 0.7619469026548673 0.67703132092601 0.08436578171091445 0.03676804357694054