1 0.33558823529411763 0.6136363636363636 0.061764705882352944 0.03272727272727273
1 0.40647058823529414 0.4102272727272727 0.21294117647058824 0.03409090909090909
1 0.6261764705882353 0.7795454545454545 0.07352941176470588 0.03090909090909091
1 0.38588235294117645 0.7252272727272727 0.1635294117647059 0.035
1 0.08970588235294118 0.6804545454545454 0.06529411764705882 0.03272727272727273
1 0.0976470588235294 0.36704545454545456 0.05647058823529412 0.03318181818181818
1 0.10058823529411764 0.4470454545454545 0.06470588235294118 0.03409090909090909
1 0.4902941176470588 0.7761363636363636 0.1111764705882353 0.030454545454545453
1 0.5570588235294117 0.7252272727272727 0.14823529411764705 0.035
1 0.08911764705882352 0.7688636363636364 0.06529411764705882 0.035
1 0.35823529411764704 0.775 0.11411764705882353 0.034545454545454546
1 0.08852941176470588 0.7306818181818182 0.06529411764705882 0.03409090909090909
1 0.1111764705882353 0.5220454545454546 0.04470588235294118 0.03227272727272727
1 0.10352941176470588 0.6025 0.042352941176470586 0.03409090909090909
1 0.3526470588235294 0.5704545454545454 0.08294117647058824 0.03363636363636364
1 0.5908823529411765 0.4097727272727273 0.1511764705882353 0.03409090909090909
1 0.5664705882352942 0.7754545454545455 0.02823529411764706 0.03272727272727273
1 0.09911764705882353 0.4065909090909091 0.06647058823529411 0.035
1 0.11029411764705882 0.5654545454545454 0.04058823529411765 0.03272727272727273
1 0.6020588235294118 0.4581818181818182 0.027647058823529413 0.034545454545454546
1 0.5558823529411765 0.04181818181818182 0.07176470588235294 0.02090909090909091
1 0.7423529411764705 0.41204545454545455 0.07764705882352942 0.03227272727272727
1 0.7429411764705882 0.7275 0.1376470588235294 0.035
1 0.375 0.44931818181818184 0.14411764705882352 0.03409090909090909
1 0.5229411764705882 0.45181818181818184 0.10941176470588235 0.03363636363636364
1 0.655 0.7270454545454546 0.026470588235294117 0.031363636363636364
1 0.6817647058823529 0.41113636363636363 0.03176470588235294 0.035
1 0.6579411764705883 0.455 0.06647058823529411 0.031818181818181815
1 0.295 0.03636363636363636 0.0488235294117647 0.02727272727272727
1 0.3508823529411765 0.03727272727272727 0.051176470588235295 0.031818181818181815