1 0.39441176470588235 0.6779545454545455 0.18294117647058825 0.03772727272727273
1 0.5670588235294117 0.6831818181818182 0.14705882352941177 0.03636363636363636
1 0.7567647058823529 0.8590909090909091 0.060588235294117644 0.03636363636363636
1 0.8411764705882353 0.9259090909090909 0.06470588235294118 0.03909090909090909
1 0.5829411764705882 0.6052272727272727 0.15411764705882353 0.038636363636363635
1 0.41 0.9254545454545454 0.06235294117647059 0.03727272727272727
1 0.5488235294117647 0.5220454545454546 0.11294117647058824 0.03590909090909091
1 0.40647058823529414 0.6025 0.20588235294117646 0.038636363636363635
1 0.6955882352941176 0.77 0.061764705882352944 0.03272727272727273
1 0.41411764705882353 0.5675 0.22823529411764706 0.03772727272727273
1 0.6588235294117647 0.6797727272727273 0.027058823529411764 0.03681818181818182
1 0.40147058823529413 0.40613636363636363 0.20529411764705882 0.041363636363636366
1 0.09264705882352942 0.6788636363636363 0.08294117647058824 0.035
1 0.4123529411764706 0.7215909090909091 0.22470588235294117 0.03772727272727273
1 0.08647058823529412 0.36613636363636365 0.08 0.03590909090909091
1 0.08676470588235294 0.44931818181818184 0.07588235294117647 0.03590909090909091
1 0.6058823529411764 0.7206818181818182 0.15529411764705883 0.03590909090909091
1 0.14735294117647058 0.9231818181818182 0.05352941176470588 0.04181818181818182
1 0.7585294117647059 0.5690909090909091 0.07705882352941176 0.03363636363636364
1 0.32441176470588234 0.9252272727272727 0.06294117647058824 0.03772727272727273
1 0.15205882352941177 0.8572727272727273 0.0488235294117647 0.038181818181818185
1 0.3885294117647059 0.5272727272727272 0.1888235294117647 0.03636363636363636
1 0.0888235294117647 0.5229545454545454 0.07411764705882352 0.03409090909090909
1 0.23470588235294118 0.8577272727272728 0.04588235294117647 0.03727272727272727
1 0.23352941176470587 0.9240909090909091 0.05058823529411765 0.038181818181818185
1 0.37970588235294117 0.7659090909090909 0.16294117647058823 0.03636363636363636
1 0.7547058823529412 0.9256818181818182 0.058823529411764705 0.038636363636363635
1 0.5458823529411765 0.7677272727272727 0.1623529411764706 0.034545454545454546
1 0.645 0.4525 0.07823529411764706 0.03227272727272727
1 0.6238235294117647 0.3709090909090909 0.03 0.034545454545454546
1 0.5529411764705883 0.3693181818181818 0.0976470588235294 0.03409090909090909
1 0.4047058823529412 0.8579545454545454 0.05176470588235294 0.03954545454545454
1 0.5829411764705882 0.9270454545454545 0.05529411764705883 0.03954545454545454
1 0.0888235294117647 0.5640909090909091 0.07411764705882352 0.034545454545454546
1 0.5788235294117647 0.8593181818181819 0.05058823529411765 0.04045454545454545
1 0.08941176470588236 0.4043181818181818 0.07882352941176471 0.03590909090909091
1 0.6176470588235294 0.5659090909090909 0.1411764705882353 0.03636363636363636
1 0.5608823529411765 0.03977272727272727 0.09352941176470589 0.021363636363636362
1 0.5891176470588235 0.40613636363636363 0.1511764705882353 0.03772727272727273
1 0.7408823529411764 0.40704545454545454 0.10058823529411764 0.03590909090909091
1 0.4958823529411765 0.925 0.058823529411764705 0.04
1 0.8441176470588235 0.8584090909090909 0.06705882352941177 0.03772727272727273
1 0.6638235294117647 0.8584090909090909 0.05235294117647059 0.03954545454545454
1 0.7661764705882353 0.7209090909090909 0.07588235294117647 0.028181818181818183
1 0.36911764705882355 0.45181818181818184 0.14529411764705882 0.03636363636363636
1 0.08147058823529411 0.765 0.08176470588235295 0.03636363636363636
1 0.08441176470588235 0.7211363636363637 0.08176470588235295 0.03590909090909091
1 0.678235294117647 0.3675 0.08352941176470588 0.03227272727272727
1 0.5167647058823529 0.45022727272727275 0.10764705882352942 0.035
1 0.4894117647058824 0.8577272727272728 0.042352941176470586 0.04
1 0.6347058823529412 0.5231818181818182 0.07647058823529412 0.035454545454545454
1 0.4 0.3684090909090909 0.2011764705882353 0.035
1 0.08588235294117647 0.6088636363636364 0.07294117647058823 0.035
1 0.6697058823529412 0.9272727272727272 0.05823529411764706 0.04
1 0.3255882352941176 0.8579545454545454 0.060588235294117644 0.03772727272727273
1 0.7158823529411765 0.6097727272727272 0.06588235294117648 0.03227272727272727
1 0.7038235294117647 0.6884090909090909 0.05 0.03409090909090909
1 0.2923529411764706 0.03704545454545455 0.042352941176470586 0.021363636363636362
1 0.5891176470588235 0.45386363636363636 0.028823529411764706 0.031363636363636364
1 0.6770588235294117 0.4097727272727273 0.03176470588235294 0.03227272727272727
1 0.7085294117647059 0.5697727272727273 0.028823529411764706 0.03227272727272727
1 0.6655882352941176 0.6131818181818182 0.028823529411764706 0.03
1 0.7158823529411765 0.7222727272727273 0.036470588235294116 0.02909090909090909
1 0.6517647058823529 0.7777272727272727 0.03411764705882353 0.03272727272727273