1 0.38441176470588234 0.6802272727272727 0.1511764705882353 0.03772727272727273
1 0.7570588235294118 0.8568181818181818 0.04823529411764706 0.03909090909090909
1 0.8455882352941176 0.9231818181818182 0.05823529411764706 0.038181818181818185
1 0.54 0.6120454545454546 0.11529411764705882 0.035
1 0.41705882352941176 0.9220454545454545 0.05411764705882353 0.038636363636363635
1 0.8461764705882353 0.8572727272727273 0.05 0.038181818181818185
1 0.44058823529411767 0.4075 0.2611764705882353 0.03954545454545454
1 0.3988235294117647 0.44886363636363635 0.17882352941176471 0.038636363636363635
1 0.38941176470588235 0.6084090909090909 0.16470588235294117 0.03590909090909091
1 0.11323529411764706 0.6806818181818182 0.09705882352941177 0.03772727272727273
1 0.6755882352941176 0.5704545454545454 0.1864705882352941 0.04090909090909091
1 0.11705882352941177 0.36454545454545456 0.10823529411764705 0.038181818181818185
1 0.11588235294117646 0.44477272727272726 0.10705882352941176 0.03772727272727273
1 0.15588235294117647 0.9209090909090909 0.05058823529411765 0.04
1 0.808235294117647 0.5788636363636364 0.03764705882352941 0.03318181818181818
1 0.33205882352941174 0.9195454545454546 0.057058823529411766 0.038181818181818185
1 0.1585294117647059 0.8563636363636363 0.0488235294117647 0.038181818181818185
1 0.6888235294117647 0.7270454545454546 0.2 0.041363636363636366
1 0.39205882352941174 0.5186363636363637 0.15823529411764706 0.03909090909090909
1 0.11147058823529411 0.5218181818181818 0.09470588235294118 0.03636363636363636
1 0.24411764705882352 0.8575 0.04823529411764706 0.038636363636363635
1 0.245 0.9213636363636364 0.05235294117647059 0.03909090909090909
1 0.3835294117647059 0.7702272727272728 0.15529411764705883 0.03590909090909091
1 0.7626470588235295 0.9220454545454545 0.05823529411764706 0.038636363636363635
1 0.3014705882352941 0.031363636363636364 0.04176470588235294 0.026363636363636363
1 0.5520588235294117 0.7688636363636364 0.14294117647058824 0.03590909090909091
1 0.6570588235294118 0.4077272727272727 0.0988235294117647 0.03727272727272727
1 0.42 0.8584090909090909 0.047058823529411764 0.03772727272727273
1 0.5358823529411765 0.5218181818181818 0.12 0.03363636363636364
1 0.4326470588235294 0.5697727272727273 0.2570588235294118 0.03954545454545454
1 0.5844117647058824 0.8579545454545454 0.0488235294117647 0.03954545454545454
1 0.115 0.40636363636363637 0.1111764705882353 0.03727272727272727
1 0.11058823529411765 0.5681818181818182 0.1011764705882353 0.038181818181818185
1 0.5720588235294117 0.02409090909090909 0.1264705882352941 0.024545454545454544
1 0.5064705882352941 0.9222727272727272 0.05764705882352941 0.04
1 0.6752941176470588 0.855 0.047058823529411764 0.04
1 0.4961764705882353 0.36704545454545456 0.0711764705882353 0.03318181818181818
1 0.5202941176470588 0.6768181818181818 0.12764705882352942 0.03636363636363636
1 0.8961764705882352 0.5686363636363636 0.10529411764705883 0.03909090909090909
1 0.11764705882352941 0.764090909090909 0.10470588235294118 0.03727272727272727
1 0.12029411764705883 0.7231818181818181 0.10529411764705883 0.038181818181818185
1 0.5491176470588235 0.44977272727272727 0.08411764705882353 0.035
1 0.5041176470588236 0.8577272727272728 0.05058823529411765 0.03909090909090909
1 0.38323529411764706 0.3663636363636364 0.14411764705882352 0.038181818181818185
1 0.4385294117647059 0.7268181818181818 0.23941176470588235 0.04181818181818182
1 0.11588235294117646 0.6084090909090909 0.10941176470588235 0.045909090909090906
1 0.5897058823529412 0.9236363636363636 0.05588235294117647 0.03909090909090909
1 0.3270588235294118 0.8568181818181818 0.04941176470588235 0.04
1 0.6994117647058824 0.6156818181818182 0.08235294117647059 0.03318181818181818
1 0.6847058823529412 0.9265909090909091 0.05411764705882353 0.03590909090909091
1 0.6370588235294118 0.62 0.036470588235294116 0.04363636363636364
1 0.6335294117647059 0.5220454545454546 0.05529411764705883 0.03772727272727273