1 0.41441176470588237 0.6754545454545454 0.21823529411764706 0.04090909090909091
1 0.6679411764705883 0.68 0.2641176470588235 0.034545454545454546
1 0.41852941176470587 0.40204545454545454 0.23588235294117646 0.03681818181818182
1 0.7514705882352941 0.8556818181818182 0.06411764705882353 0.042272727272727274
1 0.8379411764705882 0.9247727272727273 0.06647058823529411 0.03954545454545454
1 0.6135294117647059 0.6097727272727272 0.09294117647058824 0.03318181818181818
1 0.4026470588235294 0.9218181818181819 0.057058823529411766 0.03909090909090909
1 0.5161764705882353 0.5209090909090909 0.14294117647058824 0.031818181818181815
1 0.8414705882352941 0.8581818181818182 0.07235294117647059 0.04
1 0.34941176470588237 0.6052272727272727 0.0976470588235294 0.035
1 0.39 0.4470454545454545 0.16705882352941176 0.03681818181818182
1 0.3058823529411765 0.02568181818181818 0.04823529411764706 0.02772727272727273
1 0.09794117647058824 0.6713636363636364 0.08764705882352941 0.03909090909090909
1 0.10941176470588235 0.4475 0.1 0.038636363636363635
1 0.42264705882352943 0.7231818181818181 0.23588235294117646 0.03909090909090909
1 0.10823529411764705 0.36113636363636364 0.09529411764705882 0.03772727272727273
1 0.6552941176470588 0.7288636363636364 0.22941176470588234 0.029545454545454545
1 0.1497058823529412 0.918409090909091 0.05941176470588235 0.04045454545454545
1 0.32529411764705884 0.9202272727272728 0.06588235294117648 0.038636363636363635
1 0.15029411764705883 0.85 0.061764705882352944 0.038181818181818185
1 0.37676470588235295 0.5209090909090909 0.1288235294117647 0.02909090909090909
1 0.10088235294117646 0.5165909090909091 0.09 0.03590909090909091
1 0.23676470588235293 0.8538636363636364 0.06647058823529411 0.03772727272727273
1 0.23676470588235293 0.9197727272727273 0.06294117647058824 0.03954545454545454
1 0.3814705882352941 0.7688636363636364 0.1676470588235294 0.03227272727272727
1 0.7561764705882353 0.9236363636363636 0.06764705882352941 0.04090909090909091
1 0.5661764705882353 0.7697727272727273 0.18764705882352942 0.031363636363636364
1 0.7132352941176471 0.4525 0.08411764705882353 0.03409090909090909
1 0.7147058823529412 0.36704545454545456 0.04 0.03409090909090909
1 0.4067647058823529 0.8531818181818182 0.060588235294117644 0.04
1 0.5808823529411765 0.9252272727272727 0.057058823529411766 0.038636363636363635
1 0.3788235294117647 0.5629545454545455 0.14588235294117646 0.03681818181818182
1 0.6132352941176471 0.5229545454545454 0.03470588235294118 0.03409090909090909
1 0.4582352941176471 0.6052272727272727 0.12352941176470589 0.035
1 0.5247058823529411 0.5622727272727273 0.14941176470588236 0.03636363636363636
1 0.581764705882353 0.855 0.06470588235294118 0.04181818181818182
1 0.10882352941176471 0.4025 0.10352941176470588 0.03590909090909091
1 0.1011764705882353 0.56 0.07882352941176471 0.031818181818181815
1 0.6447058823529411 0.45431818181818184 0.03411764705882353 0.035
1 0.6179411764705882 0.3625 0.1676470588235294 0.03772727272727273
1 0.4938235294117647 0.9215909090909091 0.06411764705882353 0.03954545454545454
1 0.6652941176470588 0.8538636363636364 0.06235294117647059 0.041363636363636366
1 0.6323529411764706 0.405 0.1623529411764706 0.038181818181818185
1 0.8035294117647059 0.36522727272727273 0.1 0.035
1 0.09852941176470588 0.7565909090909091 0.09588235294117647 0.03590909090909091
1 0.7355882352941177 0.4077272727272727 0.027647058823529413 0.035454545454545454
1 0.553235294117647 0.44931818181818184 0.12764705882352942 0.03409090909090909
1 0.49911764705882355 0.8529545454545454 0.06764705882352941 0.038636363636363635
1 0.6891176470588235 0.519090909090909 0.11235294117647059 0.03636363636363636
1 0.8170588235294117 0.4088636363636364 0.10588235294117647 0.03590909090909091
1 0.6238235294117647 0.5665909090909091 0.03 0.03409090909090909
1 0.42205882352941176 0.36068181818181816 0.22764705882352942 0.03681818181818182
1 0.535 0.6202272727272727 0.03470588235294118 0.03681818181818182
1 0.10411764705882352 0.6025 0.08941176470588236 0.035
1 0.6685294117647059 0.9227272727272727 0.07470588235294118 0.04
1 0.32294117647058823 0.8538636363636364 0.06588235294117648 0.04045454545454545
1 0.7073529411764706 0.5659090909090909 0.12058823529411765 0.034545454545454546
1 0.09941176470588235 0.7163636363636363 0.08941176470588236 0.035454545454545454
1 0.5708823529411765 0.034772727272727275 0.09470588235294118 0.03227272727272727