1 0.39558823529411763 0.6870454545454545 0.19941176470588234 0.038636363636363635
1 0.7597058823529412 0.8611363636363636 0.05235294117647059 0.041363636363636366
1 0.8476470588235294 0.9279545454545455 0.05764705882352941 0.038636363636363635
1 0.4152941176470588 0.9295454545454546 0.04941176470588235 0.034545454545454546
1 0.7641176470588236 0.928409090909091 0.0611764705882353 0.03590909090909091
1 0.34647058823529414 0.6131818181818182 0.08352941176470588 0.03363636363636364
1 0.41794117647058826 0.4115909090909091 0.2323529411764706 0.03318181818181818
1 0.4388235294117647 0.7295454545454545 0.27058823529411763 0.03727272727272727
1 0.09588235294117647 0.6838636363636363 0.06705882352941177 0.03409090909090909
1 0.08941176470588236 0.45681818181818185 0.058823529411764705 0.03727272727272727
1 0.4864705882352941 0.7709090909090909 0.05529411764705883 0.03272727272727273
1 0.15029411764705883 0.928409090909091 0.0488235294117647 0.03590909090909091
1 0.3211764705882353 0.9281818181818182 0.04470588235294118 0.03636363636363636
1 0.14647058823529413 0.8588636363636364 0.042352941176470586 0.038636363636363635
1 0.10058823529411764 0.5286363636363637 0.03882352941176471 0.03363636363636364
1 0.2373529411764706 0.8602272727272727 0.04647058823529412 0.03681818181818182
1 0.23852941176470588 0.9279545454545455 0.0488235294117647 0.035
1 0.37441176470588233 0.7731818181818182 0.13705882352941176 0.03363636363636364
1 0.3 0.037954545454545456 0.036470588235294116 0.023181818181818182
1 0.5626470588235294 0.038181818181818185 0.10647058823529412 0.02181818181818182
1 0.40205882352941175 0.8613636363636363 0.0488235294117647 0.04
1 0.5902941176470589 0.9279545454545455 0.05235294117647059 0.03681818181818182
1 0.09411764705882353 0.3709090909090909 0.06235294117647059 0.03272727272727273
1 0.36205882352941177 0.5718181818181818 0.11235294117647059 0.035454545454545454
1 0.5838235294117647 0.860909090909091 0.051176470588235295 0.03727272727272727
1 0.5026470588235294 0.9302272727272727 0.05235294117647059 0.03590909090909091
1 0.8432352941176471 0.8586363636363636 0.05941176470588235 0.03727272727272727
1 0.6764705882352942 0.8670454545454546 0.07058823529411765 0.04863636363636364
1 0.3835294117647059 0.45590909090909093 0.14705882352941177 0.03727272727272727
1 0.10441176470588236 0.7718181818181818 0.06529411764705882 0.03272727272727273
1 0.1 0.7238636363636364 0.07411764705882352 0.03318181818181818
1 0.49529411764705883 0.860909090909091 0.047058823529411764 0.03636363636363636
1 0.5402941176470588 0.6872727272727273 0.06764705882352941 0.038181818181818185
1 0.3820588235294118 0.37386363636363634 0.14647058823529413 0.03772727272727273
1 0.10617647058823529 0.6138636363636364 0.05235294117647059 0.03681818181818182
1 0.6761764705882353 0.9265909090909091 0.061764705882352944 0.03772727272727273
1 0.3214705882352941 0.8597727272727272 0.045294117647058825 0.03772727272727273
1 0.6294117647058823 0.7318181818181818 0.0988235294117647 0.034545454545454546
1 0.0888235294117647 0.41045454545454546 0.058823529411764705 0.03727272727272727
1 0.10411764705882352 0.5738636363636364 0.04470588235294118 0.029545454545454545
1 0.35441176470588237 0.5277272727272727 0.10058823529411764 0.04090909090909091