1 0.4067647058823529 0.6872727272727273 0.19588235294117648 0.03727272727272727
1 0.5779411764705882 0.6852272727272727 0.12411764705882353 0.035
1 0.7585294117647059 0.8611363636363636 0.06411764705882353 0.03772727272727273
1 0.8397058823529412 0.9263636363636364 0.060588235294117644 0.03909090909090909
1 0.5982352941176471 0.6143181818181818 0.029411764705882353 0.035
1 0.4147058823529412 0.9261363636363636 0.058823529411764705 0.038636363636363635
1 0.3864705882352941 0.6122727272727273 0.16470588235294117 0.038181818181818185
1 0.6397058823529411 0.769090909090909 0.05941176470588235 0.03090909090909091
1 0.6705882352941176 0.6868181818181818 0.03411764705882353 0.03363636363636364
1 0.4067647058823529 0.7238636363636364 0.21235294117647058 0.03681818181818182
1 0.7426470588235294 0.5325 0.03 0.03318181818181818
1 0.38529411764705884 0.4090909090909091 0.16588235294117648 0.03727272727272727
1 0.10764705882352942 0.6752272727272727 0.06588235294117648 0.035
1 0.75 0.5718181818181818 0.029411764705882353 0.03363636363636364
1 0.10558823529411765 0.3654545454545455 0.07941176470588235 0.034545454545454546
1 0.11794117647058823 0.4506818181818182 0.07352941176470588 0.035
1 0.5041176470588236 0.769090909090909 0.10235294117647059 0.034545454545454546
1 0.5914705882352941 0.725 0.13117647058823528 0.03363636363636364
1 0.15323529411764705 0.9238636363636363 0.051176470588235295 0.03772727272727273
1 0.3332352941176471 0.9243181818181818 0.06647058823529411 0.03772727272727273
1 0.1588235294117647 0.8538636363636364 0.06235294117647059 0.03681818181818182
1 0.6867647058823529 0.725909090909091 0.03 0.031818181818181815
1 0.43823529411764706 0.5220454545454546 0.25529411764705884 0.03772727272727273
1 0.10676470588235294 0.5215909090909091 0.07352941176470588 0.03409090909090909
1 0.6661764705882353 0.6125 0.07588235294117647 0.031363636363636364
1 0.6470588235294118 0.5268181818181819 0.1411764705882353 0.03636363636363636
1 0.24058823529411766 0.9231818181818182 0.05411764705882353 0.03636363636363636
1 0.36970588235294116 0.7665909090909091 0.14058823529411765 0.03590909090909091
1 0.7561764705882353 0.9263636363636364 0.05941176470588235 0.038181818181818185
1 0.6438235294117647 0.45181818181818184 0.08176470588235295 0.03272727272727273
1 0.6570588235294118 0.37318181818181817 0.03058823529411765 0.034545454545454546
1 0.5502941176470588 0.40545454545454546 0.13705882352941176 0.03636363636363636
1 0.4082352941176471 0.8588636363636364 0.05529411764705883 0.038636363636363635
1 0.576764705882353 0.45636363636363636 0.031176470588235295 0.034545454545454546
1 0.5255882352941177 0.6154545454545455 0.09588235294117647 0.03272727272727273
1 0.49117647058823527 0.45590909090909093 0.10235294117647059 0.035454545454545454
1 0.5891176470588235 0.7725 0.03235294117647059 0.035
1 0.10676470588235294 0.40795454545454546 0.07705882352941176 0.03409090909090909
1 0.10941176470588235 0.5677272727272727 0.07529411764705882 0.034545454545454546
1 0.6423529411764706 0.5713636363636364 0.1623529411764706 0.031818181818181815
1 0.6491176470588236 0.4102272727272727 0.031176470588235295 0.035
1 0.7285294117647059 0.40954545454545455 0.11 0.035454545454545454
1 0.7538235294117647 0.7304545454545455 0.08764705882352941 0.03363636363636364
1 0.5844117647058824 0.9281818181818182 0.05235294117647059 0.03727272727272727
1 0.8470588235294118 0.8613636363636363 0.06 0.038181818181818185
1 0.6694117647058824 0.8588636363636364 0.05529411764705883 0.03954545454545454
1 0.5632352941176471 0.3715909090909091 0.13941176470588235 0.03681818181818182
1 0.7361764705882353 0.37113636363636365 0.10529411764705883 0.03409090909090909
1 0.8302941176470588 0.5727272727272728 0.10294117647058823 0.034545454545454546
1 0.10970588235294118 0.7609090909090909 0.07588235294117647 0.034545454545454546
1 0.10882352941176471 0.7209090909090909 0.06823529411764706 0.03363636363636364
1 0.49823529411764705 0.8595454545454545 0.04823529411764706 0.038181818181818185
1 0.8155882352941176 0.5304545454545454 0.10294117647058823 0.03363636363636364
1 0.3926470588235294 0.36568181818181816 0.16294117647058823 0.03590909090909091
1 0.12 0.6081818181818182 0.07529411764705882 0.034545454545454546
1 0.6726470588235294 0.9277272727272727 0.06294117647058824 0.04
1 0.3264705882352941 0.8563636363636363 0.06 0.03727272727272727
1 0.37 0.4540909090909091 0.12352941176470589 0.03727272727272727
1 0.7311764705882353 0.6840909090909091 0.06941176470588235 0.03363636363636364
1 0.42411764705882354 0.5704545454545454 0.2411764705882353 0.031818181818181815
1 0.24323529411764705 0.8577272727272728 0.054705882352941174 0.03272727272727273
1 0.5832352941176471 0.8618181818181818 0.061764705882352944 0.034545454545454546
1 0.49205882352941177 0.9306818181818182 0.054705882352941174 0.041363636363636366
1 0.3164705882352941 0.03409090909090909 0.041176470588235294 0.026363636363636363
1 0.5805882352941176 0.038863636363636364 0.10352941176470588 0.025