1 0.4067647058823529 0.6897727272727273 0.20411764705882354 0.029545454545454545
1 0.555 0.6847727272727273 0.05 0.03590909090909091
1 0.7426470588235294 0.8622727272727273 0.0488235294117647 0.038181818181818185
1 0.84 0.9297727272727273 0.07411764705882352 0.03772727272727273
1 0.5167647058823529 0.6115909090909091 0.11235294117647059 0.03409090909090909
1 0.4052941176470588 0.9261363636363636 0.05647058823529412 0.038636363636363635
1 0.8323529411764706 0.8634090909090909 0.05176470588235294 0.038636363636363635
1 0.3770588235294118 0.6047727272727272 0.14470588235294118 0.03590909090909091
1 0.6517647058823529 0.685 0.13411764705882354 0.03636363636363636
1 0.39 0.7229545454545454 0.18705882352941178 0.038636363636363635
1 0.3079411764705882 0.03340909090909091 0.04647058823529412 0.022272727272727274
1 0.43117647058823527 0.41113636363636363 0.27058823529411763 0.03227272727272727
1 0.10029411764705883 0.6756818181818182 0.07 0.03954545454545454
1 0.10647058823529412 0.44522727272727275 0.09058823529411765 0.03772727272727273
1 0.10411764705882352 0.3597727272727273 0.08588235294117647 0.03681818181818182
1 0.4538235294117647 0.7725 0.031176470588235295 0.03590909090909091
1 0.6070588235294118 0.7275 0.11764705882352941 0.035
1 0.14088235294117646 0.9229545454545455 0.05 0.038636363636363635
1 0.32029411764705884 0.9236363636363636 0.06294117647058824 0.03727272727272727
1 0.14294117647058824 0.855909090909091 0.05176470588235294 0.03909090909090909
1 0.4002941176470588 0.5195454545454545 0.19 0.038181818181818185
1 0.10235294117647059 0.5154545454545455 0.0811764705882353 0.03636363636363636
1 0.23970588235294119 0.8561363636363636 0.061764705882352944 0.03772727272727273
1 0.23294117647058823 0.9227272727272727 0.05529411764705883 0.03727272727272727
1 0.36411764705882355 0.7686363636363637 0.1376470588235294 0.035454545454545454
1 0.7488235294117647 0.9279545454545455 0.05529411764705883 0.03772727272727273
1 0.5229411764705882 0.7713636363636364 0.08705882352941176 0.03363636363636364
1 0.6467647058823529 0.41 0.13705882352941176 0.038181818181818185
1 0.6102941176470589 0.37136363636363634 0.13823529411764707 0.038181818181818185
1 0.405 0.8588636363636364 0.057058823529411766 0.03772727272727273
1 0.5797058823529412 0.9272727272727272 0.06647058823529411 0.038181818181818185
1 0.5841176470588235 0.525 0.13176470588235295 0.034545454545454546
1 0.42823529411764705 0.5672727272727273 0.2388235294117647 0.03636363636363636
1 0.5682352941176471 0.8602272727272727 0.041176470588235294 0.04045454545454545
1 0.10205882352941177 0.4018181818181818 0.08529411764705883 0.03636363636363636
1 0.0961764705882353 0.5636363636363636 0.07705882352941176 0.03636363636363636
1 0.49411764705882355 0.9288636363636363 0.06470588235294118 0.038636363636363635
1 0.66 0.86 0.052941176470588235 0.03909090909090909
1 0.10647058823529412 0.7588636363636364 0.07529411764705882 0.035
1 0.10411764705882352 0.7197727272727272 0.07411764705882352 0.03772727272727273
1 0.5014705882352941 0.4597727272727273 0.08647058823529412 0.03318181818181818
1 0.48323529411764704 0.8547727272727272 0.04176470588235294 0.03954545454545454
1 0.415 0.3663636363636364 0.2288235294117647 0.03909090909090909
1 0.5147058823529411 0.7286363636363636 0.03529411764705882 0.034545454545454546
1 0.10235294117647059 0.6029545454545454 0.08470588235294117 0.03590909090909091
1 0.6761764705882353 0.9268181818181818 0.0711764705882353 0.03727272727272727
1 0.32735294117647057 0.8590909090909091 0.06294117647058824 0.03909090909090909
1 0.3770588235294118 0.4590909090909091 0.14941176470588236 0.03363636363636364
1 0.6376470588235295 0.571590909090909 0.1564705882352941 0.03590909090909091
1 0.5902941176470589 0.03772727272727273 0.11470588235294117 0.02727272727272727