1 0.4361764705882353 0.6802272727272727 0.21588235294117647 0.04045454545454545
1 0.5726470588235294 0.6145454545454545 0.026470588235294117 0.03636363636363636
1 0.7585294117647059 0.8625 0.05941176470588235 0.04409090909090909
1 0.8470588235294118 0.9252272727272727 0.06705882352941177 0.03954545454545454
1 0.41352941176470587 0.9263636363636364 0.0611764705882353 0.03727272727272727
1 0.37529411764705883 0.6127272727272727 0.13647058823529412 0.03909090909090909
1 0.5155882352941177 0.40636363636363637 0.16647058823529412 0.03909090909090909
1 0.668235294117647 0.6754545454545454 0.20823529411764705 0.04090909090909091
1 0.315 0.03409090909090909 0.03705882352941176 0.026363636363636363
1 0.741764705882353 0.5281818181818182 0.03411764705882353 0.034545454545454546
1 0.36970588235294116 0.40545454545454546 0.11705882352941177 0.03636363636363636
1 0.11705882352941177 0.6797727272727273 0.07294117647058823 0.03681818181818182
1 0.42705882352941177 0.7231818181818181 0.20588235294117646 0.03727272727272727
1 0.6802941176470588 0.5684090909090909 0.027647058823529413 0.03318181818181818
1 0.10058823529411764 0.365 0.07882352941176471 0.035454545454545454
1 0.12411764705882353 0.4572727272727273 0.0976470588235294 0.05
1 0.6258823529411764 0.7218181818181818 0.15529411764705883 0.03636363636363636
1 0.15911764705882353 0.9238636363636363 0.06294117647058824 0.04045454545454545
1 0.7514705882352941 0.5690909090909091 0.10882352941176471 0.03363636363636364
1 0.3376470588235294 0.9238636363636363 0.06941176470588235 0.038636363636363635
1 0.16147058823529412 0.8561363636363636 0.06529411764705882 0.038636363636363635
1 0.43911764705882356 0.5265909090909091 0.2311764705882353 0.03772727272727273
1 0.10235294117647059 0.5213636363636364 0.07882352941176471 0.034545454545454546
1 0.6373529411764706 0.6115909090909091 0.0888235294117647 0.03227272727272727
1 0.24558823529411763 0.8577272727272728 0.05941176470588235 0.03727272727272727
1 0.6420588235294118 0.5229545454545454 0.15705882352941178 0.04045454545454545
1 0.2461764705882353 0.9238636363636363 0.05941176470588235 0.038636363636363635
1 0.3905882352941176 0.7679545454545454 0.1411764705882353 0.035
1 0.7629411764705882 0.9265909090909091 0.06235294117647059 0.03772727272727273
1 0.5441176470588235 0.7684090909090909 0.12470588235294118 0.035
1 0.6573529411764706 0.45431818181818184 0.07470588235294118 0.03227272727272727
1 0.6797058823529412 0.37022727272727274 0.04294117647058823 0.038636363636363635
1 0.5526470588235294 0.36522727272727273 0.18058823529411766 0.03772727272727273
1 0.4158823529411765 0.8586363636363636 0.05647058823529412 0.038181818181818185
1 0.5870588235294117 0.9306818181818182 0.05764705882352941 0.04409090909090909
1 0.11058823529411765 0.5665909090909091 0.08588235294117647 0.03681818181818182
1 0.40794117647058825 0.5659090909090909 0.20529411764705882 0.03727272727272727
1 0.586764705882353 0.46 0.028823529411764706 0.034545454545454546
1 0.49 0.45431818181818184 0.10470588235294118 0.03590909090909091
1 0.5941176470588235 0.86 0.06705882352941177 0.04
1 0.10058823529411764 0.4056818181818182 0.08588235294117647 0.03772727272727273
1 0.5932352941176471 0.5672727272727273 0.1323529411764706 0.034545454545454546
1 0.5573529411764706 0.037954545454545456 0.09352941176470589 0.021363636363636362
1 0.6429411764705882 0.4088636363636364 0.03058823529411765 0.03590909090909091
1 0.7314705882352941 0.4106818181818182 0.09941176470588235 0.035
1 0.5055882352941177 0.925 0.06294117647058824 0.03909090909090909
1 0.8423529411764706 0.8593181818181819 0.05176470588235294 0.03954545454545454
1 0.673235294117647 0.8625 0.057058823529411766 0.04772727272727273
1 0.7691176470588236 0.3638636363636364 0.09823529411764706 0.035
1 0.8205882352941176 0.5265909090909091 0.09529411764705882 0.03227272727272727
1 0.3635294117647059 0.4531818181818182 0.0976470588235294 0.03636363636363636
1 0.11764705882352941 0.7684090909090909 0.07647058823529412 0.03590909090909091
1 0.11588235294117646 0.7272727272727273 0.07294117647058823 0.03727272727272727
1 0.5020588235294118 0.860909090909091 0.06411764705882353 0.038181818181818185
1 0.39294117647058824 0.3643181818181818 0.11529411764705882 0.045
1 0.5026470588235294 0.6134090909090909 0.10176470588235294 0.03318181818181818
1 0.10852941176470589 0.6052272727272727 0.08294117647058824 0.03772727272727273
1 0.6735294117647059 0.925 0.05529411764705883 0.038181818181818185
1 0.33852941176470586 0.8572727272727273 0.06764705882352941 0.04