1 0.3941176470588235 0.6825 0.17294117647058824 0.03772727272727273
1 0.57 0.6834090909090909 0.1411764705882353 0.03590909090909091
1 0.39323529411764707 0.5213636363636364 0.13 0.03636363636363636
1 0.7602941176470588 0.860909090909091 0.060588235294117644 0.03727272727272727
1 0.8435294117647059 0.9270454545454545 0.06470588235294118 0.03954545454545454
1 0.558235294117647 0.615 0.12352941176470589 0.035454545454545454
1 0.5438235294117647 0.525 0.1323529411764706 0.04
1 0.8464705882352941 0.8638636363636364 0.06588235294117648 0.038636363636363635
1 0.39794117647058824 0.6115909090909091 0.15470588235294117 0.03590909090909091
1 0.7108823529411765 0.7727272727272727 0.07 0.03272727272727273
1 0.4235294117647059 0.4506818181818182 0.1635294117647059 0.03772727272727273
1 0.6670588235294118 0.6861363636363637 0.03764705882352941 0.03590909090909091
1 0.42470588235294116 0.7261363636363637 0.24235294117647058 0.03772727272727273
1 0.78 0.4084090909090909 0.03294117647058824 0.03681818181818182
1 0.445 0.4081818181818182 0.22176470588235295 0.03727272727272727
1 0.08558823529411765 0.45227272727272727 0.06764705882352941 0.034545454545454546
1 0.758235294117647 0.5734090909090909 0.03176470588235294 0.03318181818181818
1 0.09558823529411764 0.365 0.07941176470588235 0.034545454545454546
1 0.6561764705882352 0.7286363636363636 0.18764705882352942 0.03909090909090909
1 0.15911764705882353 0.9222727272727272 0.06411764705882353 0.03727272727272727
1 0.8247058823529412 0.5713636363636364 0.07529411764705882 0.034545454545454546
1 0.415 0.9252272727272727 0.06294117647058824 0.038636363636363635
1 0.15294117647058825 0.8570454545454546 0.058823529411764705 0.03954545454545454
1 0.77 0.7325 0.041176470588235294 0.035
1 0.10705882352941176 0.5206818181818181 0.09176470588235294 0.03318181818181818
1 0.82 0.36977272727272725 0.08941176470588236 0.03227272727272727
1 0.24764705882352941 0.9243181818181818 0.06588235294117648 0.038636363636363635
1 0.38794117647058823 0.7736363636363637 0.15823529411764706 0.03727272727272727
1 0.7605882352941177 0.9263636363636364 0.06235294117647059 0.03909090909090909
1 0.2873529411764706 0.03272727272727273 0.0488235294117647 0.028181818181818183
1 0.5388235294117647 0.7734090909090909 0.11764705882352941 0.03772727272727273
1 0.6467647058823529 0.40704545454545454 0.1652941176470588 0.03227272727272727
1 0.6476470588235295 0.36818181818181817 0.1811764705882353 0.034545454545454546
1 0.41823529411764704 0.8588636363636364 0.0611764705882353 0.03772727272727273
1 0.5894117647058823 0.9270454545454545 0.05764705882352941 0.03681818181818182
1 0.43823529411764706 0.5672727272727273 0.22 0.038181818181818185
1 0.633235294117647 0.5268181818181819 0.03823529411764706 0.034545454545454546
1 0.5891176470588235 0.8588636363636364 0.06529411764705882 0.038636363636363635
1 0.08588235294117647 0.4084090909090909 0.07529411764705882 0.035
1 0.10970588235294118 0.5677272727272727 0.08176470588235295 0.03363636363636364
1 0.6467647058823529 0.5672727272727273 0.1652941176470588 0.03727272727272727
1 0.5694117647058824 0.04022727272727273 0.12 0.022272727272727274
1 0.7517647058823529 0.45681818181818185 0.06588235294117648 0.03
1 0.6717647058823529 0.8588636363636364 0.05176470588235294 0.03954545454545454
1 0.8447058823529412 0.7284090909090909 0.09058823529411765 0.03590909090909091
1 0.11176470588235295 0.6825 0.08470588235294117 0.03409090909090909
1 0.7564705882352941 0.37386363636363634 0.03176470588235294 0.03681818181818182
1 0.6085294117647059 0.4525 0.14176470588235293 0.03772727272727273
1 0.638235294117647 0.7770454545454546 0.036470588235294116 0.03409090909090909
1 0.4976470588235294 0.8588636363636364 0.05058823529411765 0.038636363636363635
1 0.6958823529411765 0.5254545454545455 0.06941176470588235 0.031818181818181815
1 0.8632352941176471 0.4118181818181818 0.1111764705882353 0.03
1 0.4370588235294118 0.3663636363636364 0.21176470588235294 0.03909090909090909
1 0.11411764705882353 0.6075 0.10235294117647059 0.03681818181818182
1 0.6685294117647059 0.9275 0.05823529411764706 0.03954545454545454
1 0.32941176470588235 0.8561363636363636 0.06588235294117648 0.038636363636363635
1 0.7867647058823529 0.6838636363636363 0.08176470588235295 0.035
1 0.7038235294117647 0.4590909090909091 0.028823529411764706 0.031818181818181815
1 0.6705882352941176 0.6240909090909091 0.03411764705882353 0.03272727272727273
1 0.7270588235294118 0.6193181818181818 0.06235294117647059 0.041363636363636366
1 0.24 0.86 0.06470588235294118 0.03727272727272727
1 0.32235294117647056 0.9279545454545455 0.05764705882352941 0.03954545454545454