1 0.39647058823529413 0.6852272727272727 0.1811764705882353 0.03409090909090909
1 0.7576470588235295 0.8631818181818182 0.05529411764705883 0.03909090909090909
1 0.8502941176470589 0.9275 0.07470588235294118 0.04045454545454545
1 0.4082352941176471 0.9268181818181818 0.05647058823529412 0.038181818181818185
1 0.5314705882352941 0.53 0.10882352941176471 0.035454545454545454
1 0.8547058823529412 0.8627272727272727 0.07411764705882352 0.04090909090909091
1 0.37823529411764706 0.6161363636363636 0.1588235294117647 0.03409090909090909
1 0.648235294117647 0.7688636363636364 0.07176470588235294 0.030454545454545453
1 0.41058823529411764 0.7270454545454546 0.21058823529411766 0.03590909090909091
1 0.4073529411764706 0.4106818181818182 0.2111764705882353 0.03772727272727273
1 0.1126470588235294 0.6859090909090909 0.09705882352941177 0.03636363636363636
1 0.6829411764705883 0.6861363636363637 0.07882352941176471 0.03318181818181818
1 0.09470588235294118 0.36727272727272725 0.09176470588235294 0.034545454545454546
1 0.10205882352941177 0.4527272727272727 0.09117647058823529 0.03727272727272727
1 0.16029411764705884 0.9256818181818182 0.06411764705882353 0.038636363636363635
1 0.7823529411764706 0.7281818181818182 0.09294117647058824 0.03363636363636364
1 0.3297058823529412 0.9277272727272727 0.06647058823529411 0.03727272727272727
1 0.16058823529411764 0.8568181818181818 0.06 0.038181818181818185
1 0.716764705882353 0.7311363636363636 0.031176470588235295 0.03318181818181818
1 0.5732352941176471 0.4547727272727273 0.033529411764705884 0.03681818181818182
1 0.3911764705882353 0.5268181818181819 0.17294117647058824 0.03727272727272727
1 0.09176470588235294 0.5275 0.07764705882352942 0.03409090909090909
1 0.2388235294117647 0.8588636363636364 0.05411764705882353 0.03772727272727273
1 0.6241176470588236 0.6936363636363636 0.03764705882352941 0.031818181818181815
1 0.24529411764705883 0.9259090909090909 0.06 0.03727272727272727
1 0.38294117647058823 0.7704545454545455 0.1564705882352941 0.03363636363636364
1 0.7579411764705882 0.93 0.05941176470588235 0.03909090909090909
1 0.2858823529411765 0.035227272727272725 0.047058823529411764 0.028636363636363637
1 0.5223529411764706 0.7704545454545455 0.10235294117647059 0.031818181818181815
1 0.6376470588235295 0.4552272727272727 0.0976470588235294 0.029545454545454545
1 0.41294117647058826 0.8606818181818182 0.05058823529411765 0.03772727272727273
1 0.5885294117647059 0.9272727272727272 0.060588235294117644 0.03727272727272727
1 0.41205882352941176 0.5690909090909091 0.22411764705882353 0.03272727272727273
1 0.5882352941176471 0.8620454545454546 0.05764705882352941 0.03954545454545454
1 0.095 0.40954545454545455 0.09 0.03636363636363636
1 0.09794117647058824 0.5656818181818182 0.08058823529411764 0.035
1 0.5908823529411765 0.5679545454545455 0.1264705882352941 0.03409090909090909
1 0.5508823529411765 0.04045454545454545 0.0888235294117647 0.02181818181818182
1 0.585 0.4106818181818182 0.1323529411764706 0.035
1 0.7494117647058823 0.4122727272727273 0.12117647058823529 0.03272727272727273
1 0.4985294117647059 0.928409090909091 0.06529411764705882 0.038636363636363635
1 0.6776470588235294 0.86 0.06705882352941177 0.03636363636363636
1 0.5535294117647059 0.37 0.12470588235294118 0.034545454545454546
1 0.37 0.4593181818181818 0.14 0.02772727272727273
1 0.10058823529411764 0.7688636363636364 0.09176470588235294 0.03590909090909091
1 0.10264705882352941 0.7252272727272727 0.09470588235294118 0.03681818181818182
1 0.705 0.37227272727272726 0.10411764705882352 0.03090909090909091
1 0.4985294117647059 0.45590909090909093 0.11235294117647059 0.034545454545454546
1 0.5914705882352941 0.7747727272727273 0.031176470588235295 0.03409090909090909
1 0.5044117647058823 0.8586363636363636 0.05941176470588235 0.03727272727272727
1 0.61 0.7288636363636364 0.17176470588235293 0.03227272727272727
1 0.5461764705882353 0.6854545454545454 0.12058823529411765 0.035454545454545454
1 0.10205882352941177 0.6095454545454545 0.0888235294117647 0.03636363636363636
1 0.6741176470588235 0.9277272727272727 0.06235294117647059 0.038181818181818185
1 0.33147058823529413 0.8595454545454545 0.05823529411764706 0.038181818181818185
1 0.3952941176470588 0.3679545454545455 0.1952941176470588 0.038636363636363635
1 0.6355882352941177 0.3756818181818182 0.039411764705882354 0.029545454545454545
1 0.6711764705882353 0.41113636363636363 0.03529411764705882 0.03681818181818182
1 0.5017647058823529 0.6165909090909091 0.08705882352941176 0.03590909090909091