1 0.37970588235294117 0.6770454545454545 0.14529411764705882 0.03954545454545454
1 0.5347058823529411 0.6788636363636363 0.10705882352941176 0.03590909090909091
1 0.7511764705882353 0.8595454545454545 0.052941176470588235 0.04727272727272727
1 0.8420588235294117 0.9286363636363636 0.0688235294117647 0.03909090909090909
1 0.5511764705882353 0.6088636363636364 0.03058823529411765 0.03318181818181818
1 0.39794117647058824 0.9243181818181818 0.0488235294117647 0.041363636363636366
1 0.49411764705882355 0.5197727272727273 0.1223529411764706 0.03772727272727273
1 0.8435294117647059 0.8654545454545455 0.07058823529411765 0.03727272727272727
1 0.35323529411764704 0.6068181818181818 0.09823529411764706 0.034545454545454546
1 0.6717647058823529 0.8556818181818182 0.06705882352941177 0.04409090909090909
1 0.4491176470588235 0.44931818181818184 0.08529411764705883 0.03318181818181818
1 0.36617647058823527 0.40454545454545454 0.10647058823529412 0.034545454545454546
1 0.09558823529411764 0.6745454545454546 0.06529411764705882 0.03636363636363636
1 0.09529411764705882 0.4434090909090909 0.05764705882352941 0.03409090909090909
1 0.3985294117647059 0.7218181818181818 0.18294117647058825 0.038181818181818185
1 0.10058823529411764 0.36204545454545456 0.05764705882352941 0.035
1 0.5882352941176471 0.7225 0.13647058823529412 0.03590909090909091
1 0.14647058823529413 0.9213636363636364 0.05058823529411765 0.04090909090909091
1 0.3211764705882353 0.9225 0.05764705882352941 0.04045454545454545
1 0.15235294117647058 0.8536363636363636 0.05529411764705883 0.04
1 0.5152941176470588 0.5659090909090909 0.13058823529411764 0.035454545454545454
1 0.36970588235294116 0.519090909090909 0.11470588235294117 0.038181818181818185
1 0.11176470588235295 0.5143181818181818 0.05529411764705883 0.03409090909090909
1 0.6070588235294118 0.6088636363636364 0.0611764705882353 0.030454545454545453
1 0.24 0.8552272727272727 0.0611764705882353 0.038636363636363635
1 0.6144117647058823 0.5684090909090909 0.027647058823529413 0.03409090909090909
1 0.23176470588235293 0.92 0.05411764705882353 0.04090909090909091
1 0.3638235294117647 0.765 0.1264705882352941 0.03636363636363636
1 0.7544117647058823 0.9268181818181818 0.06764705882352941 0.03909090909090909
1 0.33 0.026590909090909092 0.0611764705882353 0.023181818181818182
1 0.49470588235294116 0.7663636363636364 0.09529411764705882 0.034545454545454546
1 0.4097058823529412 0.8565909090909091 0.05823529411764706 0.03954545454545454
1 0.5779411764705882 0.9263636363636364 0.051176470588235295 0.04454545454545455
1 0.375 0.5634090909090909 0.12764705882352942 0.03590909090909091
1 0.4602941176470588 0.6065909090909091 0.11235294117647059 0.035
1 0.5747058823529412 0.8575 0.05411764705882353 0.04318181818181818
1 0.09470588235294118 0.40204545454545454 0.052941176470588235 0.03409090909090909
1 0.11147058823529411 0.5588636363636363 0.060588235294117644 0.03409090909090909
1 0.49823529411764705 0.3634090909090909 0.09294117647058824 0.035
1 0.5935294117647059 0.5315909090909091 0.03058823529411765 0.031363636363636364
1 0.6814705882352942 0.5693181818181818 0.08411764705882353 0.03409090909090909
1 0.4958823529411765 0.9245454545454546 0.06352941176470588 0.04090909090909091
1 0.3538235294117647 0.44931818181818184 0.08176470588235295 0.03409090909090909
1 0.0961764705882353 0.7613636363636364 0.07235294117647059 0.034545454545454546
1 0.6641176470588235 0.5245454545454545 0.0811764705882353 0.034545454545454546
1 0.4814705882352941 0.40704545454545454 0.1111764705882353 0.03409090909090909
1 0.5029411764705882 0.8581818181818182 0.07294117647058823 0.04090909090909091
1 0.3785294117647059 0.36113636363636364 0.10882352941176471 0.03772727272727273
1 0.1126470588235294 0.6043181818181819 0.057058823529411766 0.03318181818181818
1 0.6608823529411765 0.9259090909090909 0.05588235294117647 0.042727272727272725
1 0.31529411764705884 0.8531818181818182 0.04823529411764706 0.04
1 0.09411764705882353 0.72 0.06588235294117648 0.034545454545454546
1 0.5726470588235294 0.029545454545454545 0.11352941176470588 0.022727272727272728