1 0.3935294117647059 0.6861363636363637 0.18705882352941178 0.030454545454545453
1 0.5761764705882353 0.6875 0.15235294117647058 0.03409090909090909
1 0.7558823529411764 0.8613636363636363 0.06470588235294118 0.04
1 0.8444117647058823 0.9275 0.07588235294117647 0.041363636363636366
1 0.41411764705882353 0.9275 0.06705882352941177 0.04045454545454545
1 0.09588235294117647 0.5245454545454545 0.06352941176470588 0.03636363636363636
1 0.48823529411764705 0.5781818181818181 0.03294117647058824 0.03363636363636364
1 0.35205882352941176 0.62 0.11470588235294117 0.034545454545454546
1 0.6794117647058824 0.7813636363636364 0.0611764705882353 0.02909090909090909
1 0.4173529411764706 0.41613636363636364 0.23588235294117646 0.03954545454545454
1 0.10558823529411765 0.4147727272727273 0.09117647058823529 0.03772727272727273
1 0.3973529411764706 0.7275 0.2076470588235294 0.03681818181818182
1 0.09911764705882353 0.6840909090909091 0.07823529411764706 0.035454545454545454
1 0.10882352941176471 0.455 0.08705882352941176 0.03636363636363636
1 0.1126470588235294 0.365 0.09823529411764706 0.03727272727272727
1 0.585 0.735909090909091 0.18529411764705883 0.03636363636363636
1 0.15441176470588236 0.9236363636363636 0.06647058823529411 0.042727272727272725
1 0.7641176470588236 0.7290909090909091 0.07647058823529412 0.03363636363636364
1 0.32294117647058823 0.9286363636363636 0.0611764705882353 0.04
1 0.16264705882352942 0.8538636363636364 0.07352941176470588 0.04318181818181818
1 0.24088235294117646 0.8581818181818182 0.061764705882352944 0.042727272727272725
1 0.24205882352941177 0.9240909090909091 0.06764705882352941 0.04
1 0.37470588235294117 0.7793181818181818 0.16823529411764707 0.03954545454545454
1 0.755 0.9279545454545455 0.06294117647058824 0.03954545454545454
1 0.535 0.7790909090909091 0.14882352941176472 0.031818181818181815
1 0.6 0.4168181818181818 0.12117647058823529 0.03909090909090909
1 0.41794117647058826 0.8568181818181818 0.07235294117647059 0.04
1 0.10852941176470589 0.6120454545454546 0.0488235294117647 0.038636363636363635
1 0.385 0.5331818181818182 0.15 0.038181818181818185
1 0.5514705882352942 0.5295454545454545 0.09470588235294118 0.03272727272727273
1 0.48705882352941177 0.6211363636363636 0.08352941176470588 0.030454545454545453
1 0.5932352941176471 0.8611363636363636 0.0711764705882353 0.042272727272727274
1 0.10470588235294118 0.5625 0.05764705882352941 0.03590909090909091
1 0.5476470588235294 0.5725 0.08588235294117647 0.03318181818181818
1 0.5605882352941176 0.03954545454545454 0.09529411764705882 0.02090909090909091
1 0.5011764705882353 0.9272727272727272 0.07058823529411765 0.04
1 0.8411764705882353 0.8588636363636364 0.07529411764705882 0.04318181818181818
1 0.6802941176470588 0.8579545454545454 0.07 0.042272727272727274
1 0.5632352941176471 0.3734090909090909 0.11705882352941177 0.03590909090909091
1 0.37558823529411767 0.46136363636363636 0.1723529411764706 0.035454545454545454
1 0.09235294117647058 0.7647727272727273 0.07764705882352942 0.035
1 0.0988235294117647 0.7252272727272727 0.08 0.038636363636363635
1 0.5147058823529411 0.4565909090909091 0.08705882352941176 0.03227272727272727
1 0.4979411764705882 0.8595454545454545 0.061764705882352944 0.04363636363636364
1 0.4032352941176471 0.3663636363636364 0.17588235294117646 0.03727272727272727
1 0.5997058823529412 0.9286363636363636 0.061764705882352944 0.045454545454545456
1 0.33 0.8581818181818182 0.06705882352941177 0.04090909090909091
1 0.6979411764705883 0.7381818181818182 0.028823529411764706 0.03363636363636364
1 0.735 0.6895454545454546 0.07235294117647059 0.03363636363636364
1 0.6364705882352941 0.7897727272727273 0.03058823529411765 0.02772727272727273
1 0.6852941176470588 0.6990909090909091 0.03529411764705882 0.03272727272727273
1 0.37941176470588234 0.5736363636363636 0.17294117647058824 0.04090909090909091
1 0.4923529411764706 0.5368181818181819 0.04352941176470588 0.034545454545454546
1 0.30823529411764705 0.03636363636363636 0.042352941176470586 0.026363636363636363
1 0.4285294117647059 0.6256818181818182 0.03235294117647059 0.02590909090909091
1 0.67 0.9277272727272727 0.06352941176470588 0.04818181818181818