1 0.7661764705882353 0.8556818181818182 0.07235294117647059 0.045
1 0.8558823529411764 0.9220454545454545 0.07647058823529412 0.04772727272727273
1 0.42058823529411765 0.9209090909090909 0.06235294117647059 0.038181818181818185
1 0.5420588235294118 0.5670454545454545 0.1288235294117647 0.035
1 0.35676470588235293 0.6163636363636363 0.12294117647058823 0.02727272727272727
1 0.6814705882352942 0.8538636363636364 0.061764705882352944 0.04409090909090909
1 0.44823529411764707 0.6793181818181818 0.2858823529411765 0.03227272727272727
1 0.42264705882352943 0.4090909090909091 0.23588235294117646 0.03
1 0.10970588235294118 0.6752272727272727 0.0711764705882353 0.03590909090909091
1 0.38029411764705884 0.7211363636363637 0.15235294117647058 0.03681818181818182
1 0.7282352941176471 0.535 0.03764705882352941 0.045454545454545456
1 0.11323529411764706 0.36477272727272725 0.07 0.03409090909090909
1 0.10529411764705883 0.44386363636363635 0.07058823529411765 0.03409090909090909
1 0.5444117647058824 0.7290909090909091 0.1535294117647059 0.025454545454545455
1 0.16323529411764706 0.9188636363636363 0.06294117647058824 0.041363636363636366
1 0.8141176470588235 0.5252272727272728 0.12 0.03409090909090909
1 0.3411764705882353 0.9197727272727273 0.06705882352941177 0.03954545454545454
1 0.1661764705882353 0.8513636363636363 0.06764705882352941 0.04090909090909091
1 0.7158823529411765 0.6854545454545454 0.2164705882352941 0.03636363636363636
1 0.41705882352941176 0.5184090909090909 0.21529411764705883 0.038636363636363635
1 0.11147058823529411 0.5188636363636364 0.07941176470588235 0.03409090909090909
1 0.25323529411764706 0.8547727272727272 0.0688235294117647 0.042272727272727274
1 0.6164705882352941 0.5243181818181818 0.17176470588235293 0.029545454545454545
1 0.25029411764705883 0.9211363636363636 0.07 0.041363636363636366
1 0.3729411764705882 0.7684090909090909 0.13647058823529412 0.029545454545454545
1 0.763235294117647 0.9279545454545455 0.07470588235294118 0.055
1 0.5211764705882352 0.7638636363636364 0.13411764705882354 0.03590909090909091
1 0.6794117647058824 0.4652272727272727 0.03529411764705882 0.03227272727272727
1 0.6511764705882352 0.36704545454545456 0.16470588235294117 0.03681818181818182
1 0.5952941176470589 0.4552272727272727 0.11294117647058824 0.038636363636363635
1 0.42264705882352943 0.8554545454545455 0.06764705882352941 0.042727272727272725
1 0.5952941176470589 0.9268181818181818 0.0611764705882353 0.045454545454545456
1 0.38323529411764706 0.5681818181818182 0.15705882352941178 0.03636363636363636
1 0.4688235294117647 0.6079545454545454 0.10352941176470588 0.03318181818181818
1 0.595 0.8590909090909091 0.07235294117647059 0.04454545454545455
1 0.10676470588235294 0.4040909090909091 0.0711764705882353 0.03363636363636364
1 0.11147058823529411 0.5681818181818182 0.06764705882352941 0.034545454545454546
1 0.6064705882352941 0.41659090909090907 0.12588235294117647 0.022272727272727274
1 0.7411764705882353 0.4506818181818182 0.07411764705882352 0.031363636363636364
1 0.5085294117647059 0.9222727272727272 0.0711764705882353 0.04090909090909091
1 0.8514705882352941 0.8547727272727272 0.0711764705882353 0.041363636363636366
1 0.7661764705882353 0.37795454545454543 0.04294117647058823 0.04863636363636364
1 0.10147058823529412 0.7622727272727273 0.061764705882352944 0.03363636363636364
1 0.10470588235294118 0.7209090909090909 0.06823529411764706 0.035454545454545454
1 0.5079411764705882 0.8554545454545455 0.09 0.03909090909090909
1 0.8564705882352941 0.37068181818181817 0.11647058823529412 0.03590909090909091
1 0.5852941176470589 0.6140909090909091 0.06705882352941177 0.024545454545454544
1 0.4364705882352941 0.36477272727272725 0.25176470588235295 0.03772727272727273
1 0.10588235294117647 0.6056818181818182 0.0811764705882353 0.03590909090909091
1 0.6835294117647058 0.9220454545454545 0.08235294117647059 0.041363636363636366
1 0.3373529411764706 0.8545454545454545 0.06647058823529411 0.04
1 0.4164705882352941 0.45295454545454544 0.23411764705882354 0.03590909090909091
1 0.6744117647058824 0.5711363636363637 0.08411764705882353 0.030454545454545453
1 0.2832352941176471 0.028636363636363637 0.027647058823529413 0.01818181818181818
1 0.3388235294117647 0.029545454545454545 0.06470588235294118 0.022727272727272728
1 0.5558823529411765 0.03772727272727273 0.07764705882352942 0.024545454545454544
1 0.6808823529411765 0.4159090909090909 0.022941176470588236 0.025454545454545455
1 0.7391176470588235 0.41704545454545455 0.09470588235294118 0.02409090909090909
1 0.6238235294117647 0.5756818181818182 0.022941176470588236 0.02590909090909091
1 0.5405882352941176 0.6215909090909091 0.02235294117647059 0.025