1 0.3629411764705882 0.6797727272727273 0.13529411764705881 0.03772727272727273
1 0.7482352941176471 0.8663636363636363 0.05647058823529412 0.03727272727272727
1 0.8385294117647059 0.9272727272727272 0.06411764705882353 0.03727272727272727
1 0.40058823529411763 0.9268181818181818 0.04941176470588235 0.03727272727272727
1 0.8355882352941176 0.8622727272727273 0.05352941176470588 0.03727272727272727
1 0.3635294117647059 0.6170454545454546 0.12941176470588237 0.03681818181818182
1 0.6285294117647059 0.7697727272727273 0.051176470588235295 0.031363636363636364
1 0.38323529411764706 0.4572727272727273 0.16411764705882353 0.035454545454545454
1 0.39588235294117646 0.7270454545454546 0.2023529411764706 0.038636363636363635
1 0.42176470588235293 0.4109090909090909 0.24705882352941178 0.03090909090909091
1 0.08823529411764706 0.6818181818181818 0.07058823529411765 0.03636363636363636
1 0.09294117647058824 0.3640909090909091 0.07764705882352942 0.034545454545454546
1 0.09058823529411765 0.4511363636363636 0.07882352941176471 0.03681818181818182
1 0.5011764705882353 0.7736363636363637 0.10941176470588235 0.035454545454545454
1 0.5914705882352941 0.7234090909090909 0.1652941176470588 0.03772727272727273
1 0.14058823529411765 0.9238636363636363 0.04941176470588235 0.04045454545454545
1 0.7808823529411765 0.7222727272727273 0.08411764705882353 0.03636363636363636
1 0.32529411764705884 0.9272727272727272 0.06 0.03727272727272727
1 0.155 0.8597727272727272 0.05941176470588235 0.038636363636363635
1 0.706764705882353 0.7231818181818181 0.03823529411764706 0.035454545454545454
1 0.375 0.5252272727272728 0.1711764705882353 0.03409090909090909
1 0.09382352941176471 0.5209090909090909 0.07941176470588235 0.034545454545454546
1 0.23205882352941176 0.8563636363636363 0.0488235294117647 0.038181818181818185
1 0.6273529411764706 0.6840909090909091 0.033529411764705884 0.034545454545454546
1 0.2288235294117647 0.9227272727272727 0.04941176470588235 0.03909090909090909
1 0.36176470588235293 0.7702272727272728 0.13176470588235295 0.03590909090909091
1 0.7502941176470588 0.9306818181818182 0.05941176470588235 0.03772727272727273
1 0.2926470588235294 0.034545454545454546 0.04294117647058823 0.024545454545454544
1 0.6623529411764706 0.4088636363636364 0.19176470588235295 0.03954545454545454
1 0.5932352941176471 0.3675 0.1535294117647059 0.035
1 0.40558823529411764 0.8595454545454545 0.05235294117647059 0.03909090909090909
1 0.575 0.9252272727272727 0.05235294117647059 0.03772727272727273
1 0.40147058823529413 0.5722727272727273 0.21 0.038181818181818185
1 0.5567647058823529 0.5261363636363636 0.13 0.03590909090909091
1 0.4988235294117647 0.6090909090909091 0.13176470588235295 0.034545454545454546
1 0.5835294117647059 0.7784090909090909 0.027058823529411764 0.03409090909090909
1 0.09205882352941176 0.4059090909090909 0.08176470588235295 0.03636363636363636
1 0.09117647058823529 0.5670454545454545 0.07764705882352942 0.035
1 0.6155882352941177 0.5675 0.19941176470588234 0.03954545454545454
1 0.5488235294117647 0.03909090909090909 0.08823529411764706 0.022727272727272728
1 0.4923529411764706 0.9270454545454545 0.05764705882352941 0.03954545454545454
1 0.6661764705882353 0.8634090909090909 0.05588235294117647 0.03772727272727273
1 0.5367647058823529 0.6863636363636364 0.11 0.04090909090909091
1 0.08735294117647059 0.7670454545454546 0.07352941176470588 0.03590909090909091
1 0.08558823529411765 0.7247727272727272 0.06764705882352941 0.03681818181818182
1 0.5379411764705883 0.45840909090909093 0.11705882352941177 0.035
1 0.48764705882352943 0.86 0.047058823529411764 0.038181818181818185
1 0.39176470588235296 0.3690909090909091 0.18823529411764706 0.035454545454545454
1 0.09176470588235294 0.6081818181818182 0.08235294117647059 0.03636363636363636
1 0.6626470588235294 0.9352272727272727 0.054705882352941174 0.038636363636363635
1 0.31323529411764706 0.8588636363636364 0.04647058823529412 0.038636363636363635
1 0.6888235294117647 0.6838636363636363 0.07411764705882352 0.03409090909090909
1 0.5823529411764706 0.8611363636363636 0.06705882352941177 0.03681818181818182