1 0.3538235294117647 0.6809090909090909 0.10411764705882352 0.035454545454545454
1 0.7564705882352941 0.860909090909091 0.052941176470588235 0.03636363636363636
1 0.8444117647058823 0.9263636363636364 0.05823529411764706 0.03727272727272727
1 0.4123529411764706 0.9263636363636364 0.05647058823529412 0.03636363636363636
1 0.48558823529411765 0.5270454545454546 0.09941176470588235 0.03409090909090909
1 0.8470588235294118 0.8615909090909091 0.0611764705882353 0.03681818181818182
1 0.3664705882352941 0.6168181818181818 0.1388235294117647 0.03727272727272727
1 0.6467647058823529 0.7261363636363637 0.10529411764705883 0.03318181818181818
1 0.4602941176470588 0.68 0.11470588235294117 0.035454545454545454
1 0.5832352941176471 0.6820454545454545 0.07941176470588235 0.03409090909090909
1 0.36617647058823527 0.730909090909091 0.13117647058823528 0.034545454545454546
1 0.4123529411764706 0.40954545454545455 0.22941176470588234 0.04090909090909091
1 0.1038235294117647 0.6786363636363636 0.08529411764705883 0.035454545454545454
1 0.10264705882352941 0.45 0.08647058823529412 0.03636363636363636
1 0.42970588235294116 0.7752272727272728 0.09117647058823529 0.03318181818181818
1 0.15294117647058825 0.9215909090909091 0.05411764705882353 0.038636363636363635
1 0.7305882352941176 0.5772727272727273 0.09176470588235294 0.03272727272727273
1 0.3270588235294118 0.9240909090909091 0.05529411764705883 0.038181818181818185
1 0.15764705882352942 0.8602272727272727 0.04941176470588235 0.03681818181818182
1 0.36676470588235294 0.5261363636363636 0.11941176470588236 0.03681818181818182
1 0.105 0.5222727272727272 0.09352941176470589 0.038181818181818185
1 0.24529411764705883 0.8565909090909091 0.05411764705882353 0.03681818181818182
1 0.24029411764705882 0.9229545454545455 0.05941176470588235 0.03772727272727273
1 0.7544117647058823 0.9265909090909091 0.05352941176470588 0.038636363636363635
1 0.09705882352941177 0.3638636363636364 0.08 0.035
1 0.5326470588235294 0.7754545454545455 0.09235294117647058 0.03272727272727273
1 0.6194117647058823 0.4156818181818182 0.1635294117647059 0.038636363636363635
1 0.4123529411764706 0.8579545454545454 0.04941176470588235 0.03772727272727273
1 0.5844117647058824 0.9259090909090909 0.05352941176470588 0.03727272727272727
1 0.10441176470588236 0.5663636363636364 0.07941176470588235 0.035454545454545454
1 0.49058823529411766 0.6181818181818182 0.09529411764705882 0.03363636363636364
1 0.5811764705882353 0.8618181818181818 0.04470588235294118 0.03727272727272727
1 0.09705882352941177 0.40545454545454546 0.0811764705882353 0.035454545454545454
1 0.6008823529411764 0.5761363636363637 0.13588235294117648 0.03409090909090909
1 0.5820588235294117 0.037954545454545456 0.08529411764705883 0.023181818181818182
1 0.5811764705882353 0.5281818181818182 0.07176470588235294 0.03363636363636364
1 0.7426470588235294 0.4184090909090909 0.06529411764705882 0.03318181818181818
1 0.5002941176470588 0.9256818181818182 0.05941176470588235 0.03772727272727273
1 0.6652941176470588 0.8631818181818182 0.04588235294117647 0.03909090909090909
1 0.4985294117647059 0.3690909090909091 0.09352941176470589 0.03363636363636364
1 0.36411764705882355 0.45431818181818184 0.13411764705882354 0.04318181818181818
1 0.09588235294117647 0.7625 0.07882352941176471 0.035
1 0.10352941176470588 0.7204545454545455 0.08823529411764706 0.03636363636363636
1 0.49117647058823527 0.46045454545454545 0.11058823529411765 0.034545454545454546
1 0.49970588235294117 0.8584090909090909 0.05823529411764706 0.038636363636363635
1 0.37676470588235295 0.3654545454545455 0.12058823529411765 0.03727272727272727
1 0.5179411764705882 0.7311363636363636 0.1535294117647059 0.035
1 0.10529411764705883 0.6047727272727272 0.0811764705882353 0.03590909090909091
1 0.6723529411764706 0.9254545454545454 0.05647058823529412 0.038181818181818185
1 0.3235294117647059 0.8547727272727272 0.04941176470588235 0.03772727272727273
1 0.31558823529411767 0.03363636363636364 0.04058823529411765 0.02727272727272727
1 0.5844117647058824 0.37204545454545457 0.057058823529411766 0.03409090909090909
1 0.5729411764705883 0.465 0.047058823529411764 0.03090909090909091
1 0.41 0.5693181818181818 0.22941176470588234 0.041363636363636366
1 0.5826470588235294 0.6204545454545455 0.09235294117647058 0.028181818181818183
1 0.3373529411764706 0.7743181818181818 0.0888235294117647 0.03409090909090909