1 0.3985294117647059 0.6818181818181818 0.1935294117647059 0.038181818181818185
1 0.5870588235294117 0.6843181818181818 0.16 0.03772727272727273
1 0.40705882352941175 0.4118181818181818 0.2164705882352941 0.038181818181818185
1 0.7523529411764706 0.8597727272727272 0.05058823529411765 0.04045454545454545
1 0.835 0.9297727272727273 0.054705882352941174 0.03954545454545454
1 0.5841176470588235 0.6195454545454545 0.16941176470588235 0.03727272727272727
1 0.4041176470588235 0.9265909090909091 0.06 0.038636363636363635
1 0.8405882352941176 0.8627272727272727 0.07058823529411765 0.04
1 0.3835294117647059 0.6168181818181818 0.17882352941176471 0.03363636363636364
1 0.696764705882353 0.7725 0.09117647058823529 0.030454545454545453
1 0.38176470588235295 0.45204545454545453 0.1564705882352941 0.03772727272727273
1 0.4102941176470588 0.7288636363636364 0.23352941176470587 0.03409090909090909
1 0.10617647058823529 0.6768181818181818 0.09117647058823529 0.03636363636363636
1 0.0988235294117647 0.4484090909090909 0.07411764705882352 0.03590909090909091
1 0.1 0.3654545454545455 0.08823529411764706 0.035454545454545454
1 0.155 0.9222727272727272 0.06764705882352941 0.03909090909090909
1 0.7652941176470588 0.7279545454545454 0.042352941176470586 0.03590909090909091
1 0.32441176470588234 0.9256818181818182 0.05941176470588235 0.03954545454545454
1 0.14529411764705882 0.8543181818181819 0.05176470588235294 0.038636363636363635
1 0.41205882352941176 0.5288636363636363 0.22176470588235295 0.03409090909090909
1 0.10705882352941176 0.52 0.09058823529411765 0.035454545454545454
1 0.6297058823529412 0.7245454545454545 0.18529411764705883 0.03636363636363636
1 0.2361764705882353 0.8561363636363636 0.051176470588235295 0.03772727272727273
1 0.2361764705882353 0.9236363636363636 0.05588235294117647 0.03909090909090909
1 0.37176470588235294 0.7765909090909091 0.16705882352941176 0.035
1 0.7520588235294118 0.9261363636363636 0.05352941176470588 0.04045454545454545
1 0.3023529411764706 0.035 0.04588235294117647 0.025454545454545455
1 0.535 0.7765909090909091 0.11823529411764706 0.04045454545454545
1 0.6123529411764705 0.41295454545454546 0.15294117647058825 0.03681818181818182
1 0.6138235294117647 0.37204545454545457 0.15705882352941178 0.03681818181818182
1 0.4038235294117647 0.8572727272727273 0.051176470588235295 0.038181818181818185
1 0.5779411764705882 0.9281818181818182 0.05823529411764706 0.03909090909090909
1 0.09735294117647059 0.5647727272727273 0.08176470588235295 0.035
1 0.4102941176470588 0.5729545454545455 0.2311764705882353 0.03227272727272727
1 0.5729411764705883 0.8588636363636364 0.04470588235294118 0.038636363636363635
1 0.09294117647058824 0.4043181818181818 0.08 0.035
1 0.6688235294117647 0.5731818181818182 0.2376470588235294 0.03909090909090909
1 0.5552941176470588 0.03977272727272727 0.09294117647058824 0.025
1 0.49411764705882355 0.9265909090909091 0.06470588235294118 0.03954545454545454
1 0.6688235294117647 0.8604545454545455 0.06705882352941177 0.03727272727272727
1 0.8438235294117648 0.7302272727272727 0.1476470588235294 0.03590909090909091
1 0.10441176470588236 0.7609090909090909 0.09235294117647058 0.03727272727272727
1 0.10558823529411765 0.7195454545454546 0.09705882352941177 0.03727272727272727
1 0.5261764705882352 0.45545454545454545 0.08058823529411764 0.034545454545454546
1 0.6235294117647059 0.7765909090909091 0.029411764705882353 0.03409090909090909
1 0.4894117647058824 0.8575 0.05529411764705883 0.03772727272727273
1 0.6761764705882353 0.5304545454545454 0.27705882352941175 0.04
1 0.40705882352941175 0.3663636363636364 0.20470588235294118 0.038181818181818185
1 0.09852941176470588 0.6061363636363636 0.08176470588235295 0.03590909090909091
1 0.6705882352941176 0.9277272727272727 0.06352941176470588 0.03909090909090909
1 0.3241176470588235 0.8561363636363636 0.06 0.03772727272727273
1 0.7658823529411765 0.6886363636363636 0.10235294117647059 0.034545454545454546
1 0.6914705882352942 0.6968181818181818 0.05 0.03090909090909091