1 0.39941176470588236 0.6172727272727273 0.18588235294117647 0.02727272727272727
1 0.38323529411764706 0.40954545454545455 0.15588235294117647 0.03727272727272727
1 0.5491176470588235 0.6152272727272727 0.11470588235294117 0.03409090909090909
1 0.4385294117647059 0.5718181818181818 0.2735294117647059 0.03272727272727273
1 0.6658823529411765 0.7288636363636364 0.1588235294117647 0.03681818181818182
1 0.11852941176470588 0.7220454545454545 0.06647058823529411 0.03318181818181818
1 0.11470588235294117 0.4475 0.07529411764705882 0.035
1 0.8538235294117648 0.5736363636363636 0.13 0.035454545454545454
1 0.3770588235294118 0.7795454545454545 0.1376470588235294 0.034545454545454546
1 0.12352941176470589 0.7606818181818182 0.06823529411764706 0.03681818181818182
1 0.6808823529411765 0.6170454545454546 0.09470588235294118 0.022272727272727274
1 0.4164705882352941 0.7279545454545454 0.2164705882352941 0.035
1 0.6488235294117647 0.45295454545454544 0.08470588235294117 0.03227272727272727
1 0.5891176470588235 0.4109090909090909 0.22176470588235295 0.04
1 0.5814705882352941 0.45840909090909093 0.03705882352941176 0.03318181818181818
1 0.495 0.45545454545454545 0.15470588235294117 0.028181818181818183
1 0.5523529411764706 0.7293181818181819 0.036470588235294116 0.03409090909090909
1 0.11441176470588235 0.4065909090909091 0.08529411764705883 0.035
1 0.7979411764705883 0.41295454545454546 0.15705882352941178 0.03409090909090909
1 0.5538235294117647 0.7775 0.12294117647058823 0.019545454545454546
1 0.35823529411764704 0.45227272727272727 0.11176470588235295 0.035454545454545454
1 0.7079411764705882 0.40863636363636363 0.045294117647058825 0.035454545454545454
1 0.4702941176470588 0.7775 0.03588235294117647 0.028636363636363637
1 0.11470588235294117 0.5745454545454546 0.08941176470588236 0.035454545454545454
1 0.6585294117647059 0.5725 0.1723529411764706 0.03681818181818182
1 0.7752941176470588 0.5754545454545454 0.029411764705882353 0.035454545454545454
1 0.31882352941176473 0.034772727272727275 0.03529411764705882 0.022272727272727274
1 0.5755882352941176 0.038181818181818185 0.11352941176470588 0.03
1 0.6229411764705882 0.6272727272727273 0.02823529411764706 0.02909090909090909
1 0.12411764705882353 0.6095454545454545 0.0976470588235294 0.031818181818181815