1 0.4423529411764706 0.7290909090909091 0.28 0.03909090909090909
1 0.4126470588235294 0.375 0.22647058823529412 0.034545454545454546
1 0.7602941176470588 0.860909090909091 0.05941176470588235 0.038181818181818185
1 0.8476470588235294 0.928409090909091 0.06235294117647059 0.03954545454545454
1 0.41441176470588237 0.9293181818181818 0.06411764705882353 0.03681818181818182
1 0.8411764705882353 0.7743181818181818 0.1188235294117647 0.03590909090909091
1 0.43470588235294116 0.6209090909090909 0.27176470588235296 0.03909090909090909
1 0.8044117647058824 0.4125 0.04176470588235294 0.03681818181818182
1 0.10588235294117647 0.6834090909090909 0.11294117647058824 0.038636363636363635
1 0.44176470588235295 0.6872727272727273 0.2741176470588235 0.038181818181818185
1 0.11 0.36818181818181817 0.10705882352941176 0.03727272727272727
1 0.11205882352941177 0.45545454545454545 0.11823529411764706 0.042727272727272725
1 0.6902941176470588 0.7320454545454546 0.1888235294117647 0.038636363636363635
1 0.15058823529411763 0.9293181818181818 0.052941176470588235 0.035
1 0.825 0.4590909090909091 0.15588235294117647 0.03636363636363636
1 0.33294117647058824 0.9302272727272727 0.06588235294117648 0.03681818181818182
1 0.15705882352941178 0.8613636363636363 0.0611764705882353 0.03727272727272727
1 0.7476470588235294 0.7747727272727273 0.03882352941176471 0.03409090909090909
1 0.4429411764705882 0.53 0.2811764705882353 0.038181818181818185
1 0.10529411764705883 0.5325 0.11176470588235295 0.03772727272727273
1 0.6870588235294117 0.6147727272727272 0.19058823529411764 0.03681818181818182
1 0.24588235294117647 0.860909090909091 0.06235294117647059 0.038181818181818185
1 0.23676470588235293 0.9295454545454546 0.051176470588235295 0.038181818181818185
1 0.41323529411764703 0.7727272727272727 0.2288235294117647 0.03727272727272727
1 0.7638235294117647 0.9268181818181818 0.06529411764705882 0.038181818181818185
1 0.27088235294117646 0.03681818181818182 0.039411764705882354 0.024545454545454544
1 0.7185294117647059 0.4581818181818182 0.03705882352941176 0.035454545454545454
1 0.7344117647058823 0.3725 0.04176470588235294 0.03227272727272727
1 0.678235294117647 0.41545454545454547 0.19058823529411764 0.035454545454545454
1 0.42823529411764705 0.4147727272727273 0.25882352941176473 0.042272727272727274
1 0.4208823529411765 0.8602272727272727 0.060588235294117644 0.038636363636363635
1 0.5882352941176471 0.9315909090909091 0.05647058823529412 0.03772727272727273
1 0.736764705882353 0.5309090909090909 0.25823529411764706 0.04181818181818182
1 0.43911764705882356 0.5704545454545454 0.2735294117647059 0.03727272727272727
1 0.6335294117647059 0.775 0.17176470588235293 0.035454545454545454
1 0.5594117647058824 0.038181818181818185 0.11647058823529412 0.02181818181818182
1 0.5105882352941177 0.928409090909091 0.07294117647058823 0.03954545454545454
1 0.8702941176470588 0.6915909090909091 0.10764705882352942 0.03772727272727273
1 0.6073529411764705 0.3740909090909091 0.1511764705882353 0.03727272727272727
1 0.8311764705882353 0.3743181818181818 0.13176470588235295 0.03590909090909091
1 0.8764705882352941 0.73 0.13294117647058823 0.03636363636363636
1 0.40294117647058825 0.4577272727272727 0.20941176470588235 0.038181818181818185
1 0.09941176470588235 0.7713636363636364 0.10588235294117647 0.035454545454545454
1 0.10764705882352942 0.730909090909091 0.10705882352941176 0.03727272727272727
1 0.5997058823529412 0.45795454545454545 0.15705882352941178 0.03772727272727273
1 0.6776470588235294 0.6897727272727273 0.17058823529411765 0.038636363636363635
1 0.5005882352941177 0.8613636363636363 0.06470588235294118 0.038181818181818185
1 0.8891176470588236 0.4106818181818182 0.1111764705882353 0.038636363636363635
1 0.10058823529411764 0.5756818181818182 0.10823529411764705 0.03954545454545454
1 0.6738235294117647 0.9272727272727272 0.061764705882352944 0.03909090909090909
1 0.3305882352941176 0.8590909090909091 0.06470588235294118 0.03909090909090909
1 0.7905882352941176 0.7004545454545454 0.029411764705882353 0.024545454545454544
1 0.11382352941176471 0.4138636363636364 0.11235294117647059 0.03681818181818182
1 0.695 0.5731818181818182 0.22764705882352942 0.04090909090909091
1 0.1 0.6134090909090909 0.10588235294117647 0.035
1 0.8002941176470588 0.7390909090909091 0.02411764705882353 0.035454545454545454
1 0.5932352941176471 0.8625 0.0711764705882353 0.028636363636363637
1 0.6776470588235294 0.8640909090909091 0.07176470588235294 0.038181818181818185
1 0.845 0.8625 0.061764705882352944 0.031363636363636364