1 0.7514705882352941 0.8586363636363636 0.054705882352941174 0.038181818181818185
1 0.8476470588235294 0.9270454545454545 0.06705882352941177 0.03681818181818182
1 0.5629411764705883 0.6104545454545455 0.15058823529411763 0.03272727272727273
1 0.4214705882352941 0.9272727272727272 0.061764705882352944 0.03727272727272727
1 0.846764705882353 0.860909090909091 0.06294117647058824 0.04090909090909091
1 0.38794117647058823 0.6118181818181818 0.18058823529411766 0.038181818181818185
1 0.45029411764705884 0.41363636363636364 0.27588235294117647 0.04090909090909091
1 0.39705882352941174 0.6856818181818182 0.2 0.03772727272727273
1 0.4214705882352941 0.7340909090909091 0.2523529411764706 0.04
1 0.7726470588235295 0.5370454545454545 0.07705882352941176 0.031363636363636364
1 0.10058823529411764 0.6793181818181818 0.07529411764705882 0.03590909090909091
1 0.10911764705882353 0.36318181818181816 0.06647058823529411 0.034545454545454546
1 0.1038235294117647 0.45 0.06764705882352941 0.035454545454545454
1 0.6770588235294117 0.7336363636363636 0.24588235294117647 0.034545454545454546
1 0.15735294117647058 0.9238636363636363 0.05941176470588235 0.03681818181818182
1 0.33294117647058824 0.9256818181818182 0.06823529411764706 0.03772727272727273
1 0.1538235294117647 0.8554545454545455 0.05 0.038181818181818185
1 0.4126470588235294 0.5256818181818181 0.20058823529411765 0.04409090909090909
1 0.1011764705882353 0.5211363636363636 0.08235294117647059 0.03409090909090909
1 0.23970588235294119 0.8563636363636363 0.05 0.03727272727272727
1 0.2373529411764706 0.9302272727272727 0.05823529411764706 0.042272727272727274
1 0.39029411764705885 0.7756818181818181 0.1923529411764706 0.03409090909090909
1 0.7591176470588236 0.9281818181818182 0.054705882352941174 0.03727272727272727
1 0.5944117647058823 0.7820454545454546 0.18176470588235294 0.038636363636363635
1 0.42205882352941176 0.8563636363636363 0.06764705882352941 0.04
1 0.585 0.9268181818181818 0.0688235294117647 0.03727272727272727
1 0.105 0.5663636363636364 0.08764705882352941 0.034545454545454546
1 0.42470588235294116 0.5745454545454546 0.2611764705882353 0.031818181818181815
1 0.6082352941176471 0.5270454545454546 0.14470588235294118 0.03318181818181818
1 0.11088235294117647 0.40454545454545454 0.07 0.035454545454545454
1 0.6397058823529411 0.5745454545454546 0.17 0.03363636363636364
1 0.7620588235294118 0.5743181818181818 0.033529411764705884 0.031363636363636364
1 0.7532352941176471 0.6125 0.08058823529411764 0.030454545454545453
1 0.5020588235294118 0.9275 0.05588235294117647 0.03772727272727273
1 0.6714705882352942 0.8563636363636363 0.060588235294117644 0.038181818181818185
1 0.6102941176470589 0.6906818181818182 0.19117647058823528 0.031363636363636364
1 0.8388235294117647 0.5738636363636364 0.0988235294117647 0.03409090909090909
1 0.40441176470588236 0.4575 0.1923529411764706 0.049545454545454545
1 0.10441176470588236 0.7620454545454546 0.07823529411764706 0.03590909090909091
1 0.10147058823529412 0.7209090909090909 0.07941176470588235 0.03727272727272727
1 0.5067647058823529 0.8552272727272727 0.061764705882352944 0.03954545454545454
1 0.4076470588235294 0.37136363636363634 0.20470588235294118 0.05
1 0.10205882352941177 0.6181818181818182 0.08764705882352941 0.034545454545454546
1 0.6694117647058824 0.9306818181818182 0.05411764705882353 0.04409090909090909
1 0.32735294117647057 0.8575 0.05 0.038636363636363635
1 0.6738235294117647 0.6168181818181818 0.04176470588235294 0.03363636363636364
1 0.3088235294117647 0.035227272727272725 0.07529411764705882 0.031363636363636364
1 0.5529411764705883 0.038181818181818185 0.08 0.035454545454545454
1 0.7052941176470588 0.5440909090909091 0.042352941176470586 0.03636363636363636
1 0.5811764705882353 0.8595454545454545 0.06470588235294118 0.04363636363636364