1 0.3735294117647059 0.6859090909090909 0.14 0.03727272727272727
1 0.8364705882352941 0.9256818181818182 0.042352941176470586 0.04045454545454545
1 0.4111764705882353 0.925 0.04941176470588235 0.038181818181818185
1 0.49823529411764705 0.5247727272727273 0.09411764705882353 0.03318181818181818
1 0.758235294117647 0.8579545454545454 0.041176470588235294 0.038636363636363635
1 0.37176470588235294 0.6136363636363636 0.13058823529411764 0.03636363636363636
1 0.6635294117647059 0.77 0.05529411764705883 0.031818181818181815
1 0.5123529411764706 0.6802272727272727 0.11764705882352941 0.03590909090909091
1 0.4158823529411765 0.41 0.21176470588235294 0.031818181818181815
1 0.09558823529411764 0.6811363636363637 0.07470588235294118 0.03590909090909091
1 0.10323529411764706 0.4490909090909091 0.06529411764705882 0.03727272727272727
1 0.10911764705882353 0.3640909090909091 0.07235294117647059 0.03727272727272727
1 0.6626470588235294 0.7281818181818182 0.17 0.02909090909090909
1 0.15088235294117647 0.9245454545454546 0.04411764705882353 0.03363636363636364
1 0.7738235294117647 0.7295454545454545 0.03 0.031818181818181815
1 0.15794117647058822 0.8565909090909091 0.04411764705882353 0.03772727272727273
1 0.36970588235294116 0.525 0.12529411764705883 0.03636363636363636
1 0.10794117647058823 0.5245454545454545 0.0688235294117647 0.034545454545454546
1 0.6329411764705882 0.6170454545454546 0.0611764705882353 0.031363636363636364
1 0.23941176470588235 0.8575 0.036470588235294116 0.038636363636363635
1 0.2464705882352941 0.9254545454545454 0.04823529411764706 0.03363636363636364
1 0.38 0.7697727272727273 0.1635294117647059 0.03409090909090909
1 0.7523529411764706 0.9277272727272727 0.04470588235294118 0.03909090909090909
1 0.5297058823529411 0.7704545454545455 0.1111764705882353 0.03272727272727273
1 0.6464705882352941 0.40704545454545454 0.21529411764705883 0.03681818181818182
1 0.543235294117647 0.36568181818181816 0.14647058823529413 0.03954545454545454
1 0.4111764705882353 0.86 0.052941176470588235 0.038181818181818185
1 0.4111764705882353 0.5688636363636363 0.21764705882352942 0.03318181818181818
1 0.5747058823529412 0.5286363636363637 0.027058823529411764 0.03272727272727273
1 0.5123529411764706 0.6106818181818182 0.11294117647058824 0.041363636363636366
1 0.591764705882353 0.8584090909090909 0.04823529411764706 0.03227272727272727
1 0.10588235294117647 0.40954545454545455 0.06 0.03727272727272727
1 0.10970588235294118 0.5643181818181818 0.07235294117647059 0.031363636363636364
1 0.6241176470588236 0.5709090909090909 0.16588235294117648 0.03272727272727273
1 0.5494117647058824 0.025 0.07529411764705882 0.023636363636363636
1 0.7373529411764705 0.5731818181818182 0.027647058823529413 0.02909090909090909
1 0.49941176470588233 0.9247727272727273 0.05058823529411765 0.041363636363636366
1 0.6735294117647059 0.8597727272727272 0.042352941176470586 0.03318181818181818
1 0.8502941176470589 0.7284090909090909 0.10176470588235294 0.03409090909090909
1 0.37470588235294117 0.4590909090909091 0.12588235294117647 0.03636363636363636
1 0.1011764705882353 0.7609090909090909 0.08941176470588236 0.038181818181818185
1 0.5288235294117647 0.45954545454545453 0.13647058823529412 0.034545454545454546
1 0.6079411764705882 0.7718181818181818 0.03235294117647059 0.031818181818181815
1 0.4985294117647059 0.8590909090909091 0.045294117647058825 0.035454545454545454
1 0.6473529411764706 0.5290909090909091 0.08411764705882353 0.03727272727272727
1 0.8358823529411765 0.5711363636363637 0.1388235294117647 0.03318181818181818
1 0.3911764705882353 0.3640909090909091 0.1411764705882353 0.03909090909090909
1 0.43176470588235294 0.7263636363636363 0.2576470588235294 0.031818181818181815
1 0.11029411764705882 0.6068181818181818 0.07352941176470588 0.034545454545454546
1 0.6705882352941176 0.9240909090909091 0.047058823529411764 0.04
1 0.33 0.8604545454545455 0.04941176470588235 0.035454545454545454
1 0.09529411764705882 0.7240909090909091 0.07647058823529412 0.035454545454545454
1 0.2961764705882353 0.03568181818181818 0.051176470588235295 0.01681818181818182
1 0.32588235294117646 0.9268181818181818 0.04352941176470588 0.03636363636363636
1 0.8405882352941176 0.8615909090909091 0.042352941176470586 0.03681818181818182
1 0.5808823529411765 0.9279545454545455 0.04058823529411765 0.03590909090909091
1 0.5861764705882353 0.6190909090909091 0.02411764705882353 0.026363636363636363
1 0.6002941176470589 0.6888636363636363 0.027647058823529413 0.03590909090909091
1 0.6673529411764706 0.6822727272727273 0.07705882352941176 0.042727272727272725