1 0.7570588235294118 0.865 0.05411764705882353 0.03727272727272727
1 0.8429411764705882 0.9263636363636364 0.058823529411764705 0.04090909090909091
1 0.42176470588235293 0.9252272727272727 0.07058823529411765 0.03954545454545454
1 0.8432352941176471 0.8643181818181818 0.05352941176470588 0.03772727272727273
1 0.44029411764705884 0.4077272727272727 0.2676470588235294 0.03909090909090909
1 0.7205882352941176 0.7736363636363637 0.11764705882352941 0.031818181818181815
1 0.4152941176470588 0.4511363636363636 0.21411764705882352 0.03772727272727273
1 0.43588235294117644 0.7236363636363636 0.26941176470588235 0.04181818181818182
1 0.1288235294117647 0.5243181818181818 0.10941176470588235 0.035
1 0.11 0.68 0.10352941176470588 0.03727272727272727
1 0.10088235294117646 0.44363636363636366 0.08294117647058824 0.03727272727272727
1 0.15470588235294117 0.9240909090909091 0.06588235294117648 0.04181818181818182
1 0.7473529411764706 0.575 0.2088235294117647 0.04
1 0.32941176470588235 0.9254545454545454 0.06823529411764706 0.04181818181818182
1 0.1561764705882353 0.8577272727272728 0.06411764705882353 0.04
1 0.4582352941176471 0.5686363636363636 0.3023529411764706 0.04090909090909091
1 0.6076470588235294 0.6218181818181818 0.15529411764705883 0.03636363636363636
1 0.2564705882352941 0.8590909090909091 0.07058823529411765 0.03909090909090909
1 0.24058823529411766 0.9243181818181818 0.06352941176470588 0.041363636363636366
1 0.4002941176470588 0.7738636363636363 0.19117647058823528 0.03227272727272727
1 0.7635294117647059 0.9256818181818182 0.06705882352941177 0.03954545454545454
1 0.10794117647058823 0.36522727272727273 0.08529411764705883 0.03590909090909091
1 0.5729411764705883 0.7722727272727272 0.1388235294117647 0.03272727272727273
1 0.7232352941176471 0.4115909090909091 0.2852941176470588 0.03772727272727273
1 0.41205882352941176 0.860909090909091 0.05588235294117647 0.03727272727272727
1 0.5894117647058823 0.9263636363636364 0.07058823529411765 0.038181818181818185
1 0.5864705882352941 0.8604545454545455 0.058823529411764705 0.038181818181818185
1 0.1 0.4025 0.08 0.03590909090909091
1 0.1264705882352941 0.5631818181818182 0.11058823529411765 0.038181818181818185
1 0.6641176470588235 0.4590909090909091 0.2 0.03909090909090909
1 0.5694117647058824 0.03954545454545454 0.10941176470588235 0.02090909090909091
1 0.6611764705882353 0.7243181818181819 0.16823529411764707 0.03318181818181818
1 0.5014705882352941 0.9247727272727273 0.07235294117647059 0.041363636363636366
1 0.6697058823529412 0.8581818181818182 0.05352941176470588 0.03909090909090909
1 0.8385294117647059 0.7252272727272727 0.15235294117647058 0.04045454545454545
1 0.105 0.7656818181818181 0.10411764705882352 0.03772727272727273
1 0.10235294117647059 0.7209090909090909 0.09647058823529411 0.03909090909090909
1 0.4973529411764706 0.8604545454545455 0.05588235294117647 0.03727272727272727
1 0.12470588235294118 0.6084090909090909 0.12352941176470589 0.03409090909090909
1 0.6714705882352942 0.9270454545454545 0.061764705882352944 0.041363636363636366
1 0.3241176470588235 0.8602272727272727 0.05764705882352941 0.03772727272727273
1 0.2902941176470588 0.035227272727272725 0.03470588235294118 0.01681818181818182
1 0.4088235294117647 0.6145454545454545 0.21176470588235294 0.03909090909090909
1 0.7482352941176471 0.6206818181818182 0.09411764705882353 0.03409090909090909
1 0.923235294117647 0.5763636363636364 0.10176470588235294 0.04727272727272727