1 0.4582352941176471 0.6836363636363636 0.32823529411764707 0.042727272727272725
1 0.7679411764705882 0.8706818181818182 0.08647058823529412 0.053181818181818184
1 0.8520588235294118 0.9297727272727273 0.07352941176470588 0.03954545454545454
1 0.4411764705882353 0.5718181818181818 0.2788235294117647 0.031818181818181815
1 0.41558823529411765 0.9302272727272727 0.061764705882352944 0.03681818181818182
1 0.8485294117647059 0.8672727272727273 0.07352941176470588 0.04
1 0.3888235294117647 0.6134090909090909 0.18235294117647058 0.03590909090909091
1 0.43470588235294116 0.3725 0.24823529411764705 0.03681818181818182
1 0.6979411764705883 0.6881818181818182 0.13117647058823528 0.04454545454545455
1 0.45794117647058824 0.7284090909090909 0.3241176470588235 0.03681818181818182
1 0.0976470588235294 0.4547727272727273 0.08823529411764706 0.03590909090909091
1 0.10235294117647059 0.3690909090909091 0.08705882352941176 0.034545454545454546
1 0.16058823529411764 0.9304545454545454 0.07529411764705882 0.04181818181818182
1 0.3323529411764706 0.9304545454545454 0.06352941176470588 0.03909090909090909
1 0.1561764705882353 0.8636363636363636 0.06294117647058824 0.03909090909090909
1 0.7205882352941176 0.7331818181818182 0.15058823529411763 0.035454545454545454
1 0.10470588235294118 0.5245454545454545 0.09294117647058824 0.034545454545454546
1 0.24176470588235294 0.8618181818181818 0.06235294117647059 0.04
1 0.24352941176470588 0.9290909090909091 0.06588235294117648 0.03727272727272727
1 0.4067647058823529 0.7706818181818181 0.21 0.03409090909090909
1 0.7629411764705882 0.9304545454545454 0.06352941176470588 0.03909090909090909
1 0.3070588235294118 0.037954545454545456 0.05647058823529412 0.021363636363636362
1 0.6923529411764706 0.4118181818181818 0.18 0.038181818181818185
1 0.6729411764705883 0.3715909090909091 0.21294117647058824 0.038636363636363635
1 0.44735294117647056 0.4138636363636364 0.2888235294117647 0.03318181818181818
1 0.4176470588235294 0.8622727272727273 0.0611764705882353 0.038181818181818185
1 0.5894117647058823 0.9384090909090909 0.06470588235294118 0.05409090909090909
1 0.4547058823529412 0.5302272727272728 0.29411764705882354 0.04409090909090909
1 0.5788235294117647 0.6172727272727273 0.17529411764705882 0.035454545454545454
1 0.5617647058823529 0.7713636363636364 0.07529411764705882 0.03272727272727273
1 0.10352941176470588 0.6870454545454545 0.11058823529411765 0.041363636363636366
1 0.5638235294117647 0.04318181818181818 0.10058823529411764 0.026363636363636363
1 0.5020588235294118 0.9315909090909091 0.06764705882352941 0.04318181818181818
1 0.6823529411764706 0.8690909090909091 0.07882352941176471 0.05181818181818182
1 0.3720588235294118 0.45545454545454545 0.1476470588235294 0.03636363636363636
1 0.10676470588235294 0.7713636363636364 0.12058823529411765 0.038181818181818185
1 0.10676470588235294 0.7295454545454545 0.12176470588235294 0.035454545454545454
1 0.5117647058823529 0.45295454545454544 0.10941176470588235 0.03409090909090909
1 0.5894117647058823 0.8629545454545454 0.07058823529411765 0.04681818181818182
1 0.5038235294117647 0.8647727272727272 0.06529411764705882 0.04681818181818182
1 0.7552941176470588 0.5297727272727273 0.2741176470588235 0.04045454545454545
1 0.09235294117647058 0.6147727272727272 0.09176470588235294 0.03590909090909091
1 0.6785294117647059 0.9295454545454546 0.08529411764705883 0.04363636363636364
1 0.3264705882352941 0.8611363636363636 0.05176470588235294 0.03772727272727273
1 0.7397058823529412 0.5745454545454546 0.30411764705882355 0.03727272727272727
1 0.09852941176470588 0.41204545454545455 0.09235294117647058 0.03590909090909091
1 0.0961764705882353 0.57 0.09705882352941177 0.031818181818181815