1 0.3985294117647059 0.6836363636363636 0.19470588235294117 0.04
1 0.5597058823529412 0.6809090909090909 0.08764705882352941 0.034545454545454546
1 0.40058823529411763 0.4093181818181818 0.1952941176470588 0.03772727272727273
1 0.7685294117647059 0.8615909090909091 0.06294117647058824 0.038636363636363635
1 0.8476470588235294 0.9327272727272727 0.05529411764705883 0.03909090909090909
1 0.5785294117647058 0.6097727272727272 0.1323529411764706 0.03681818181818182
1 0.4214705882352941 0.9356818181818182 0.05235294117647059 0.03590909090909091
1 0.4002941176470588 0.6136363636363636 0.19 0.035454545454545454
1 0.4117647058823529 0.7268181818181818 0.21411764705882352 0.03272727272727273
1 0.7347058823529412 0.5184090909090909 0.0811764705882353 0.03318181818181818
1 0.09735294117647059 0.6827272727272727 0.06647058823529411 0.035454545454545454
1 0.10941176470588235 0.4565909090909091 0.06941176470588235 0.035
1 0.7085294117647059 0.5640909090909091 0.0888235294117647 0.034545454545454546
1 0.10058823529411764 0.37113636363636365 0.06470588235294118 0.03409090909090909
1 0.5670588235294117 0.725909090909091 0.07882352941176471 0.03272727272727273
1 0.15794117647058822 0.9320454545454545 0.051176470588235295 0.03681818181818182
1 0.33676470588235297 0.9329545454545455 0.054705882352941174 0.035
1 0.16470588235294117 0.860909090909091 0.0611764705882353 0.03727272727272727
1 0.72 0.6054545454545455 0.0811764705882353 0.034545454545454546
1 0.6652941176470588 0.61 0.02823529411764706 0.038181818181818185
1 0.24441176470588236 0.8590909090909091 0.04647058823529412 0.03636363636363636
1 0.6414705882352941 0.5690909090909091 0.02411764705882353 0.03272727272727273
1 0.24411764705882352 0.9315909090909091 0.05058823529411765 0.03590909090909091
1 0.3847058823529412 0.7702272727272728 0.15764705882352942 0.03590909090909091
1 0.7638235294117647 0.9368181818181818 0.05588235294117647 0.038181818181818185
1 0.30470588235294116 0.038181818181818185 0.03176470588235294 0.024545454545454544
1 0.6714705882352942 0.4459090909090909 0.06647058823529411 0.03272727272727273
1 0.7082352941176471 0.3668181818181818 0.041176470588235294 0.03363636363636364
1 0.6023529411764705 0.36863636363636365 0.1588235294117647 0.03727272727272727
1 0.42058823529411765 0.8606818181818182 0.05764705882352941 0.038636363636363635
1 0.6014705882352941 0.9361363636363637 0.057058823529411766 0.03681818181818182
1 0.39794117647058824 0.5256818181818181 0.20176470588235293 0.03772727272727273
1 0.5744117647058824 0.5186363636363637 0.13470588235294118 0.03727272727272727
1 0.59 0.8631818181818182 0.058823529411764705 0.04090909090909091
1 0.09588235294117647 0.5325 0.06823529411764706 0.03409090909090909
1 0.5444117647058824 0.0375 0.08176470588235295 0.021363636363636362
1 0.606764705882353 0.44772727272727275 0.03588235294117647 0.035454545454545454
1 0.7261764705882353 0.4090909090909091 0.07 0.031818181818181815
1 0.5088235294117647 0.9309090909090909 0.05764705882352941 0.03727272727272727
1 0.8423529411764706 0.8652272727272727 0.05529411764705883 0.04045454545454545
1 0.6776470588235294 0.8615909090909091 0.058823529411764705 0.038636363636363635
1 0.7723529411764706 0.3679545454545455 0.07411764705882352 0.03227272727272727
1 0.3735294117647059 0.4525 0.13058823529411764 0.041363636363636366
1 0.10058823529411764 0.7697727272727273 0.06 0.03409090909090909
1 0.09794117647058824 0.725 0.06764705882352941 0.03363636363636364
1 0.5147058823529411 0.44886363636363635 0.1376470588235294 0.03590909090909091
1 0.5064705882352941 0.8652272727272727 0.06235294117647059 0.03954545454545454
1 0.6629411764705883 0.5195454545454545 0.03529411764705882 0.03636363636363636
1 0.4147058823529412 0.3675 0.1988235294117647 0.03772727272727273
1 0.508235294117647 0.7693181818181818 0.07294117647058823 0.03227272727272727
1 0.10058823529411764 0.6177272727272727 0.06470588235294118 0.034545454545454546
1 0.6738235294117647 0.9354545454545454 0.057058823529411766 0.038181818181818185
1 0.3338235294117647 0.8597727272727272 0.05823529411764706 0.03590909090909091
1 0.5758823529411765 0.4075 0.13529411764705881 0.035
1 0.6697058823529412 0.4084090909090909 0.03235294117647059 0.030454545454545453
1 0.1038235294117647 0.41659090909090907 0.06529411764705882 0.03227272727272727
1 0.09941176470588235 0.5720454545454545 0.06470588235294118 0.028636363636363637
1 0.39235294117647057 0.5740909090909091 0.17058823529411765 0.03090909090909091
1 0.5502941176470588 0.5718181818181818 0.11235294117647059 0.03272727272727273