1 0.4547058823529412 0.6872727272727273 0.31176470588235294 0.04
1 0.39294117647058824 0.4147727272727273 0.17294117647058824 0.04045454545454545
1 0.7714705882352941 0.8579545454545454 0.07 0.03954545454545454
1 0.8508823529411764 0.9270454545454545 0.057058823529411766 0.041363636363636366
1 0.8826470588235295 0.6868181818181818 0.11588235294117646 0.03272727272727273
1 0.42058823529411765 0.9254545454545454 0.05647058823529412 0.042727272727272725
1 0.8535294117647059 0.8575 0.06588235294117648 0.042272727272727274
1 0.4067647058823529 0.6154545454545455 0.21470588235294116 0.04
1 0.3947058823529412 0.4597727272727273 0.18823529411764706 0.04045454545454545
1 0.7005882352941176 0.6875 0.1564705882352941 0.03954545454545454
1 0.4470588235294118 0.73 0.29411764705882354 0.03909090909090909
1 0.4388235294117647 0.37022727272727274 0.27294117647058824 0.03954545454545454
1 0.09823529411764706 0.6884090909090909 0.08823529411764706 0.041363636363636366
1 0.7432352941176471 0.5695454545454546 0.24411764705882352 0.04181818181818182
1 0.10147058823529412 0.37136363636363634 0.10882352941176471 0.03909090909090909
1 0.10588235294117647 0.4540909090909091 0.0988235294117647 0.03727272727272727
1 0.16323529411764706 0.9270454545454545 0.06411764705882353 0.04045454545454545
1 0.3402941176470588 0.928409090909091 0.07588235294117647 0.03954545454545454
1 0.16441176470588234 0.8631818181818182 0.07352941176470588 0.045454545454545456
1 0.46205882352941174 0.5295454545454545 0.32529411764705884 0.038181818181818185
1 0.09441176470588235 0.5302272727272728 0.08647058823529412 0.03954545454545454
1 0.6814705882352942 0.7254545454545455 0.15235294117647058 0.035454545454545454
1 0.87 0.37 0.08941176470588236 0.03727272727272727
1 0.2529411764705882 0.8604545454545455 0.07411764705882352 0.053636363636363635
1 0.24823529411764705 0.9272727272727272 0.06235294117647059 0.04
1 0.3947058823529412 0.7743181818181818 0.18470588235294116 0.038636363636363635
1 0.7702941176470588 0.9261363636363636 0.06647058823529411 0.03954545454545454
1 0.29558823529411765 0.03909090909090909 0.06764705882352941 0.02727272727272727
1 0.5647058823529412 0.7731818181818182 0.1376470588235294 0.03909090909090909
1 0.6676470588235294 0.46545454545454545 0.03764705882352941 0.035454545454545454
1 0.6694117647058824 0.36772727272727274 0.18352941176470589 0.03727272727272727
1 0.4273529411764706 0.8572727272727273 0.08058823529411764 0.05272727272727273
1 0.595 0.9261363636363636 0.0688235294117647 0.03772727272727273
1 0.44823529411764707 0.5706818181818182 0.28823529411764703 0.042272727272727274
1 0.5941176470588235 0.8590909090909091 0.06352941176470588 0.042727272727272725
1 0.5632352941176471 0.03931818181818182 0.1288235294117647 0.02409090909090909
1 0.6629411764705883 0.4143181818181818 0.047058823529411764 0.041363636363636366
1 0.7473529411764706 0.46204545454545454 0.08764705882352941 0.031363636363636364
1 0.7508823529411764 0.7718181818181818 0.09705882352941177 0.035454545454545454
1 0.5076470588235295 0.9277272727272727 0.0611764705882353 0.04090909090909091
1 0.6817647058823529 0.8577272727272728 0.06235294117647059 0.03909090909090909
1 0.5570588235294117 0.41363636363636364 0.15058823529411763 0.04
1 0.8991176470588236 0.7254545454545455 0.13705882352941176 0.04
1 0.1126470588235294 0.7722727272727272 0.09823529411764706 0.04
1 0.10705882352941176 0.7297727272727272 0.09058823529411765 0.04045454545454545
1 0.7561764705882353 0.4115909090909091 0.12764705882352942 0.042272727272727274
1 0.5673529411764706 0.45954545454545453 0.13 0.04090909090909091
1 0.6708823529411765 0.7777272727272727 0.03705882352941176 0.042727272727272725
1 0.5138235294117647 0.8593181818181819 0.07352941176470588 0.04045454545454545
1 0.7458823529411764 0.5256818181818181 0.23294117647058823 0.04318181818181818
1 0.6061764705882353 0.6206818181818182 0.14647058823529413 0.045
1 0.10058823529411764 0.6165909090909091 0.08235294117647059 0.03590909090909091
1 0.6814705882352942 0.9259090909090909 0.06529411764705882 0.03909090909090909
1 0.33676470588235297 0.8590909090909091 0.0688235294117647 0.04
1 0.8079411764705883 0.6886363636363636 0.04058823529411765 0.03909090909090909
1 0.10852941176470589 0.41204545454545455 0.10647058823529412 0.03409090909090909
1 0.7970588235294118 0.365 0.05176470588235294 0.04454545454545455
1 0.1 0.5729545454545455 0.08705882352941176 0.041363636363636366
1 0.7911764705882353 0.7252272727272727 0.04588235294117647 0.04045454545454545