1 0.4320588235294118 0.6827272727272727 0.23470588235294118 0.03727272727272727
1 0.40558823529411764 0.3715909090909091 0.19470588235294117 0.03681818181818182
1 0.7608823529411765 0.8593181818181819 0.060588235294117644 0.03681818181818182
1 0.8444117647058823 0.928409090909091 0.05823529411764706 0.038636363636363635
1 0.5644117647058824 0.5720454545454545 0.14058823529411765 0.03318181818181818
1 0.4167647058823529 0.9297727272727273 0.07 0.03772727272727273
1 0.4244117647058824 0.5281818181818182 0.25 0.04181818181818182
1 0.3935294117647059 0.5718181818181818 0.18 0.031818181818181815
1 0.39941176470588236 0.41113636363636363 0.2023529411764706 0.035
1 0.4229411764705882 0.7254545454545455 0.2235294117647059 0.035454545454545454
1 0.7320588235294118 0.5306818181818181 0.03470588235294118 0.03318181818181818
1 0.09735294117647059 0.6806818181818182 0.07941176470588235 0.03681818181818182
1 0.1 0.3668181818181818 0.08352941176470588 0.035454545454545454
1 0.09970588235294117 0.4470454545454545 0.08058823529411764 0.03590909090909091
1 0.6197058823529412 0.7263636363636363 0.14647058823529413 0.034545454545454546
1 0.15558823529411764 0.9247727272727273 0.060588235294117644 0.041363636363636366
1 0.7976470588235294 0.5297727272727273 0.08 0.031363636363636364
1 0.3261764705882353 0.9281818181818182 0.05941176470588235 0.03727272727272727
1 0.15941176470588236 0.8588636363636364 0.06588235294117648 0.038636363636363635
1 0.0961764705882353 0.5238636363636363 0.07588235294117647 0.03318181818181818
1 0.6579411764705883 0.6122727272727273 0.06647058823529411 0.031818181818181815
1 0.2488235294117647 0.8590909090909091 0.06823529411764706 0.038181818181818185
1 0.23941176470588235 0.9279545454545455 0.052941176470588235 0.038636363636363635
1 0.38029411764705884 0.7684090909090909 0.16294117647058823 0.042272727272727274
1 0.7638235294117647 0.9275 0.06294117647058824 0.038636363636363635
1 0.5355882352941177 0.7711363636363636 0.12529411764705883 0.03318181818181818
1 0.6417647058823529 0.4484090909090909 0.03764705882352941 0.035
1 0.6820588235294117 0.3743181818181818 0.03470588235294118 0.031363636363636364
1 0.4194117647058824 0.8604545454545455 0.06235294117647059 0.038181818181818185
1 0.5891176470588235 0.9279545454545455 0.06294117647058824 0.03772727272727273
1 0.6338235294117647 0.525 0.15941176470588236 0.035454545454545454
1 0.5902941176470589 0.860909090909091 0.0688235294117647 0.03909090909090909
1 0.09470588235294118 0.4084090909090909 0.07764705882352942 0.03590909090909091
1 0.5529411764705883 0.03727272727272727 0.09647058823529411 0.02181818181818182
1 0.7347058823529412 0.4147727272727273 0.12117647058823529 0.03681818181818182
1 0.5055882352941177 0.9279545454545455 0.057058823529411766 0.038636363636363635
1 0.8544117647058823 0.8604545454545455 0.07705882352941176 0.03909090909090909
1 0.6735294117647059 0.8606818181818182 0.05411764705882353 0.03772727272727273
1 0.5855882352941176 0.3759090909090909 0.13823529411764707 0.035454545454545454
1 0.09705882352941177 0.7675 0.07764705882352942 0.035
1 0.09588235294117647 0.7236363636363636 0.07882352941176471 0.035454545454545454
1 0.7605882352941177 0.37318181818181817 0.1376470588235294 0.035454545454545454
1 0.5555882352941176 0.4470454545454545 0.12176470588235294 0.035
1 0.6273529411764706 0.6861363636363637 0.13705882352941176 0.03409090909090909
1 0.5058823529411764 0.8602272727272727 0.06470588235294118 0.03772727272727273
1 0.6602941176470588 0.5713636363636364 0.028823529411764706 0.03
1 0.5970588235294118 0.6131818181818182 0.03294117647058824 0.031818181818181815
1 0.5235294117647059 0.6125 0.10588235294117647 0.03318181818181818
1 0.0976470588235294 0.605909090909091 0.08352941176470588 0.035454545454545454
1 0.6729411764705883 0.9279545454545455 0.06588235294117648 0.03772727272727273
1 0.3261764705882353 0.8593181818181819 0.054705882352941174 0.03772727272727273
1 0.7252941176470589 0.5747727272727273 0.09294117647058824 0.03227272727272727
1 0.295 0.03409090909090909 0.0488235294117647 0.02909090909090909
1 0.5720588235294117 0.41454545454545455 0.12764705882352942 0.03090909090909091
1 0.658235294117647 0.4134090909090909 0.029411764705882353 0.02590909090909091
1 0.72 0.45636363636363636 0.10352941176470588 0.03272727272727273
1 0.39029411764705885 0.4552272727272727 0.17470588235294118 0.03772727272727273
1 0.3788235294117647 0.6168181818181818 0.16117647058823528 0.03090909090909091
1 0.09235294117647058 0.57 0.08235294117647059 0.03909090909090909