1 0.7714705882352941 0.8611363636363636 0.0688235294117647 0.03681818181818182
1 0.8558823529411764 0.9275 0.07411764705882352 0.04045454545454545
1 0.54 0.6088636363636364 0.07882352941176471 0.031363636363636364
1 0.42176470588235293 0.9272727272727272 0.06588235294117648 0.03727272727272727
1 0.44676470588235295 0.5220454545454546 0.27941176470588236 0.03954545454545454
1 0.4052941176470588 0.44681818181818184 0.18705882352941178 0.03727272727272727
1 0.3776470588235294 0.7245454545454545 0.13529411764705881 0.035454545454545454
1 0.76 0.4047727272727273 0.03764705882352941 0.03590909090909091
1 0.11764705882352941 0.4056818181818182 0.0976470588235294 0.035
1 0.09705882352941177 0.6811363636363637 0.06352941176470588 0.03409090909090909
1 0.7229411764705882 0.5265909090909091 0.22705882352941176 0.038636363636363635
1 0.12205882352941176 0.36727272727272725 0.09352941176470589 0.035454545454545454
1 0.10970588235294118 0.4475 0.09117647058823529 0.03681818181818182
1 0.4441176470588235 0.7706818181818181 0.03176470588235294 0.03409090909090909
1 0.5570588235294117 0.7265909090909091 0.07764705882352942 0.03227272727272727
1 0.16205882352941176 0.923409090909091 0.06764705882352941 0.03772727272727273
1 0.33676470588235297 0.9265909090909091 0.07235294117647059 0.03772727272727273
1 0.16941176470588235 0.855 0.07411764705882352 0.04
1 0.696764705882353 0.6777272727272727 0.14294117647058824 0.03636363636363636
1 0.4047058823529412 0.5661363636363637 0.2011764705882353 0.041363636363636366
1 0.11411764705882353 0.5213636363636364 0.08705882352941176 0.034545454545454546
1 0.25558823529411767 0.8556818181818182 0.07 0.041363636363636366
1 0.2488235294117647 0.9240909090909091 0.07058823529411765 0.038181818181818185
1 0.36411764705882355 0.7684090909090909 0.10823529411764705 0.03409090909090909
1 0.7697058823529411 0.9256818181818182 0.07 0.038636363636363635
1 0.5102941176470588 0.7672727272727272 0.08294117647058824 0.03272727272727273
1 0.6491176470588236 0.40545454545454546 0.18058823529411766 0.03909090909090909
1 0.5794117647058824 0.4475 0.13176470588235295 0.03590909090909091
1 0.425 0.8570454545454546 0.06529411764705882 0.03954545454545454
1 0.5935294117647059 0.9272727272727272 0.05529411764705883 0.03909090909090909
1 0.4626470588235294 0.6097727272727272 0.03235294117647059 0.03409090909090909
1 0.1111764705882353 0.5640909090909091 0.08823529411764706 0.035454545454545454
1 0.6064705882352941 0.5684090909090909 0.15294117647058825 0.038636363636363635
1 0.5720588235294117 0.04022727272727273 0.1288235294117647 0.019545454545454546
1 0.7541176470588236 0.4486363636363636 0.11176470588235295 0.035454545454545454
1 0.5079411764705882 0.9256818181818182 0.05941176470588235 0.04045454545454545
1 0.8555882352941176 0.8581818181818182 0.07588235294117647 0.04
1 0.6847058823529412 0.8584090909090909 0.07411764705882352 0.04045454545454545
1 0.41705882352941176 0.6811363636363637 0.20352941176470588 0.038636363636363635
1 0.37676470588235295 0.6063636363636363 0.12058823529411765 0.035454545454545454
1 0.10029411764705883 0.7652272727272728 0.06647058823529411 0.03409090909090909
1 0.10294117647058823 0.7254545454545455 0.06470588235294118 0.034545454545454546
1 0.6785294117647059 0.44272727272727275 0.03823529411764706 0.034545454545454546
1 0.596764705882353 0.8556818181818182 0.06529411764705882 0.041363636363636366
1 0.5094117647058823 0.8577272727272728 0.06705882352941177 0.03909090909090909
1 0.8373529411764706 0.4043181818181818 0.11588235294117646 0.03681818181818182
1 0.57 0.6809090909090909 0.04 0.034545454545454546
1 0.43117647058823527 0.405 0.23294117647058823 0.034545454545454546
1 0.4879411764705882 0.725909090909091 0.031176470588235295 0.03090909090909091
1 0.115 0.605909090909091 0.08764705882352941 0.03636363636363636
1 0.6755882352941176 0.9259090909090909 0.057058823529411766 0.04
1 0.3397058823529412 0.8579545454545454 0.0688235294117647 0.038636363636363635
1 0.31588235294117645 0.037954545454545456 0.047058823529411764 0.02409090909090909