1 0.39029411764705885 0.6836363636363636 0.1676470588235294 0.038181818181818185
1 0.5444117647058824 0.6847727272727273 0.11705882352941177 0.035
1 0.7555882352941177 0.8634090909090909 0.05823529411764706 0.045
1 0.8444117647058823 0.9295454545454546 0.07235294117647059 0.04454545454545455
1 0.5614705882352942 0.5670454545454545 0.05941176470588235 0.02772727272727273
1 0.41147058823529414 0.9272727272727272 0.061764705882352944 0.03909090909090909
1 0.5044117647058823 0.6261363636363636 0.027647058823529413 0.028636363636363637
1 0.8376470588235294 0.8638636363636364 0.05647058823529412 0.04045454545454545
1 0.34147058823529414 0.6197727272727273 0.07823529411764706 0.023181818181818182
1 0.34058823529411764 0.44931818181818184 0.07294117647058823 0.028636363636363637
1 0.6214705882352941 0.6927272727272727 0.031176470588235295 0.03272727272727273
1 0.3738235294117647 0.7254545454545455 0.14294117647058824 0.035454545454545454
1 0.31470588235294117 0.03386363636363637 0.042352941176470586 0.019545454545454546
1 0.3602941176470588 0.41295454545454546 0.09117647058823529 0.03227272727272727
1 0.09558823529411764 0.6831818181818182 0.06411764705882353 0.02909090909090909
1 0.09823529411764706 0.4515909090909091 0.07647058823529412 0.03318181818181818
1 0.685 0.6870454545454545 0.08294117647058824 0.03227272727272727
1 0.10735294117647058 0.365 0.07941176470588235 0.034545454545454546
1 0.49411764705882355 0.7765909090909091 0.08588235294117647 0.030454545454545453
1 0.15 0.9252272727272727 0.05647058823529412 0.04045454545454545
1 0.3264705882352941 0.9261363636363636 0.0611764705882353 0.04045454545454545
1 0.15029411764705883 0.8586363636363636 0.04647058823529412 0.038181818181818185
1 0.5594117647058824 0.44931818181818184 0.05647058823529412 0.02772727272727273
1 0.09941176470588235 0.5288636363636363 0.06705882352941177 0.02772727272727273
1 0.6308823529411764 0.730909090909091 0.05941176470588235 0.03
1 0.23676470588235293 0.8590909090909091 0.05352941176470588 0.04090909090909091
1 0.24323529411764705 0.9243181818181818 0.06764705882352941 0.03954545454545454
1 0.7588235294117647 0.9309090909090909 0.06705882352941177 0.04454545454545455
1 0.6182352941176471 0.41113636363636363 0.0611764705882353 0.02772727272727273
1 0.4117647058823529 0.8604545454545455 0.047058823529411764 0.04090909090909091
1 0.585 0.9315909090909091 0.06764705882352941 0.045
1 0.3423529411764706 0.5263636363636364 0.08352941176470588 0.034545454545454546
1 0.5726470588235294 0.5309090909090909 0.0688235294117647 0.02727272727272727
1 0.5026470588235294 0.7281818181818182 0.12176470588235294 0.03363636363636364
1 0.35352941176470587 0.5693181818181818 0.0976470588235294 0.029545454545454545
1 0.5829411764705882 0.865909090909091 0.06 0.05
1 0.0976470588235294 0.4093181818181818 0.07529411764705882 0.030454545454545453
1 0.1011764705882353 0.5686363636363636 0.07294117647058823 0.02909090909090909
1 0.5070588235294118 0.37386363636363634 0.14352941176470588 0.031363636363636364
1 0.4908823529411765 0.9327272727272727 0.051176470588235295 0.05272727272727273
1 0.6667647058823529 0.8622727272727273 0.054705882352941174 0.04181818181818182
1 0.10147058823529412 0.7661363636363636 0.08058823529411764 0.029545454545454545
1 0.09411764705882353 0.7247727272727272 0.06823529411764706 0.028636363636363637
1 0.6461764705882352 0.3770454545454546 0.05588235294117647 0.02590909090909091
1 0.5079411764705882 0.4536363636363636 0.031176470588235295 0.034545454545454546
1 0.5026470588235294 0.8602272727272727 0.054705882352941174 0.041363636363636366
1 0.3644117647058824 0.37 0.10411764705882352 0.034545454545454546
1 0.09558823529411764 0.6122727272727273 0.07470588235294118 0.02727272727272727
1 0.6673529411764706 0.928409090909091 0.05823529411764706 0.04318181818181818
1 0.3247058823529412 0.8579545454545454 0.05411764705882353 0.03954545454545454
1 0.5605882352941176 0.03772727272727273 0.10705882352941176 0.02
1 0.5985294117647059 0.3831818181818182 0.025294117647058825 0.03
1 0.42676470588235293 0.45 0.11 0.02909090909090909
1 0.48705882352941177 0.4115909090909091 0.15294117647058825 0.035
1 0.576764705882353 0.41204545454545455 0.026470588235294117 0.030454545454545453
1 0.42558823529411766 0.5309090909090909 0.08411764705882353 0.028181818181818183
1 0.5208823529411765 0.5388636363636363 0.031176470588235295 0.026818181818181817
1 0.4561764705882353 0.5672727272727273 0.10529411764705883 0.03090909090909091
1 0.5170588235294118 0.5686363636363636 0.027058823529411764 0.031818181818181815
1 0.4308823529411765 0.62 0.09470588235294118 0.025454545454545455
1 0.555 0.6231818181818182 0.054705882352941174 0.023636363636363636
1 0.5838235294117647 0.7297727272727272 0.033529411764705884 0.03409090909090909
1 0.3629411764705882 0.7770454545454546 0.12705882352941175 0.03772727272727273
1 0.5738235294117647 0.7775 0.060588235294117644 0.028636363636363637