1 0.41823529411764704 0.4106818181818182 0.2211764705882353 0.03681818181818182
1 0.5702941176470588 0.5697727272727273 0.08529411764705883 0.03227272727272727
1 0.3888235294117647 0.6088636363636364 0.1588235294117647 0.035
1 0.6267647058823529 0.7263636363636363 0.16176470588235295 0.035454545454545454
1 0.8005882352941176 0.3709090909090909 0.04 0.034545454545454546
1 0.10558823529411765 0.6825 0.08058823529411764 0.035
1 0.10205882352941177 0.40545454545454546 0.07823529411764706 0.03727272727272727
1 0.10617647058823529 0.7722727272727272 0.07588235294117647 0.034545454545454546
1 0.8261764705882353 0.41363636363636364 0.10882352941176471 0.03636363636363636
1 0.38294117647058823 0.7727272727272727 0.16117647058823528 0.04
1 0.10823529411764705 0.7327272727272728 0.08 0.035454545454545454
1 0.7432352941176471 0.6852272727272727 0.21823529411764706 0.03772727272727273
1 0.4491176470588235 0.5231818181818182 0.29 0.038181818181818185
1 0.10058823529411764 0.5236363636363637 0.0811764705882353 0.03363636363636364
1 0.6791176470588235 0.5238636363636363 0.12294117647058823 0.03409090909090909
1 0.4194117647058824 0.7279545454545454 0.23176470588235293 0.03681818181818182
1 0.6773529411764706 0.45204545454545453 0.08411764705882353 0.03318181818181818
1 0.6755882352941176 0.37068181818181817 0.21 0.03772727272727273
1 0.4294117647058823 0.36704545454545456 0.2611764705882353 0.029545454545454545
1 0.45647058823529413 0.6863636363636364 0.3035294117647059 0.038181818181818185
1 0.5276470588235294 0.7697727272727273 0.11647058823529412 0.035
1 0.10676470588235294 0.3654545454545455 0.07235294117647059 0.034545454545454546
1 0.09470588235294118 0.57 0.07411764705882352 0.03363636363636364
1 0.6147058823529412 0.4552272727272727 0.024705882352941175 0.035
1 0.5570588235294117 0.035227272727272725 0.10823529411764705 0.02409090909090909
1 0.6388235294117647 0.4159090909090909 0.16705882352941176 0.03272727272727273
1 0.38529411764705884 0.44977272727272727 0.1588235294117647 0.03772727272727273
1 0.5311764705882352 0.4527272727272727 0.10823529411764705 0.034545454545454546
1 0.8808823529411764 0.3715909090909091 0.1111764705882353 0.03590909090909091
1 0.5179411764705882 0.6113636363636363 0.0711764705882353 0.03272727272727273
1 0.10029411764705883 0.6075 0.08294117647058824 0.035
1 0.7494117647058823 0.4138636363636364 0.03176470588235294 0.031363636363636364
1 0.2697058823529412 0.03386363636363637 0.026470588235294117 0.019545454545454546
1 0.4061764705882353 0.5695454545454546 0.21235294117647058 0.03