1 0.5311764705882352 0.678409090909091 0.08823529411764706 0.035
1 0.40588235294117647 0.4011363636363636 0.2 0.035
1 0.7558823529411764 0.8543181818181819 0.052941176470588235 0.038636363636363635
1 0.8385294117647059 0.923409090909091 0.054705882352941174 0.03954545454545454
1 0.5555882352941176 0.6072727272727273 0.027647058823529413 0.03636363636363636
1 0.40647058823529414 0.92 0.05647058823529412 0.038181818181818185
1 0.5217647058823529 0.5168181818181818 0.11764705882352941 0.03727272727272727
1 0.8455882352941176 0.8543181818181819 0.061764705882352944 0.041363636363636366
1 0.36911764705882355 0.6045454545454545 0.1288235294117647 0.034545454545454546
1 0.6135294117647059 0.7672727272727272 0.06705882352941177 0.03272727272727273
1 0.38794117647058823 0.4515909090909091 0.16411764705882353 0.035
1 0.39294117647058824 0.6740909090909091 0.1635294117647059 0.038181818181818185
1 0.6355882352941177 0.6768181818181818 0.06764705882352941 0.034545454545454546
1 0.10941176470588235 0.6781818181818182 0.07529411764705882 0.035454545454545454
1 0.09735294117647059 0.4425 0.07941176470588235 0.035
1 0.40647058823529414 0.7170454545454545 0.20352941176470588 0.03681818181818182
1 0.6691176470588235 0.565 0.03235294117647059 0.03363636363636364
1 0.10617647058823529 0.35954545454545456 0.07352941176470588 0.035454545454545454
1 0.5029411764705882 0.7654545454545455 0.09294117647058824 0.034545454545454546
1 0.5788235294117647 0.7170454545454545 0.10941176470588235 0.03318181818181818
1 0.14882352941176472 0.9188636363636363 0.04941176470588235 0.03772727272727273
1 0.3270588235294118 0.9181818181818182 0.04823529411764706 0.038181818181818185
1 0.1497058823529412 0.8504545454545455 0.04764705882352941 0.03636363636363636
1 0.7079411764705882 0.7193181818181819 0.08764705882352941 0.03318181818181818
1 0.38676470588235295 0.5163636363636364 0.1511764705882353 0.03272727272727273
1 0.105 0.5147727272727273 0.08411764705882353 0.035
1 0.2388235294117647 0.8515909090909091 0.04470588235294118 0.035
1 0.23970588235294119 0.9170454545454545 0.05 0.03772727272727273
1 0.37676470588235295 0.7631818181818182 0.15470588235294117 0.038181818181818185
1 0.7561764705882353 0.9218181818181819 0.054705882352941174 0.04
1 0.2797058823529412 0.024772727272727273 0.039411764705882354 0.026818181818181817
1 0.5864705882352941 0.40295454545454545 0.1388235294117647 0.03590909090909091
1 0.4032352941176471 0.8518181818181818 0.04176470588235294 0.03727272727272727
1 0.5852941176470589 0.9229545454545455 0.06 0.04045454545454545
1 0.40088235294117647 0.5595454545454546 0.18764705882352942 0.03636363636363636
1 0.4835294117647059 0.605909090909091 0.10823529411764705 0.03363636363636364
1 0.5826470588235294 0.8547727272727272 0.05352941176470588 0.03681818181818182
1 0.09470588235294118 0.3981818181818182 0.07529411764705882 0.035454545454545454
1 0.08852941176470588 0.5581818181818182 0.07588235294117647 0.034545454545454546
1 0.5782352941176471 0.5631818181818182 0.14823529411764705 0.035454545454545454
1 0.5788235294117647 0.03295454545454545 0.08823529411764706 0.02409090909090909
1 0.7361764705882353 0.5634090909090909 0.10647058823529412 0.03318181818181818
1 0.4964705882352941 0.9188636363636363 0.06235294117647059 0.04045454545454545
1 0.6702941176470588 0.8536363636363636 0.05352941176470588 0.038181818181818185
1 0.10941176470588235 0.7545454545454545 0.07764705882352942 0.03363636363636364
1 0.5208823529411765 0.4552272727272727 0.09235294117647058 0.025
1 0.49117647058823527 0.8515909090909091 0.04352941176470588 0.03772727272727273
1 0.6461764705882352 0.5163636363636364 0.07352941176470588 0.03272727272727273
1 0.38235294117647056 0.3584090909090909 0.15294117647058825 0.03681818181818182
1 0.10029411764705883 0.5993181818181819 0.08294117647058824 0.035
1 0.668235294117647 0.9209090909090909 0.05764705882352941 0.04090909090909091
1 0.5173529411764706 0.3609090909090909 0.09823529411764706 0.03363636363636364
1 0.3220588235294118 0.8511363636363637 0.04411764705882353 0.03681818181818182
1 0.10029411764705883 0.7172727272727273 0.06411764705882353 0.03363636363636364
1 0.33176470588235296 0.03363636363636364 0.058823529411764705 0.02
1 0.5958823529411764 0.6156818181818182 0.06705882352941177 0.025
1 0.5902941176470589 0.6825 0.031176470588235295 0.025
1 0.6470588235294118 0.7225 0.027058823529411764 0.030454545454545453
1 0.5588235294117647 0.7768181818181819 0.01764705882352941 0.03
1 0.5944117647058823 0.5231818181818182 0.026470588235294117 0.02727272727272727
1 0.5979411764705882 0.3615909090909091 0.04176470588235294 0.02409090909090909
1 0.7064705882352941 0.40454545454545454 0.06705882352941177 0.031818181818181815
1 0.5870588235294117 0.45954545454545453 0.03764705882352941 0.02181818181818182