1 0.3911764705882353 0.6875 0.14941176470588236 0.035
1 0.5138235294117647 0.6886363636363636 0.07705882352941176 0.035454545454545454
1 0.7605882352941177 0.8584090909090909 0.05058823529411765 0.035
1 0.8491176470588235 0.9302272727272727 0.04764705882352941 0.03772727272727273
1 0.54 0.5747727272727273 0.09411764705882353 0.031363636363636364
1 0.41705882352941176 0.9277272727272727 0.04941176470588235 0.034545454545454546
1 0.3738235294117647 0.4597727272727273 0.11470588235294117 0.03409090909090909
1 0.38676470588235295 0.5761363636363637 0.14647058823529413 0.035
1 0.4202941176470588 0.4152272727272727 0.19588235294117648 0.03318181818181818
1 0.6194117647058823 0.6902272727272727 0.07176470588235294 0.031363636363636364
1 0.4147058823529412 0.7284090909090909 0.2164705882352941 0.03590909090909091
1 0.10176470588235294 0.6847727272727273 0.07176470588235294 0.035
1 0.10441176470588236 0.45204545454545453 0.08411764705882353 0.03772727272727273
1 0.10794117647058823 0.3675 0.08411764705882353 0.03590909090909091
1 0.46294117647058824 0.7759090909090909 0.08823529411764706 0.03
1 0.16058823529411764 0.9286363636363636 0.05647058823529412 0.03727272727272727
1 0.32235294117647056 0.93 0.04352941176470588 0.038181818181818185
1 0.15764705882352942 0.8620454545454546 0.04470588235294118 0.038636363636363635
1 0.10558823529411765 0.5293181818181818 0.051176470588235295 0.035
1 0.6035294117647059 0.7293181818181819 0.1423529411764706 0.03954545454545454
1 0.24176470588235294 0.8643181818181818 0.041176470588235294 0.03681818181818182
1 0.24558823529411763 0.9297727272727273 0.051176470588235295 0.03590909090909091
1 0.36205882352941177 0.7775 0.11470588235294117 0.03227272727272727
1 0.2852941176470588 0.035 0.04470588235294118 0.022727272727272728
1 0.6038235294117648 0.4138636363636364 0.16058823529411764 0.03590909090909091
1 0.41705882352941176 0.8615909090909091 0.041176470588235294 0.03772727272727273
1 0.585 0.9281818181818182 0.05 0.04
1 0.3517647058823529 0.5313636363636364 0.08705882352941176 0.03909090909090909
1 0.5579411764705883 0.4631818181818182 0.05235294117647059 0.026363636363636363
1 0.5170588235294118 0.7784090909090909 0.029411764705882353 0.028636363636363637
1 0.11294117647058824 0.5693181818181818 0.05411764705882353 0.03409090909090909
1 0.5661764705882353 0.04022727272727273 0.11352941176470588 0.021363636363636362
1 0.555 0.375 0.0488235294117647 0.031818181818181815
1 0.7629411764705882 0.41545454545454547 0.08705882352941176 0.035454545454545454
1 0.49823529411764705 0.9279545454545455 0.04 0.03954545454545454
1 0.8505882352941176 0.8588636363636364 0.05529411764705883 0.03590909090909091
1 0.6726470588235294 0.8584090909090909 0.051176470588235295 0.03590909090909091
1 0.1038235294117647 0.7722727272727272 0.07235294117647059 0.03363636363636364
1 0.10617647058823529 0.7245454545454545 0.07352941176470588 0.034545454545454546
1 0.5835294117647059 0.8613636363636363 0.042352941176470586 0.038181818181818185
1 0.4958823529411765 0.8645454545454545 0.03411764705882353 0.03727272727272727
1 0.7011764705882353 0.4143181818181818 0.02823529411764706 0.03681818181818182
1 0.37029411764705883 0.3729545454545454 0.11235294117647059 0.035
1 0.11088235294117647 0.6088636363636364 0.06294117647058824 0.03772727272727273
1 0.6758823529411765 0.9263636363636364 0.05764705882352941 0.03727272727272727
1 0.46441176470588236 0.3715909090909091 0.08176470588235295 0.03409090909090909
1 0.32382352941176473 0.8638636363636364 0.039411764705882354 0.03681818181818182
1 0.5185294117647059 0.37977272727272726 0.02176470588235294 0.022272727272727274
1 0.5247058823529411 0.46954545454545454 0.02 0.025454545454545455
1 0.45294117647058824 0.5354545454545454 0.0611764705882353 0.02909090909090909
1 0.41205882352941176 0.5395454545454546 0.022941176470588236 0.02181818181818182
1 0.4776470588235294 0.5777272727272728 0.024705882352941175 0.03
1 0.3447058823529412 0.6220454545454546 0.0811764705882353 0.023181818181818182
1 0.5705882352941176 0.6968181818181818 0.023529411764705882 0.025454545454545455
1 0.10441176470588236 0.4143181818181818 0.09470588235294118 0.03409090909090909
1 0.4688235294117647 0.4652272727272727 0.08823529411764706 0.028636363636363637
1 0.3941176470588235 0.6220454545454546 0.021176470588235293 0.02772727272727273
1 0.4376470588235294 0.6222727272727273 0.06823529411764706 0.03090909090909091
1 0.6847058823529412 0.735 0.03058823529411765 0.031818181818181815
1 0.7520588235294118 0.7343181818181819 0.10647058823529412 0.03318181818181818
1 0.5658823529411765 0.7793181818181818 0.0811764705882353 0.035