1 0.3985294117647059 0.6881818181818182 0.17352941176470588 0.03636363636363636
1 0.3397058823529412 0.37272727272727274 0.09235294117647058 0.03363636363636364
1 0.7602941176470588 0.8604545454545455 0.05 0.035454545454545454
1 0.8420588235294117 0.9270454545454545 0.0488235294117647 0.03772727272727273
1 0.5097058823529412 0.5745454545454546 0.09235294117647058 0.03272727272727273
1 0.4238235294117647 0.9293181818181818 0.05823529411764706 0.035
1 0.4976470588235294 0.5284090909090909 0.07294117647058823 0.03409090909090909
1 0.36941176470588233 0.5759090909090909 0.12705882352941175 0.038181818181818185
1 0.44941176470588234 0.3729545454545454 0.11529411764705882 0.03954545454545454
1 0.5905882352941176 0.7734090909090909 0.029411764705882353 0.041363636363636366
1 0.6420588235294118 0.7334090909090909 0.027647058823529413 0.03409090909090909
1 0.3976470588235294 0.7304545454545455 0.18352941176470589 0.035454545454545454
1 0.0961764705882353 0.6893181818181818 0.06529411764705882 0.035
1 0.09970588235294117 0.46136363636363636 0.0711764705882353 0.03636363636363636
1 0.5644117647058824 0.7327272727272728 0.1264705882352941 0.03363636363636364
1 0.16029411764705884 0.93 0.05352941176470588 0.03636363636363636
1 0.33852941176470586 0.93 0.06411764705882353 0.03636363636363636
1 0.1673529411764706 0.8615909090909091 0.06294117647058824 0.03590909090909091
1 0.44941176470588234 0.5745454545454546 0.03529411764705882 0.03272727272727273
1 0.24352941176470588 0.8618181818181818 0.04470588235294118 0.034545454545454546
1 0.6208823529411764 0.6934090909090909 0.03470588235294118 0.031363636363636364
1 0.24970588235294117 0.9293181818181818 0.05352941176470588 0.035
1 0.38235294117647056 0.7736363636363637 0.15294117647058825 0.03272727272727273
1 0.7652941176470588 0.9268181818181818 0.05176470588235294 0.03636363636363636
1 0.29352941176470587 0.042272727272727274 0.042352941176470586 0.02181818181818182
1 0.5202941176470588 0.7731818181818182 0.10764705882352942 0.031818181818181815
1 0.5991176470588235 0.41545454545454547 0.057058823529411766 0.03090909090909091
1 0.47323529411764703 0.41454545454545455 0.12529411764705883 0.031818181818181815
1 0.4164705882352941 0.8615909090909091 0.04352941176470588 0.03590909090909091
1 0.595 0.9279545454545455 0.06764705882352941 0.03681818181818182
1 0.5923529411764706 0.8622727272727273 0.052941176470588235 0.03909090909090909
1 0.09382352941176471 0.37727272727272726 0.06529411764705882 0.03363636363636364
1 0.10470588235294118 0.5345454545454545 0.05529411764705883 0.034545454545454546
1 0.5638235294117647 0.45954545454545453 0.05941176470588235 0.03090909090909091
1 0.5470588235294118 0.042727272727272725 0.09058823529411765 0.02181818181818182
1 0.5732352941176471 0.37454545454545457 0.061764705882352944 0.031818181818181815
1 0.5076470588235295 0.93 0.05764705882352941 0.03727272727272727
1 0.8523529411764705 0.860909090909091 0.05764705882352941 0.03363636363636364
1 0.6779411764705883 0.8663636363636363 0.04764705882352941 0.03727272727272727
1 0.5261764705882352 0.3781818181818182 0.03 0.03090909090909091
1 0.34441176470588236 0.4593181818181818 0.08294117647058824 0.03227272727272727
1 0.09441176470588235 0.7754545454545455 0.06764705882352941 0.03272727272727273
1 0.0976470588235294 0.7322727272727273 0.06705882352941177 0.034545454545454546
1 0.5191176470588236 0.4572727272727273 0.028823529411764706 0.035454545454545454
1 0.10764705882352942 0.6163636363636363 0.058823529411764705 0.03363636363636364
1 0.5076470588235295 0.86 0.05647058823529412 0.03909090909090909
1 0.48294117647058826 0.6175 0.07882352941176471 0.03227272727272727
1 0.105 0.5759090909090909 0.06294117647058824 0.038181818181818185
1 0.6773529411764706 0.9272727272727272 0.0488235294117647 0.03727272727272727
1 0.3347058823529412 0.8613636363636363 0.05176470588235294 0.034545454545454546
1 0.6776470588235294 0.6909090909090909 0.06588235294117648 0.031818181818181815
1 0.0988235294117647 0.4175 0.06705882352941177 0.03227272727272727
1 0.3573529411764706 0.4147727272727273 0.10294117647058823 0.03318181818181818
1 0.555 0.41409090909090907 0.027647058823529413 0.03363636363636364
1 0.4464705882352941 0.4581818181818182 0.10941176470588235 0.03363636363636364
1 0.36323529411764705 0.5331818181818182 0.12411764705882353 0.03272727272727273
1 0.4461764705882353 0.5409090909090909 0.031176470588235295 0.025454545454545455
1 0.3564705882352941 0.6177272727272727 0.10823529411764705 0.03272727272727273
1 0.4285294117647059 0.6218181818181818 0.02411764705882353 0.024545454545454544
1 0.5494117647058824 0.6843181818181818 0.1011764705882353 0.038636363636363635
1 0.7023529411764706 0.7302272727272727 0.09411764705882353 0.035
1 0.6438235294117647 0.7738636363636363 0.08294117647058824 0.03681818181818182