1 0.3426470588235294 0.6897727272727273 0.08529411764705883 0.03590909090909091
1 0.7714705882352941 0.8663636363636363 0.07 0.03727272727272727
1 0.8408823529411765 0.9272727272727272 0.0688235294117647 0.04090909090909091
1 0.5279411764705882 0.5754545454545454 0.07470588235294118 0.03636363636363636
1 0.4126470588235294 0.9268181818181818 0.060588235294117644 0.038181818181818185
1 0.8511764705882353 0.865 0.08235294117647059 0.04181818181818182
1 0.3938235294117647 0.5286363636363637 0.16058823529411764 0.034545454545454546
1 0.3711764705882353 0.6186363636363637 0.13529411764705881 0.035454545454545454
1 0.0976470588235294 0.6840909090909091 0.041176470588235294 0.04181818181818182
1 0.09411764705882353 0.36045454545454547 0.07176470588235294 0.038181818181818185
1 0.09176470588235294 0.4509090909090909 0.06352941176470588 0.03727272727272727
1 0.14705882352941177 0.925 0.05647058823529412 0.04181818181818182
1 0.3235294117647059 0.9270454545454545 0.05764705882352941 0.03772727272727273
1 0.15088235294117647 0.8602272727272727 0.05352941176470588 0.04045454545454545
1 0.5167647058823529 0.4625 0.10294117647058823 0.03227272727272727
1 0.10294117647058823 0.5263636363636364 0.08588235294117647 0.03636363636363636
1 0.23529411764705882 0.9263636363636364 0.05529411764705883 0.038181818181818185
1 0.345 0.7788636363636363 0.07823529411764706 0.03409090909090909
1 0.7597058823529412 0.9277272727272727 0.06411764705882353 0.03909090909090909
1 0.3002941176470588 0.03159090909090909 0.04411764705882353 0.02772727272727273
1 0.5820588235294117 0.03954545454545454 0.09941176470588235 0.022727272727272728
1 0.5441176470588235 0.4193181818181818 0.11294117647058824 0.035
1 0.46852941176470586 0.4175 0.031176470588235295 0.03409090909090909
1 0.4111764705882353 0.8593181818181819 0.0611764705882353 0.041363636363636366
1 0.5897058823529412 0.9272727272727272 0.06411764705882353 0.04181818181818182
1 0.44323529411764706 0.46204545454545454 0.03470588235294118 0.035
1 0.5808823529411765 0.8622727272727273 0.04764705882352941 0.04
1 0.09529411764705882 0.40454545454545454 0.06941176470588235 0.03636363636363636
1 0.1 0.5668181818181818 0.08470588235294117 0.03727272727272727
1 0.49441176470588233 0.9288636363636363 0.057058823529411766 0.038636363636363635
1 0.6738235294117647 0.8606818181818182 0.06294117647058824 0.03772727272727273
1 0.38529411764705884 0.3743181818181818 0.15294117647058825 0.028636363636363637
1 0.3635294117647059 0.4611363636363636 0.12117647058823529 0.03590909090909091
1 0.10411764705882352 0.7659090909090909 0.04 0.04363636363636364
1 0.49676470588235294 0.8620454545454546 0.04764705882352941 0.03772727272727273
1 0.475 0.6202272727272727 0.06647058823529411 0.03409090909090909
1 0.10147058823529412 0.6104545454545455 0.09 0.038181818181818185
1 0.6708823529411765 0.9315909090909091 0.05823529411764706 0.03954545454545454
1 0.32088235294117645 0.8611363636363636 0.0488235294117647 0.038636363636363635
1 0.37176470588235294 0.41295454545454546 0.1376470588235294 0.038636363636363635
1 0.5094117647058823 0.37272727272727274 0.1011764705882353 0.03363636363636364
1 0.4985294117647059 0.5343181818181818 0.05588235294117647 0.031363636363636364
1 0.39588235294117646 0.5738636363636364 0.18588235294117647 0.03954545454545454
1 0.35323529411764704 0.7315909090909091 0.08764705882352941 0.03954545454545454
1 0.09676470588235295 0.7256818181818182 0.04176470588235294 0.04409090909090909
1 0.23470588235294118 0.8622727272727273 0.05176470588235294 0.04090909090909091