1 0.4320588235294118 0.7277272727272728 0.2688235294117647 0.04181818181818182
1 0.7555882352941177 0.8615909090909091 0.05941176470588235 0.04318181818181818
1 0.8420588235294117 0.9325 0.05941176470588235 0.045909090909090906
1 0.5885294117647059 0.6186363636363637 0.15823529411764706 0.035454545454545454
1 0.4167647058823529 0.9277272727272727 0.06294117647058824 0.03909090909090909
1 0.8447058823529412 0.8629545454545454 0.06235294117647059 0.042272727272727274
1 0.39205882352941174 0.6836363636363636 0.1888235294117647 0.042727272727272725
1 0.40294117647058825 0.6163636363636363 0.21294117647058824 0.03727272727272727
1 0.7941176470588235 0.4106818181818182 0.042352941176470586 0.041363636363636366
1 0.42058823529411765 0.4118181818181818 0.24352941176470588 0.042727272727272725
1 0.09235294117647058 0.3679545454545455 0.09647058823529411 0.038636363636363635
1 0.09205882352941176 0.4511363636363636 0.09352941176470589 0.038636363636363635
1 0.5555882352941176 0.7727272727272727 0.1688235294117647 0.03636363636363636
1 0.6814705882352942 0.7290909090909091 0.21588235294117647 0.04090909090909091
1 0.15411764705882353 0.9243181818181818 0.06705882352941177 0.042272727272727274
1 0.32676470588235296 0.9302272727272727 0.06294117647058824 0.04045454545454545
1 0.1561764705882353 0.8586363636363636 0.061764705882352944 0.04090909090909091
1 0.5947058823529412 0.4597727272727273 0.1635294117647059 0.03590909090909091
1 0.39794117647058824 0.5306818181818181 0.1923529411764706 0.042272727272727274
1 0.11705882352941177 0.5281818181818182 0.1 0.04
1 0.24705882352941178 0.8597727272727272 0.06352941176470588 0.04045454545454545
1 0.24058823529411766 0.93 0.06 0.04090909090909091
1 0.3841176470588235 0.7715909090909091 0.1776470588235294 0.03681818181818182
1 0.7623529411764706 0.9297727272727273 0.07176470588235294 0.03954545454545454
1 0.6755882352941176 0.3820454545454545 0.04294117647058823 0.03409090909090909
1 0.6544117647058824 0.4131818181818182 0.23 0.042727272727272725
1 0.4173529411764706 0.8593181818181819 0.060588235294117644 0.041363636363636366
1 0.5902941176470589 0.9309090909090909 0.06411764705882353 0.03909090909090909
1 0.1126470588235294 0.5693181818181818 0.09705882352941177 0.03772727272727273
1 0.5794117647058824 0.5288636363636363 0.16470588235294117 0.038636363636363635
1 0.5941176470588235 0.8597727272727272 0.06941176470588235 0.04318181818181818
1 0.10235294117647059 0.4106818181818182 0.11294117647058824 0.03772727272727273
1 0.10911764705882353 0.6856818181818182 0.08529411764705883 0.03772727272727273
1 0.5479411764705883 0.035454545454545454 0.04764705882352941 0.023636363636363636
1 0.7702941176470588 0.4586363636363636 0.11823529411764706 0.035454545454545454
1 0.5017647058823529 0.9279545454545455 0.06941176470588235 0.04045454545454545
1 0.6726470588235294 0.8604545454545455 0.05941176470588235 0.04454545454545455
1 0.5652941176470588 0.36954545454545457 0.17058823529411765 0.045454545454545456
1 0.10941176470588235 0.7679545454545454 0.09176470588235294 0.03318181818181818
1 0.7688235294117647 0.3718181818181818 0.15294117647058825 0.04090909090909091
1 0.601764705882353 0.6840909090909091 0.20705882352941177 0.03909090909090909
1 0.4988235294117647 0.8593181818181819 0.05764705882352941 0.041363636363636366
1 0.6970588235294117 0.4713636363636364 0.02823529411764706 0.03727272727272727
1 0.8738235294117647 0.4102272727272727 0.11470588235294117 0.038636363636363635
1 0.38794117647058823 0.3665909090909091 0.18411764705882352 0.04409090909090909
1 0.11558823529411764 0.6134090909090909 0.10411764705882352 0.038636363636363635
1 0.673235294117647 0.9288636363636363 0.05941176470588235 0.041363636363636366
1 0.33088235294117646 0.8615909090909091 0.06411764705882353 0.03954545454545454
1 0.7917647058823529 0.5706818181818182 0.25882352941176473 0.04772727272727273
1 0.10647058823529412 0.7284090909090909 0.08823529411764706 0.03318181818181818
1 0.32235294117647056 0.03704545454545455 0.0611764705882353 0.02772727272727273
1 0.40647058823529414 0.4561363636363636 0.2188235294117647 0.045909090909090906
1 0.47911764705882354 0.5681818181818182 0.36176470588235293 0.042727272727272725