1 0.5688235294117647 0.6181818181818182 0.06941176470588235 0.03363636363636364
1 0.09852941176470588 0.5231818181818182 0.07823529411764706 0.03272727272727273
1 0.4285294117647059 0.3725 0.23823529411764705 0.038636363636363635
1 0.6076470588235294 0.7325 0.15411764705882353 0.03409090909090909
1 0.45941176470588235 0.41795454545454547 0.3129411764705882 0.026818181818181817
1 0.09352941176470589 0.6868181818181818 0.06470588235294118 0.03636363636363636
1 0.11352941176470588 0.37022727272727274 0.0988235294117647 0.03681818181818182
1 0.10970588235294118 0.44977272727272727 0.09470588235294118 0.03681818181818182
1 0.39029411764705885 0.7297727272727272 0.17588235294117646 0.03590909090909091
1 0.09352941176470589 0.7775 0.0611764705882353 0.03772727272727273
1 0.3629411764705882 0.7759090909090909 0.12 0.02909090909090909
1 0.7152941176470589 0.5772727272727273 0.1223529411764706 0.034545454545454546
1 0.11764705882352941 0.4102272727272727 0.1 0.03681818181818182
1 0.5858823529411765 0.4586363636363636 0.12823529411764706 0.034545454545454546
1 0.29911764705882354 0.03227272727272727 0.057058823529411766 0.02
1 0.5091176470588236 0.7320454545454546 0.031176470588235295 0.03409090909090909
1 0.4661764705882353 0.5759090909090909 0.32294117647058823 0.034545454545454546
1 0.09705882352941177 0.5668181818181818 0.07176470588235294 0.035454545454545454
1 0.5694117647058824 0.04068181818181818 0.11058823529411765 0.022272727272727274
1 0.4485294117647059 0.7743181818181818 0.03470588235294118 0.03318181818181818
1 0.4067647058823529 0.4565909090909091 0.20529411764705882 0.030454545454545453
1 0.09382352941176471 0.7322727272727273 0.06411764705882353 0.03727272727272727
1 0.09735294117647059 0.6125 0.07588235294117647 0.03590909090909091
1 0.6529411764705882 0.37454545454545457 0.17294117647058824 0.03727272727272727
1 0.7441176470588236 0.41795454545454547 0.20823529411764705 0.03681818181818182
1 0.4102941176470588 0.6156818181818182 0.20294117647058824 0.038636363636363635
1 0.5076470588235295 0.7763636363636364 0.08941176470588236 0.026363636363636363