1 0.40352941176470586 0.6870454545454545 0.20470588235294118 0.03772727272727273
1 0.7652941176470588 0.8613636363636363 0.06352941176470588 0.03727272727272727
1 0.8511764705882353 0.9279545454545455 0.07058823529411765 0.03954545454545454
1 0.5691176470588235 0.5772727272727273 0.1864705882352941 0.031818181818181815
1 0.4111764705882353 0.9270454545454545 0.05529411764705883 0.038636363636363635
1 0.5938235294117648 0.5340909090909091 0.19823529411764707 0.031818181818181815
1 0.38176470588235295 0.5768181818181818 0.17294117647058824 0.03
1 0.4111764705882353 0.4175 0.2211764705882353 0.035
1 0.3861764705882353 0.7343181818181819 0.17 0.03590909090909091
1 0.10882352941176471 0.6902272727272727 0.06470588235294118 0.030454545454545453
1 0.08970588235294118 0.3690909090909091 0.07235294117647059 0.034545454545454546
1 0.09558823529411764 0.45840909090909093 0.07352941176470588 0.03590909090909091
1 0.16 0.9254545454545454 0.06588235294117648 0.03909090909090909
1 0.33294117647058824 0.9277272727272727 0.07058823529411765 0.04
1 0.1588235294117647 0.8629545454545454 0.07058823529411765 0.03954545454545454
1 0.09058823529411765 0.5318181818181819 0.07058823529411765 0.03363636363636364
1 0.24411764705882352 0.8611363636363636 0.05529411764705883 0.03772727272727273
1 0.24411764705882352 0.9263636363636364 0.06235294117647059 0.038181818181818185
1 0.38235294117647056 0.7802272727272728 0.16705882352941176 0.03590909090909091
1 0.7626470588235295 0.9272727272727272 0.06764705882352941 0.03909090909090909
1 0.5547058823529412 0.7322727272727273 0.11764705882352941 0.03727272727272727
1 0.6741176470588235 0.38431818181818184 0.03529411764705882 0.031363636363636364
1 0.6061764705882353 0.4177272727272727 0.15235294117647058 0.031818181818181815
1 0.4211764705882353 0.8593181818181819 0.058823529411764705 0.03954545454545454
1 0.596764705882353 0.9286363636363636 0.07352941176470588 0.04
1 0.39441176470588235 0.5331818181818182 0.17823529411764705 0.03363636363636364
1 0.5914705882352941 0.8606818181818182 0.07352941176470588 0.04409090909090909
1 0.08764705882352941 0.41409090909090907 0.06823529411764706 0.034545454545454546
1 0.7735294117647059 0.4197727272727273 0.07764705882352942 0.03318181818181818
1 0.5061764705882353 0.9272727272727272 0.07823529411764706 0.03909090909090909
1 0.8485294117647059 0.8615909090909091 0.05588235294117647 0.03954545454545454
1 0.6797058823529412 0.8613636363636363 0.07 0.04
1 0.5741176470588235 0.37636363636363634 0.14588235294117646 0.02909090909090909
1 0.39294117647058824 0.4627272727272727 0.18470588235294116 0.03
1 0.11323529411764706 0.7738636363636363 0.061764705882352944 0.03409090909090909
1 0.10794117647058823 0.7286363636363636 0.0711764705882353 0.031818181818181815
1 0.735 0.37863636363636366 0.07352941176470588 0.031818181818181815
1 0.505 0.8584090909090909 0.06294117647058824 0.04045454545454545
1 0.7044117647058824 0.42068181818181816 0.03470588235294118 0.03409090909090909
1 0.5820588235294117 0.6906818181818182 0.12294117647058823 0.03590909090909091
1 0.3897058823529412 0.37545454545454543 0.1888235294117647 0.031818181818181815
1 0.3611764705882353 0.6243181818181818 0.13058823529411764 0.022272727272727274
1 0.10088235294117646 0.6193181818181818 0.061764705882352944 0.029545454545454545
1 0.6761764705882353 0.9268181818181818 0.0688235294117647 0.038181818181818185
1 0.3341176470588235 0.8581818181818182 0.0611764705882353 0.04
1 0.6217647058823529 0.4684090909090909 0.027058823529411764 0.025
1 0.5588235294117647 0.7806818181818181 0.12588235294117647 0.028636363636363637
1 0.295 0.03909090909090909 0.039411764705882354 0.023636363636363636
1 0.5497058823529412 0.04159090909090909 0.0888235294117647 0.025
1 0.5470588235294118 0.46386363636363637 0.1188235294117647 0.031363636363636364
1 0.6723529411764706 0.4636363636363636 0.06823529411764706 0.038181818181818185
1 0.08970588235294118 0.575 0.07705882352941176 0.03727272727272727
1 0.5020588235294118 0.6220454545454546 0.14294117647058824 0.023181818181818182
1 0.6808823529411765 0.6913636363636364 0.06411764705882353 0.04181818181818182
1 0.6335294117647059 0.7338636363636364 0.04 0.03227272727272727
1 0.65 0.7777272727272727 0.04941176470588235 0.034545454545454546
1 0.7705882352941177 0.6945454545454546 0.11764705882352941 0.031818181818181815
1 0.7120588235294117 0.7356818181818182 0.09941176470588235 0.035
1 0.7235294117647059 0.7795454545454545 0.09529411764705882 0.03090909090909091