1 0.4210836277974087 0.7036363636363636 0.23792697290930506 0.03909090909090909
1 0.39693757361601884 0.4343181818181818 0.19316843345111898 0.03681818181818182
1 0.7603062426383981 0.8752272727272727 0.06595995288574794 0.04045454545454545
1 0.8436395759717314 0.9413636363636364 0.06419316843345112 0.04
1 0.4172555948174323 0.9429545454545455 0.06537102473498234 0.03772727272727273
1 0.8501177856301532 0.8772727272727273 0.07832744405182568 0.04090909090909091
1 0.7767962308598351 0.5486363636363636 0.15783274440518258 0.01818181818181818
1 0.11896348645465253 0.7040909090909091 0.09305064782096584 0.03727272727272727
1 0.11160188457008245 0.47613636363636364 0.09952885747938751 0.03772727272727273
1 0.4219670200235571 0.7486363636363637 0.23733804475853945 0.03636363636363636
1 0.7473498233215548 0.5929545454545454 0.17550058892815076 0.03227272727272727
1 0.11366313309776208 0.3922727272727273 0.09187279151943463 0.03727272727272727
1 0.4920494699646643 0.7875 0.08186101295641932 0.03318181818181818
1 0.6121908127208481 0.7465909090909091 0.1254416961130742 0.03409090909090909
1 0.17196702002355713 0.9415909090909091 0.07656065959952886 0.04045454545454545
1 0.7591283863368669 0.6393181818181818 0.07891637220259129 0.023181818181818182
1 0.3401060070671378 0.9422727272727273 0.07361601884570082 0.038181818181818185
1 0.17137809187279152 0.8770454545454546 0.06949352179034157 0.04045454545454545
1 0.1166077738515901 0.5488636363636363 0.09187279151943463 0.03772727272727273
1 0.6964075382803298 0.6431818181818182 0.028857479387514724 0.02090909090909091
1 0.25265017667844525 0.8763636363636363 0.07538280329799764 0.04
1 0.25235571260306244 0.9425 0.06772673733804475 0.03954545454545454
1 0.37279151943462896 0.7888636363636363 0.1425206124852768 0.035
1 0.7600117785630153 0.9420454545454545 0.06890459363957598 0.04045454545454545
1 0.2788574793875147 0.07113636363636364 0.01707891637220259 0.019545454545454546
1 0.6610718492343934 0.3931818181818182 0.3374558303886926 0.042727272727272725
1 0.4207891637220259 0.8784090909090909 0.06772673733804475 0.03954545454545454
1 0.5936395759717314 0.9425 0.071849234393404 0.04045454545454545
1 0.4714369846878681 0.5909090909090909 0.3374558303886926 0.03727272727272727
1 0.498527679623086 0.5509090909090909 0.3763250883392226 0.03636363636363636
1 0.42255594817432274 0.6320454545454546 0.22791519434628976 0.03681818181818182
1 0.5889281507656066 0.8759090909090909 0.06831566548881036 0.04
1 0.11130742049469965 0.43454545454545457 0.09422850412249706 0.035454545454545454
1 0.11366313309776208 0.5911363636363637 0.09658421672555949 0.03681818181818182
1 0.6089517078916372 0.6377272727272727 0.1330977620730271 0.028181818181818183
1 0.5444640753828033 0.06818181818181818 0.07950530035335689 0.02181818181818182
1 0.6548881036513545 0.43568181818181817 0.30859835100117783 0.03318181818181818
1 0.502944640753828 0.9422727272727273 0.06007067137809187 0.03909090909090909
1 0.8639575971731449 0.5956818181818182 0.027090694935217905 0.03318181818181818
1 0.6725559481743227 0.8765909090909091 0.06595995288574794 0.042272727272727274
1 0.911660777385159 0.5904545454545455 0.05418138987043581 0.03272727272727273
1 0.36130742049469966 0.47659090909090907 0.11719670200235571 0.03681818181818182
1 0.11160188457008245 0.7881818181818182 0.09010600706713781 0.03636363636363636
1 0.5126619552414605 0.4763636363636364 0.1878680800942285 0.03636363636363636
1 0.502944640753828 0.8781818181818182 0.061248527679623084 0.04
1 0.6113074204946997 0.7009090909090909 0.1330977620730271 0.04
1 0.3992932862190813 0.3927272727272727 0.18610129564193167 0.04090909090909091
1 0.1166077738515901 0.6311363636363636 0.10129564193168433 0.03681818181818182
1 0.6713780918727915 0.9431818181818182 0.0636042402826855 0.04181818181818182
1 0.3380447585394582 0.8772727272727273 0.07538280329799764 0.03909090909090909
1 0.11042402826855123 0.7475 0.08421672555948174 0.035
1 0.3124263839811543 0.07090909090909091 0.04888103651354535 0.019090909090909092
1 0.8836866902237926 0.5625 0.09717314487632508 0.023181818181818182