1 0.42764705882352944 0.6852272727272727 0.24 0.03681818181818182
1 0.7647058823529411 0.8597727272727272 0.06705882352941177 0.04045454545454545
1 0.8482352941176471 0.9272727272727272 0.07176470588235294 0.04
1 0.41411764705882353 0.9268181818181818 0.06588235294117648 0.03727272727272727
1 0.4126470588235294 0.5713636363636364 0.20411764705882354 0.031818181818181815
1 0.8464705882352941 0.8622727272727273 0.07058823529411765 0.03909090909090909
1 0.37823529411764706 0.6084090909090909 0.1423529411764706 0.03590909090909091
1 0.6673529411764706 0.7756818181818181 0.08647058823529412 0.031363636363636364
1 0.6511764705882352 0.6890909090909091 0.1423529411764706 0.035454545454545454
1 0.4514705882352941 0.725 0.2911764705882353 0.03727272727272727
1 0.3779411764705882 0.4163636363636364 0.14411764705882352 0.03727272727272727
1 0.10852941176470589 0.6788636363636363 0.08058823529411764 0.03590909090909091
1 0.11 0.36363636363636365 0.07058823529411765 0.035454545454545454
1 0.10970588235294118 0.4461363636363636 0.07941176470588235 0.03590909090909091
1 0.15588235294117647 0.9236363636363636 0.06588235294117648 0.04090909090909091
1 0.788235294117647 0.73 0.03882352941176471 0.034545454545454546
1 0.3305882352941176 0.9245454545454546 0.06 0.04
1 0.16558823529411765 0.8565909090909091 0.07470588235294118 0.04045454545454545
1 0.6811764705882353 0.7275 0.16588235294117648 0.035
1 0.6073529411764705 0.45590909090909093 0.08764705882352941 0.042727272727272725
1 0.11029411764705882 0.5234090909090909 0.09352941176470589 0.03590909090909091
1 0.5620588235294117 0.6143181818181818 0.19588235294117648 0.03409090909090909
1 0.24970588235294117 0.8579545454545454 0.061764705882352944 0.04045454545454545
1 0.2447058823529412 0.9243181818181818 0.06588235294117648 0.038636363636363635
1 0.39088235294117646 0.7729545454545454 0.17705882352941177 0.03681818181818182
1 0.7641176470588236 0.9270454545454545 0.07058823529411765 0.038636363636363635
1 0.543235294117647 0.7752272727272728 0.10529411764705883 0.03590909090909091
1 0.6520588235294118 0.41659090909090907 0.03 0.03227272727272727
1 0.6302941176470588 0.3740909090909091 0.04058823529411765 0.03272727272727273
1 0.5405882352941176 0.4102272727272727 0.17529411764705882 0.03772727272727273
1 0.41794117647058826 0.8590909090909091 0.07 0.038181818181818185
1 0.5861764705882353 0.9268181818181818 0.060588235294117644 0.03909090909090909
1 0.10647058823529412 0.5672727272727273 0.08705882352941176 0.03636363636363636
1 0.3938235294117647 0.5322727272727272 0.16294117647058823 0.03636363636363636
1 0.4591176470588235 0.45545454545454545 0.12764705882352942 0.03636363636363636
1 0.5870588235294117 0.8606818181818182 0.05176470588235294 0.042272727272727274
1 0.10588235294117647 0.4047727272727273 0.07411764705882352 0.03590909090909091
1 0.7197058823529412 0.4156818181818182 0.09823529411764706 0.035
1 0.5002941176470588 0.9286363636363636 0.0711764705882353 0.03909090909090909
1 0.831764705882353 0.6895454545454546 0.12823529411764706 0.03636363636363636
1 0.6744117647058824 0.8586363636363636 0.06411764705882353 0.03909090909090909
1 0.5211764705882352 0.3729545454545454 0.16117647058823528 0.03681818181818182
1 0.8691176470588236 0.7320454545454546 0.13470588235294118 0.03590909090909091
1 0.3558823529411765 0.4511363636363636 0.1011764705882353 0.03590909090909091
1 0.11205882352941177 0.7636363636363637 0.08647058823529412 0.03636363636363636
1 0.11323529411764706 0.7229545454545454 0.08411764705882353 0.03772727272727273
1 0.7055882352941176 0.37636363636363634 0.09588235294117647 0.03363636363636364
1 0.6135294117647059 0.7775 0.03411764705882353 0.03772727272727273
1 0.5005882352941177 0.8577272727272728 0.07058823529411765 0.03909090909090909
1 0.5979411764705882 0.5315909090909091 0.21 0.03318181818181818
1 0.3738235294117647 0.37136363636363634 0.12529411764705883 0.03636363636363636
1 0.10735294117647058 0.6052272727272727 0.09 0.03772727272727273
1 0.6776470588235294 0.9261363636363636 0.07529411764705882 0.03954545454545454
1 0.32735294117647057 0.8597727272727272 0.06294117647058824 0.03590909090909091
1 0.6444117647058824 0.5725 0.2523529411764706 0.03590909090909091
1 0.7511764705882353 0.6913636363636364 0.03882352941176471 0.031818181818181815
1 0.30205882352941177 0.031818181818181815 0.039411764705882354 0.02727272727272727
1 0.566764705882353 0.03772727272727273 0.11 0.01818181818181818
1 0.5467647058823529 0.4625 0.028823529411764706 0.03681818181818182