1 0.3826470588235294 0.6840909090909091 0.13470588235294118 0.03636363636363636
1 0.7579411764705882 0.8606818181818182 0.051176470588235295 0.038636363636363635
1 0.8435294117647059 0.9272727272727272 0.06588235294117648 0.04
1 0.8414705882352941 0.8613636363636363 0.060588235294117644 0.03909090909090909
1 0.3864705882352941 0.6122727272727273 0.17882352941176471 0.04181818181818182
1 0.6594117647058824 0.7772727272727272 0.08470588235294117 0.031818181818181815
1 0.5391176470588235 0.615909090909091 0.11352941176470588 0.035454545454545454
1 0.6926470588235294 0.6918181818181818 0.04411764705882353 0.038181818181818185
1 0.3791176470588235 0.7281818181818182 0.15470588235294117 0.034545454545454546
1 0.7464705882352941 0.5325 0.04588235294117647 0.029545454545454545
1 0.3788235294117647 0.4618181818181818 0.16 0.03636363636363636
1 0.10264705882352941 0.6804545454545454 0.0711764705882353 0.034545454545454546
1 0.09647058823529411 0.45 0.08 0.04454545454545455
1 0.6947058823529412 0.5752272727272727 0.02823529411764706 0.029545454545454545
1 0.3561764705882353 0.7731818181818182 0.10529411764705883 0.03363636363636364
1 0.14852941176470588 0.923409090909091 0.05235294117647059 0.041363636363636366
1 0.8220588235294117 0.5327272727272727 0.11823529411764706 0.034545454545454546
1 0.4097058823529412 0.9263636363636364 0.060588235294117644 0.03909090909090909
1 0.15235294117647058 0.8561363636363636 0.05411764705882353 0.03954545454545454
1 0.7238235294117648 0.7293181818181819 0.033529411764705884 0.03227272727272727
1 0.43470588235294116 0.5247727272727273 0.2529411764705882 0.03590909090909091
1 0.0961764705882353 0.5234090909090909 0.07941176470588235 0.035
1 0.663235294117647 0.6184090909090909 0.06294117647058824 0.030454545454545453
1 0.8073529411764706 0.37068181818181817 0.12176470588235294 0.03590909090909091
1 0.6470588235294118 0.5284090909090909 0.14 0.03590909090909091
1 0.23941176470588235 0.9238636363636363 0.05529411764705883 0.03772727272727273
1 0.7576470588235295 0.9261363636363636 0.0611764705882353 0.03772727272727273
1 0.10882352941176471 0.3684090909090909 0.09058823529411765 0.03409090909090909
1 0.6770588235294117 0.4572727272727273 0.09529411764705882 0.03272727272727273
1 0.71 0.37227272727272726 0.04823529411764706 0.031818181818181815
1 0.6394117647058823 0.4109090909090909 0.1564705882352941 0.04363636363636364
1 0.4108823529411765 0.4131818181818182 0.2323529411764706 0.03909090909090909
1 0.4082352941176471 0.8588636363636364 0.04941176470588235 0.03772727272727273
1 0.5873529411764706 0.9270454545454545 0.060588235294117644 0.03681818181818182
1 0.61 0.4540909090909091 0.036470588235294116 0.03636363636363636
1 0.41794117647058826 0.5740909090909091 0.2605882352941176 0.031818181818181815
1 0.5814705882352941 0.8597727272727272 0.04764705882352941 0.03954545454545454
1 0.09647058823529411 0.5665909090909091 0.08235294117647059 0.03590909090909091
1 0.6185294117647059 0.5747727272727273 0.12294117647058823 0.03227272727272727
1 0.565 0.038181818181818185 0.12058823529411765 0.022727272727272728
1 0.7491176470588236 0.41363636363636364 0.051176470588235295 0.035454545454545454
1 0.8035294117647059 0.7304545454545455 0.1 0.034545454545454546
1 0.5002941176470588 0.9272727272727272 0.05941176470588235 0.038181818181818185
1 0.7929411764705883 0.6865909090909091 0.10823529411764705 0.03409090909090909
1 0.6688235294117647 0.8590909090909091 0.05764705882352941 0.04
1 0.6044117647058823 0.375 0.14529411764705882 0.035454545454545454
1 0.5711764705882353 0.6861363636363637 0.17176470588235293 0.04409090909090909
1 0.09470588235294118 0.7645454545454545 0.07882352941176471 0.03636363636363636
1 0.09441176470588235 0.7263636363636363 0.07823529411764706 0.03636363636363636
1 0.5241176470588236 0.45590909090909093 0.10823529411764705 0.03363636363636364
1 0.5844117647058824 0.73 0.21 0.034545454545454546
1 0.4938235294117647 0.8597727272727272 0.05 0.03954545454545454
1 0.8391176470588235 0.41204545454545455 0.1264705882352941 0.038636363636363635
1 0.6164705882352941 0.6179545454545454 0.02823529411764706 0.03227272727272727
1 0.40794117647058825 0.36818181818181817 0.19705882352941176 0.038181818181818185
1 0.09411764705882353 0.605909090909091 0.07882352941176471 0.03636363636363636
1 0.6708823529411765 0.9270454545454545 0.05823529411764706 0.038636363636363635
1 0.32441176470588234 0.8572727272727273 0.05235294117647059 0.038181818181818185
1 0.7414705882352941 0.5756818181818182 0.06294117647058824 0.030454545454545453
1 0.30470588235294116 0.03681818181818182 0.04352941176470588 0.031818181818181815
1 0.10176470588235294 0.4084090909090909 0.09529411764705882 0.041363636363636366
1 0.4894117647058824 0.7772727272727272 0.14823529411764705 0.028181818181818183
1 0.5970588235294118 0.7806818181818181 0.03411764705882353 0.035
1 0.23823529411764705 0.8584090909090909 0.052941176470588235 0.03318181818181818
1 0.325 0.9238636363636363 0.051176470588235295 0.04045454545454545