1 0.4420588235294118 0.7263636363636363 0.2641176470588235 0.03272727272727273
1 0.44029411764705884 0.40795454545454546 0.2641176470588235 0.03590909090909091
1 0.7552941176470588 0.8590909090909091 0.0611764705882353 0.04
1 0.8332352941176471 0.9306818181818182 0.04411764705882353 0.04318181818181818
1 0.4023529411764706 0.9315909090909091 0.04941176470588235 0.03681818181818182
1 0.8420588235294117 0.8625 0.05823529411764706 0.042272727272727274
1 0.3547058823529412 0.6106818181818182 0.1 0.03590909090909091
1 0.7667647058823529 0.40795454545454546 0.04647058823529412 0.038636363636363635
1 0.0976470588235294 0.68 0.07411764705882352 0.03727272727272727
1 0.10705882352941176 0.44886363636363635 0.08941176470588236 0.03681818181818182
1 0.14176470588235293 0.9270454545454545 0.04470588235294118 0.04409090909090909
1 0.3220588235294118 0.9293181818181818 0.05 0.03772727272727273
1 0.15735294117647058 0.8586363636363636 0.060588235294117644 0.04090909090909091
1 0.6882352941176471 0.7290909090909091 0.20823529411764705 0.03909090909090909
1 0.4929411764705882 0.5681818181818182 0.1564705882352941 0.04090909090909091
1 0.10058823529411764 0.5227272727272727 0.06352941176470588 0.034545454545454546
1 0.611764705882353 0.6136363636363636 0.06588235294117648 0.03636363636363636
1 0.24088235294117646 0.8586363636363636 0.054705882352941174 0.04090909090909091
1 0.23323529411764707 0.93 0.04647058823529412 0.04090909090909091
1 0.37970588235294117 0.7704545454545455 0.15235294117647058 0.034545454545454546
1 0.7602941176470588 0.9297727272727273 0.06529411764705882 0.03772727272727273
1 0.11382352941176471 0.3668181818181818 0.0888235294117647 0.035454545454545454
1 0.5552941176470588 0.7697727272727273 0.14470588235294118 0.03409090909090909
1 0.6258823529411764 0.4572727272727273 0.03058823529411765 0.03909090909090909
1 0.4188235294117647 0.8604545454545455 0.06705882352941177 0.04090909090909091
1 0.5755882352941176 0.9302272727272727 0.04764705882352941 0.03590909090909091
1 0.47411764705882353 0.6115909090909091 0.12705882352941175 0.03409090909090909
1 0.5858823529411765 0.860909090909091 0.058823529411764705 0.042727272727272725
1 0.10764705882352942 0.40613636363636363 0.08235294117647059 0.03681818181818182
1 0.10235294117647059 0.5675 0.07294117647058823 0.03590909090909091
1 0.5570588235294117 0.03931818181818182 0.07058823529411765 0.020454545454545454
1 0.6576470588235294 0.4115909090909091 0.16470588235294117 0.03954545454545454
1 0.49676470588235294 0.9322727272727273 0.05823529411764706 0.03636363636363636
1 0.6720588235294118 0.8634090909090909 0.061764705882352944 0.041363636363636366
1 0.905 0.5743181818181818 0.06529411764705882 0.03590909090909091
1 0.38294117647058823 0.45227272727272727 0.14470588235294118 0.03727272727272727
1 0.09676470588235295 0.7663636363636364 0.07 0.03636363636363636
1 0.538235294117647 0.4531818181818182 0.11294117647058824 0.03727272727272727
1 0.5055882352941177 0.8613636363636363 0.054705882352941174 0.04181818181818182
1 0.673235294117647 0.45454545454545453 0.04647058823529412 0.035454545454545454
1 0.8523529411764705 0.4115909090909091 0.09058823529411765 0.03954545454545454
1 0.5611764705882353 0.6168181818181818 0.02823529411764706 0.03636363636363636
1 0.09794117647058824 0.6068181818181818 0.07705882352941176 0.035454545454545454
1 0.6679411764705883 0.9290909090909091 0.051176470588235295 0.04
1 0.33705882352941174 0.8579545454545454 0.06823529411764706 0.04045454545454545
1 0.7023529411764706 0.5695454545454546 0.23411764705882354 0.04090909090909091
1 0.09352941176470589 0.725909090909091 0.06470588235294118 0.034545454545454546
1 0.32176470588235295 0.04181818181818182 0.07058823529411765 0.022727272727272728
1 0.846764705882353 0.5729545454545455 0.039411764705882354 0.03954545454545454