1 0.37868080094228507 0.7070063694267515 0.127208480565371 0.039126478616924476
1 0.535924617196702 0.7076888080072793 0.08598351001177856 0.03867151956323931
1 0.7635453474676089 0.8778434940855323 0.052414605418138985 0.03776160145586897
1 0.8418727915194346 0.9438125568698817 0.04652532391048292 0.03958143767060965
1 0.42314487632508835 0.945859872611465 0.04652532391048292 0.0373066424021838
1 0.39075382803298 0.6376251137397634 0.14075382803297998 0.03503184713375796
1 0.6743227326266196 0.8789808917197452 0.053003533568904596 0.040036396724294813
1 0.46142520612485277 0.7115559599636033 0.03828032979976443 0.040036396724294813
1 0.42697290930506476 0.7993630573248408 0.038869257950530034 0.04185623293903549
1 0.6934628975265018 0.5511828935395814 0.08421672555948174 0.036851683348498636
1 0.41548881036513546 0.43926296633303 0.16548881036513546 0.0359417652411283
1 0.09923439340400471 0.707916287534122 0.04652532391048292 0.036396724294813464
1 0.1071849234393404 0.48089171974522293 0.061248527679623084 0.03366696997270246
1 0.3751472320376914 0.7506824385805277 0.1154299175500589 0.03366696997270246
1 0.10394581861012957 0.3958143767060964 0.06537102473498234 0.036396724294813464
1 0.48527679623085984 0.7925386715195633 0.07891637220259129 0.034576888080072796
1 0.5815665488810365 0.64171974522293 0.025323910482921083 0.03776160145586897
1 0.1690223792697291 0.9449499545040946 0.04711425206124853 0.0373066424021838
1 0.3424617196702002 0.9451774340309372 0.044169611307420496 0.036851683348498636
1 0.1702002355712603 0.8787534121929026 0.0447585394581861 0.03776160145586897
1 0.39723203769140164 0.5516378525932666 0.16666666666666666 0.04049135577797998
1 0.10365135453474676 0.5520928116469518 0.05889281507656066 0.0359417652411283
1 0.6292697290930507 0.6383075523202911 0.05594817432273263 0.03366696997270246
1 0.25382803297997647 0.8794358507734303 0.0447585394581861 0.036396724294813464
1 0.6116018845700825 0.5939490445859873 0.024146054181389872 0.03139217470427662
1 0.25618374558303886 0.9451774340309372 0.0447585394581861 0.036851683348498636
1 0.36160188457008247 0.7936760691537762 0.0895170789163722 0.03503184713375796
1 0.7600117785630153 0.9438125568698817 0.0535924617196702 0.03867151956323931
1 0.3030035335689046 0.06960873521383075 0.034746760895170786 0.023657870791628753
1 0.5962897526501767 0.40172884440400364 0.034746760895170786 0.040036396724294813
1 0.5297408716136631 0.3955868971792539 0.10424028268551237 0.03867151956323931
1 0.4178445229681979 0.8801182893539582 0.04181389870435807 0.036851683348498636
1 0.5901060070671378 0.9488171064604186 0.038869257950530034 0.042311191992720654
1 0.395170789163722 0.5934940855323021 0.15783274440518258 0.0359417652411283
1 0.5503533568904594 0.5498180163785259 0.11484098939929328 0.03867151956323931
1 0.5200235571260307 0.6389899909008189 0.08598351001177856 0.03139217470427662
1 0.49793875147232036 0.48043676069153773 0.09363957597173145 0.034576888080072796
1 0.5880447585394581 0.8782984531392175 0.04652532391048292 0.03867151956323931
1 0.10424028268551237 0.4394904458598726 0.061248527679623084 0.03366696997270246
1 0.10453474676089516 0.5944040036396724 0.05594817432273263 0.033212010919017286
1 0.6012956419316844 0.4822565969062784 0.06949352179034157 0.03275705186533212
1 0.5562426383981154 0.068926296633303 0.037102473498233215 0.02502274795268426
1 0.6198468786808009 0.44040036396724297 0.025323910482921083 0.03184713375796178
1 0.6640164899882215 0.4410828025477707 0.06654888103651355 0.03139217470427662
1 0.5038280329799765 0.9454049135577798 0.04299175500588928 0.03821656050955414
1 0.8468786808009423 0.8773885350318471 0.05535924617196702 0.036851683348498636
1 0.5497644287396938 0.4394904458598726 0.10070671378091872 0.03275705186533212
1 0.6560659599528857 0.3980891719745223 0.06949352179034157 0.03366696997270246
1 0.38604240282685515 0.47975432211101 0.13839811542991756 0.0359417652411283
1 0.10247349823321555 0.7936760691537762 0.045936395759717315 0.034121929026387623
1 0.549469964664311 0.4870336669699727 0.028268551236749116 0.03867151956323931
1 0.5035335689045937 0.8794358507734303 0.045936395759717315 0.0373066424021838
1 0.6322143698468787 0.555277525022748 0.034746760895170786 0.03867151956323931
1 0.5444640753828033 0.5959963603275705 0.09952885747938751 0.03275705186533212
1 0.39428739693757364 0.3964968152866242 0.16313309776207302 0.03958143767060965
1 0.5217903415783275 0.7486351228389445 0.09540636042402827 0.03230209281164695
1 0.10600706713780919 0.6358052775250227 0.06007067137809187 0.034121929026387623
1 0.6799175500588928 0.9440400363967243 0.04534746760895171 0.039126478616924476
1 0.3401060070671378 0.8794358507734303 0.04299175500588928 0.03548680618744313
1 0.6663722025912838 0.5944040036396724 0.0712603062426384 0.03230209281164695
1 0.09982332155477032 0.7502274795268425 0.04652532391048292 0.03366696997270246
1 0.45170789163722025 0.7522747952684259 0.038869257950530034 0.04049135577797998