1 0.34441176470588236 0.6838636363636363 0.07941176470588235 0.03590909090909091
1 0.7620588235294118 0.8572727272727273 0.05 0.034545454545454546
1 0.85 0.9254545454545454 0.06 0.03727272727272727
1 0.4152941176470588 0.9268181818181818 0.05411764705882353 0.035454545454545454
1 0.4464705882352941 0.5243181818181818 0.10588235294117647 0.03409090909090909
1 0.8414705882352941 0.8581818181818182 0.04058823529411765 0.03727272727272727
1 0.34705882352941175 0.6111363636363636 0.08235294117647059 0.03318181818181818
1 0.6738235294117647 0.855 0.05352941176470588 0.03636363636363636
1 0.43911764705882356 0.4465909090909091 0.1111764705882353 0.03409090909090909
1 0.435 0.6115909090909091 0.0888235294117647 0.03318181818181818
1 0.3508823529411765 0.4113636363636364 0.08529411764705883 0.035454545454545454
1 0.09735294117647059 0.6806818181818182 0.061764705882352944 0.03409090909090909
1 0.34794117647058825 0.725 0.0888235294117647 0.03727272727272727
1 0.10235294117647059 0.3668181818181818 0.06352941176470588 0.03272727272727273
1 0.09794117647058824 0.44522727272727275 0.06764705882352941 0.03590909090909091
1 0.4455882352941177 0.7702272727272728 0.11352941176470588 0.03681818181818182
1 0.5402941176470588 0.6106818181818182 0.04411764705882353 0.031363636363636364
1 0.15 0.9259090909090909 0.04470588235294118 0.038181818181818185
1 0.09441176470588235 0.5686363636363636 0.060588235294117644 0.024545454545454544
1 0.3226470588235294 0.925 0.045294117647058825 0.038181818181818185
1 0.0961764705882353 0.5243181818181818 0.06647058823529411 0.03227272727272727
1 0.24058823529411766 0.8575 0.04588235294117647 0.03590909090909091
1 0.5838235294117647 0.5252272727272728 0.06764705882352941 0.031363636363636364
1 0.24029411764705882 0.9256818181818182 0.0488235294117647 0.03681818181818182
1 0.3447058823529412 0.7686363636363637 0.0811764705882353 0.03363636363636364
1 0.7635294117647059 0.9227272727272727 0.05647058823529412 0.038181818181818185
1 0.29823529411764704 0.035 0.04352941176470588 0.023636363636363636
1 0.4611764705882353 0.7236363636363636 0.13176470588235295 0.03636363636363636
1 0.5652941176470588 0.36772727272727274 0.07176470588235294 0.031818181818181815
1 0.41441176470588237 0.8595454545454545 0.054705882352941174 0.03636363636363636
1 0.5876470588235294 0.9236363636363636 0.05647058823529412 0.038181818181818185
1 0.35323529411764704 0.5281818181818182 0.08764705882352941 0.03363636363636364
1 0.5226470588235295 0.4081818181818182 0.025294117647058825 0.035454545454545454
1 0.45294117647058824 0.5711363636363637 0.11647058823529412 0.02409090909090909
1 0.095 0.4081818181818182 0.06764705882352941 0.034545454545454546
1 0.5097058823529412 0.3663636363636364 0.03705882352941176 0.03272727272727273
1 0.16147058823529412 0.8577272727272728 0.04764705882352941 0.034545454545454546
1 0.5035294117647059 0.9252272727272727 0.058823529411764705 0.03772727272727273
1 0.4485294117647059 0.6813636363636364 0.10882352941176471 0.034545454545454546
1 0.34823529411764703 0.44772727272727275 0.08235294117647059 0.035454545454545454
1 0.09411764705882353 0.7688636363636364 0.05764705882352941 0.03318181818181818
1 0.09529411764705882 0.7227272727272728 0.06470588235294118 0.03272727272727273
1 0.5229411764705882 0.44931818181818184 0.02823529411764706 0.03227272727272727
1 0.5861764705882353 0.8554545454545455 0.04647058823529412 0.03727272727272727
1 0.49941176470588233 0.8575 0.04941176470588235 0.038636363636363635
1 0.5361764705882353 0.5743181818181818 0.027647058823529413 0.030454545454545453
1 0.4288235294117647 0.3654545454545455 0.10470588235294118 0.03636363636363636
1 0.09176470588235294 0.6125 0.06235294117647059 0.035
1 0.32441176470588234 0.8590909090909091 0.045294117647058825 0.03727272727272727
1 0.5911764705882353 0.5690909090909091 0.07058823529411765 0.03090909090909091
1 0.5402941176470588 0.03568181818181818 0.07352941176470588 0.030454545454545453
1 0.3361764705882353 0.36727272727272725 0.06647058823529411 0.03363636363636364
1 0.5776470588235294 0.41045454545454546 0.07529411764705882 0.03272727272727273
1 0.44941176470588234 0.41113636363636363 0.10941176470588235 0.02772727272727273
1 0.5755882352941176 0.45204545454545453 0.06529411764705882 0.028636363636363637
1 0.525 0.5302272727272728 0.03588235294117647 0.031363636363636364
1 0.34411764705882353 0.5679545454545455 0.08823529411764706 0.02772727272727273
1 0.5002941176470588 0.6129545454545454 0.025294117647058825 0.03409090909090909
1 0.6720588235294118 0.9261363636363636 0.05941176470588235 0.038636363636363635