1 0.38529411764705884 0.7211363636363637 0.16705882352941176 0.03772727272727273
1 0.40441176470588236 0.40613636363636363 0.19823529411764707 0.03772727272727273
1 0.7635294117647059 0.8584090909090909 0.052941176470588235 0.03681818181818182
1 0.8402941176470589 0.9277272727272727 0.0488235294117647 0.038181818181818185
1 0.571764705882353 0.7281818181818182 0.18823529411764706 0.03636363636363636
1 0.4061764705882353 0.9286363636363636 0.05 0.038181818181818185
1 0.0826470588235294 0.5261363636363636 0.0488235294117647 0.03590909090909091
1 0.8382352941176471 0.8645454545454545 0.04588235294117647 0.03727272727272727
1 0.3820588235294118 0.6147727272727272 0.14882352941176472 0.03590909090909091
1 0.6291176470588236 0.7745454545454545 0.07941176470588235 0.03090909090909091
1 0.09411764705882353 0.6788636363636363 0.07647058823529412 0.035
1 0.10823529411764705 0.44522727272727275 0.10352941176470588 0.03772727272727273
1 0.48676470588235293 0.7720454545454546 0.11 0.035
1 0.15058823529411763 0.9247727272727273 0.04823529411764706 0.038636363636363635
1 0.32 0.9270454545454545 0.047058823529411764 0.038636363636363635
1 0.15441176470588236 0.8554545454545455 0.05 0.03909090909090909
1 0.10617647058823529 0.4088636363636364 0.10176470588235294 0.03681818181818182
1 0.6929411764705883 0.7368181818181818 0.03058823529411765 0.03272727272727273
1 0.23823529411764705 0.8584090909090909 0.04588235294117647 0.03772727272727273
1 0.2388235294117647 0.9256818181818182 0.041176470588235294 0.03772727272727273
1 0.36 0.7720454545454546 0.12352941176470589 0.03318181818181818
1 0.7591176470588236 0.9272727272727272 0.057058823529411766 0.03636363636363636
1 0.10058823529411764 0.36318181818181816 0.0976470588235294 0.03636363636363636
1 0.4073529411764706 0.8588636363636364 0.045294117647058825 0.03772727272727273
1 0.5802941176470588 0.9293181818181818 0.04764705882352941 0.038636363636363635
1 0.08058823529411764 0.6090909090909091 0.04941176470588235 0.03727272727272727
1 0.4138235294117647 0.5736363636363636 0.21 0.03363636363636364
1 0.5988235294117648 0.46136363636363636 0.02588235294117647 0.031818181818181815
1 0.5608823529411765 0.7772727272727272 0.026470588235294117 0.03363636363636364
1 0.08235294117647059 0.5665909090909091 0.05058823529411765 0.03590909090909091
1 0.6611764705882353 0.45886363636363636 0.06941176470588235 0.031363636363636364
1 0.5544117647058824 0.04113636363636364 0.08058823529411764 0.021363636363636362
1 0.7220588235294118 0.4125 0.09588235294117647 0.035
1 0.7847058823529411 0.7270454545454546 0.13294117647058823 0.03681818181818182
1 0.4973529411764706 0.9275 0.05235294117647059 0.03772727272727273
1 0.6717647058823529 0.860909090909091 0.05764705882352941 0.03727272727272727
1 0.5658823529411765 0.4118181818181818 0.13294117647058823 0.03636363636363636
1 0.3723529411764706 0.4593181818181818 0.15764705882352942 0.029545454545454545
1 0.10029411764705883 0.7695454545454545 0.08294117647058824 0.035454545454545454
1 0.09323529411764706 0.7268181818181818 0.08294117647058824 0.03636363636363636
1 0.518235294117647 0.45545454545454545 0.10588235294117647 0.034545454545454546
1 0.49176470588235294 0.8604545454545455 0.047058823529411764 0.038181818181818185
1 0.6673529411764706 0.9261363636363636 0.05 0.038636363636363635
1 0.32176470588235295 0.8581818181818182 0.042352941176470586 0.038181818181818185
1 0.3085294117647059 0.03590909090909091 0.03235294117647059 0.02
1 0.6479411764705882 0.41454545454545455 0.033529411764705884 0.03363636363636364
1 0.5788235294117647 0.8602272727272727 0.03764705882352941 0.035