1 0.415 0.7213636363636363 0.21352941176470588 0.03727272727272727
1 0.3891176470588235 0.4093181818181818 0.15705882352941178 0.035
1 0.7588235294117647 0.8590909090909091 0.06 0.035454545454545454
1 0.8464705882352941 0.9290909090909091 0.06470588235294118 0.03909090909090909
1 0.5635294117647058 0.6075 0.13176470588235295 0.03318181818181818
1 0.4161764705882353 0.9259090909090909 0.05352941176470588 0.035454545454545454
1 0.10676470588235294 0.6777272727272727 0.07470588235294118 0.034545454545454546
1 0.09852941176470588 0.3675 0.06529411764705882 0.03318181818181818
1 0.09852941176470588 0.44795454545454544 0.06529411764705882 0.035
1 0.15676470588235294 0.9240909090909091 0.05823529411764706 0.03727272727272727
1 0.32735294117647057 0.9272727272727272 0.060588235294117644 0.03636363636363636
1 0.16117647058823528 0.8572727272727273 0.06235294117647059 0.03727272727272727
1 0.678235294117647 0.7252272727272727 0.2576470588235294 0.03318181818181818
1 0.10882352941176471 0.5213636363636364 0.08470588235294117 0.034545454545454546
1 0.24705882352941178 0.8581818181818182 0.052941176470588235 0.03636363636363636
1 0.23970588235294119 0.9231818181818182 0.054705882352941174 0.03636363636363636
1 0.3814705882352941 0.7668181818181818 0.1511764705882353 0.034545454545454546
1 0.7588235294117647 0.9247727272727273 0.05764705882352941 0.038636363636363635
1 0.5538235294117647 0.7652272727272728 0.13117647058823528 0.03409090909090909
1 0.595 0.4088636363636364 0.1111764705882353 0.035
1 0.4152941176470588 0.8579545454545454 0.052941176470588235 0.035
1 0.5891176470588235 0.9272727272727272 0.05235294117647059 0.03909090909090909
1 0.11323529411764706 0.5661363636363637 0.08764705882352941 0.03409090909090909
1 0.44588235294117645 0.5668181818181818 0.27294117647058824 0.038181818181818185
1 0.43529411764705883 0.45545454545454545 0.03294117647058824 0.03636363636363636
1 0.5864705882352941 0.8597727272727272 0.05176470588235294 0.03772727272727273
1 0.10176470588235294 0.40954545454545455 0.07176470588235294 0.035454545454545454
1 0.5491176470588235 0.04045454545454545 0.07823529411764706 0.02181818181818182
1 0.5014705882352941 0.9261363636363636 0.060588235294117644 0.03681818181818182
1 0.8397058823529412 0.8590909090909091 0.04764705882352941 0.038181818181818185
1 0.6738235294117647 0.8563636363636363 0.05588235294117647 0.03636363636363636
1 0.5108823529411765 0.4068181818181818 0.03705882352941176 0.034545454545454546
1 0.35970588235294115 0.4506818181818182 0.10529411764705883 0.035
1 0.11088235294117647 0.7631818181818182 0.08294117647058824 0.034545454545454546
1 0.11470588235294117 0.7218181818181818 0.07882352941176471 0.034545454545454546
1 0.5014705882352941 0.4527272727272727 0.07235294117647059 0.031818181818181815
1 0.49970588235294117 0.8584090909090909 0.05 0.03590909090909091
1 0.1111764705882353 0.605909090909091 0.09058823529411765 0.035454545454545454
1 0.6767647058823529 0.9261363636363636 0.06764705882352941 0.03681818181818182
1 0.33088235294117646 0.8581818181818182 0.05352941176470588 0.03727272727272727
1 0.7247058823529412 0.5697727272727273 0.2529411764705882 0.04045454545454545
1 0.30205882352941177 0.03409090909090909 0.06647058823529411 0.02909090909090909
1 0.3961764705882353 0.6143181818181818 0.19705882352941176 0.030454545454545453