1 0.3811764705882353 0.6809090909090909 0.17058823529411765 0.03727272727272727
1 0.4214705882352941 0.4097727272727273 0.24176470588235294 0.03590909090909091
1 0.7591176470588236 0.8597727272727272 0.057058823529411766 0.03772727272727273
1 0.8444117647058823 0.9334090909090909 0.06529411764705882 0.03772727272727273
1 0.5355882352941177 0.6131818181818182 0.0888235294117647 0.03272727272727273
1 0.4082352941176471 0.9311363636363637 0.052941176470588235 0.03772727272727273
1 0.5170588235294118 0.5672727272727273 0.03058823529411765 0.035454545454545454
1 0.8485294117647059 0.8602272727272727 0.07 0.03954545454545454
1 0.3614705882352941 0.6095454545454545 0.13588235294117648 0.034545454545454546
1 0.6658823529411765 0.7886363636363637 0.04823529411764706 0.034545454545454546
1 0.46294117647058824 0.6184090909090909 0.03294117647058824 0.03590909090909091
1 0.7094117647058824 0.7404545454545455 0.03294117647058824 0.03272727272727273
1 0.39323529411764707 0.7272727272727273 0.20529411764705882 0.03909090909090909
1 0.8073529411764706 0.4159090909090909 0.04176470588235294 0.04454545454545455
1 0.10705882352941176 0.6772727272727272 0.0811764705882353 0.035454545454545454
1 0.10647058823529412 0.4495454545454545 0.09176470588235294 0.03636363636363636
1 0.15029411764705883 0.9227272727272727 0.051176470588235295 0.04
1 0.8091176470588235 0.7361363636363636 0.1323529411764706 0.03409090909090909
1 0.32735294117647057 0.9270454545454545 0.05588235294117647 0.03681818181818182
1 0.15441176470588236 0.8538636363636364 0.054705882352941174 0.038636363636363635
1 0.11676470588235294 0.5206818181818181 0.07235294117647059 0.03681818181818182
1 0.2411764705882353 0.8570454545454546 0.05529411764705883 0.03772727272727273
1 0.24176470588235294 0.9265909090909091 0.052941176470588235 0.03590909090909091
1 0.37588235294117645 0.7697727272727273 0.1564705882352941 0.035
1 0.7638235294117647 0.9275 0.06764705882352941 0.03772727272727273
1 0.1161764705882353 0.36363636363636365 0.08411764705882353 0.035454545454545454
1 0.5558823529411765 0.7772727272727272 0.13529411764705881 0.03727272727272727
1 0.6811764705882353 0.3693181818181818 0.036470588235294116 0.03227272727272727
1 0.6605882352941177 0.41295454545454546 0.1952941176470588 0.03954545454545454
1 0.4111764705882353 0.8643181818181818 0.0611764705882353 0.03772727272727273
1 0.5902941176470589 0.9340909090909091 0.061764705882352944 0.04818181818181818
1 0.3870588235294118 0.5663636363636364 0.19176470588235295 0.03727272727272727
1 0.5864705882352941 0.8593181818181819 0.058823529411764705 0.038636363636363635
1 0.11 0.40386363636363637 0.09647058823529411 0.035
1 0.11411764705882353 0.5668181818181818 0.06823529411764706 0.035454545454545454
1 0.6044117647058823 0.5697727272727273 0.11588235294117646 0.035
1 0.5529411764705883 0.03409090909090909 0.0811764705882353 0.023636363636363636
1 0.7635294117647059 0.7813636363636364 0.10941176470588235 0.03090909090909091
1 0.5029411764705882 0.9270454545454545 0.0611764705882353 0.03772727272727273
1 0.6717647058823529 0.8613636363636363 0.05529411764705883 0.03909090909090909
1 0.5785294117647058 0.36704545454545456 0.14882352941176472 0.03772727272727273
1 0.5755882352941176 0.6813636363636364 0.14294117647058824 0.03727272727272727
1 0.38294117647058823 0.46204545454545454 0.17529411764705882 0.03954545454545454
1 0.10705882352941176 0.764090909090909 0.08470588235294117 0.035454545454545454
1 0.11029411764705882 0.7213636363636363 0.08529411764705883 0.03636363636363636
1 0.7679411764705882 0.37227272727272726 0.09823529411764706 0.03272727272727273
1 0.5423529411764706 0.46090909090909093 0.15058823529411763 0.035454545454545454
1 0.4970588235294118 0.8647727272727272 0.06470588235294118 0.035
1 0.8867647058823529 0.4138636363636364 0.11352941176470588 0.04681818181818182
1 0.3973529411764706 0.3643181818181818 0.1711764705882353 0.038636363636363635
1 0.5955882352941176 0.730909090909091 0.1711764705882353 0.035454545454545454
1 0.11352941176470588 0.6036363636363636 0.07058823529411765 0.035454545454545454
1 0.668235294117647 0.9347727272727273 0.05647058823529412 0.03681818181818182
1 0.3285294117647059 0.8590909090909091 0.05235294117647059 0.03636363636363636
1 0.7173529411764706 0.4652272727272727 0.10411764705882352 0.03318181818181818
1 0.7885294117647059 0.6943181818181818 0.13705882352941176 0.03681818181818182
1 0.6461764705882352 0.4727272727272727 0.03 0.04
1 0.6876470588235294 0.6947727272727273 0.03764705882352941 0.03590909090909091
1 0.3161764705882353 0.03409090909090909 0.04294117647058823 0.02727272727272727