1 0.39941176470588236 0.6836363636363636 0.21529411764705883 0.04363636363636364
1 0.6297058823529412 0.7329545454545454 0.16647058823529412 0.031363636363636364
1 0.7508823529411764 0.8618181818181818 0.057058823529411766 0.03727272727272727
1 0.8482352941176471 0.9268181818181818 0.06941176470588235 0.03909090909090909
1 0.5579411764705883 0.6206818181818182 0.13 0.03227272727272727
1 0.40794117647058825 0.9252272727272727 0.060588235294117644 0.038636363636363635
1 0.8435294117647059 0.8636363636363636 0.058823529411764705 0.03727272727272727
1 0.38382352941176473 0.6152272727272727 0.17352941176470588 0.03409090909090909
1 0.6455882352941177 0.7797727272727273 0.08058823529411764 0.030454545454545453
1 0.6841176470588235 0.6988636363636364 0.03411764705882353 0.03409090909090909
1 0.41852941176470587 0.7272727272727273 0.2488235294117647 0.038181818181818185
1 0.3941176470588235 0.3663636363636364 0.1952941176470588 0.045454545454545456
1 0.7894117647058824 0.5363636363636364 0.08 0.03
1 0.41323529411764703 0.4093181818181818 0.23705882352941177 0.04318181818181818
1 0.09441176470588235 0.6813636363636364 0.09235294117647058 0.03636363636363636
1 0.7567647058823529 0.5804545454545454 0.045294117647058825 0.031818181818181815
1 0.0976470588235294 0.4509090909090909 0.1 0.042727272727272725
1 0.5188235294117647 0.7772727272727272 0.11176470588235295 0.031818181818181815
1 0.14352941176470588 0.9231818181818182 0.05058823529411765 0.04181818181818182
1 0.8361764705882353 0.5761363636363637 0.11 0.03681818181818182
1 0.3135294117647059 0.9245454545454546 0.05647058823529412 0.038181818181818185
1 0.15 0.8593181818181819 0.06 0.038636363636363635
1 0.6261764705882353 0.46045454545454545 0.0888235294117647 0.03090909090909091
1 0.4211764705882353 0.5265909090909091 0.24352941176470588 0.04318181818181818
1 0.09088235294117647 0.5268181818181819 0.08058823529411764 0.03636363636363636
1 0.23676470588235293 0.8593181818181819 0.061764705882352944 0.038636363636363635
1 0.6308823529411764 0.53 0.15705882352941178 0.03727272727272727
1 0.2311764705882353 0.9254545454545454 0.05058823529411765 0.038181818181818185
1 0.3711764705882353 0.7754545454545455 0.1588235294117647 0.02909090909090909
1 0.758235294117647 0.9275 0.06588235294117648 0.038636363636363635
1 0.09558823529411764 0.36454545454545456 0.09588235294117647 0.04181818181818182
1 0.7079411764705882 0.4234090909090909 0.03588235294117647 0.03681818181818182
1 0.6105882352941177 0.4143181818181818 0.1623529411764706 0.041363636363636366
1 0.40794117647058825 0.8579545454545454 0.05588235294117647 0.038636363636363635
1 0.5752941176470588 0.9268181818181818 0.05176470588235294 0.038181818181818185
1 0.08764705882352941 0.5684090909090909 0.08352941176470588 0.03681818181818182
1 0.4873529411764706 0.4602272727272727 0.10764705882352942 0.029545454545454545
1 0.5841176470588235 0.860909090909091 0.06588235294117648 0.04363636363636364
1 0.09529411764705882 0.4065909090909091 0.09411764705882353 0.04045454545454545
1 0.6567647058823529 0.5718181818181818 0.1652941176470588 0.035454545454545454
1 0.6626470588235294 0.3795454545454545 0.033529411764705884 0.03272727272727273
1 0.7867647058823529 0.4209090909090909 0.12176470588235294 0.03636363636363636
1 0.8194117647058824 0.7370454545454546 0.1188235294117647 0.035
1 0.49529411764705883 0.9265909090909091 0.06 0.03772727272727273
1 0.668235294117647 0.8611363636363636 0.05411764705882353 0.04409090909090909
1 0.5738235294117647 0.3759090909090909 0.15588235294117647 0.03636363636363636
1 0.5891176470588235 0.6902272727272727 0.14882352941176472 0.03681818181818182
1 0.3585294117647059 0.45681818181818185 0.1323529411764706 0.035454545454545454
1 0.09470588235294118 0.7656818181818181 0.09176470588235294 0.03590909090909091
1 0.09647058823529411 0.7227272727272728 0.09411764705882353 0.03636363636363636
1 0.7558823529411764 0.3775 0.1223529411764706 0.03590909090909091
1 0.4894117647058824 0.860909090909091 0.05058823529411765 0.04454545454545455
1 0.08676470588235294 0.6106818181818182 0.08411764705882353 0.03681818181818182
1 0.6717647058823529 0.9304545454545454 0.06705882352941177 0.04454545454545455
1 0.325 0.8577272727272728 0.05941176470588235 0.03909090909090909
1 0.7614705882352941 0.6911363636363637 0.0888235294117647 0.03318181818181818
1 0.31 0.03227272727272727 0.03529411764705882 0.028181818181818183
1 0.555 0.03590909090909091 0.10294117647058823 0.02727272727272727
1 0.5620588235294117 0.4681818181818182 0.039411764705882354 0.03272727272727273
1 0.4338235294117647 0.5704545454545454 0.27 0.04090909090909091
1 0.6405882352941177 0.6231818181818182 0.03764705882352941 0.034545454545454546
1 0.7082352941176471 0.6234090909090909 0.08 0.031363636363636364
1 0.7276470588235294 0.5395454545454546 0.04 0.031818181818181815
1 0.7308823529411764 0.7388636363636364 0.04058823529411765 0.03409090909090909
1 0.586764705882353 0.7834090909090909 0.026470588235294117 0.02772727272727273