1 0.46794117647058825 0.7286363636363636 0.30058823529411766 0.034545454545454546
1 0.7708823529411765 0.8586363636363636 0.045294117647058825 0.04
1 0.8532352941176471 0.9259090909090909 0.05823529411764706 0.03636363636363636
1 0.6911764705882353 0.5695454545454546 0.19058823529411764 0.03909090909090909
1 0.40176470588235297 0.6202272727272727 0.19647058823529412 0.028636363636363637
1 0.42176470588235293 0.9256818181818182 0.04823529411764706 0.03681818181818182
1 0.856764705882353 0.8568181818181818 0.060588235294117644 0.042727272727272725
1 0.7211764705882353 0.7813636363636364 0.03058823529411765 0.02909090909090909
1 0.39941176470588236 0.4581818181818182 0.18352941176470589 0.02727272727272727
1 0.8058823529411765 0.5679545454545455 0.03529411764705882 0.031363636363636364
1 0.465 0.4152272727272727 0.3123529411764706 0.03954545454545454
1 0.10147058823529412 0.6836363636363636 0.0711764705882353 0.035454545454545454
1 0.1038235294117647 0.44977272727272727 0.08294117647058824 0.03590909090909091
1 0.16676470588235295 0.9277272727272727 0.05352941176470588 0.03636363636363636
1 0.8847058823529412 0.5665909090909091 0.10588235294117647 0.03590909090909091
1 0.33941176470588236 0.9272727272727272 0.05647058823529412 0.03636363636363636
1 0.15794117647058822 0.8556818181818182 0.05235294117647059 0.038636363636363635
1 0.7194117647058823 0.7243181818181819 0.19176470588235295 0.03772727272727273
1 0.11352941176470588 0.5263636363636364 0.09411764705882353 0.034545454545454546
1 0.9067647058823529 0.4075 0.07705882352941176 0.03590909090909091
1 0.24941176470588236 0.8581818181818182 0.04823529411764706 0.03909090909090909
1 0.6905882352941176 0.6231818181818182 0.03529411764705882 0.031818181818181815
1 0.2526470588235294 0.9270454545454545 0.054705882352941174 0.03681818181818182
1 0.4158823529411765 0.7727272727272727 0.20823529411764705 0.03
1 0.7658823529411765 0.923409090909091 0.05176470588235294 0.038636363636363635
1 0.10235294117647059 0.36863636363636365 0.07411764705882352 0.03363636363636364
1 0.6114705882352941 0.7763636363636364 0.16411764705882353 0.02727272727272727
1 0.6635294117647059 0.4552272727272727 0.03176470588235294 0.03409090909090909
1 0.7276470588235294 0.4118181818181818 0.1988235294117647 0.03090909090909091
1 0.42617647058823527 0.8586363636363636 0.05 0.038181818181818185
1 0.5935294117647059 0.923409090909091 0.05529411764705883 0.03681818181818182
1 0.4435294117647059 0.5713636363636364 0.26941176470588235 0.04090909090909091
1 0.5979411764705882 0.8615909090909091 0.05 0.03954545454545454
1 0.10058823529411764 0.4075 0.08470588235294117 0.03772727272727273
1 0.5885294117647059 0.6227272727272727 0.16058823529411764 0.026363636363636363
1 0.7358823529411764 0.46045454545454545 0.0988235294117647 0.031818181818181815
1 0.5032352941176471 0.9245454545454546 0.04411764705882353 0.03090909090909091
1 0.8279411764705882 0.725 0.03823529411764706 0.035454545454545454
1 0.691764705882353 0.8595454545454545 0.06705882352941177 0.03363636363636364
1 0.8479411764705882 0.4193181818181818 0.04411764705882353 0.03590909090909091
1 0.8894117647058823 0.7234090909090909 0.08352941176470588 0.035
1 0.10764705882352942 0.7672727272727272 0.08 0.035454545454545454
1 0.10441176470588236 0.7225 0.07823529411764706 0.03681818181818182
1 0.5720588235294117 0.46090909090909093 0.13705882352941176 0.03090909090909091
1 0.5114705882352941 0.8561363636363636 0.05 0.03954545454545454
1 0.11382352941176471 0.6170454545454546 0.09470588235294118 0.03590909090909091
1 0.6823529411764706 0.9238636363636363 0.05411764705882353 0.038636363636363635
1 0.33852941176470586 0.8590909090909091 0.05588235294117647 0.03909090909090909
1 0.7573529411764706 0.6202272727272727 0.09 0.03227272727272727
1 0.3161764705882353 0.03568181818181818 0.03823529411764706 0.029545454545454545
1 0.5561764705882353 0.038636363636363635 0.10411764705882352 0.02181818181818182
1 0.11470588235294117 0.5713636363636364 0.09529411764705882 0.031818181818181815
1 0.7747058823529411 0.7806818181818181 0.06705882352941177 0.02409090909090909