1 0.7641176470588236 0.8531818181818182 0.06705882352941177 0.038181818181818185
1 0.8397058823529412 0.9225 0.051176470588235295 0.03954545454545454
1 0.5255882352941177 0.6118181818181818 0.07941176470588235 0.028181818181818183
1 0.6758823529411765 0.8529545454545454 0.0611764705882353 0.03590909090909091
1 0.44058823529411767 0.6765909090909091 0.27294117647058824 0.031363636363636364
1 0.3891176470588235 0.7638636363636364 0.1723529411764706 0.028636363636363637
1 0.2888235294117647 0.02409090909090909 0.04588235294117647 0.024545454545454544
1 0.40058823529411763 0.4022727272727273 0.18588235294117647 0.03363636363636364
1 0.42 0.9204545454545454 0.06588235294117648 0.03727272727272727
1 0.10147058823529412 0.6822727272727273 0.09823529411764706 0.03636363636363636
1 0.09823529411764706 0.44772727272727275 0.07529411764705882 0.034545454545454546
1 0.09382352941176471 0.3584090909090909 0.07941176470588235 0.03590909090909091
1 0.16058823529411764 0.9202272727272728 0.06705882352941177 0.03954545454545454
1 0.8644117647058823 0.5647727272727273 0.10764705882352942 0.03409090909090909
1 0.33794117647058824 0.9206818181818182 0.0688235294117647 0.03772727272727273
1 0.15764705882352942 0.8534090909090909 0.0611764705882353 0.03772727272727273
1 0.46852941176470586 0.5618181818181818 0.3335294117647059 0.04
1 0.09294117647058824 0.5245454545454545 0.07529411764705882 0.03636363636363636
1 0.7608823529411765 0.725909090909091 0.28647058823529414 0.04
1 0.24735294117647058 0.8538636363636364 0.054705882352941174 0.03681818181818182
1 0.6970588235294117 0.6761363636363636 0.22941176470588234 0.035
1 0.245 0.9206818181818182 0.061764705882352944 0.03954545454545454
1 0.7614705882352941 0.9213636363636364 0.061764705882352944 0.03909090909090909
1 0.5644117647058824 0.7613636363636364 0.17588235294117646 0.035454545454545454
1 0.6364705882352941 0.40386363636363637 0.16941176470588235 0.035
1 0.41705882352941176 0.8565909090909091 0.06 0.038636363636363635
1 0.5914705882352941 0.9213636363636364 0.05823529411764706 0.03909090909090909
1 0.09588235294117647 0.5609090909090909 0.07647058823529412 0.034545454545454546
1 0.5923529411764706 0.8543181818181819 0.06 0.03681818181818182
1 0.09529411764705882 0.4015909090909091 0.07294117647058823 0.03409090909090909
1 0.6273529411764706 0.6102272727272727 0.06529411764705882 0.030454545454545453
1 0.5452941176470588 0.026136363636363635 0.042352941176470586 0.02409090909090909
1 0.5085294117647059 0.9206818181818182 0.07 0.038636363636363635
1 0.3891176470588235 0.6065909090909091 0.17941176470588235 0.03681818181818182
1 0.10764705882352942 0.7597727272727273 0.09411764705882353 0.03409090909090909
1 0.5297058823529411 0.4052272727272727 0.04058823529411765 0.03681818181818182
1 0.5044117647058823 0.8556818181818182 0.060588235294117644 0.03954545454545454
1 0.37 0.36022727272727273 0.14 0.03590909090909091
1 0.09558823529411764 0.6013636363636363 0.08529411764705883 0.034545454545454546
1 0.6770588235294117 0.9204545454545454 0.06823529411764706 0.04
1 0.33588235294117647 0.8536363636363636 0.06588235294117648 0.03727272727272727
1 0.3564705882352941 0.4470454545454545 0.11764705882352941 0.03590909090909091
1 0.4576470588235294 0.3729545454545454 0.03411764705882353 0.029545454545454545
1 0.5194117647058824 0.36977272727272725 0.07882352941176471 0.025
1 0.4323529411764706 0.4597727272727273 0.02588235294117647 0.02772727272727273
1 0.4838235294117647 0.45636363636363636 0.07941176470588235 0.026363636363636363
1 0.3973529411764706 0.5236363636363637 0.1864705882352941 0.03727272727272727
1 0.525 0.5286363636363637 0.06647058823529411 0.022727272727272728
1 0.5802941176470588 0.5370454545454545 0.028823529411764706 0.02409090909090909
1 0.63 0.5277272727272727 0.06352941176470588 0.025454545454545455
1 0.7029411764705882 0.5627272727272727 0.11647058823529412 0.03090909090909091
1 0.7876470588235294 0.5675 0.04 0.03590909090909091
1 0.5773529411764706 0.6188636363636364 0.03 0.029545454545454545
1 0.4591176470588235 0.7213636363636363 0.31823529411764706 0.035454545454545454
1 0.10088235294117646 0.7188636363636364 0.09941176470588235 0.03590909090909091
1 0.8373529411764706 0.8577272727272728 0.04764705882352941 0.03909090909090909