1 0.3988235294117647 0.6813636363636364 0.21058823529411766 0.03636363636363636
1 0.57 0.6845454545454546 0.11176470588235295 0.034545454545454546
1 0.37676470588235295 0.4093181818181818 0.1676470588235294 0.038636363636363635
1 0.7535294117647059 0.8620454545454546 0.05764705882352941 0.04318181818181818
1 0.8420588235294117 0.9261363636363636 0.06647058823529411 0.038636363636363635
1 0.5652941176470588 0.5279545454545455 0.11764705882352941 0.035
1 0.7929411764705883 0.7806818181818181 0.15058823529411763 0.035
1 0.40088235294117647 0.6186363636363637 0.22411764705882353 0.03636363636363636
1 0.696764705882353 0.7770454545454546 0.028823529411764706 0.038636363636363635
1 0.43117647058823527 0.7263636363636363 0.28823529411764703 0.042727272727272725
1 0.3644117647058824 0.3643181818181818 0.11941176470588236 0.038636363636363635
1 0.09382352941176471 0.6777272727272727 0.08294117647058824 0.03636363636363636
1 0.0988235294117647 0.45454545454545453 0.07764705882352942 0.03636363636363636
1 0.0961764705882353 0.36568181818181816 0.08411764705882353 0.03681818181818182
1 0.5870588235294117 0.6179545454545454 0.12 0.035
1 0.1461764705882353 0.9236363636363636 0.0488235294117647 0.04090909090909091
1 0.40205882352941175 0.9229545454545455 0.05823529411764706 0.038636363636363635
1 0.15205882352941177 0.8522727272727273 0.05823529411764706 0.038181818181818185
1 0.3991176470588235 0.5245454545454545 0.19823529411764707 0.03727272727272727
1 0.09382352941176471 0.519090909090909 0.07941176470588235 0.035454545454545454
1 0.6617647058823529 0.7297727272727272 0.16823529411764707 0.03772727272727273
1 0.23441176470588235 0.8540909090909091 0.05 0.038181818181818185
1 0.6526470588235294 0.6865909090909091 0.031176470588235295 0.03409090909090909
1 0.23558823529411765 0.9218181818181819 0.05235294117647059 0.03909090909090909
1 0.39205882352941174 0.7761363636363636 0.20529411764705882 0.03772727272727273
1 0.7538235294117647 0.9247727272727273 0.061764705882352944 0.038636363636363635
1 0.5847058823529412 0.7790909090909091 0.16117647058823528 0.035454545454545454
1 0.6797058823529412 0.4634090909090909 0.10058823529411764 0.035
1 0.6602941176470588 0.36863636363636365 0.07588235294117647 0.03272727272727273
1 0.4973529411764706 0.36704545454545456 0.13941176470588235 0.03772727272727273
1 0.4097058823529412 0.8561363636363636 0.05823529411764706 0.03772727272727273
1 0.5785294117647058 0.8631818181818182 0.054705882352941174 0.03909090909090909
1 0.09441176470588235 0.5629545454545455 0.08176470588235295 0.03590909090909091
1 0.45705882352941174 0.5713636363636364 0.3305882352941176 0.04090909090909091
1 0.49264705882352944 0.45954545454545453 0.14647058823529413 0.03909090909090909
1 0.09794117647058824 0.4052272727272727 0.08647058823529412 0.03681818181818182
1 0.5985294117647059 0.4606818181818182 0.03235294117647059 0.03954545454545454
1 0.5544117647058824 0.04022727272727273 0.07470588235294118 0.025
1 0.7870588235294118 0.4172727272727273 0.14352941176470588 0.04
1 0.4958823529411765 0.9243181818181818 0.06470588235294118 0.03954545454545454
1 0.6697058823529412 0.8590909090909091 0.06294117647058824 0.04
1 0.5579411764705883 0.4125 0.19117647058823528 0.041363636363636366
1 0.861764705882353 0.7345454545454545 0.15764705882352942 0.046363636363636364
1 0.35705882352941176 0.45045454545454544 0.1188235294117647 0.03909090909090909
1 0.09705882352941177 0.7620454545454546 0.07882352941176471 0.03590909090909091
1 0.09529411764705882 0.7209090909090909 0.08235294117647059 0.035454545454545454
1 0.68 0.41295454545454546 0.041176470588235294 0.038636363636363635
1 0.5008823529411764 0.8565909090909091 0.06764705882352941 0.03954545454545454
1 0.09294117647058824 0.6081818181818182 0.08 0.035454545454545454
1 0.6714705882352942 0.9240909090909091 0.06647058823529411 0.04
1 0.32294117647058823 0.855909090909091 0.05411764705882353 0.03909090909090909
1 0.716764705882353 0.5747727272727273 0.1688235294117647 0.04045454545454545
1 0.7373529411764705 0.6825 0.12764705882352942 0.03681818181818182
1 0.5914705882352941 0.3709090909090909 0.03823529411764706 0.03090909090909091
1 0.7652941176470588 0.7331818181818182 0.03294117647058824 0.04363636363636364
1 0.3179411764705882 0.9238636363636363 0.057058823529411766 0.045
1 0.5797058823529412 0.9270454545454545 0.06294117647058824 0.04045454545454545
1 0.8364705882352941 0.8634090909090909 0.06823529411764706 0.042272727272727274