1 0.3864306784660767 0.7077272727272728 0.12743362831858407 0.03909090909090909
1 0.4941002949852507 0.7118181818181818 0.07256637168141593 0.035454545454545454
1 0.848377581120944 0.9463636363636364 0.049557522123893805 0.04090909090909091
1 0.528023598820059 0.6409090909090909 0.025958702064896755 0.03727272727272727
1 0.42094395280235986 0.9452272727272727 0.04188790560471976 0.03590909090909091
1 0.5056047197640118 0.5518181818181818 0.10737463126843658 0.038181818181818185
1 0.36430678466076694 0.6359090909090909 0.10914454277286136 0.034545454545454546
1 0.6743362831858407 0.8777272727272727 0.04601769911504425 0.03727272727272727
1 0.3828908554572271 0.4395454545454546 0.1392330383480826 0.035454545454545454
1 0.10353982300884956 0.7084090909090909 0.05958702064896755 0.03409090909090909
1 0.10029498525073746 0.4802272727272727 0.05309734513274336 0.03318181818181818
1 0.3920353982300885 0.7527272727272727 0.13392330383480827 0.034545454545454546
1 0.09911504424778761 0.39545454545454545 0.05663716814159292 0.038181818181818185
1 0.48672566371681414 0.7959090909090909 0.06725663716814159 0.034545454545454546
1 0.5693215339233039 0.6386363636363637 0.044837758112094395 0.03090909090909091
1 0.1631268436578171 0.9459090909090909 0.04188790560471976 0.03909090909090909
1 0.33775811209439527 0.945 0.04424778761061947 0.03636363636363636
1 0.1657817109144543 0.8795454545454545 0.04129793510324484 0.038181818181818185
1 0.7607669616519174 0.8772727272727273 0.04188790560471976 0.035454545454545454
1 0.3775811209439528 0.5504545454545454 0.13215339233038348 0.03909090909090909
1 0.10324483775811209 0.553409090909091 0.05663716814159292 0.03590909090909091
1 0.24955752212389382 0.8809090909090909 0.04247787610619469 0.03727272727272727
1 0.2557522123893805 0.9456818181818182 0.043067846607669616 0.03681818181818182
1 0.3846607669616519 0.8004545454545454 0.11091445427728613 0.03636363636363636
1 0.764306784660767 0.9434090909090909 0.047787610619469026 0.03681818181818182
1 0.30206489675516224 0.0659090909090909 0.040117994100294985 0.026363636363636363
1 0.5528023598820059 0.0625 0.04247787610619469 0.031363636363636364
1 0.5200589970501475 0.4365909090909091 0.13628318584070798 0.03318181818181818
1 0.5032448377581121 0.39636363636363636 0.12507374631268436 0.03909090909090909
1 0.41622418879056045 0.88 0.043067846607669616 0.03727272727272727
1 0.5870206489675516 0.9434090909090909 0.04365781710914454 0.03681818181818182
1 0.37905604719764013 0.5952272727272727 0.13510324483775812 0.03590909090909091
1 0.4696165191740413 0.6365909090909091 0.07669616519174041 0.03227272727272727
1 0.0976401179941003 0.4390909090909091 0.05486725663716814 0.035454545454545454
1 0.10383480825958702 0.5943181818181819 0.05663716814159292 0.035
1 0.5823008849557522 0.5584090909090909 0.029498525073746312 0.038636363636363635
1 0.5064896755162241 0.9452272727272727 0.04896755162241888 0.03772727272727273
1 0.8454277286135693 0.8777272727272727 0.05073746312684366 0.03636363636363636
1 0.3705014749262537 0.4834090909090909 0.11563421828908554 0.035
1 0.10412979351032449 0.7947727272727273 0.05486725663716814 0.03409090909090909
1 0.6365781710914454 0.5536363636363636 0.06135693215339233 0.03272727272727273
1 0.49085545722713864 0.4797727272727273 0.10973451327433628 0.03409090909090909
1 0.5929203539823009 0.88 0.04601769911504425 0.038181818181818185
1 0.5026548672566372 0.8809090909090909 0.04247787610619469 0.04
1 0.5705014749262537 0.5968181818181818 0.027138643067846607 0.031818181818181815
1 0.37138643067846605 0.39704545454545453 0.11740412979351032 0.038636363636363635
1 0.49852507374631266 0.7522727272727273 0.07551622418879056 0.03272727272727273
1 0.10176991150442478 0.6347727272727273 0.05368731563421829 0.035
1 0.6784660766961652 0.9429545454545455 0.04837758112094395 0.03681818181818182
1 0.3333333333333333 0.88 0.04129793510324484 0.03636363636363636
1 0.6156342182890856 0.5961363636363637 0.04424778761061947 0.030454545454545453
1 0.10294985250737464 0.7518181818181818 0.052507374631268436 0.03272727272727273
1 0.4988200589970501 0.5990909090909091 0.0831858407079646 0.026363636363636363