1 0.39176470588235296 0.6856818181818182 0.19058823529411764 0.03681818181818182
1 0.7547058823529412 0.8620454545454546 0.06823529411764706 0.038636363636363635
1 0.8373529411764706 0.9295454545454546 0.057058823529411766 0.042727272727272725
1 0.6155882352941177 0.5729545454545455 0.1711764705882353 0.03954545454545454
1 0.8452941176470589 0.8706818181818182 0.06941176470588235 0.053181818181818184
1 0.365 0.6184090909090909 0.11941176470588236 0.03590909090909091
1 0.3870588235294118 0.4102272727272727 0.18235294117647058 0.03954545454545454
1 0.7935294117647059 0.5318181818181819 0.11294117647058824 0.034545454545454546
1 0.09647058823529411 0.6809090909090909 0.08470588235294117 0.035454545454545454
1 0.42411764705882354 0.7277272727272728 0.24823529411764705 0.04
1 0.0988235294117647 0.45295454545454544 0.07294117647058823 0.03590909090909091
1 0.4879411764705882 0.7802272727272728 0.09117647058823529 0.029545454545454545
1 0.6458823529411765 0.7311363636363636 0.17058823529411765 0.03681818181818182
1 0.14823529411764705 0.9229545454545455 0.05529411764705883 0.04045454545454545
1 0.8252941176470588 0.5772727272727273 0.1376470588235294 0.03727272727272727
1 0.4 0.9254545454545454 0.05764705882352941 0.03909090909090909
1 0.14588235294117646 0.8597727272727272 0.05058823529411765 0.038636363636363635
1 0.7594117647058823 0.7377272727272727 0.03529411764705882 0.034545454545454546
1 0.09029411764705883 0.5218181818181818 0.07470588235294118 0.035454545454545454
1 0.6505882352941177 0.6234090909090909 0.08941176470588236 0.03227272727272727
1 0.23441176470588235 0.9245454545454546 0.054705882352941174 0.04090909090909091
1 0.365 0.7759090909090909 0.13705882352941176 0.03090909090909091
1 0.7523529411764706 0.9331818181818182 0.06352941176470588 0.04909090909090909
1 0.09941176470588235 0.3675 0.07764705882352942 0.03590909090909091
1 0.41147058823529414 0.8568181818181818 0.04764705882352941 0.03909090909090909
1 0.5735294117647058 0.8636363636363636 0.05176470588235294 0.04727272727272727
1 0.09088235294117647 0.5659090909090909 0.08058823529411764 0.03636363636363636
1 0.3891176470588235 0.5268181818181819 0.1935294117647059 0.04
1 0.5929411764705882 0.5329545454545455 0.1423529411764706 0.03681818181818182
1 0.49058823529411766 0.6170454545454546 0.10705882352941176 0.03227272727272727
1 0.41323529411764703 0.571590909090909 0.21235294117647058 0.03772727272727273
1 0.6026470588235294 0.7790909090909091 0.0688235294117647 0.031818181818181815
1 0.10323529411764706 0.41113636363636363 0.07941176470588235 0.035
1 0.6561764705882352 0.46295454545454545 0.08647058823529412 0.03227272727272727
1 0.6573529411764706 0.41545454545454547 0.031176470588235295 0.03727272727272727
1 0.7635294117647059 0.4156818181818182 0.1588235294117647 0.038636363636363635
1 0.4964705882352941 0.9281818181818182 0.06352941176470588 0.038181818181818185
1 0.6585294117647059 0.8654545454545455 0.06764705882352941 0.053636363636363635
1 0.5464705882352942 0.37363636363636366 0.11411764705882353 0.034545454545454546
1 0.5691176470588235 0.6906818181818182 0.12294117647058823 0.031363636363636364
1 0.8364705882352941 0.7325 0.10588235294117647 0.03772727272727273
1 0.09735294117647059 0.7638636363636364 0.08764705882352941 0.03772727272727273
1 0.09470588235294118 0.7213636363636363 0.08352941176470588 0.038181818181818185
1 0.7182352941176471 0.37772727272727274 0.10352941176470588 0.03363636363636364
1 0.5158823529411765 0.4597727272727273 0.09058823529411765 0.030454545454545453
1 0.5708823529411765 0.6254545454545455 0.03588235294117647 0.03272727272727273
1 0.3911764705882353 0.37318181818181817 0.18941176470588236 0.03909090909090909
1 0.09264705882352942 0.6084090909090909 0.07823529411764706 0.03590909090909091
1 0.6667647058823529 0.9275 0.060588235294117644 0.03954545454545454
1 0.3226470588235294 0.855909090909091 0.054705882352941174 0.03909090909090909
1 0.38029411764705884 0.4581818181818182 0.14411764705882352 0.03727272727272727
1 0.7311764705882353 0.5759090909090909 0.04 0.03909090909090909
1 0.7467647058823529 0.6925 0.07352941176470588 0.03318181818181818
1 0.2985294117647059 0.03090909090909091 0.051176470588235295 0.03727272727272727
1 0.5491176470588235 0.03772727272727273 0.09823529411764706 0.02727272727272727
1 0.6358823529411765 0.3834090909090909 0.029411764705882353 0.030454545454545453
1 0.5520588235294117 0.41204545454545455 0.14647058823529413 0.04045454545454545
1 0.5938235294117648 0.4718181818181818 0.027647058823529413 0.028181818181818183
1 0.7108823529411765 0.5418181818181819 0.027647058823529413 0.026363636363636363
1 0.6888235294117647 0.6997727272727273 0.03058823529411765 0.02590909090909091
1 0.5494117647058824 0.7856818181818181 0.023529411764705882 0.026818181818181817
1 0.23676470588235293 0.8584090909090909 0.061764705882352944 0.03954545454545454
1 0.3161764705882353 0.9265909090909091 0.057058823529411766 0.038636363636363635
1 0.5782352941176471 0.9259090909090909 0.06235294117647059 0.04181818181818182