1 0.3991176470588235 0.6822727272727273 0.20058823529411765 0.03909090909090909
1 0.6355882352941177 0.6845454545454546 0.2605882352941176 0.038181818181818185
1 0.8458823529411764 0.8634090909090909 0.05529411764705883 0.04318181818181818
1 0.5752941176470588 0.6140909090909091 0.14 0.034545454545454546
1 0.4491176470588235 0.5261363636363636 0.29705882352941176 0.042272727272727274
1 0.39794117647058824 0.6122727272727273 0.19 0.03636363636363636
1 0.3120588235294118 0.034772727272727275 0.04294117647058823 0.021363636363636362
1 0.8461764705882353 0.4168181818181818 0.03 0.03090909090909091
1 0.43441176470588233 0.41 0.26529411764705885 0.03909090909090909
1 0.1038235294117647 0.6795454545454546 0.09705882352941177 0.03727272727272727
1 0.8397058823529412 0.5286363636363637 0.03823529411764706 0.034545454545454546
1 0.105 0.36363636363636365 0.09588235294117647 0.03636363636363636
1 0.09852941176470588 0.45022727272727275 0.08647058823529412 0.03772727272727273
1 0.6520588235294118 0.7265909090909091 0.22176470588235295 0.04045454545454545
1 0.1635294117647059 0.9227272727272727 0.07058823529411765 0.04
1 0.33029411764705885 0.9225 0.06294117647058824 0.042272727272727274
1 0.16205882352941176 0.8563636363636363 0.060588235294117644 0.04
1 0.7238235294117648 0.6175 0.08294117647058824 0.028636363636363637
1 0.09735294117647059 0.5227272727272727 0.08411764705882353 0.03636363636363636
1 0.6605882352941177 0.62 0.027058823529411764 0.025454545454545455
1 0.245 0.8554545454545455 0.060588235294117644 0.04090909090909091
1 0.711764705882353 0.5275 0.2011764705882353 0.03954545454545454
1 0.2538235294117647 0.9229545454545455 0.07941176470588235 0.041363636363636366
1 0.39294117647058824 0.7738636363636363 0.18470588235294116 0.03227272727272727
1 0.7676470588235295 0.8625 0.07529411764705882 0.042272727272727274
1 0.701764705882353 0.4131818181818182 0.24352941176470588 0.034545454545454546
1 0.4208823529411765 0.8615909090909091 0.0688235294117647 0.041363636363636366
1 0.5938235294117648 0.86 0.06647058823529411 0.04090909090909091
1 0.4288235294117647 0.5684090909090909 0.2529411764705882 0.03954545454545454
1 0.5673529411764706 0.7765909090909091 0.15 0.031363636363636364
1 0.10352941176470588 0.40613636363636363 0.0976470588235294 0.03681818181818182
1 0.09911764705882353 0.5668181818181818 0.08764705882352941 0.03727272727272727
1 0.65 0.5711363636363637 0.17176470588235293 0.04045454545454545
1 0.5705882352941176 0.038181818181818185 0.12470588235294118 0.019090909090909092
1 0.7785294117647059 0.4661363636363636 0.10294117647058823 0.021363636363636362
1 0.5055882352941177 0.8631818181818182 0.0688235294117647 0.04181818181818182
1 0.8970588235294118 0.5306818181818181 0.08 0.035
1 0.85 0.5743181818181818 0.1188235294117647 0.03772727272727273
1 0.38735294117647057 0.4581818181818182 0.1723529411764706 0.03272727272727273
1 0.10176470588235294 0.7659090909090909 0.0988235294117647 0.038181818181818185
1 0.10470588235294118 0.7227272727272728 0.1 0.03909090909090909
1 0.7761764705882352 0.3715909090909091 0.03823529411764706 0.03590909090909091
1 0.5870588235294117 0.4625 0.18941176470588236 0.02590909090909091
1 0.7026470588235294 0.4693181818181818 0.03 0.02590909090909091
1 0.9102941176470588 0.4163636363636364 0.09705882352941177 0.03272727272727273
1 0.4235294117647059 0.3679545454545455 0.24235294117647058 0.041363636363636366
1 0.41294117647058826 0.725909090909091 0.2235294117647059 0.034545454545454546
1 0.1 0.6079545454545454 0.08705882352941176 0.03772727272727273
1 0.6838235294117647 0.8615909090909091 0.0711764705882353 0.04045454545454545
1 0.653235294117647 0.3684090909090909 0.18529411764705883 0.04045454545454545
1 0.3270588235294118 0.8586363636363636 0.05764705882352941 0.04090909090909091
1 0.765 0.5736363636363636 0.031176470588235295 0.035454545454545454