1 0.5447058823529412 0.6822727272727273 0.07529411764705882 0.035454545454545454
1 0.8479411764705882 0.9259090909090909 0.05941176470588235 0.04
1 0.4244117647058824 0.9259090909090909 0.05823529411764706 0.03636363636363636
1 0.4244117647058824 0.4106818181818182 0.21470588235294116 0.03772727272727273
1 0.6764705882352942 0.8543181818181819 0.04352941176470588 0.038636363636363635
1 0.415 0.45340909090909093 0.19 0.045909090909090906
1 0.475 0.6822727272727273 0.033529411764705884 0.035454545454545454
1 0.3991176470588235 0.7277272727272728 0.15823529411764706 0.03727272727272727
1 0.7094117647058824 0.5234090909090909 0.06352941176470588 0.031363636363636364
1 0.10470588235294118 0.6843181818181818 0.07176470588235294 0.03590909090909091
1 0.10352941176470588 0.3675 0.058823529411764705 0.03409090909090909
1 0.10470588235294118 0.44795454545454544 0.06352941176470588 0.03590909090909091
1 0.5826470588235294 0.7234090909090909 0.10882352941176471 0.03409090909090909
1 0.16441176470588234 0.9272727272727272 0.05352941176470588 0.038181818181818185
1 0.3361764705882353 0.9265909090909091 0.061764705882352944 0.03590909090909091
1 0.16470588235294117 0.8593181818181819 0.05058823529411765 0.038636363636363635
1 0.7641176470588236 0.8561363636363636 0.05411764705882353 0.038636363636363635
1 0.40852941176470586 0.5197727272727273 0.17705882352941177 0.03772727272727273
1 0.09676470588235295 0.5254545454545455 0.07352941176470588 0.035454545454545454
1 0.2485294117647059 0.8588636363636364 0.05352941176470588 0.038636363636363635
1 0.2523529411764706 0.9265909090909091 0.06470588235294118 0.038636363636363635
1 0.38029411764705884 0.7688636363636364 0.12411764705882353 0.035
1 0.7641176470588236 0.9238636363636363 0.052941176470588235 0.03772727272727273
1 0.2979411764705882 0.03931818181818182 0.03705882352941176 0.028636363636363637
1 0.5126470588235295 0.7652272727272728 0.08176470588235295 0.03409090909090909
1 0.42264705882352943 0.8590909090909091 0.05352941176470588 0.038181818181818185
1 0.5888235294117647 0.9236363636363636 0.052941176470588235 0.038181818181818185
1 0.09470588235294118 0.5654545454545454 0.07294117647058823 0.035454545454545454
1 0.3861764705882353 0.6815909090909091 0.1288235294117647 0.03590909090909091
1 0.38 0.6131818181818182 0.15176470588235294 0.04090909090909091
1 0.5926470588235294 0.8579545454545454 0.05352941176470588 0.038636363636363635
1 0.10411764705882352 0.4059090909090909 0.06823529411764706 0.03636363636363636
1 0.5882352941176471 0.5677272727272727 0.14705882352941177 0.035454545454545454
1 0.5685294117647058 0.03840909090909091 0.1288235294117647 0.02409090909090909
1 0.5732352941176471 0.5247727272727273 0.12294117647058823 0.03681818181818182
1 0.7385294117647059 0.5675 0.09823529411764706 0.03318181818181818
1 0.5067647058823529 0.9238636363636363 0.05588235294117647 0.038636363636363635
1 0.851764705882353 0.8568181818181818 0.058823529411764705 0.038181818181818185
1 0.10735294117647058 0.7686363636363637 0.0688235294117647 0.03909090909090909
1 0.10676470588235294 0.7281818181818182 0.06764705882352941 0.035454545454545454
1 0.5070588235294118 0.8588636363636364 0.04823529411764706 0.03954545454545454
1 0.6270588235294118 0.61 0.06705882352941177 0.035454545454545454
1 0.4 0.3668181818181818 0.17882352941176471 0.03727272727272727
1 0.5070588235294118 0.7256818181818182 0.03294117647058824 0.03227272727272727
1 0.0976470588235294 0.6063636363636363 0.07294117647058823 0.035454545454545454
1 0.6758823529411765 0.9243181818181818 0.05647058823529412 0.038636363636363635
1 0.3388235294117647 0.8579545454545454 0.058823529411764705 0.03772727272727273
1 0.4161764705882353 0.5686363636363636 0.19470588235294117 0.04
1 0.675 0.5638636363636363 0.03235294117647059 0.03409090909090909
1 0.6567647058823529 0.5252272727272728 0.031176470588235295 0.03590909090909091
1 0.4541176470588235 0.7702272727272728 0.03294117647058824 0.03590909090909091
1 0.5108823529411765 0.6122727272727273 0.10411764705882352 0.03727272727272727
1 0.5788235294117647 0.6120454545454546 0.023529411764705882 0.042272727272727274
1 0.34558823529411764 0.03772727272727273 0.06647058823529411 0.03272727272727273