1 0.46794117647058825 0.7297727272727272 0.30411764705882355 0.038636363636363635
1 0.7708823529411765 0.8586363636363636 0.045294117647058825 0.04
1 0.8532352941176471 0.9259090909090909 0.05823529411764706 0.03636363636363636
1 0.6888235294117647 0.571590909090909 0.1952941176470588 0.035
1 0.5844117647058824 0.6193181818181818 0.1652941176470588 0.023181818181818182
1 0.42176470588235293 0.9256818181818182 0.04823529411764706 0.03681818181818182
1 0.856764705882353 0.8568181818181818 0.060588235294117644 0.042727272727272725
1 0.3988235294117647 0.4593181818181818 0.18823529411764706 0.026818181818181817
1 0.8085294117647058 0.5734090909090909 0.03470588235294118 0.031363636363636364
1 0.46058823529411763 0.4134090909090909 0.31058823529411766 0.03227272727272727
1 0.10147058823529412 0.6836363636363636 0.0711764705882353 0.035454545454545454
1 0.1038235294117647 0.44977272727272727 0.08294117647058824 0.03590909090909091
1 0.16676470588235295 0.9277272727272727 0.05352941176470588 0.03636363636363636
1 0.8847058823529412 0.5665909090909091 0.10588235294117647 0.03590909090909091
1 0.33941176470588236 0.9272727272727272 0.05647058823529412 0.03636363636363636
1 0.15911764705882353 0.8615909090909091 0.05235294117647059 0.038636363636363635
1 0.7194117647058823 0.7243181818181819 0.19176470588235295 0.03772727272727273
1 0.11352941176470588 0.5263636363636364 0.09411764705882353 0.034545454545454546
1 0.9067647058823529 0.4075 0.07705882352941176 0.03590909090909091
1 0.24941176470588236 0.8581818181818182 0.04823529411764706 0.03909090909090909
1 0.6923529411764706 0.6113636363636363 0.03529411764705882 0.031818181818181815
1 0.2526470588235294 0.9270454545454545 0.054705882352941174 0.03681818181818182
1 0.415 0.7727272727272727 0.21588235294117647 0.03272727272727273
1 0.7658823529411765 0.923409090909091 0.05176470588235294 0.038636363636363635
1 0.10235294117647059 0.36863636363636365 0.07411764705882352 0.03363636363636364
1 0.6082352941176471 0.7770454545454546 0.15764705882352942 0.028636363636363637
1 0.6635294117647059 0.4552272727272727 0.03176470588235294 0.03409090909090909
1 0.721764705882353 0.4115909090909091 0.20941176470588235 0.038636363636363635
1 0.42617647058823527 0.8586363636363636 0.05 0.038181818181818185
1 0.5964705882352941 0.9263636363636364 0.05529411764705883 0.02909090909090909
1 0.4414705882352941 0.5722727272727273 0.2711764705882353 0.03636363636363636
1 0.596764705882353 0.8620454545454546 0.05 0.03954545454545454
1 0.10058823529411764 0.4075 0.08470588235294117 0.03772727272727273
1 0.7382352941176471 0.4577272727272727 0.0988235294117647 0.031818181818181815
1 0.49970588235294117 0.9256818181818182 0.04294117647058823 0.03590909090909091
1 0.8279411764705882 0.725 0.03823529411764706 0.035454545454545454
1 0.6894117647058824 0.8593181818181819 0.06 0.035
1 0.8464705882352941 0.4131818181818182 0.02588235294117647 0.03
1 0.8894117647058823 0.7234090909090909 0.08352941176470588 0.035
1 0.10352941176470588 0.7670454545454546 0.07176470588235294 0.03590909090909091
1 0.10441176470588236 0.7225 0.07823529411764706 0.03681818181818182
1 0.575 0.45295454545454544 0.1264705882352941 0.03409090909090909
1 0.5114705882352941 0.8561363636363636 0.05 0.03954545454545454
1 0.1126470588235294 0.6179545454545454 0.09470588235294118 0.03590909090909091
1 0.6823529411764706 0.9238636363636363 0.05411764705882353 0.038636363636363635
1 0.33852941176470586 0.8590909090909091 0.05588235294117647 0.03909090909090909
1 0.7547058823529412 0.6118181818181818 0.08941176470588236 0.031818181818181815
1 0.3173529411764706 0.03772727272727273 0.033529411764705884 0.022727272727272728
1 0.5555882352941176 0.038636363636363635 0.09588235294117647 0.02090909090909091
1 0.39794117647058824 0.6243181818181818 0.1935294117647059 0.031363636363636364
1 0.11411764705882353 0.5711363636363637 0.10235294117647059 0.03318181818181818
1 0.77 0.7770454545454546 0.07529411764705882 0.018636363636363635
1 0.7188235294117648 0.7806818181818181 0.024705882352941175 0.028636363636363637