1 0.38735294117647057 0.6818181818181818 0.18294117647058825 0.04181818181818182
1 0.5085294117647059 0.6884090909090909 0.03705882352941176 0.03590909090909091
1 0.7608823529411765 0.8590909090909091 0.06411764705882353 0.04
1 0.8455882352941176 0.9277272727272727 0.0711764705882353 0.04
1 0.5597058823529412 0.6179545454545454 0.1535294117647059 0.035
1 0.4061764705882353 0.925 0.054705882352941174 0.04
1 0.8438235294117648 0.8593181818181819 0.06529411764705882 0.041363636363636366
1 0.38294117647058823 0.6120454545454546 0.17411764705882352 0.042272727272727274
1 0.6714705882352942 0.8575 0.04294117647058823 0.03954545454545454
1 0.40147058823529413 0.4572727272727273 0.20529411764705882 0.04090909090909091
1 0.6617647058823529 0.6252272727272727 0.029411764705882353 0.03227272727272727
1 0.37941176470588234 0.7245454545454545 0.16823529411764707 0.03909090909090909
1 0.41705882352941176 0.41045454545454546 0.23647058823529413 0.04
1 0.0988235294117647 0.6790909090909091 0.06470588235294118 0.03727272727272727
1 0.09411764705882353 0.4511363636363636 0.07647058823529412 0.03681818181818182
1 0.10352941176470588 0.3638636363636364 0.08588235294117647 0.03590909090909091
1 0.48294117647058826 0.7788636363636363 0.03294117647058824 0.03590909090909091
1 0.5961764705882353 0.7263636363636363 0.10882352941176471 0.03636363636363636
1 0.1535294117647059 0.9240909090909091 0.05647058823529412 0.04181818181818182
1 0.32676470588235296 0.9238636363636363 0.05823529411764706 0.03954545454545454
1 0.1561764705882353 0.8556818181818182 0.05941176470588235 0.04045454545454545
1 0.7488235294117647 0.6202272727272727 0.10235294117647059 0.03318181818181818
1 0.4038235294117647 0.5272727272727272 0.21823529411764706 0.04363636363636364
1 0.10029411764705883 0.5209090909090909 0.07470588235294118 0.034545454545454546
1 0.23941176470588235 0.8570454545454546 0.05529411764705883 0.03772727272727273
1 0.23794117647058824 0.9245454545454546 0.054705882352941174 0.03909090909090909
1 0.36617647058823527 0.7736363636363637 0.13823529411764707 0.035454545454545454
1 0.7591176470588236 0.9263636363636364 0.0688235294117647 0.03909090909090909
1 0.3073529411764706 0.03386363636363637 0.04058823529411765 0.026818181818181817
1 0.5623529411764706 0.7745454545454545 0.09176470588235294 0.03272727272727273
1 0.6197058823529412 0.41 0.10411764705882352 0.035454545454545454
1 0.6182352941176471 0.3704545454545455 0.11647058823529412 0.03636363636363636
1 0.40941176470588236 0.8584090909090909 0.05647058823529412 0.038636363636363635
1 0.5811764705882353 0.9256818181818182 0.05058823529411765 0.03954545454545454
1 0.4067647058823529 0.5695454545454546 0.21705882352941178 0.04
1 0.5823529411764706 0.8613636363636363 0.03882352941176471 0.04
1 0.09970588235294117 0.4056818181818182 0.0888235294117647 0.03681818181818182
1 0.10058823529411764 0.5654545454545454 0.07882352941176471 0.035454545454545454
1 0.6276470588235294 0.5681818181818182 0.19647058823529412 0.04090909090909091
1 0.5726470588235294 0.03931818181818182 0.1111764705882353 0.025
1 0.6223529411764706 0.5263636363636364 0.18470588235294116 0.04090909090909091
1 0.49941176470588233 0.9256818181818182 0.05176470588235294 0.03954545454545454
1 0.8358823529411765 0.5697727272727273 0.11529411764705882 0.03772727272727273
1 0.095 0.7638636363636364 0.06411764705882353 0.03590909090909091
1 0.09676470588235295 0.7236363636363636 0.06647058823529411 0.03636363636363636
1 0.7370588235294118 0.5311363636363636 0.02823529411764706 0.03227272727272727
1 0.56 0.45795454545454545 0.07647058823529412 0.03318181818181818
1 0.4979411764705882 0.8584090909090909 0.057058823529411766 0.038636363636363635
1 0.8147058823529412 0.5265909090909091 0.11058823529411765 0.03681818181818182
1 0.5902941176470589 0.6845454545454546 0.10764705882352942 0.03636363636363636
1 0.4152941176470588 0.3675 0.23411764705882354 0.042272727272727274
1 0.5076470588235295 0.7236363636363636 0.03529411764705882 0.034545454545454546
1 0.0976470588235294 0.6065909090909091 0.07882352941176471 0.03590909090909091
1 0.6708823529411765 0.9304545454545454 0.0488235294117647 0.04363636363636364
1 0.33176470588235296 0.8568181818181818 0.06 0.038181818181818185
1 0.7547058823529412 0.5738636363636364 0.03058823529411765 0.03590909090909091