1 0.3614705882352941 0.6738636363636363 0.12176470588235294 0.03772727272727273
1 0.46088235294117647 0.4043181818181818 0.31470588235294117 0.031363636363636364
1 0.7502941176470588 0.8563636363636363 0.04764705882352941 0.038181818181818185
1 0.8408823529411765 0.9231818181818182 0.054705882352941174 0.03727272727272727
1 0.596764705882353 0.6075 0.08647058823529412 0.03409090909090909
1 0.4088235294117647 0.918409090909091 0.06352941176470588 0.03954545454545454
1 0.10088235294117646 0.5147727272727273 0.06764705882352941 0.03318181818181818
1 0.8405882352941176 0.855909090909091 0.05058823529411765 0.03727272727272727
1 0.37941176470588234 0.6040909090909091 0.14941176470588236 0.034545454545454546
1 0.645 0.7211363636363637 0.19 0.038636363636363635
1 0.40176470588235297 0.44681818181818184 0.19411764705882353 0.03636363636363636
1 0.48470588235294115 0.6743181818181818 0.0988235294117647 0.031363636363636364
1 0.6620588235294118 0.5663636363636364 0.12294117647058823 0.03272727272727273
1 0.3738235294117647 0.7602272727272728 0.15588235294117647 0.03590909090909091
1 0.808235294117647 0.4090909090909091 0.03411764705882353 0.03272727272727273
1 0.10441176470588236 0.4420454545454545 0.08647058823529412 0.035
1 0.4138235294117647 0.7197727272727272 0.2323529411764706 0.030454545454545453
1 0.09470588235294118 0.5579545454545455 0.06235294117647059 0.03318181818181818
1 0.10823529411764705 0.3588636363636364 0.08823529411764706 0.03681818181818182
1 0.15323529411764705 0.9175 0.05 0.03772727272727273
1 0.3211764705882353 0.9175 0.05176470588235294 0.03772727272727273
1 0.15 0.8506818181818182 0.04941176470588235 0.03590909090909091
1 0.38235294117647056 0.5215909090909091 0.15058823529411763 0.035
1 0.24029411764705882 0.8513636363636363 0.05941176470588235 0.03727272727272727
1 0.23558823529411765 0.9168181818181819 0.0488235294117647 0.038181818181818185
1 0.7558823529411764 0.9231818181818182 0.06 0.03727272727272727
1 0.30970588235294116 0.028636363636363637 0.0488235294117647 0.02090909090909091
1 0.5144117647058823 0.7613636363636364 0.11941176470588236 0.034545454545454546
1 0.6605882352941177 0.45022727272727275 0.03058823529411765 0.031363636363636364
1 0.6894117647058824 0.3654545454545455 0.03764705882352941 0.028181818181818183
1 0.5985294117647059 0.36477272727272725 0.11 0.031363636363636364
1 0.4152941176470588 0.3618181818181818 0.2211764705882353 0.03
1 0.40352941176470586 0.8518181818181818 0.04823529411764706 0.035454545454545454
1 0.5823529411764706 0.9211363636363636 0.05529411764705883 0.038636363636363635
1 0.40705882352941175 0.5638636363636363 0.2023529411764706 0.03409090909090909
1 0.5638235294117647 0.5234090909090909 0.07705882352941176 0.03409090909090909
1 0.5814705882352941 0.8543181818181819 0.05 0.03681818181818182
1 0.11352941176470588 0.39840909090909093 0.10235294117647059 0.03681818181818182
1 0.1038235294117647 0.6697727272727273 0.07 0.03681818181818182
1 0.5835294117647059 0.0325 0.10941176470588235 0.021363636363636362
1 0.7179411764705882 0.44931818181818184 0.08764705882352941 0.03318181818181818
1 0.5 0.9197727272727273 0.06 0.038636363636363635
1 0.6670588235294118 0.8543181818181819 0.04823529411764706 0.03954545454545454
1 0.7602941176470588 0.3668181818181818 0.07470588235294118 0.02727272727272727
1 0.885 0.4113636363636364 0.11 0.031818181818181815
1 0.09970588235294117 0.7593181818181818 0.07588235294117647 0.03409090909090909
1 0.10323529411764706 0.7156818181818182 0.07705882352941176 0.03409090909090909
1 0.5714705882352941 0.4486363636363636 0.1111764705882353 0.034545454545454546
1 0.4938235294117647 0.8536363636363636 0.05352941176470588 0.034545454545454546
1 0.7073529411764706 0.4072727272727273 0.15 0.034545454545454546
1 0.5461764705882353 0.5647727272727273 0.03588235294117647 0.03227272727272727
1 0.49411764705882355 0.6072727272727273 0.03411764705882353 0.031818181818181815
1 0.09264705882352942 0.5988636363636364 0.06647058823529411 0.03409090909090909
1 0.6670588235294118 0.9202272727272728 0.05647058823529412 0.04045454545454545
1 0.32088235294117645 0.8515909090909091 0.0488235294117647 0.035
1 0.4964705882352941 0.5229545454545454 0.029411764705882353 0.03590909090909091