1 0.44794117647058823 0.4088636363636364 0.27941176470588236 0.030454545454545453
1 0.7420588235294118 0.7281818181818182 0.15941176470588236 0.03727272727272727
1 0.40705882352941175 0.4525 0.1988235294117647 0.028636363636363637
1 0.41205882352941176 0.6125 0.2088235294117647 0.03409090909090909
1 0.13323529411764706 0.7238636363636364 0.06764705882352941 0.03227272727272727
1 0.7208823529411764 0.5668181818181818 0.03235294117647059 0.035454545454545454
1 0.1223529411764706 0.4486363636363636 0.08705882352941176 0.035454545454545454
1 0.8191176470588235 0.5693181818181818 0.14294117647058824 0.03772727272727273
1 0.40176470588235297 0.774090909090909 0.18588235294117647 0.035454545454545454
1 0.1388235294117647 0.7652272727272728 0.07294117647058823 0.03590909090909091
1 0.1223529411764706 0.40545454545454546 0.08823529411764706 0.03363636363636364
1 0.6658823529411765 0.6113636363636363 0.10352941176470588 0.034545454545454546
1 0.6408823529411765 0.5675 0.12294117647058823 0.03318181818181818
1 0.4511764705882353 0.7270454545454546 0.28 0.03409090909090909
1 0.7085294117647059 0.4561363636363636 0.05823529411764706 0.026818181818181817
1 0.5779411764705882 0.7759090909090909 0.10529411764705883 0.034545454545454546
1 0.43676470588235294 0.5672727272727273 0.26294117647058823 0.03636363636363636
1 0.11235294117647059 0.5677272727272727 0.09411764705882353 0.035454545454545454
1 0.7061764705882353 0.4088636363636364 0.22294117647058823 0.03318181818181818
1 0.6273529411764706 0.7238636363636364 0.03705882352941176 0.03409090909090909
1 0.8991176470588236 0.4065909090909091 0.09 0.03772727272727273
1 0.6105882352941177 0.6154545454545455 0.029411764705882353 0.034545454545454546
1 0.5558823529411765 0.6163636363636363 0.06352941176470588 0.02909090909090909
1 0.12382352941176471 0.6095454545454545 0.09352941176470589 0.03636363636363636
1 0.3332352941176471 0.0375 0.04058823529411765 0.023181818181818182
1 0.5605882352941176 0.038863636363636364 0.0988235294117647 0.015909090909090907
1 0.8347058823529412 0.4077272727272727 0.02823529411764706 0.031818181818181815
1 0.6705882352941176 0.4611363636363636 0.02588235294117647 0.02590909090909091
1 0.5823529411764706 0.4561363636363636 0.13529411764705881 0.030454545454545453
1 0.5091176470588236 0.7763636363636364 0.025294117647058825 0.02727272727272727