1 0.36205882352941177 0.6811363636363637 0.10294117647058823 0.03590909090909091
1 0.7611764705882353 0.8584090909090909 0.04941176470588235 0.038636363636363635
1 0.8435294117647059 0.928409090909091 0.05176470588235294 0.04318181818181818
1 0.5491176470588235 0.6134090909090909 0.11235294117647059 0.03409090909090909
1 0.42176470588235293 0.9263636363636364 0.04941176470588235 0.03727272727272727
1 0.3941176470588235 0.6081818181818182 0.1588235294117647 0.034545454545454546
1 0.6764705882352942 0.8593181818181819 0.04470588235294118 0.03772727272727273
1 0.39441176470588235 0.4481818181818182 0.15705882352941178 0.03636363636363636
1 0.47 0.6795454545454546 0.10352941176470588 0.035454545454545454
1 0.7494117647058823 0.5265909090909091 0.08705882352941176 0.03318181818181818
1 0.39558823529411763 0.4088636363636364 0.1676470588235294 0.03681818181818182
1 0.11411764705882353 0.6797727272727273 0.06470588235294118 0.035
1 0.10529411764705883 0.4481818181818182 0.0811764705882353 0.035454545454545454
1 0.37058823529411766 0.7315909090909091 0.12 0.03409090909090909
1 0.6770588235294117 0.5675 0.029411764705882353 0.03318181818181818
1 0.11529411764705882 0.36522727272727273 0.09411764705882353 0.035
1 0.4838235294117647 0.7654545454545455 0.11588235294117646 0.034545454545454546
1 0.15911764705882353 0.9263636363636364 0.0488235294117647 0.03727272727272727
1 0.7570588235294118 0.5679545454545455 0.10352941176470588 0.03409090909090909
1 0.3352941176470588 0.9268181818181818 0.06 0.03636363636363636
1 0.16088235294117648 0.8570454545454546 0.0488235294117647 0.03590909090909091
1 0.7291176470588235 0.6111363636363636 0.0888235294117647 0.03318181818181818
1 0.4032352941176471 0.5229545454545454 0.18058823529411766 0.03772727272727273
1 0.11294117647058824 0.5247727272727273 0.08352941176470588 0.035
1 0.6417647058823529 0.6106818181818182 0.03411764705882353 0.03227272727272727
1 0.24823529411764705 0.8575 0.05176470588235294 0.03590909090909091
1 0.6641176470588235 0.5293181818181818 0.03411764705882353 0.03227272727272727
1 0.24735294117647058 0.9270454545454545 0.051176470588235295 0.038636363636363635
1 0.3658823529411765 0.7656818181818181 0.11058823529411765 0.03409090909090909
1 0.7611764705882353 0.9268181818181818 0.05764705882352941 0.03909090909090909
1 0.3085294117647059 0.03386363636363637 0.03823529411764706 0.02409090909090909
1 0.6891176470588235 0.4486363636363636 0.08411764705882353 0.03363636363636364
1 0.6844117647058824 0.36863636363636365 0.08647058823529412 0.03272727272727273
1 0.5344117647058824 0.36522727272727273 0.09588235294117647 0.03409090909090909
1 0.4152941176470588 0.86 0.04823529411764706 0.038181818181818185
1 0.5873529411764706 0.9259090909090909 0.05352941176470588 0.038181818181818185
1 0.4032352941176471 0.5675 0.17705882352941177 0.03772727272727273
1 0.5694117647058824 0.5227272727272727 0.12470588235294118 0.03636363636363636
1 0.5964705882352941 0.8570454545454546 0.06588235294117648 0.03772727272727273
1 0.10852941176470589 0.40545454545454546 0.08411764705882353 0.03636363636363636
1 0.11352941176470588 0.5725 0.08352941176470588 0.03590909090909091
1 0.616764705882353 0.4515909090909091 0.026470588235294117 0.03318181818181818
1 0.5764705882352941 0.03613636363636363 0.11176470588235295 0.02409090909090909
1 0.6182352941176471 0.4072727272727273 0.02823529411764706 0.034545454545454546
1 0.5055882352941177 0.9270454545454545 0.04764705882352941 0.03954545454545454
1 0.851764705882353 0.8595454545454545 0.06588235294117648 0.03909090909090909
1 0.5417647058823529 0.40613636363636363 0.10470588235294118 0.03409090909090909
1 0.11441176470588235 0.7688636363636364 0.05823529411764706 0.03409090909090909
1 0.11735294117647059 0.7245454545454545 0.05823529411764706 0.03272727272727273
1 0.6944117647058824 0.40636363636363637 0.09 0.034545454545454546
1 0.5414705882352941 0.45022727272727275 0.09235294117647058 0.03318181818181818
1 0.5070588235294118 0.8581818181818182 0.05647058823529412 0.03727272727272727
1 0.5794117647058824 0.5663636363636364 0.13411764705882354 0.035454545454545454
1 0.3911764705882353 0.36613636363636365 0.15529411764705883 0.03772727272727273
1 0.5123529411764706 0.7236363636363636 0.11058823529411765 0.03363636363636364
1 0.11235294117647059 0.6125 0.08235294117647059 0.035
1 0.6776470588235294 0.9268181818181818 0.05647058823529412 0.038181818181818185
1 0.3341176470588235 0.8584090909090909 0.052941176470588235 0.03681818181818182
1 0.6129411764705882 0.36772727272727274 0.03294117647058824 0.02909090909090909