1 0.3897058823529412 0.6772727272727272 0.16411764705882353 0.03909090909090909
1 0.7576470588235295 0.8597727272727272 0.06470588235294118 0.042272727272727274
1 0.8435294117647059 0.9256818181818182 0.06941176470588235 0.04045454545454545
1 0.5711764705882353 0.5668181818181818 0.18823529411764706 0.03909090909090909
1 0.40558823529411764 0.9227272727272727 0.05941176470588235 0.038181818181818185
1 0.5308823529411765 0.5243181818181818 0.1676470588235294 0.031363636363636364
1 0.841764705882353 0.8572727272727273 0.06235294117647059 0.04181818181818182
1 0.3538235294117647 0.605909090909091 0.11 0.035454545454545454
1 0.4038235294117647 0.4511363636363636 0.20058823529411765 0.030454545454545453
1 0.39676470588235296 0.7218181818181818 0.19588235294117648 0.03909090909090909
1 0.7988235294117647 0.4077272727272727 0.03411764705882353 0.038181818181818185
1 0.44676470588235295 0.40795454545454546 0.2923529411764706 0.03227272727272727
1 0.11382352941176471 0.6738636363636363 0.0711764705882353 0.035
1 0.09735294117647059 0.44431818181818183 0.09117647058823529 0.03590909090909091
1 0.7079411764705882 0.5677272727272727 0.03823529411764706 0.03272727272727273
1 0.09911764705882353 0.3597727272727273 0.08411764705882353 0.035
1 0.4814705882352941 0.7661363636363636 0.04176470588235294 0.038636363636363635
1 0.6323529411764706 0.7281818181818182 0.1564705882352941 0.03090909090909091
1 0.15441176470588236 0.9202272727272728 0.06764705882352941 0.041363636363636366
1 0.7958823529411765 0.5706818181818182 0.13294117647058823 0.03590909090909091
1 0.3220588235294118 0.9215909090909091 0.06529411764705882 0.038636363636363635
1 0.15735294117647058 0.8504545454545455 0.0688235294117647 0.03727272727272727
1 0.3673529411764706 0.5193181818181818 0.12529411764705883 0.03318181818181818
1 0.09558823529411764 0.5159090909090909 0.08176470588235295 0.035454545454545454
1 0.6867647058823529 0.6106818181818182 0.11 0.03409090909090909
1 0.24176470588235294 0.8525 0.06470588235294118 0.03681818181818182
1 0.6538235294117647 0.5252272727272728 0.04764705882352941 0.03227272727272727
1 0.23411764705882354 0.9206818181818182 0.04941176470588235 0.03954545454545454
1 0.3685294117647059 0.7602272727272728 0.14294117647058824 0.038636363636363635
1 0.7541176470588236 0.9240909090909091 0.06235294117647059 0.038181818181818185
1 0.5697058823529412 0.7695454545454545 0.11470588235294117 0.03363636363636364
1 0.6752941176470588 0.4627272727272727 0.03764705882352941 0.03363636363636364
1 0.6755882352941176 0.3734090909090909 0.045294117647058825 0.03227272727272727
1 0.41441176470588237 0.8534090909090909 0.07 0.03590909090909091
1 0.5814705882352941 0.923409090909091 0.05941176470588235 0.04045454545454545
1 0.09470588235294118 0.5590909090909091 0.07529411764705882 0.03363636363636364
1 0.38176470588235295 0.5631818181818182 0.16 0.03636363636363636
1 0.4973529411764706 0.6097727272727272 0.15 0.029545454545454545
1 0.5829411764705882 0.8531818181818182 0.06235294117647059 0.04
1 0.10294117647058823 0.4022727272727273 0.09176470588235294 0.034545454545454546
1 0.5797058823529412 0.36454545454545456 0.14176470588235293 0.03727272727272727
1 0.6855882352941176 0.4102272727272727 0.17352941176470588 0.038636363636363635
1 0.7814705882352941 0.4593181818181818 0.14411764705882352 0.028636363636363637
1 0.4938235294117647 0.9231818181818182 0.06529411764705882 0.04090909090909091
1 0.668235294117647 0.8538636363636364 0.06235294117647059 0.04045454545454545
1 0.7673529411764706 0.3663636363636364 0.12411764705882353 0.035454545454545454
1 0.10705882352941176 0.7570454545454546 0.08352941176470588 0.03409090909090909
1 0.10705882352941176 0.7190909090909091 0.07764705882352942 0.03363636363636364
1 0.5788235294117647 0.45545454545454545 0.1376470588235294 0.03090909090909091
1 0.6285294117647059 0.68 0.1323529411764706 0.035454545454545454
1 0.4985294117647059 0.8570454545454546 0.06764705882352941 0.03318181818181818
1 0.8773529411764706 0.4088636363636364 0.13 0.03954545454545454
1 0.6044117647058823 0.6197727272727273 0.03705882352941176 0.02772727272727273
1 0.4061764705882353 0.3609090909090909 0.19705882352941176 0.03727272727272727
1 0.5217647058823529 0.7240909090909091 0.03764705882352941 0.03363636363636364
1 0.09470588235294118 0.6038636363636364 0.07529411764705882 0.03409090909090909
1 0.6673529411764706 0.923409090909091 0.06411764705882353 0.04045454545454545
1 0.3285294117647059 0.8525 0.06647058823529411 0.03681818181818182
1 0.7520588235294118 0.53 0.10882352941176471 0.031818181818181815
1 0.31882352941176473 0.029772727272727274 0.03882352941176471 0.025
1 0.6176470588235294 0.03568181818181818 0.13294117647058823 0.02590909090909091
1 0.5238235294117647 0.6925 0.04764705882352941 0.028636363636363637