1 0.38 0.6827272727272727 0.1635294117647059 0.035454545454545454
1 0.5070588235294118 0.6868181818181818 0.06470588235294118 0.031818181818181815
1 0.7611764705882353 0.8625 0.05411764705882353 0.03954545454545454
1 0.8444117647058823 0.9270454545454545 0.06529411764705882 0.038636363636363635
1 0.518235294117647 0.5727272727272728 0.12352941176470589 0.03272727272727273
1 0.40794117647058825 0.9286363636363636 0.04647058823529412 0.03727272727272727
1 0.48294117647058826 0.5247727272727273 0.10823529411764705 0.03318181818181818
1 0.8441176470588235 0.8604545454545455 0.04588235294117647 0.038181818181818185
1 0.35 0.6136363636363636 0.10705882352941176 0.03
1 0.6132352941176471 0.725909090909091 0.0888235294117647 0.03272727272727273
1 0.42470588235294116 0.7261363636363637 0.2529411764705882 0.031363636363636364
1 0.38323529411764706 0.36454545454545456 0.1676470588235294 0.038181818181818185
1 0.3835294117647059 0.4131818181818182 0.16117647058823528 0.03636363636363636
1 0.09441176470588235 0.6788636363636363 0.0688235294117647 0.03590909090909091
1 0.09235294117647058 0.4484090909090909 0.07529411764705882 0.03681818181818182
1 0.10058823529411764 0.36454545454545456 0.09058823529411765 0.03636363636363636
1 0.4885294117647059 0.7720454545454546 0.06294117647058824 0.03227272727272727
1 0.15235294117647058 0.9295454545454546 0.04823529411764706 0.03727272727272727
1 0.32382352941176473 0.9277272727272727 0.045294117647058825 0.038181818181818185
1 0.15294117647058825 0.8602272727272727 0.04470588235294118 0.03681818181818182
1 0.3685294117647059 0.5731818181818182 0.1476470588235294 0.03090909090909091
1 0.09117647058823529 0.5236363636363637 0.07058823529411765 0.034545454545454546
1 0.6094117647058823 0.5754545454545454 0.027058823529411764 0.02909090909090909
1 0.23647058823529413 0.860909090909091 0.042352941176470586 0.03727272727272727
1 0.635 0.5277272727272727 0.06764705882352941 0.031818181818181815
1 0.23823529411764705 0.9281818181818182 0.04352941176470588 0.03727272727272727
1 0.37411764705882355 0.7729545454545454 0.15294117647058825 0.031363636363636364
1 0.7585294117647059 0.9263636363636364 0.05 0.03727272727272727
1 0.2958823529411765 0.035227272727272725 0.05176470588235294 0.020454545454545454
1 0.6647058823529411 0.4556818181818182 0.09176470588235294 0.03318181818181818
1 0.6623529411764706 0.37522727272727274 0.03882352941176471 0.03227272727272727
1 0.5882352941176471 0.4113636363636364 0.18705882352941178 0.03909090909090909
1 0.4026470588235294 0.8613636363636363 0.04294117647058823 0.03909090909090909
1 0.5838235294117647 0.9245454545454546 0.04647058823529412 0.038181818181818185
1 0.3588235294117647 0.5286363636363637 0.11176470588235295 0.034545454545454546
1 0.5773529411764706 0.8647727272727272 0.03470588235294118 0.04409090909090909
1 0.09794117647058824 0.4081818181818182 0.07941176470588235 0.03636363636363636
1 0.5997058823529412 0.4631818181818182 0.025294117647058825 0.03636363636363636
1 0.5623529411764706 0.035454545454545454 0.12470588235294118 0.026363636363636363
1 0.7152941176470589 0.4125 0.03764705882352941 0.03409090909090909
1 0.4958823529411765 0.9288636363636363 0.042352941176470586 0.03681818181818182
1 0.6652941176470588 0.8604545454545455 0.04941176470588235 0.03909090909090909
1 0.5511764705882353 0.3734090909090909 0.14 0.03681818181818182
1 0.7405882352941177 0.3725 0.08470588235294117 0.03318181818181818
1 0.3729411764705882 0.4509090909090909 0.1423529411764706 0.038181818181818185
1 0.09441176470588235 0.7652272727272728 0.07470588235294118 0.03590909090909091
1 0.5208823529411765 0.45431818181818184 0.10411764705882352 0.03409090909090909
1 0.4970588235294118 0.8627272727272727 0.05176470588235294 0.03909090909090909
1 0.816764705882353 0.41409090909090907 0.14529411764705882 0.038181818181818185
1 0.5741176470588235 0.5318181818181819 0.029411764705882353 0.031818181818181815
1 0.09088235294117647 0.6104545454545455 0.0711764705882353 0.03636363636363636
1 0.665 0.9252272727272727 0.05 0.03772727272727273
1 0.3247058823529412 0.8595454545454545 0.04823529411764706 0.038181818181818185
1 0.673235294117647 0.5725 0.07823529411764706 0.03227272727272727
1 0.09352941176470589 0.7254545454545455 0.06705882352941177 0.03363636363636364
1 0.09058823529411765 0.5734090909090909 0.06823529411764706 0.02772727272727273
1 0.45588235294117646 0.6181818181818182 0.09411764705882353 0.028181818181818183
1 0.5214705882352941 0.6245454545454545 0.022941176470588236 0.03090909090909091
1 0.5823529411764706 0.6190909090909091 0.06588235294117648 0.026363636363636363