1 0.3738235294117647 0.6877272727272727 0.15705882352941178 0.03363636363636364
1 0.5682352941176471 0.6895454545454546 0.19294117647058823 0.035454545454545454
1 0.7594117647058823 0.8588636363636364 0.047058823529411764 0.03954545454545454
1 0.8470588235294118 0.9268181818181818 0.07058823529411765 0.03727272727272727
1 0.5179411764705882 0.6227272727272727 0.09 0.03272727272727273
1 0.41794117647058826 0.9261363636363636 0.05941176470588235 0.038636363636363635
1 0.5038235294117647 0.5322727272727272 0.09235294117647058 0.03363636363636364
1 0.36941176470588233 0.6184090909090909 0.14470588235294118 0.03318181818181818
1 0.4285294117647059 0.4097727272727273 0.2570588235294118 0.038636363636363635
1 0.3861764705882353 0.46136363636363636 0.17941176470588235 0.02909090909090909
1 0.41352941176470587 0.73 0.23058823529411765 0.03090909090909091
1 0.10941176470588235 0.6781818181818182 0.07529411764705882 0.035454545454545454
1 0.10264705882352941 0.45454545454545453 0.07235294117647059 0.035454545454545454
1 0.15911764705882353 0.9254545454545454 0.06294117647058824 0.03727272727272727
1 0.3276470588235294 0.9238636363636363 0.06235294117647059 0.03772727272727273
1 0.16088235294117648 0.8570454545454546 0.05352941176470588 0.03772727272727273
1 0.36823529411764705 0.5306818181818181 0.13058823529411764 0.03590909090909091
1 0.11029411764705882 0.5234090909090909 0.07588235294117647 0.03318181818181818
1 0.658235294117647 0.7313636363636363 0.22470588235294117 0.02909090909090909
1 0.245 0.8584090909090909 0.051176470588235295 0.03772727272727273
1 0.23852941176470588 0.9243181818181818 0.04764705882352941 0.03681818181818182
1 0.7579411764705882 0.9270454545454545 0.060588235294117644 0.03681818181818182
1 0.11294117647058824 0.3654545454545455 0.06588235294117648 0.03363636363636364
1 0.5526470588235294 0.7775 0.16058823529411764 0.031363636363636364
1 0.6294117647058823 0.4118181818181818 0.08235294117647059 0.034545454545454546
1 0.4202941176470588 0.8588636363636364 0.05823529411764706 0.038636363636363635
1 0.5920588235294117 0.9259090909090909 0.05823529411764706 0.03636363636363636
1 0.10852941176470589 0.5668181818181818 0.07470588235294118 0.03363636363636364
1 0.3926470588235294 0.5731818181818182 0.1888235294117647 0.034545454545454546
1 0.5941176470588235 0.8575 0.06588235294117648 0.038636363636363635
1 0.10411764705882352 0.4093181818181818 0.07294117647058823 0.035
1 0.576764705882353 0.5738636363636364 0.12411764705882353 0.035
1 0.5497058823529412 0.038863636363636364 0.0888235294117647 0.022272727272727274
1 0.545 0.37204545454545457 0.060588235294117644 0.03318181818181818
1 0.5067647058823529 0.9268181818181818 0.054705882352941174 0.03727272727272727
1 0.8464705882352941 0.8597727272727272 0.05529411764705883 0.03772727272727273
1 0.673235294117647 0.8638636363636364 0.05 0.038636363636363635
1 0.10705882352941176 0.7645454545454545 0.07764705882352942 0.035454545454545454
1 0.10794117647058823 0.7218181818181818 0.07588235294117647 0.035454545454545454
1 0.513235294117647 0.4618181818181818 0.05352941176470588 0.031818181818181815
1 0.5067647058823529 0.8579545454545454 0.057058823529411766 0.038636363636363635
1 0.40294117647058825 0.3675 0.19176470588235295 0.035
1 0.10764705882352942 0.6140909090909091 0.07647058823529412 0.034545454545454546
1 0.6761764705882353 0.9263636363636364 0.054705882352941174 0.03727272727272727
1 0.33205882352941174 0.8584090909090909 0.057058823529411766 0.03772727272727273
1 0.30911764705882355 0.035227272727272725 0.04176470588235294 0.02409090909090909
1 0.37323529411764705 0.7768181818181819 0.15941176470588236 0.02909090909090909