1 0.7638235294117647 0.8615909090909091 0.06529411764705882 0.04409090909090909
1 0.8497058823529412 0.9302272727272727 0.06764705882352941 0.03954545454545454
1 0.4173529411764706 0.9240909090909091 0.06411764705882353 0.04090909090909091
1 0.8538235294117648 0.8611363636363636 0.07705882352941176 0.042272727272727274
1 0.3629411764705882 0.6227272727272727 0.1188235294117647 0.02181818181818182
1 0.6394117647058823 0.7788636363636363 0.06823529411764706 0.028636363636363637
1 0.4102941176470588 0.6829545454545455 0.21588235294117647 0.03772727272727273
1 0.10558823529411765 0.6861363636363637 0.057058823529411766 0.028636363636363637
1 0.0888235294117647 0.4552272727272727 0.06705882352941177 0.035
1 0.08941176470588236 0.3629545454545455 0.07411764705882352 0.03681818181818182
1 0.5085294117647059 0.7775 0.09705882352941177 0.02772727272727273
1 0.5629411764705883 0.7386363636363636 0.02588235294117647 0.019090909090909092
1 0.16088235294117648 0.925 0.06529411764705882 0.04181818181818182
1 0.7535294117647059 0.5272727272727272 0.10705882352941176 0.03272727272727273
1 0.3291176470588235 0.9238636363636363 0.061764705882352944 0.03954545454545454
1 0.16205882352941176 0.8590909090909091 0.061764705882352944 0.04181818181818182
1 0.7323529411764705 0.6840909090909091 0.08941176470588236 0.034545454545454546
1 0.09176470588235294 0.5279545454545455 0.07058823529411765 0.035
1 0.24235294117647058 0.8570454545454546 0.05058823529411765 0.04045454545454545
1 0.673235294117647 0.5365909090909091 0.03470588235294118 0.02772727272727273
1 0.2447058823529412 0.9227272727272727 0.06235294117647059 0.04181818181818182
1 0.3788235294117647 0.7781818181818182 0.15176470588235294 0.026363636363636363
1 0.7655882352941177 0.9290909090909091 0.06529411764705882 0.04090909090909091
1 0.6635294117647059 0.4659090909090909 0.06941176470588235 0.01818181818181818
1 0.41794117647058826 0.8577272727272728 0.06294117647058824 0.04181818181818182
1 0.5882352941176471 0.8661363636363636 0.06235294117647059 0.05136363636363636
1 0.08529411764705883 0.5720454545454545 0.06352941176470588 0.035
1 0.38823529411764707 0.5259090909090909 0.17176470588235293 0.042727272727272725
1 0.5632352941176471 0.5288636363636363 0.16647058823529412 0.03409090909090909
1 0.581764705882353 0.7843181818181818 0.02588235294117647 0.02590909090909091
1 0.08676470588235294 0.40954545454545455 0.0688235294117647 0.035454545454545454
1 0.6073529411764705 0.4681818181818182 0.020588235294117647 0.02090909090909091
1 0.571764705882353 0.03840909090909091 0.11529411764705882 0.019545454545454546
1 0.7552941176470588 0.42295454545454547 0.10588235294117647 0.020454545454545454
1 0.5073529411764706 0.9240909090909091 0.06764705882352941 0.04
1 0.673235294117647 0.8679545454545454 0.05823529411764706 0.05227272727272727
1 0.3373529411764706 0.035454545454545454 0.05 0.017272727272727273
1 0.5855882352941176 0.6831818181818182 0.12294117647058823 0.035454545454545454
1 0.38794117647058823 0.4627272727272727 0.16176470588235295 0.026363636363636363
1 0.1 0.7306818181818182 0.06823529411764706 0.029545454545454545
1 0.7288235294117648 0.37636363636363634 0.04352941176470588 0.03090909090909091
1 0.5308823529411765 0.4636363636363636 0.11235294117647059 0.022727272727272728
1 0.6070588235294118 0.7381818181818182 0.047058823529411764 0.02090909090909091
1 0.5014705882352941 0.8602272727272727 0.054705882352941174 0.042272727272727274
1 0.6705882352941176 0.42113636363636364 0.02823529411764706 0.023181818181818182
1 0.825 0.37363636363636366 0.13823529411764707 0.034545454545454546
1 0.42705882352941177 0.36477272727272725 0.22823529411764706 0.038636363636363635
1 0.5417647058823529 0.6245454545454545 0.02823529411764706 0.024545454545454544
1 0.07823529411764706 0.6147727272727272 0.06588235294117648 0.03590909090909091
1 0.6735294117647059 0.928409090909091 0.05647058823529412 0.04045454545454545
1 0.6258823529411764 0.36727272727272725 0.1623529411764706 0.03727272727272727
1 0.3285294117647059 0.8577272727272728 0.05823529411764706 0.04181818181818182
1 0.29911764705882354 0.035454545454545454 0.027647058823529413 0.019090909090909092
1 0.39323529411764707 0.4102272727272727 0.18529411764705883 0.04318181818181818
1 0.5708823529411765 0.41704545454545455 0.14411764705882352 0.030454545454545453
1 0.3594117647058824 0.5763636363636364 0.11294117647058824 0.02909090909090909
1 0.46941176470588236 0.576590909090909 0.10823529411764705 0.028636363636363637
1 0.5352941176470588 0.5809090909090909 0.023529411764705882 0.02090909090909091
1 0.5844117647058824 0.5806818181818182 0.07470588235294118 0.023181818181818182
1 0.4738235294117647 0.6222727272727273 0.10411764705882352 0.023636363636363636
1 0.5941176470588235 0.6220454545454546 0.06588235294117648 0.02409090909090909
1 0.09029411764705883 0.7720454545454546 0.05352941176470588 0.03590909090909091
1 0.6694117647058824 0.6906818181818182 0.03764705882352941 0.03318181818181818
1 0.37411764705882355 0.7322727272727273 0.14705882352941177 0.02909090909090909
1 0.49529411764705883 0.7345454545454545 0.09647058823529411 0.028181818181818183
1 0.5844117647058824 0.9261363636363636 0.05588235294117647 0.042272727272727274