1 0.3982352941176471 0.6897727272727273 0.2 0.03590909090909091
1 0.7570588235294118 0.8611363636363636 0.06705882352941177 0.038636363636363635
1 0.8385294117647059 0.9297727272727273 0.0688235294117647 0.042272727272727274
1 0.8426470588235294 0.5336363636363637 0.11705882352941177 0.03636363636363636
1 0.558235294117647 0.6193181818181818 0.11058823529411765 0.03409090909090909
1 0.4138235294117647 0.9295454545454546 0.0711764705882353 0.03909090909090909
1 0.3988235294117647 0.6195454545454545 0.1776470588235294 0.035454545454545454
1 0.6391176470588236 0.7806818181818181 0.08529411764705883 0.025
1 0.4108823529411765 0.41545454545454547 0.20647058823529413 0.028181818181818183
1 0.663235294117647 0.6893181818181818 0.03 0.03681818181818182
1 0.3861764705882353 0.7331818181818182 0.17823529411764705 0.028181818181818183
1 0.29294117647058826 0.03840909090909091 0.04470588235294118 0.02409090909090909
1 0.7379411764705882 0.535 0.039411764705882354 0.03363636363636364
1 0.08 0.6840909090909091 0.07529411764705882 0.03727272727272727
1 0.0988235294117647 0.36568181818181816 0.08235294117647059 0.03590909090909091
1 0.08411764705882353 0.4531818181818182 0.07294117647058823 0.03636363636363636
1 0.5211764705882352 0.7786363636363637 0.07294117647058823 0.03090909090909091
1 0.14941176470588236 0.9247727272727273 0.06 0.04409090909090909
1 0.7679411764705882 0.5752272727272727 0.03235294117647059 0.03227272727272727
1 0.32588235294117646 0.9270454545454545 0.06588235294117648 0.038636363636363635
1 0.14676470588235294 0.8606818181818182 0.051176470588235295 0.038636363636363635
1 0.08529411764705883 0.5270454545454546 0.07647058823529412 0.035
1 0.6670588235294118 0.7302272727272727 0.10470588235294118 0.029545454545454545
1 0.23529411764705882 0.9290909090909091 0.058823529411764705 0.03909090909090909
1 0.38294117647058823 0.7759090909090909 0.1623529411764706 0.03363636363636364
1 0.7597058823529412 0.9315909090909091 0.06764705882352941 0.041363636363636366
1 0.7152941176470589 0.4643181818181818 0.07764705882352942 0.026818181818181817
1 0.6361764705882353 0.37363636363636366 0.18176470588235294 0.03636363636363636
1 0.5994117647058823 0.41545454545454547 0.15294117647058825 0.025454545454545455
1 0.41058823529411764 0.8620454545454546 0.07058823529411765 0.04045454545454545
1 0.576764705882353 0.9265909090909091 0.057058823529411766 0.041363636363636366
1 0.4138235294117647 0.5293181818181818 0.23588235294117646 0.038636363636363635
1 0.6247058823529412 0.5297727272727273 0.15294117647058825 0.03772727272727273
1 0.4176470588235294 0.5743181818181818 0.22705882352941176 0.03318181818181818
1 0.5832352941176471 0.8613636363636363 0.06411764705882353 0.03909090909090909
1 0.09 0.4090909090909091 0.08 0.03636363636363636
1 0.08735294117647059 0.5697727272727273 0.08647058823529412 0.03590909090909091
1 0.6488235294117647 0.5736363636363636 0.18 0.03272727272727273
1 0.5594117647058824 0.04181818181818182 0.11764705882352941 0.022727272727272728
1 0.658235294117647 0.47045454545454546 0.03058823529411765 0.02181818181818182
1 0.7608823529411765 0.4147727272727273 0.0888235294117647 0.028636363636363637
1 0.7038235294117647 0.6263636363636363 0.0888235294117647 0.02090909090909091
1 0.49911764705882355 0.9268181818181818 0.07 0.04181818181818182
1 0.8397058823529412 0.8611363636363636 0.06411764705882353 0.04045454545454545
1 0.6697058823529412 0.8602272727272727 0.06411764705882353 0.03954545454545454
1 0.4164705882352941 0.37113636363636365 0.24705882352941178 0.04318181818181818
1 0.5779411764705882 0.6879545454545455 0.12058823529411765 0.041363636363636366
1 0.8444117647058823 0.5738636363636364 0.10411764705882352 0.03590909090909091
1 0.07970588235294118 0.7713636363636364 0.0711764705882353 0.035454545454545454
1 0.07852941176470589 0.7284090909090909 0.0711764705882353 0.03772727272727273
1 0.7611764705882353 0.37931818181818183 0.03764705882352941 0.029545454545454545
1 0.5570588235294117 0.4625 0.13411764705882354 0.02590909090909091
1 0.49911764705882355 0.8611363636363636 0.0711764705882353 0.038636363636363635
1 0.8388235294117647 0.3729545454545454 0.10588235294117647 0.03772727272727273
1 0.39205882352941174 0.46045454545454545 0.17470588235294118 0.02727272727272727
1 0.5417647058823529 0.7315909090909091 0.08705882352941176 0.031363636363636364
1 0.08941176470588236 0.6115909090909091 0.08705882352941176 0.035
1 0.6744117647058824 0.9275 0.07352941176470588 0.04045454545454545
1 0.3261764705882353 0.8602272727272727 0.06764705882352941 0.04045454545454545
1 0.7479411764705882 0.6877272727272727 0.12058823529411765 0.03727272727272727
1 0.6976470588235294 0.41613636363636364 0.027058823529411764 0.02772727272727273
1 0.6370588235294118 0.6284090909090909 0.02588235294117647 0.022272727272727274
1 0.6020588235294118 0.7334090909090909 0.026470588235294117 0.026818181818181817
1 0.5776470588235294 0.7822727272727272 0.03294117647058824 0.025454545454545455
1 0.23823529411764705 0.8613636363636363 0.06470588235294118 0.035454545454545454