1 0.37558823529411767 0.6868181818181818 0.15823529411764706 0.035454545454545454
1 0.7611764705882353 0.8695454545454545 0.058823529411764705 0.034545454545454546
1 0.8444117647058823 0.9313636363636364 0.06294117647058824 0.03909090909090909
1 0.6426470588235295 0.571590909090909 0.29 0.04045454545454545
1 0.4023529411764706 0.928409090909091 0.04588235294117647 0.038636363636363635
1 0.8438235294117648 0.8652272727272727 0.051176470588235295 0.03954545454545454
1 0.34147058823529414 0.6147727272727272 0.09 0.03409090909090909
1 0.40647058823529414 0.73 0.21764705882352942 0.03727272727272727
1 0.10764705882352942 0.6809090909090909 0.11176470588235295 0.03727272727272727
1 0.6808823529411765 0.46386363636363637 0.08176470588235295 0.031363636363636364
1 0.08794117647058823 0.3638636363636364 0.07823529411764706 0.03681818181818182
1 0.09705882352941177 0.45181818181818184 0.0988235294117647 0.04
1 0.5008823529411764 0.7765909090909091 0.11823529411764706 0.03227272727272727
1 0.6064705882352941 0.7318181818181818 0.16823529411764707 0.03636363636363636
1 0.14676470588235294 0.9318181818181818 0.05235294117647059 0.03909090909090909
1 0.32294117647058823 0.9293181818181818 0.052941176470588235 0.038636363636363635
1 0.15058823529411763 0.8627272727272727 0.05176470588235294 0.03909090909090909
1 0.3341176470588235 0.5309090909090909 0.08 0.031818181818181815
1 0.08970588235294118 0.5245454545454545 0.07705882352941176 0.03727272727272727
1 0.625 0.4672727272727273 0.025294117647058825 0.035454545454545454
1 0.23911764705882352 0.9259090909090909 0.05 0.04090909090909091
1 0.3614705882352941 0.7745454545454545 0.13470588235294118 0.031818181818181815
1 0.29411764705882354 0.03318181818181818 0.047058823529411764 0.023636363636363636
1 0.4758823529411765 0.4115909090909091 0.3588235294117647 0.04045454545454545
1 0.41147058823529414 0.8645454545454545 0.05588235294117647 0.03727272727272727
1 0.585 0.9281818181818182 0.05352941176470588 0.03909090909090909
1 0.39441176470588235 0.5681818181818182 0.19823529411764707 0.04
1 0.4573529411764706 0.6161363636363636 0.13941176470588235 0.03409090909090909
1 0.5902941176470589 0.8640909090909091 0.05941176470588235 0.04
1 0.09470588235294118 0.40545454545454546 0.08823529411764706 0.038181818181818185
1 0.09941176470588235 0.5638636363636363 0.09647058823529411 0.03590909090909091
1 0.575 0.03931818181818182 0.08647058823529412 0.021363636363636362
1 0.7311764705882353 0.4143181818181818 0.15411764705882353 0.04045454545454545
1 0.4929411764705882 0.93 0.05058823529411765 0.03727272727272727
1 0.6685294117647059 0.8652272727272727 0.051176470588235295 0.03772727272727273
1 0.545 0.36954545454545457 0.09823529411764706 0.03909090909090909
1 0.4011764705882353 0.45704545454545453 0.20352941176470588 0.03772727272727273
1 0.09852941176470588 0.7684090909090909 0.10294117647058823 0.03772727272727273
1 0.10411764705882352 0.7268181818181818 0.12117647058823529 0.04363636363636364
1 0.6738235294117647 0.37772727272727274 0.09470588235294118 0.031818181818181815
1 0.5579411764705883 0.4606818181818182 0.09941176470588235 0.03590909090909091
1 0.49470588235294116 0.8625 0.04470588235294118 0.04045454545454545
1 0.8905882352941177 0.41613636363636364 0.10588235294117647 0.04045454545454545
1 0.3985294117647059 0.37 0.19117647058823528 0.034545454545454546
1 0.5202941176470588 0.6845454545454546 0.11235294117647059 0.042727272727272725
1 0.09235294117647058 0.6104545454545455 0.09411764705882353 0.03909090909090909
1 0.6720588235294118 0.9256818181818182 0.060588235294117644 0.042272727272727274
1 0.32735294117647057 0.860909090909091 0.060588235294117644 0.03727272727272727
1 0.6079411764705882 0.38477272727272727 0.025294117647058825 0.02772727272727273
1 0.8235294117647058 0.4202272727272727 0.029411764705882353 0.03227272727272727
1 0.4497058823529412 0.5309090909090909 0.13705882352941176 0.034545454545454546
1 0.23558823529411765 0.8629545454545454 0.05235294117647059 0.03681818181818182