1 0.4123529411764706 0.6836363636363636 0.2164705882352941 0.03636363636363636
1 0.7670588235294118 0.855909090909091 0.06 0.045454545454545456
1 0.8508823529411764 0.9256818181818182 0.05352941176470588 0.04681818181818182
1 0.415 0.9272727272727272 0.051176470588235295 0.04
1 0.5558823529411765 0.5211363636363636 0.1223529411764706 0.03681818181818182
1 0.8523529411764705 0.8556818181818182 0.06235294117647059 0.042272727272727274
1 0.38029411764705884 0.6125 0.16294117647058823 0.042272727272727274
1 0.4102941176470588 0.4113636363636364 0.2111764705882353 0.03909090909090909
1 0.09058823529411765 0.6806818181818182 0.06705882352941177 0.03681818181818182
1 0.08588235294117647 0.4515909090909091 0.06823529411764706 0.03772727272727273
1 0.44323529411764706 0.7265909090909091 0.28294117647058825 0.04409090909090909
1 0.16705882352941176 0.9270454545454545 0.058823529411764705 0.03772727272727273
1 0.33647058823529413 0.9279545454545455 0.06705882352941177 0.03954545454545454
1 0.15676470588235294 0.8597727272727272 0.045294117647058825 0.04045454545454545
1 0.7308823529411764 0.7684090909090909 0.06411764705882353 0.03681818181818182
1 0.3935294117647059 0.5238636363636363 0.16470588235294117 0.035
1 0.08823529411764706 0.524090909090909 0.07176470588235294 0.03727272727272727
1 0.6794117647058824 0.7220454545454545 0.1988235294117647 0.03681818181818182
1 0.24823529411764705 0.8581818181818182 0.05764705882352941 0.04181818181818182
1 0.25029411764705883 0.9270454545454545 0.06294117647058824 0.03954545454545454
1 0.40352941176470586 0.7706818181818181 0.19058823529411764 0.03590909090909091
1 0.7670588235294118 0.9229545454545455 0.06705882352941177 0.04409090909090909
1 0.586764705882353 0.7693181818181818 0.14176470588235293 0.03590909090909091
1 0.6305882352941177 0.4540909090909091 0.058823529411764705 0.03363636363636364
1 0.6208823529411764 0.3684090909090909 0.03705882352941176 0.03409090909090909
1 0.5326470588235294 0.36704545454545456 0.1264705882352941 0.03772727272727273
1 0.42264705882352943 0.86 0.05941176470588235 0.04181818181818182
1 0.5964705882352941 0.9315909090909091 0.06470588235294118 0.05409090909090909
1 0.08794117647058823 0.36977272727272725 0.07 0.03590909090909091
1 0.4338235294117647 0.5656818181818182 0.2488235294117647 0.03409090909090909
1 0.596764705882353 0.8570454545454546 0.06411764705882353 0.045
1 0.5926470588235294 0.40795454545454546 0.14294117647058824 0.03681818181818182
1 0.76 0.40613636363636363 0.09529411764705882 0.035
1 0.7170588235294117 0.6884090909090909 0.03882352941176471 0.03590909090909091
1 0.5058823529411764 0.9281818181818182 0.05411764705882353 0.046363636363636364
1 0.6817647058823529 0.8554545454545455 0.06588235294117648 0.04454545454545455
1 0.6858823529411765 0.3663636363636364 0.08 0.03272727272727273
1 0.8697058823529412 0.7218181818181818 0.10294117647058823 0.035454545454545454
1 0.3814705882352941 0.45045454545454544 0.15 0.03909090909090909
1 0.09117647058823529 0.7725 0.06 0.03590909090909091
1 0.09352941176470589 0.7252272727272727 0.06941176470588235 0.03681818181818182
1 0.6955882352941176 0.4077272727272727 0.027647058823529413 0.03636363636363636
1 0.5185294117647059 0.4527272727272727 0.09941176470588235 0.03636363636363636
1 0.508235294117647 0.855909090909091 0.06 0.04181818181818182
1 0.6070588235294118 0.68 0.17411764705882352 0.04
1 0.37970588235294117 0.36613636363636365 0.1476470588235294 0.038636363636363635
1 0.5197058823529411 0.6172727272727273 0.10058823529411764 0.034545454545454546
1 0.085 0.5706818181818182 0.06647058823529411 0.03772727272727273
1 0.6841176470588235 0.923409090909091 0.06823529411764706 0.042272727272727274
1 0.33794117647058824 0.8590909090909091 0.06647058823529411 0.04181818181818182
1 0.6517647058823529 0.5640909090909091 0.16588235294117648 0.03909090909090909
1 0.7861764705882353 0.68 0.08294117647058824 0.038181818181818185
1 0.26941176470588235 0.038636363636363635 0.029411764705882353 0.025454545454545455
1 0.3176470588235294 0.04022727272727273 0.05529411764705883 0.02590909090909091
1 0.5588235294117647 0.03568181818181818 0.12117647058823529 0.02590909090909091
1 0.08529411764705883 0.41454545454545455 0.07058823529411765 0.031818181818181815
1 0.5852941176470589 0.4552272727272727 0.023529411764705882 0.03772727272727273
1 0.08352941176470588 0.6138636363636364 0.06941176470588235 0.03681818181818182
1 0.6797058823529412 0.7738636363636363 0.026470588235294117 0.03681818181818182
1 0.7944117647058824 0.7252272727272727 0.027647058823529413 0.038636363636363635