1 0.7717647058823529 0.8579545454545454 0.07529411764705882 0.042272727272727274
1 0.8455882352941176 0.93 0.05941176470588235 0.03727272727272727
1 0.5685294117647058 0.5752272727272727 0.2088235294117647 0.03954545454545454
1 0.4073529411764706 0.93 0.05352941176470588 0.034545454545454546
1 0.8573529411764705 0.8584090909090909 0.07941176470588235 0.042272727272727274
1 0.35294117647058826 0.6179545454545454 0.11294117647058824 0.031363636363636364
1 0.4470588235294118 0.7315909090909091 0.2952941176470588 0.03772727272727273
1 0.10411764705882352 0.6825 0.08 0.035
1 0.71 0.5768181818181818 0.04 0.031818181818181815
1 0.10588235294117647 0.4461363636363636 0.08941176470588236 0.03590909090909091
1 0.1561764705882353 0.9293181818181818 0.05941176470588235 0.03681818181818182
1 0.8076470588235294 0.5759090909090909 0.12588235294117647 0.03636363636363636
1 0.3323529411764706 0.9318181818181818 0.06941176470588235 0.03636363636363636
1 0.16323529411764706 0.8563636363636363 0.07470588235294118 0.03909090909090909
1 0.7047058823529412 0.7331818181818182 0.14705882352941177 0.035454545454545454
1 0.10470588235294118 0.5256818181818181 0.07058823529411765 0.03409090909090909
1 0.673235294117647 0.6218181818181818 0.08411764705882353 0.031818181818181815
1 0.24205882352941177 0.8570454545454546 0.05941176470588235 0.038636363636363635
1 0.2376470588235294 0.93 0.052941176470588235 0.03636363636363636
1 0.38823529411764707 0.7797727272727273 0.16941176470588235 0.04681818181818182
1 0.7594117647058823 0.9295454545454546 0.06352941176470588 0.03727272727272727
1 0.10941176470588235 0.3679545454545455 0.08705882352941176 0.035
1 0.6544117647058824 0.41113636363636363 0.19588235294117648 0.03954545454545454
1 0.4123529411764706 0.415 0.22 0.03636363636363636
1 0.4229411764705882 0.8561363636363636 0.06588235294117648 0.038636363636363635
1 0.5829411764705882 0.9336363636363636 0.05176470588235294 0.03727272727272727
1 0.37323529411764705 0.5752272727272727 0.14176470588235293 0.03590909090909091
1 0.4908823529411765 0.6197727272727273 0.13352941176470587 0.031363636363636364
1 0.5964705882352941 0.8577272727272728 0.08 0.042727272727272725
1 0.11147058823529411 0.4040909090909091 0.09588235294117647 0.035454545454545454
1 0.1011764705882353 0.5738636363636364 0.06941176470588235 0.035
1 0.5064705882352941 0.9288636363636363 0.05764705882352941 0.03681818181818182
1 0.6720588235294118 0.8602272727272727 0.06411764705882353 0.04045454545454545
1 0.3785294117647059 0.45840909090909093 0.14294117647058824 0.03772727272727273
1 0.10470588235294118 0.7747727272727273 0.08 0.035
1 0.10470588235294118 0.7284090909090909 0.0811764705882353 0.035
1 0.5326470588235294 0.4565909090909091 0.12294117647058823 0.03409090909090909
1 0.5073529411764706 0.8575 0.0688235294117647 0.04045454545454545
1 0.5911764705882353 0.6284090909090909 0.03529411764705882 0.03227272727272727
1 0.10235294117647059 0.6129545454545454 0.07764705882352942 0.03590909090909091
1 0.6744117647058824 0.9261363636363636 0.0711764705882353 0.03772727272727273
1 0.33705882352941174 0.8556818181818182 0.06823529411764706 0.038636363636363635
1 0.29352941176470587 0.034772727272727275 0.042352941176470586 0.021363636363636362
1 0.3438235294117647 0.034545454545454546 0.05941176470588235 0.02181818181818182
1 0.565 0.0375 0.12294117647058823 0.021363636363636362
1 0.5423529411764706 0.7811363636363636 0.09529411764705882 0.03772727272727273