1 0.7491176470588236 0.8604545454545455 0.045294117647058825 0.03909090909090909
1 0.8411764705882353 0.9265909090909091 0.052941176470588235 0.03681818181818182
1 0.40705882352941175 0.9277272727272727 0.05411764705882353 0.035454545454545454
1 0.5088235294117647 0.5259090909090909 0.10470588235294118 0.03636363636363636
1 0.8405882352941176 0.8581818181818182 0.04470588235294118 0.03909090909090909
1 0.36470588235294116 0.615 0.13647058823529412 0.04181818181818182
1 0.6452941176470588 0.6254545454545455 0.06470588235294118 0.026363636363636363
1 0.4061764705882353 0.7265909090909091 0.2088235294117647 0.03681818181818182
1 0.39176470588235296 0.4052272727272727 0.20352941176470588 0.035
1 0.09294117647058824 0.6820454545454545 0.06941176470588235 0.035
1 0.38029411764705884 0.6856818181818182 0.15705882352941178 0.038636363636363635
1 0.09647058823529411 0.44795454545454544 0.08588235294117647 0.03772727272727273
1 0.6341176470588236 0.7293181818181819 0.23176470588235293 0.03954545454545454
1 0.14852941176470588 0.9256818181818182 0.05352941176470588 0.038636363636363635
1 0.7655882352941177 0.5693181818181818 0.07941176470588235 0.03409090909090909
1 0.3214705882352941 0.9281818181818182 0.0488235294117647 0.03636363636363636
1 0.09235294117647058 0.7243181818181819 0.07176470588235294 0.03409090909090909
1 0.23294117647058823 0.8652272727272727 0.047058823529411764 0.038636363636363635
1 0.2373529411764706 0.9272727272727272 0.04411764705882353 0.035454545454545454
1 0.7538235294117647 0.9277272727272727 0.05235294117647059 0.03727272727272727
1 0.0976470588235294 0.36704545454545456 0.07647058823529412 0.035
1 0.6697058823529412 0.45045454545454544 0.0888235294117647 0.035454545454545454
1 0.41147058823529414 0.8590909090909091 0.051176470588235295 0.03909090909090909
1 0.36264705882352943 0.5290909090909091 0.14529411764705882 0.03636363636363636
1 0.5888235294117647 0.4122727272727273 0.1811764705882353 0.03909090909090909
1 0.40911764705882353 0.5734090909090909 0.2288235294117647 0.035
1 0.58 0.860909090909091 0.04470588235294118 0.03909090909090909
1 0.09470588235294118 0.40613636363636363 0.08470588235294117 0.03681818181818182
1 0.09558823529411764 0.5290909090909091 0.07588235294117647 0.034545454545454546
1 0.606764705882353 0.5709090909090909 0.16176470588235295 0.03727272727272727
1 0.5564705882352942 0.03977272727272727 0.0976470588235294 0.022272727272727274
1 0.7791176470588236 0.41045454545454546 0.14294117647058824 0.038181818181818185
1 0.4864705882352941 0.9272727272727272 0.042352941176470586 0.038181818181818185
1 0.6755882352941176 0.8613636363636363 0.07352941176470588 0.03272727272727273
1 0.5326470588235294 0.37272727272727274 0.13117647058823528 0.03
1 0.36617647058823527 0.4511363636363636 0.12529411764705883 0.03772727272727273
1 0.09411764705882353 0.7654545454545455 0.07176470588235294 0.034545454545454546
1 0.695 0.3743181818181818 0.09470588235294118 0.026818181818181817
1 0.5097058823529412 0.45636363636363636 0.14058823529411765 0.04090909090909091
1 0.5023529411764706 0.8595454545454545 0.05176470588235294 0.038181818181818185
1 0.3814705882352941 0.3693181818181818 0.15705882352941178 0.03227272727272727
1 0.505 0.6127272727272727 0.1111764705882353 0.04090909090909091
1 0.095 0.6143181818181818 0.08176470588235295 0.03590909090909091
1 0.6708823529411765 0.9254545454545454 0.06411764705882353 0.03727272727272727
1 0.3235294117647059 0.8563636363636363 0.04352941176470588 0.03909090909090909
1 0.2817647058823529 0.031363636363636364 0.03529411764705882 0.02909090909090909
1 0.6155882352941177 0.38 0.028823529411764706 0.02727272727272727
1 0.695 0.4097727272727273 0.026470588235294117 0.030454545454545453
1 0.0961764705882353 0.5697727272727273 0.07941176470588235 0.038636363636363635
1 0.6082352941176471 0.543409090909091 0.02823529411764706 0.031363636363636364
1 0.6576470588235294 0.5368181818181819 0.052941176470588235 0.026363636363636363
1 0.5870588235294117 0.6238636363636364 0.029411764705882353 0.03227272727272727
1 0.7058823529411765 0.5704545454545454 0.03529411764705882 0.03363636363636364
1 0.5497058823529412 0.6902272727272727 0.1535294117647059 0.028636363636363637
1 0.36558823529411766 0.7763636363636364 0.15588235294117647 0.03090909090909091
1 0.5441176470588235 0.7779545454545455 0.17882352941176471 0.029545454545454545
1 0.15205882352941177 0.8604545454545455 0.05941176470588235 0.04181818181818182
1 0.5782352941176471 0.9279545454545455 0.052941176470588235 0.03227272727272727
1 0.61 0.46795454545454546 0.018823529411764704 0.028636363636363637