1 0.28794117647058826 0.03931818181818182 0.031176470588235295 0.021363636363636362
1 0.5402941176470588 0.042045454545454546 0.08411764705882353 0.02590909090909091
1 0.10235294117647059 0.37113636363636365 0.06352941176470588 0.026818181818181817
1 0.10823529411764705 0.41454545454545455 0.058823529411764705 0.028181818181818183
1 0.10852941176470589 0.4572727272727273 0.061764705882352944 0.02727272727272727
1 0.37970588235294117 0.3693181818181818 0.14294117647058824 0.03681818181818182
1 0.38823529411764707 0.4122727272727273 0.16941176470588235 0.02727272727272727
1 0.36323529411764705 0.4561363636363636 0.12058823529411765 0.031363636363636364
1 0.5217647058823529 0.37136363636363634 0.1 0.03363636363636364
1 0.4761764705882353 0.4556818181818182 0.08764705882352941 0.031363636363636364
1 0.5435294117647059 0.4152272727272727 0.11411764705882353 0.02590909090909091
1 0.5870588235294117 0.3784090909090909 0.027058823529411764 0.022272727272727274
1 0.6279411764705882 0.41204545454545455 0.03 0.020454545454545454
1 0.5435294117647059 0.4602272727272727 0.024705882352941175 0.022272727272727274
1 0.5870588235294117 0.45454545454545453 0.047058823529411764 0.022727272727272728
1 0.6308823529411764 0.37204545454545457 0.04647058823529412 0.029545454545454545
1 0.6761764705882353 0.4127272727272727 0.05352941176470588 0.023636363636363636
1 0.10617647058823529 0.5318181818181819 0.061764705882352944 0.02909090909090909
1 0.1126470588235294 0.5734090909090909 0.06529411764705882 0.02772727272727273
1 0.11764705882352941 0.615909090909091 0.06588235294117648 0.024545454545454544
1 0.36705882352941177 0.5297727272727273 0.12 0.03227272727272727
1 0.38029411764705884 0.5736363636363636 0.14529411764705882 0.026363636363636363
1 0.3511764705882353 0.6143181818181818 0.09294117647058824 0.022272727272727274
1 0.44823529411764707 0.6134090909090909 0.08588235294117647 0.025
1 0.48911764705882355 0.5288636363636363 0.09117647058823529 0.03227272727272727
1 0.5238235294117647 0.5731818181818182 0.11235294117647059 0.025454545454545455
1 0.5058823529411764 0.6188636363636364 0.02 0.018636363636363635
1 0.5579411764705883 0.6120454545454546 0.05823529411764706 0.02409090909090909
1 0.5611764705882353 0.5388636363636363 0.03176470588235294 0.025
1 0.6247058823529412 0.5331818181818182 0.06823529411764706 0.03
1 0.6020588235294118 0.575 0.026470588235294117 0.02090909090909091
1 0.6544117647058824 0.5752272727272727 0.07235294117647059 0.023181818181818182
1 0.11323529411764706 0.6865909090909091 0.05352941176470588 0.02590909090909091
1 0.1161764705882353 0.7288636363636364 0.05941176470588235 0.026818181818181817
1 0.11411764705882353 0.7722727272727272 0.05058823529411765 0.028181818181818183
1 0.365 0.6875 0.11 0.031363636363636364
1 0.3761764705882353 0.7318181818181818 0.13352941176470587 0.025454545454545455
1 0.3688235294117647 0.7718181818181818 0.12117647058823529 0.026363636363636363
1 0.4888235294117647 0.6881818181818182 0.10235294117647059 0.02727272727272727
1 0.5061764705882353 0.7302272727272727 0.10294117647058823 0.023181818181818182
1 0.49470588235294116 0.7722727272727272 0.09529411764705882 0.02909090909090909
1 0.575 0.7781818181818182 0.03 0.02090909090909091
1 0.5894117647058823 0.7306818181818182 0.027058823529411764 0.023181818181818182
1 0.5726470588235294 0.6943181818181818 0.03 0.021363636363636362
1 0.6323529411764706 0.6861363636363637 0.06352941176470588 0.026818181818181817
1 0.6447058823529411 0.7306818181818182 0.06941176470588235 0.021363636363636362
1 0.6285294117647059 0.7734090909090909 0.061764705882352944 0.025
1 0.15205882352941177 0.8588636363636364 0.04294117647058823 0.02590909090909091
1 0.1538235294117647 0.9270454545454545 0.04411764705882353 0.02772727272727273
1 0.23794117647058824 0.860909090909091 0.03823529411764706 0.025454545454545455
1 0.2361764705882353 0.9288636363636363 0.033529411764705884 0.02772727272727273
1 0.3261764705882353 0.9277272727272727 0.03823529411764706 0.02727272727272727
1 0.32382352941176473 0.8634090909090909 0.04058823529411765 0.02772727272727273
1 0.4108823529411765 0.8618181818181818 0.051176470588235295 0.02909090909090909
1 0.41323529411764703 0.9306818181818182 0.04294117647058823 0.02772727272727273
1 0.5038235294117647 0.8631818181818182 0.05352941176470588 0.028181818181818183
1 0.4985294117647059 0.9297727272727273 0.045294117647058825 0.026818181818181817
1 0.5823529411764706 0.8645454545454545 0.04 0.02727272727272727
1 0.5894117647058823 0.93 0.05176470588235294 0.02727272727272727
1 0.6779411764705883 0.8636363636363636 0.05 0.02909090909090909
1 0.6714705882352942 0.9340909090909091 0.04294117647058823 0.034545454545454546
1 0.7561764705882353 0.8636363636363636 0.04058823529411765 0.02909090909090909
1 0.7558823529411764 0.9313636363636364 0.042352941176470586 0.028181818181818183
1 0.8405882352941176 0.9320454545454545 0.04470588235294118 0.031363636363636364
1 0.8432352941176471 0.8636363636363636 0.045294117647058825 0.028181818181818183