1 0.3735294117647059 0.6779545454545455 0.14470588235294118 0.03318181818181818
1 0.7508823529411764 0.8565909090909091 0.057058823529411766 0.04045454545454545
1 0.8394117647058823 0.925 0.06588235294117648 0.04
1 0.5114705882352941 0.5643181818181818 0.15235294117647058 0.03227272727272727
1 0.40911764705882353 0.9218181818181819 0.05823529411764706 0.038181818181818185
1 0.48970588235294116 0.5211363636363636 0.1323529411764706 0.03227272727272727
1 0.8379411764705882 0.8647727272727272 0.054705882352941174 0.041363636363636366
1 0.35294117647058826 0.6056818181818182 0.11176470588235295 0.03227272727272727
1 0.4123529411764706 0.40636363636363637 0.20941176470588235 0.035454545454545454
1 0.5802941176470588 0.7636363636363637 0.25470588235294117 0.034545454545454546
1 0.5547058823529412 0.6802272727272727 0.20470588235294118 0.03590909090909091
1 0.7397058823529412 0.4084090909090909 0.019411764705882354 0.028636363636363637
1 0.08411764705882353 0.6747727272727273 0.07294117647058823 0.03227272727272727
1 0.09294117647058824 0.44295454545454543 0.08 0.035
1 0.4082352941176471 0.7222727272727273 0.21764705882352942 0.03363636363636364
1 0.09352941176470589 0.3593181818181818 0.07647058823529412 0.03590909090909091
1 0.14470588235294118 0.9213636363636364 0.04941176470588235 0.03909090909090909
1 0.32235294117647056 0.9213636363636364 0.052941176470588235 0.03909090909090909
1 0.14852941176470588 0.8520454545454546 0.054705882352941174 0.03954545454545454
1 0.6558823529411765 0.7220454545454545 0.2576470588235294 0.03409090909090909
1 0.3585294117647059 0.519090909090909 0.11235294117647059 0.035454545454545454
1 0.09588235294117647 0.5131818181818182 0.07529411764705882 0.034545454545454546
1 0.2373529411764706 0.8536363636363636 0.054705882352941174 0.038181818181818185
1 0.23323529411764707 0.9188636363636363 0.0488235294117647 0.03954545454545454
1 0.3708823529411765 0.7629545454545454 0.15470588235294117 0.03318181818181818
1 0.7532352941176471 0.9247727272727273 0.05235294117647059 0.041363636363636366
1 0.2852941176470588 0.027954545454545454 0.04941176470588235 0.019545454545454546
1 0.6617647058823529 0.3643181818181818 0.10470588235294118 0.03227272727272727
1 0.5008823529411764 0.3618181818181818 0.12764705882352942 0.03272727272727273
1 0.40647058823529414 0.855909090909091 0.05764705882352941 0.038181818181818185
1 0.5847058823529412 0.9229545454545455 0.06235294117647059 0.038636363636363635
1 0.3614705882352941 0.5625 0.13470588235294118 0.03681818181818182
1 0.4888235294117647 0.6072727272727273 0.1388235294117647 0.034545454545454546
1 0.5852941176470589 0.8575 0.06 0.03590909090909091
1 0.09441176470588235 0.4 0.07705882352941176 0.034545454545454546
1 0.09529411764705882 0.5586363636363636 0.07529411764705882 0.034545454545454546
1 0.6220588235294118 0.4486363636363636 0.03 0.03272727272727273
1 0.6279411764705882 0.40863636363636363 0.18529411764705883 0.031818181818181815
1 0.4961764705882353 0.9229545454545455 0.05823529411764706 0.04045454545454545
1 0.66 0.8584090909090909 0.05176470588235294 0.03590909090909091
1 0.3729411764705882 0.4475 0.1388235294117647 0.03227272727272727
1 0.0861764705882353 0.7595454545454545 0.08294117647058824 0.035454545454545454
1 0.5247058823529411 0.44886363636363635 0.1564705882352941 0.031363636363636364
1 0.4964705882352941 0.8570454545454546 0.05764705882352941 0.041363636363636366
1 0.8411764705882353 0.4102272727272727 0.15294117647058825 0.03227272727272727
1 0.09470588235294118 0.6034090909090909 0.07764705882352942 0.035
1 0.6697058823529412 0.923409090909091 0.06529411764705882 0.03954545454545454
1 0.3226470588235294 0.8545454545454545 0.05352941176470588 0.038181818181818185
1 0.36941176470588233 0.3593181818181818 0.11764705882352941 0.031363636363636364
1 0.6985294117647058 0.44886363636363635 0.09470588235294118 0.031363636363636364
1 0.08441176470588235 0.7179545454545454 0.07588235294117647 0.03318181818181818
1 0.5752941176470588 0.031136363636363636 0.12352941176470589 0.02590909090909091
1 0.5861764705882353 0.3715909090909091 0.020588235294117647 0.028636363636363637