1 0.4126470588235294 0.6790909090909091 0.21705882352941178 0.04090909090909091
1 0.7602941176470588 0.8563636363636363 0.061764705882352944 0.04
1 0.8585294117647059 0.9245454545454546 0.07588235294117647 0.042727272727272725
1 0.4202941176470588 0.9225 0.06529411764705882 0.041363636363636366
1 0.8514705882352941 0.8552272727272727 0.07 0.04318181818181818
1 0.38941176470588235 0.6097727272727272 0.16117647058823528 0.03681818181818182
1 0.7061764705882353 0.6834090909090909 0.04411764705882353 0.03681818181818182
1 0.4279411764705882 0.7211363636363637 0.24411764705882352 0.03954545454545454
1 0.3905882352941176 0.4075 0.17411764705882352 0.03772727272727273
1 0.10617647058823529 0.6788636363636363 0.0711764705882353 0.03681818181818182
1 0.7088235294117647 0.5729545454545455 0.04823529411764706 0.03772727272727273
1 0.10235294117647059 0.3643181818181818 0.07411764705882352 0.03409090909090909
1 0.09970588235294117 0.4486363636363636 0.07705882352941176 0.03636363636363636
1 0.6447058823529411 0.7227272727272728 0.1776470588235294 0.03727272727272727
1 0.1514705882352941 0.9218181818181819 0.061764705882352944 0.042727272727272725
1 0.7826470588235294 0.5652272727272727 0.13588235294117648 0.03681818181818182
1 0.3335294117647059 0.9222727272727272 0.06823529411764706 0.04
1 0.15205882352941177 0.8520454545454546 0.051176470588235295 0.041363636363636366
1 0.7297058823529412 0.7693181818181818 0.11823529411764706 0.03409090909090909
1 0.4244117647058824 0.5204545454545455 0.23705882352941177 0.038181818181818185
1 0.0988235294117647 0.5209090909090909 0.07294117647058823 0.034545454545454546
1 0.6864705882352942 0.6188636363636364 0.1011764705882353 0.026818181818181817
1 0.24794117647058825 0.855909090909091 0.05823529411764706 0.03909090909090909
1 0.24382352941176472 0.9225 0.05823529411764706 0.04045454545454545
1 0.3888235294117647 0.7677272727272727 0.17058823529411765 0.03636363636363636
1 0.7661764705882353 0.923409090909091 0.0688235294117647 0.041363636363636366
1 0.28294117647058825 0.03409090909090909 0.05058823529411765 0.024545454545454544
1 0.57 0.7670454545454546 0.13176470588235295 0.035
1 0.6841176470588235 0.4531818181818182 0.06588235294117648 0.034545454545454546
1 0.6491176470588236 0.36727272727272725 0.04647058823529412 0.035454545454545454
1 0.4194117647058824 0.8554545454545455 0.0611764705882353 0.04
1 0.5902941176470589 0.9240909090909091 0.06411764705882353 0.04090909090909091
1 0.09558823529411764 0.5645454545454546 0.07 0.035454545454545454
1 0.42058823529411765 0.5597727272727273 0.22588235294117648 0.035
1 0.6191176470588236 0.5204545454545455 0.14294117647058824 0.04
1 0.5858823529411765 0.8570454545454546 0.05647058823529412 0.042272727272727274
1 0.09705882352941177 0.40545454545454546 0.07529411764705882 0.03636363636363636
1 0.611764705882353 0.565 0.12705882352941175 0.034545454545454546
1 0.5697058823529412 0.037954545454545456 0.11941176470588236 0.025
1 0.7429411764705882 0.4093181818181818 0.08705882352941176 0.03681818181818182
1 0.5038235294117647 0.923409090909091 0.06764705882352941 0.041363636363636366
1 0.6773529411764706 0.8554545454545455 0.054705882352941174 0.04090909090909091
1 0.5723529411764706 0.4081818181818182 0.16823529411764707 0.038181818181818185
1 0.7273529411764705 0.365 0.12294117647058823 0.03636363636363636
1 0.6088235294117647 0.6790909090909091 0.15529411764705883 0.04
1 0.8326470588235294 0.7268181818181818 0.11352941176470588 0.03272727272727273
1 0.375 0.44977272727272727 0.14176470588235293 0.038636363636363635
1 0.10088235294117646 0.7656818181818181 0.07235294117647059 0.03681818181818182
1 0.10264705882352941 0.7220454545454545 0.07705882352941176 0.03681818181818182
1 0.5344117647058824 0.4509090909090909 0.13352941176470587 0.03636363636363636
1 0.6591176470588235 0.7736363636363637 0.031176470588235295 0.04
1 0.5061764705882353 0.8554545454545455 0.06647058823529411 0.04181818181818182
1 0.7114705882352941 0.5325 0.04176470588235294 0.038636363636363635
1 0.7988235294117647 0.52 0.14352941176470588 0.03909090909090909
1 0.3935294117647059 0.36318181818181816 0.18352941176470589 0.03727272727272727
1 0.5367647058823529 0.6136363636363636 0.10058823529411764 0.035454545454545454
1 0.09470588235294118 0.6056818181818182 0.07411764705882352 0.03590909090909091
1 0.675 0.9229545454545455 0.06529411764705882 0.04318181818181818
1 0.3311764705882353 0.8561363636363636 0.06470588235294118 0.038636363636363635
1 0.8023529411764706 0.6779545454545455 0.14823529411764705 0.03954545454545454
1 0.633235294117647 0.45886363636363636 0.028823529411764706 0.03318181818181818
1 0.6811764705882353 0.4159090909090909 0.03058823529411765 0.03363636363636364
1 0.6235294117647059 0.6252272727272727 0.036470588235294116 0.03409090909090909
1 0.76 0.7304545454545455 0.03294117647058824 0.03272727272727273
1 0.5602941176470588 0.36454545454545456 0.14058823529411765 0.03272727272727273