1 0.3938235294117647 0.5238636363636363 0.17823529411764705 0.03772727272727273
1 0.758235294117647 0.8570454545454546 0.0611764705882353 0.041363636363636366
1 0.8482352941176471 0.9270454545454545 0.07058823529411765 0.03954545454545454
1 0.4173529411764706 0.9272727272727272 0.05823529411764706 0.038181818181818185
1 0.5741176470588235 0.525 0.14941176470588236 0.03636363636363636
1 0.8494117647058823 0.8593181818181819 0.06823529411764706 0.041363636363636366
1 0.3897058823529412 0.6211363636363636 0.1888235294117647 0.035
1 0.6773529411764706 0.7297727272727272 0.1688235294117647 0.03590909090909091
1 0.4244117647058824 0.4172727272727273 0.26294117647058823 0.03727272727272727
1 0.6438235294117647 0.625 0.028823529411764706 0.03
1 0.7876470588235294 0.5311363636363636 0.12823529411764706 0.035
1 0.09823529411764706 0.6836363636363636 0.08705882352941176 0.03636363636363636
1 0.09441176470588235 0.4590909090909091 0.08764705882352941 0.035454545454545454
1 0.42470588235294116 0.6895454545454546 0.23529411764705882 0.03727272727272727
1 0.6770588235294117 0.5795454545454546 0.16941176470588235 0.03090909090909091
1 0.10352941176470588 0.37318181818181817 0.09411764705882353 0.035454545454545454
1 0.15294117647058825 0.9270454545454545 0.052941176470588235 0.03954545454545454
1 0.33147058823529413 0.9252272727272727 0.06411764705882353 0.03954545454545454
1 0.15735294117647058 0.8597727272727272 0.06411764705882353 0.03772727272727273
1 0.0961764705882353 0.5252272727272728 0.08294117647058824 0.035
1 0.24794117647058825 0.86 0.05823529411764706 0.038181818181818185
1 0.24029411764705882 0.923409090909091 0.0488235294117647 0.03954545454545454
1 0.38 0.7790909090909091 0.16588235294117648 0.03363636363636364
1 0.7588235294117647 0.9270454545454545 0.06588235294117648 0.03954545454545454
1 0.5376470588235294 0.7786363636363637 0.11294117647058824 0.03636363636363636
1 0.7026470588235294 0.37727272727272726 0.03588235294117647 0.035454545454545454
1 0.41205882352941176 0.8581818181818182 0.05941176470588235 0.04090909090909091
1 0.5879411764705882 0.9268181818181818 0.06764705882352941 0.04
1 0.6061764705882353 0.46545454545454545 0.03235294117647059 0.03363636363636364
1 0.4370588235294118 0.5725 0.28 0.04045454545454545
1 0.5855882352941176 0.86 0.060588235294117644 0.04090909090909091
1 0.49941176470588233 0.9277272727272727 0.05647058823529412 0.04090909090909091
1 0.6714705882352942 0.8593181818181819 0.060588235294117644 0.04045454545454545
1 0.6079411764705882 0.3759090909090909 0.14647058823529413 0.03636363636363636
1 0.7788235294117647 0.3729545454545454 0.0976470588235294 0.03227272727272727
1 0.8738235294117647 0.5786363636363636 0.14176470588235293 0.034545454545454546
1 0.37588235294117645 0.4634090909090909 0.16588235294117648 0.03318181818181818
1 0.09117647058823529 0.7752272727272728 0.09294117647058824 0.038636363636363635
1 0.09411764705882353 0.7272727272727273 0.08470588235294117 0.03636363636363636
1 0.7435294117647059 0.42295454545454547 0.03529411764705882 0.03772727272727273
1 0.5276470588235294 0.46545454545454545 0.10705882352941176 0.03363636363636364
1 0.6108823529411764 0.69 0.11588235294117646 0.035454545454545454
1 0.5073529411764706 0.8618181818181818 0.0688235294117647 0.04090909090909091
1 0.6926470588235294 0.538409090909091 0.04411764705882353 0.03318181818181818
1 0.8252941176470588 0.41613636363636364 0.10470588235294118 0.03681818181818182
1 0.553235294117647 0.6220454545454546 0.1264705882352941 0.03409090909090909
1 0.405 0.3743181818181818 0.20176470588235293 0.03681818181818182
1 0.44323529411764706 0.7290909090909091 0.2782352941176471 0.038181818181818185
1 0.0961764705882353 0.6165909090909091 0.08647058823529412 0.03590909090909091
1 0.6788235294117647 0.9259090909090909 0.07647058823529412 0.04
1 0.335 0.8581818181818182 0.06647058823529411 0.04
1 0.725 0.6225 0.10882352941176471 0.03318181818181818
1 0.7835294117647059 0.5813636363636364 0.03294117647058824 0.031818181818181815
1 0.2852941176470588 0.03568181818181818 0.04 0.023181818181818182
1 0.3311764705882353 0.03681818181818182 0.05647058823529412 0.022727272727272728
1 0.5423529411764706 0.04022727272727273 0.08823529411764706 0.029545454545454545
1 0.10705882352941176 0.4115909090909091 0.10352941176470588 0.035
1 0.658235294117647 0.4677272727272727 0.08941176470588236 0.026363636363636363
1 0.6385294117647059 0.4222727272727273 0.15705882352941178 0.03636363636363636
1 0.09235294117647058 0.5736363636363636 0.08823529411764706 0.04090909090909091