1 0.4676470588235294 0.6845454545454546 0.30941176470588233 0.045454545454545456
1 0.7685294117647059 0.8586363636363636 0.06411764705882353 0.04181818181818182
1 0.8582352941176471 0.9286363636363636 0.06941176470588235 0.046363636363636364
1 0.41852941176470587 0.9268181818181818 0.060588235294117644 0.04181818181818182
1 0.8605882352941177 0.8584090909090909 0.08 0.045
1 0.39647058823529413 0.6154545454545455 0.15058823529411763 0.034545454545454546
1 0.4520588235294118 0.4115909090909091 0.27 0.038636363636363635
1 0.39176470588235296 0.4527272727272727 0.15058823529411763 0.035454545454545454
1 0.4123529411764706 0.7254545454545455 0.23647058823529413 0.03636363636363636
1 0.8079411764705883 0.4159090909090909 0.03235294117647059 0.03727272727272727
1 0.11 0.6802272727272727 0.08705882352941176 0.035
1 0.1038235294117647 0.3638636363636364 0.08529411764705883 0.03590909090909091
1 0.12117647058823529 0.4486363636363636 0.08705882352941176 0.03727272727272727
1 0.15529411764705883 0.9265909090909091 0.052941176470588235 0.04318181818181818
1 0.3332352941176471 0.9277272727272727 0.05941176470588235 0.038181818181818185
1 0.1564705882352941 0.8556818181818182 0.058823529411764705 0.03954545454545454
1 0.7379411764705882 0.7286363636363636 0.28058823529411764 0.04
1 0.5491176470588235 0.4572727272727273 0.12058823529411765 0.031818181818181815
1 0.4335294117647059 0.5277272727272727 0.24823529411764705 0.042727272727272725
1 0.11294117647058824 0.5220454545454546 0.10705882352941176 0.03681818181818182
1 0.8138235294117647 0.3718181818181818 0.11352941176470588 0.038181818181818185
1 0.24705882352941178 0.855909090909091 0.06 0.04181818181818182
1 0.6435294117647059 0.5263636363636364 0.10235294117647059 0.038181818181818185
1 0.2488235294117647 0.9252272727272727 0.06588235294117648 0.041363636363636366
1 0.3720588235294118 0.7702272727272728 0.1288235294117647 0.035
1 0.7614705882352941 0.9268181818181818 0.05941176470588235 0.03909090909090909
1 0.29970588235294116 0.03409090909090909 0.05 0.026363636363636363
1 0.5632352941176471 0.7693181818181818 0.20647058823529413 0.035
1 0.6970588235294117 0.4127272727272727 0.18352941176470589 0.03363636363636364
1 0.6505882352941177 0.3704545454545455 0.14352941176470588 0.035454545454545454
1 0.44323529411764706 0.3665909090909091 0.25470588235294117 0.03772727272727273
1 0.4188235294117647 0.8581818181818182 0.05647058823529412 0.04090909090909091
1 0.5994117647058823 0.9277272727272727 0.08 0.04181818181818182
1 0.11323529411764706 0.5665909090909091 0.11 0.03681818181818182
1 0.42058823529411765 0.5679545454545455 0.23647058823529413 0.03772727272727273
1 0.5920588235294117 0.8590909090909091 0.0688235294117647 0.04363636363636364
1 0.11205882352941177 0.4081818181818182 0.09588235294117647 0.03272727272727273
1 0.6411764705882353 0.5706818181818182 0.10823529411764705 0.035
1 0.5741176470588235 0.038863636363636364 0.12 0.025
1 0.6323529411764706 0.4597727272727273 0.03058823529411765 0.03409090909090909
1 0.5067647058823529 0.9254545454545454 0.0711764705882353 0.04090909090909091
1 0.68 0.8604545454545455 0.06705882352941177 0.04454545454545455
1 0.115 0.7620454545454546 0.08764705882352941 0.035
1 0.10970588235294118 0.7272727272727273 0.09117647058823529 0.03727272727272727
1 0.5032352941176471 0.8586363636363636 0.05235294117647059 0.04
1 0.883235294117647 0.4113636363636364 0.10882352941176471 0.03727272727272727
1 0.5238235294117647 0.6156818181818182 0.08529411764705883 0.041363636363636366
1 0.11323529411764706 0.6072727272727273 0.09823529411764706 0.03727272727272727
1 0.6838235294117647 0.9261363636363636 0.06411764705882353 0.04045454545454545
1 0.3332352941176471 0.8588636363636364 0.05352941176470588 0.03954545454545454
1 0.7423529411764705 0.6836363636363636 0.21529411764705883 0.03727272727272727
1 0.691764705882353 0.46454545454545454 0.08941176470588236 0.026363636363636363