1 0.40794117647058825 0.678409090909091 0.17705882352941177 0.038636363636363635
1 0.5608823529411765 0.6795454545454546 0.09 0.034545454545454546
1 0.7585294117647059 0.86 0.061764705882352944 0.038181818181818185
1 0.8514705882352941 0.9281818181818182 0.07470588235294118 0.042727272727272725
1 0.4038235294117647 0.9252272727272727 0.054705882352941174 0.03954545454545454
1 0.5547058823529412 0.5227272727272727 0.1 0.03363636363636364
1 0.38235294117647056 0.6090909090909091 0.15176470588235294 0.03272727272727273
1 0.6747058823529412 0.8575 0.0611764705882353 0.038636363636363635
1 0.41294117647058826 0.7238636363636364 0.20352941176470588 0.03681818181818182
1 0.38676470588235295 0.40636363636363637 0.16176470588235295 0.03636363636363636
1 0.10088235294117646 0.6763636363636364 0.07352941176470588 0.035454545454545454
1 0.09705882352941177 0.4465909090909091 0.07647058823529412 0.035
1 0.0976470588235294 0.36227272727272725 0.07529411764705882 0.034545454545454546
1 0.5005882352941177 0.7686363636363637 0.07882352941176471 0.034545454545454546
1 0.5735294117647058 0.7270454545454546 0.08823529411764706 0.03318181818181818
1 0.15176470588235294 0.9227272727272727 0.05529411764705883 0.03909090909090909
1 0.32676470588235296 0.9243181818181818 0.060588235294117644 0.038636363636363635
1 0.1535294117647059 0.8561363636363636 0.05764705882352941 0.041363636363636366
1 0.553235294117647 0.41363636363636364 0.1511764705882353 0.034545454545454546
1 0.4023529411764706 0.5213636363636364 0.17294117647058824 0.038181818181818185
1 0.09705882352941177 0.5177272727272727 0.07411764705882352 0.034545454545454546
1 0.24 0.8577272727272728 0.06 0.038181818181818185
1 0.2376470588235294 0.9229545454545455 0.052941176470588235 0.03772727272727273
1 0.37676470588235295 0.7665909090909091 0.1476470588235294 0.03590909090909091
1 0.7620588235294118 0.9295454545454546 0.07588235294117647 0.042727272727272725
1 0.29705882352941176 0.03340909090909091 0.052941176470588235 0.025
1 0.5088235294117647 0.36613636363636365 0.11294117647058824 0.03590909090909091
1 0.41147058823529414 0.8590909090909091 0.05823529411764706 0.038181818181818185
1 0.5902941176470589 0.9268181818181818 0.060588235294117644 0.04090909090909091
1 0.09470588235294118 0.5629545454545455 0.07411764705882352 0.035
1 0.44529411764705884 0.5679545454545455 0.26705882352941174 0.035
1 0.49 0.4531818181818182 0.1011764705882353 0.035454545454545454
1 0.5864705882352941 0.8590909090909091 0.058823529411764705 0.03909090909090909
1 0.0976470588235294 0.4036363636363636 0.07882352941176471 0.034545454545454546
1 0.611764705882353 0.45636363636363636 0.0611764705882353 0.031818181818181815
1 0.5514705882352942 0.038863636363636364 0.08058823529411764 0.022272727272727274
1 0.5894117647058823 0.37227272727272726 0.03176470588235294 0.034545454545454546
1 0.7041176470588235 0.41113636363636363 0.06941176470588235 0.03409090909090909
1 0.5044117647058823 0.9252272727272727 0.07588235294117647 0.04045454545454545
1 0.8458823529411764 0.8595454545454545 0.06352941176470588 0.038181818181818185
1 0.3638235294117647 0.4506818181818182 0.11823529411764706 0.03772727272727273
1 0.10235294117647059 0.7631818181818182 0.08705882352941176 0.03636363636363636
1 0.1 0.7220454545454545 0.07882352941176471 0.03590909090909091
1 0.6611764705882353 0.3704545454545455 0.08235294117647059 0.03272727272727273
1 0.4964705882352941 0.8590909090909091 0.058823529411764705 0.03909090909090909
1 0.6597058823529411 0.4143181818181818 0.025294117647058825 0.03590909090909091
1 0.3735294117647059 0.36568181818181816 0.1388235294117647 0.03772727272727273
1 0.5197058823529411 0.6111363636363636 0.08058823529411764 0.03409090909090909
1 0.08764705882352941 0.6079545454545454 0.07411764705882352 0.035
1 0.6697058823529412 0.9263636363636364 0.06764705882352941 0.04181818181818182
1 0.3285294117647059 0.8570454545454546 0.06294117647058824 0.038636363636363635
1 0.6358823529411765 0.5677272727272727 0.09294117647058824 0.03363636363636364
1 0.5611764705882353 0.46 0.03764705882352941 0.03727272727272727