1 0.7635294117647059 0.8654545454545455 0.06823529411764706 0.03909090909090909
1 0.8461764705882353 0.9297727272727273 0.07235294117647059 0.04045454545454545
1 0.4538235294117647 0.5690909090909091 0.30176470588235293 0.034545454545454546
1 0.4097058823529412 0.9272727272727272 0.06411764705882353 0.04
1 0.47058823529411764 0.5281818181818182 0.3411764705882353 0.034545454545454546
1 0.4041176470588235 0.6143181818181818 0.21058823529411766 0.03954545454545454
1 0.7626470588235295 0.7311363636363636 0.2535294117647059 0.03954545454545454
1 0.39588235294117646 0.4556818181818182 0.16941176470588235 0.03318181818181818
1 0.4632352941176471 0.6825 0.3288235294117647 0.03681818181818182
1 0.4641176470588235 0.7275 0.3247058823529412 0.03318181818181818
1 0.44382352941176473 0.36772727272727274 0.23941176470588235 0.03363636363636364
1 0.43911764705882356 0.4113636363636364 0.25588235294117645 0.04090909090909091
1 0.09529411764705882 0.6775 0.08235294117647059 0.03590909090909091
1 0.7482352941176471 0.5329545454545455 0.20352941176470588 0.038636363636363635
1 0.11764705882352941 0.44772727272727275 0.08 0.03636363636363636
1 0.5947058823529412 0.615 0.16117647058823528 0.03363636363636364
1 0.15823529411764706 0.9227272727272727 0.07411764705882352 0.042727272727272725
1 0.7379411764705882 0.5727272727272728 0.2605882352941176 0.04363636363636364
1 0.3264705882352941 0.9236363636363636 0.07058823529411765 0.04
1 0.16058823529411764 0.8572727272727273 0.07294117647058823 0.035454545454545454
1 0.5929411764705882 0.4593181818181818 0.11529411764705882 0.03227272727272727
1 0.1038235294117647 0.5202272727272728 0.09470588235294118 0.03590909090909091
1 0.2464705882352941 0.8579545454545454 0.07529411764705882 0.038636363636363635
1 0.24441176470588236 0.9243181818181818 0.06764705882352941 0.04045454545454545
1 0.3973529411764706 0.7715909090909091 0.2088235294117647 0.03772727272727273
1 0.7573529411764706 0.9313636363636364 0.06411764705882353 0.03909090909090909
1 0.10941176470588235 0.365 0.0811764705882353 0.03636363636363636
1 0.5773529411764706 0.7738636363636363 0.13 0.03318181818181818
1 0.7229411764705882 0.4163636363636364 0.1976470588235294 0.04
1 0.6088235294117647 0.37613636363636366 0.05529411764705883 0.035
1 0.5985294117647059 0.4075 0.04294117647058823 0.03772727272727273
1 0.4214705882352941 0.8611363636363636 0.07470588235294118 0.038636363636363635
1 0.5885294117647059 0.9297727272727273 0.07470588235294118 0.04045454545454545
1 0.5905882352941176 0.8652272727272727 0.06 0.05136363636363636
1 0.11235294117647059 0.40454545454545454 0.08941176470588236 0.03636363636363636
1 0.10676470588235294 0.5659090909090909 0.10176470588235294 0.03636363636363636
1 0.5879411764705882 0.03931818181818182 0.13 0.023181818181818182
1 0.7335294117647059 0.6909090909090909 0.17058823529411765 0.035454545454545454
1 0.5032352941176471 0.9272727272727272 0.06529411764705882 0.04
1 0.678235294117647 0.8640909090909091 0.07411764705882352 0.03909090909090909
1 0.1011764705882353 0.7645454545454545 0.09176470588235294 0.03727272727272727
1 0.09676470588235295 0.7227272727272728 0.0888235294117647 0.03727272727272727
1 0.7829411764705883 0.3759090909090909 0.17058823529411765 0.038181818181818185
1 0.5105882352941177 0.45954545454545453 0.04 0.02909090909090909
1 0.5058823529411764 0.865909090909091 0.07176470588235294 0.04909090909090909
1 0.10911764705882353 0.605 0.10294117647058823 0.03727272727272727
1 0.6723529411764706 0.93 0.06352941176470588 0.03909090909090909
1 0.3338235294117647 0.8595454545454545 0.06764705882352941 0.03727272727272727
1 0.7652941176470588 0.6177272727272727 0.09058823529411765 0.03272727272727273
1 0.33441176470588235 0.034772727272727275 0.060588235294117644 0.021363636363636362
1 0.8779411764705882 0.5429545454545455 0.04411764705882353 0.03681818181818182
1 0.9455882352941176 0.5309090909090909 0.08411764705882353 0.035454545454545454
1 0.8897058823529411 0.58 0.03235294117647059 0.04090909090909091
1 0.951764705882353 0.5795454545454546 0.08705882352941176 0.038181818181818185
1 0.7058823529411765 0.6231818181818182 0.02588235294117647 0.03
1 0.8491176470588235 0.8645454545454545 0.07470588235294118 0.03636363636363636