1 0.39870435806831567 0.3986363636363636 0.16725559481743227 0.03909090909090909
1 0.7644287396937574 0.8506818181818182 0.05535924617196702 0.04045454545454545
1 0.8618963486454653 0.9206818181818182 0.0712603062426384 0.041363636363636366
1 0.5895170789163722 0.6020454545454546 0.15901060070671377 0.03590909090909091
1 0.4219670200235571 0.9213636363636364 0.05830388692579505 0.03909090909090909
1 0.39752650176678445 0.6063636363636363 0.15783274440518258 0.035454545454545454
1 0.7102473498233216 0.7631818181818182 0.0353356890459364 0.03636363636363636
1 0.43551236749116606 0.675 0.24322732626619553 0.04090909090909091
1 0.7052414605418139 0.6752272727272727 0.032391048292108364 0.035
1 0.4284452296819788 0.7661363636363636 0.22791519434628976 0.03681818181818182
1 0.11307420494699646 0.6779545454545455 0.09540636042402827 0.03772727272727273
1 0.09275618374558305 0.44522727272727275 0.08539458186101295 0.03681818181818182
1 0.4702591283863369 0.7195454545454546 0.31743227326266193 0.03909090909090909
1 0.10100117785630153 0.35863636363636364 0.09363957597173145 0.038181818181818185
1 0.6219081272084805 0.7654545454545455 0.14016489988221437 0.035454545454545454
1 0.15282685512367492 0.9204545454545454 0.0535924617196702 0.04363636363636364
1 0.3306831566548881 0.9215909090909091 0.05830388692579505 0.03954545454545454
1 0.1607773851590106 0.8497727272727272 0.06478209658421673 0.041363636363636366
1 0.41489988221436985 0.5179545454545454 0.196113074204947 0.04045454545454545
1 0.10306242638398115 0.5168181818181818 0.0989399293286219 0.03636363636363636
1 0.24469964664310953 0.8522727272727273 0.054770318021201414 0.03909090909090909
1 0.7137809187279152 0.5622727272727273 0.24499411071849234 0.04090909090909091
1 0.25353356890459366 0.9204545454545454 0.06654888103651355 0.03909090909090909
1 0.7729681978798587 0.9197727272727273 0.07243816254416961 0.041363636363636366
1 0.2947585394581861 0.023181818181818182 0.05830388692579505 0.026363636363636363
1 0.6516489988221437 0.44431818181818183 0.11719670200235571 0.03409090909090909
1 0.6366313309776207 0.3593181818181818 0.09658421672555949 0.03409090909090909
1 0.5008833922261484 0.3575 0.10777385159010601 0.03590909090909091
1 0.4210836277974087 0.8527272727272728 0.05771495877502945 0.04181818181818182
1 0.592756183745583 0.9211363636363636 0.0535924617196702 0.041363636363636366
1 0.44375736160188456 0.5618181818181818 0.25382803297997647 0.03727272727272727
1 0.6071849234393404 0.5159090909090909 0.16489988221436985 0.04
1 0.4843934040047114 0.44431818181818183 0.10895170789163722 0.03590909090909091
1 0.5977620730270907 0.8504545454545455 0.06595995288574794 0.04090909090909091
1 0.10276796230859835 0.4009090909090909 0.0983510011778563 0.03727272727272727
1 0.10836277974087162 0.5595454545454546 0.0977620730270907 0.03636363636363636
1 0.5500588928150766 0.023181818181818182 0.050647820965842166 0.026363636363636363
1 0.7982921083627798 0.7634090909090909 0.12190812720848057 0.035
1 0.5061837455830389 0.9218181818181819 0.05712603062426384 0.04090909090909091
1 0.8242049469964664 0.7184090909090909 0.037102473498233215 0.03590909090909091
1 0.6858068315665489 0.8495454545454545 0.06537102473498234 0.042727272727272725
1 0.5644876325088339 0.36022727272727273 0.04063604240282685 0.03590909090909091
1 0.7835689045936396 0.4 0.14899882214369847 0.03909090909090909
1 0.8975265017667845 0.7175 0.11189634864546526 0.03590909090909091
1 0.3666077738515901 0.44431818181818183 0.11484098939929328 0.03590909090909091
1 0.11425206124852769 0.7609090909090909 0.09540636042402827 0.03636363636363636
1 0.11160188457008245 0.7188636363636364 0.10541813898704358 0.03772727272727273
1 0.6928739693757362 0.3981818181818182 0.030035335689045935 0.03636363636363636
1 0.5683156654888104 0.4481818181818182 0.045936395759717315 0.03636363636363636
1 0.7243816254416962 0.7177272727272728 0.17196702002355713 0.03727272727272727
1 0.5047114252061249 0.8504545454545455 0.05535924617196702 0.04454545454545455
1 0.6266195524146054 0.675 0.12367491166077739 0.038181818181818185
1 0.4007656065959953 0.35795454545454547 0.11130742049469965 0.038636363636363635
1 0.11189634864546526 0.6015909090909091 0.10247349823321555 0.03681818181818182
1 0.6858068315665489 0.9202272727272728 0.05830388692579505 0.041363636363636366
1 0.5721436984687868 0.3990909090909091 0.19375736160188456 0.03909090909090909
1 0.33539458186101295 0.8525 0.05005889281507656 0.04045454545454545
1 0.7929917550058893 0.6740909090909091 0.12897526501766785 0.03909090909090909
1 0.8530624263839811 0.8504545454545455 0.05712603062426384 0.04181818181818182