1 0.3888235294117647 0.6790909090909091 0.16470588235294117 0.038181818181818185
1 0.5417647058823529 0.6813636363636364 0.11176470588235295 0.035454545454545454
1 0.35705882352941176 0.5186363636363637 0.10470588235294118 0.03636363636363636
1 0.7617647058823529 0.8586363636363636 0.06588235294117648 0.038181818181818185
1 0.8432352941176471 0.9295454545454546 0.0688235294117647 0.03909090909090909
1 0.543235294117647 0.6179545454545454 0.027647058823529413 0.03590909090909091
1 0.41441176470588237 0.9263636363636364 0.060588235294117644 0.03636363636363636
1 0.4864705882352941 0.5213636363636364 0.14352941176470588 0.03909090909090909
1 0.34705882352941175 0.6111363636363636 0.0976470588235294 0.03590909090909091
1 0.6344117647058823 0.7695454545454545 0.05588235294117647 0.03090909090909091
1 0.6264705882352941 0.6852272727272727 0.03294117647058824 0.03318181818181818
1 0.3864705882352941 0.7234090909090909 0.16705882352941176 0.03590909090909091
1 0.40294117647058825 0.4084090909090909 0.19058823529411764 0.031363636363636364
1 0.1 0.6770454545454545 0.07294117647058823 0.03590909090909091
1 0.10647058823529412 0.3640909090909091 0.06823529411764706 0.03363636363636364
1 0.10882352941176471 0.4470454545454545 0.06588235294117648 0.035
1 0.49823529411764705 0.769090909090909 0.1 0.034545454545454546
1 0.6014705882352941 0.6152272727272727 0.07235294117647059 0.03227272727272727
1 0.15911764705882353 0.9227272727272727 0.05941176470588235 0.038181818181818185
1 0.3270588235294118 0.925 0.058823529411764705 0.038181818181818185
1 0.1564705882352941 0.8556818181818182 0.05764705882352941 0.03772727272727273
1 0.6941176470588235 0.725 0.06470588235294118 0.03272727272727273
1 0.09970588235294117 0.5195454545454545 0.06764705882352941 0.034545454545454546
1 0.638235294117647 0.7252272727272727 0.03058823529411765 0.03318181818181818
1 0.23911764705882352 0.8556818181818182 0.0488235294117647 0.03772727272727273
1 0.24529411764705883 0.9240909090909091 0.0611764705882353 0.03727272727272727
1 0.36617647058823527 0.7675 0.13470588235294118 0.035
1 0.7602941176470588 0.9279545454545455 0.07 0.038636363636363635
1 0.315 0.03340909090909091 0.03823529411764706 0.021363636363636362
1 0.5502941176470588 0.7243181818181819 0.13588235294117648 0.03409090909090909
1 0.6244117647058823 0.4088636363636364 0.11 0.035
1 0.6161764705882353 0.36863636363636365 0.09705882352941177 0.034545454545454546
1 0.5220588235294118 0.37022727272727274 0.04058823529411765 0.03590909090909091
1 0.4126470588235294 0.8575 0.05352941176470588 0.038636363636363635
1 0.5841176470588235 0.9243181818181818 0.05764705882352941 0.038636363636363635
1 0.3585294117647059 0.5665909090909091 0.11 0.035
1 0.5873529411764706 0.5295454545454545 0.031176470588235295 0.034545454545454546
1 0.49411764705882355 0.5684090909090909 0.1388235294117647 0.03590909090909091
1 0.45941176470588235 0.4511363636363636 0.03411764705882353 0.03590909090909091
1 0.5776470588235294 0.7777272727272727 0.03058823529411765 0.034545454545454546
1 0.10441176470588236 0.4043181818181818 0.06764705882352941 0.035
1 0.09647058823529411 0.5659090909090909 0.06941176470588235 0.03363636363636364
1 0.558235294117647 0.037954545454545456 0.08 0.022272727272727274
1 0.5032352941176471 0.9265909090909091 0.05823529411764706 0.04045454545454545
1 0.8405882352941176 0.8604545454545455 0.05529411764705883 0.04
1 0.6752941176470588 0.8570454545454546 0.05764705882352941 0.038636363636363635
1 0.5352941176470588 0.4068181818181818 0.03058823529411765 0.03636363636363636
1 0.3679411764705882 0.4495454545454545 0.12764705882352942 0.034545454545454546
1 0.09147058823529412 0.765 0.07352941176470588 0.035454545454545454
1 0.09352941176470589 0.7204545454545455 0.07294117647058823 0.035454545454545454
1 0.5308823529411765 0.45022727272727275 0.07352941176470588 0.03318181818181818
1 0.5005882352941177 0.8579545454545454 0.06 0.04045454545454545
1 0.6638235294117647 0.5263636363636364 0.09235294117647058 0.034545454545454546
1 0.5876470588235294 0.5743181818181818 0.03058823529411765 0.03318181818181818
1 0.39676470588235296 0.36613636363636365 0.17705882352941177 0.03681818181818182
1 0.09411764705882353 0.6081818181818182 0.07294117647058823 0.035454545454545454
1 0.6773529411764706 0.9252272727272727 0.07 0.038636363636363635
1 0.3247058823529412 0.8556818181818182 0.04823529411764706 0.038636363636363635
1 0.6488235294117647 0.5697727272727273 0.08235294117647059 0.03227272727272727
1 0.6867647058823529 0.6806818181818182 0.07823529411764706 0.03409090909090909
1 0.45794117647058824 0.6120454545454546 0.11823529411764706 0.031363636363636364
1 0.5876470588235294 0.8627272727272727 0.06352941176470588 0.04818181818181818