1 0.38294117647058823 0.6861363636363637 0.16470588235294117 0.03772727272727273
1 0.765 0.8593181818181819 0.06764705882352941 0.038636363636363635
1 0.851764705882353 0.9302272727272727 0.07294117647058823 0.03954545454545454
1 0.5523529411764706 0.5670454545454545 0.13294117647058823 0.028636363636363637
1 0.5811764705882353 0.6152272727272727 0.029411764705882353 0.03772727272727273
1 0.4161764705882353 0.9270454545454545 0.06647058823529411 0.038636363636363635
1 0.52 0.5222727272727272 0.08352941176470588 0.035454545454545454
1 0.8485294117647059 0.87 0.060588235294117644 0.05454545454545454
1 0.37 0.6125 0.14823529411764705 0.03681818181818182
1 0.6288235294117647 0.7775 0.03882352941176471 0.038636363636363635
1 0.39558823529411763 0.4515909090909091 0.19588235294117648 0.041363636363636366
1 0.5276470588235294 0.6834090909090909 0.11294117647058824 0.03590909090909091
1 0.6717647058823529 0.6806818181818182 0.0811764705882353 0.035
1 0.7505882352941177 0.40613636363636363 0.07647058823529412 0.035
1 0.40441176470588236 0.4077272727272727 0.20529411764705882 0.03727272727272727
1 0.08588235294117647 0.6818181818181818 0.06705882352941177 0.03727272727272727
1 0.07882352941176471 0.45295454545454544 0.07411764705882352 0.03590909090909091
1 0.085 0.3668181818181818 0.07823529411764706 0.03636363636363636
1 0.1638235294117647 0.9243181818181818 0.0711764705882353 0.038636363636363635
1 0.33294117647058824 0.9254545454545454 0.07529411764705882 0.04
1 0.15970588235294117 0.8581818181818182 0.061764705882352944 0.038181818181818185
1 0.6944117647058824 0.7675 0.07823529411764706 0.03318181818181818
1 0.3914705882352941 0.5202272727272728 0.16176470588235295 0.038636363636363635
1 0.09176470588235294 0.5245454545454545 0.07058823529411765 0.034545454545454546
1 0.6361764705882353 0.6075 0.05823529411764706 0.03227272727272727
1 0.24794117647058825 0.8586363636363636 0.07 0.038181818181818185
1 0.6376470588235295 0.5654545454545454 0.03294117647058824 0.034545454545454546
1 0.2426470588235294 0.9259090909090909 0.06294117647058824 0.038181818181818185
1 0.37941176470588234 0.7697727272727273 0.14941176470588236 0.035
1 0.7641176470588236 0.9270454545454545 0.07058823529411765 0.038636363636363635
1 0.30941176470588233 0.034545454545454546 0.036470588235294116 0.02090909090909091
1 0.5373529411764706 0.7679545454545454 0.12176470588235294 0.035
1 0.6829411764705883 0.4602272727272727 0.03529411764705882 0.03772727272727273
1 0.6479411764705882 0.36886363636363634 0.054705882352941174 0.030454545454545453
1 0.5979411764705882 0.40863636363636363 0.1652941176470588 0.038181818181818185
1 0.5308823529411765 0.37136363636363634 0.10529411764705883 0.03636363636363636
1 0.41970588235294115 0.8590909090909091 0.0711764705882353 0.04090909090909091
1 0.5944117647058823 0.9322727272727273 0.06529411764705882 0.04181818181818182
1 0.09205882352941176 0.5652272727272727 0.0711764705882353 0.03227272727272727
1 0.3885294117647059 0.5677272727272727 0.17941176470588235 0.035454545454545454
1 0.5820588235294117 0.5295454545454545 0.031176470588235295 0.04
1 0.5032352941176471 0.6081818181818182 0.10176470588235294 0.03363636363636364
1 0.5958823529411764 0.8593181818181819 0.06823529411764706 0.04045454545454545
1 0.0838235294117647 0.40795454545454546 0.07941176470588235 0.03772727272727273
1 0.5602941176470588 0.04045454545454545 0.11705882352941177 0.022727272727272728
1 0.7444117647058823 0.4515909090909091 0.06294117647058824 0.03318181818181818
1 0.5029411764705882 0.9318181818181818 0.06470588235294118 0.04454545454545455
1 0.7544117647058823 0.7256818181818182 0.03823529411764706 0.03590909090909091
1 0.678235294117647 0.8595454545454545 0.06352941176470588 0.04
1 0.8252941176470588 0.7272727272727273 0.09647058823529411 0.03272727272727273
1 0.08941176470588236 0.7656818181818181 0.06941176470588235 0.035
1 0.08735294117647059 0.7229545454545454 0.0711764705882353 0.03681818181818182
1 0.6958823529411765 0.40704545454545454 0.03294117647058824 0.035
1 0.5714705882352941 0.4515909090909091 0.1288235294117647 0.03590909090909091
1 0.6088235294117647 0.6877272727272727 0.03294117647058824 0.03727272727272727
1 0.5076470588235295 0.8602272727272727 0.06941176470588235 0.04318181818181818
1 0.6447058823529411 0.5263636363636364 0.0611764705882353 0.03272727272727273
1 0.6467647058823529 0.7275 0.16176470588235295 0.035
1 0.08823529411764706 0.6056818181818182 0.07058823529411765 0.035
1 0.6794117647058824 0.9265909090909091 0.07058823529411765 0.038636363636363635
1 0.3285294117647059 0.8577272727272728 0.060588235294117644 0.04090909090909091
1 0.3864705882352941 0.37363636363636366 0.16588235294117648 0.04090909090909091
1 0.6988235294117647 0.5638636363636363 0.07647058823529412 0.03409090909090909
1 0.6002941176470589 0.38113636363636366 0.026470588235294117 0.04045454545454545
1 0.4329411764705882 0.725909090909091 0.25058823529411767 0.031818181818181815