1 0.40088235294117647 0.6770454545454545 0.1476470588235294 0.03772727272727273
1 0.5420588235294118 0.6815909090909091 0.11705882352941177 0.03590909090909091
1 0.7558823529411764 0.8552272727272727 0.05764705882352941 0.03954545454545454
1 0.8511764705882353 0.9229545454545455 0.07294117647058823 0.03954545454545454
1 0.5897058823529412 0.5640909090909091 0.13352941176470587 0.03363636363636364
1 0.5758823529411765 0.6079545454545454 0.02823529411764706 0.03409090909090909
1 0.41352941176470587 0.9204545454545454 0.06352941176470588 0.038181818181818185
1 0.5297058823529411 0.5188636363636364 0.11705882352941177 0.03681818181818182
1 0.8402941176470589 0.855909090909091 0.06294117647058824 0.04181818181818182
1 0.37676470588235295 0.6045454545454545 0.1264705882352941 0.034545454545454546
1 0.6852941176470588 0.7631818181818182 0.10470588235294118 0.03363636363636364
1 0.6841176470588235 0.7225 0.03411764705882353 0.03590909090909091
1 0.4123529411764706 0.7170454545454545 0.18235294117647058 0.03681818181818182
1 0.40588235294117647 0.36318181818181816 0.16117647058823528 0.04090909090909091
1 0.09088235294117647 0.6727272727272727 0.0688235294117647 0.03636363636363636
1 0.09970588235294117 0.44272727272727275 0.07470588235294118 0.034545454545454546
1 0.6820588235294117 0.5654545454545454 0.03 0.034545454545454546
1 0.09794117647058824 0.35704545454545455 0.07352941176470588 0.035
1 0.605 0.7629545454545454 0.03823529411764706 0.03590909090909091
1 0.145 0.9177272727272727 0.04764705882352941 0.04
1 0.7567647058823529 0.5652272727272727 0.11 0.035
1 0.32235294117647056 0.9193181818181818 0.05647058823529412 0.03772727272727273
1 0.15235294117647058 0.8488636363636364 0.052941176470588235 0.03772727272727273
1 0.5994117647058823 0.4059090909090909 0.10705882352941176 0.034545454545454546
1 0.3935294117647059 0.5168181818181818 0.14941176470588236 0.038181818181818185
1 0.09529411764705882 0.5156818181818181 0.07176470588235294 0.035
1 0.6538235294117647 0.6052272727272727 0.09117647058823529 0.03227272727272727
1 0.23941176470588235 0.918409090909091 0.05411764705882353 0.038636363636363635
1 0.3779411764705882 0.7604545454545455 0.14882352941176472 0.03636363636363636
1 0.7535294117647059 0.9215909090909091 0.06 0.041363636363636366
1 0.5229411764705882 0.7561363636363636 0.12941176470588237 0.035
1 0.6485294117647059 0.3704545454545455 0.03705882352941176 0.03272727272727273
1 0.40794117647058825 0.8520454545454546 0.05352941176470588 0.03954545454545454
1 0.5802941176470588 0.9202272727272728 0.05588235294117647 0.041363636363636366
1 0.4138235294117647 0.5611363636363637 0.19117647058823528 0.03681818181818182
1 0.5005882352941177 0.6043181818181819 0.09647058823529411 0.03318181818181818
1 0.5852941176470589 0.8556818181818182 0.06 0.03954545454545454
1 0.10617647058823529 0.4 0.07941176470588235 0.03636363636363636
1 0.09558823529411764 0.5586363636363636 0.0711764705882353 0.03363636363636364
1 0.5623529411764706 0.3643181818181818 0.12470588235294118 0.038636363636363635
1 0.6105882352941177 0.5265909090909091 0.03176470588235294 0.03227272727272727
1 0.7176470588235294 0.37227272727272726 0.09058823529411765 0.03363636363636364
1 0.7608823529411765 0.7236363636363636 0.11470588235294117 0.03363636363636364
1 0.495 0.9202272727272728 0.05588235294117647 0.04045454545454545
1 0.6717647058823529 0.8556818181818182 0.06352941176470588 0.04045454545454545
1 0.385 0.4459090909090909 0.14176470588235293 0.03636363636363636
1 0.09058823529411765 0.7145454545454546 0.07058823529411765 0.03363636363636364
1 0.4964705882352941 0.4486363636363636 0.0811764705882353 0.03272727272727273
1 0.4929411764705882 0.8522727272727273 0.04470588235294118 0.03909090909090909
1 0.6770588235294117 0.5220454545454546 0.1011764705882353 0.03409090909090909
1 0.6223529411764706 0.6820454545454545 0.02823529411764706 0.03590909090909091
1 0.5885294117647059 0.7229545454545454 0.15823529411764706 0.03590909090909091
1 0.09470588235294118 0.6025 0.07058823529411765 0.03409090909090909
1 0.6726470588235294 0.9193181818181818 0.060588235294117644 0.04045454545454545
1 0.3211764705882353 0.8506818181818182 0.05411764705882353 0.03772727272727273
1 0.43588235294117644 0.4015909090909091 0.2223529411764706 0.038636363636363635
1 0.6958823529411765 0.6786363636363636 0.11058823529411765 0.03636363636363636
1 0.27588235294117647 0.027045454545454546 0.03529411764705882 0.025
1 0.32294117647058823 0.027954545454545454 0.05411764705882353 0.021363636363636362
1 0.5567647058823529 0.03386363636363637 0.08411764705882353 0.019545454545454546
1 0.23529411764705882 0.8504545454545455 0.04941176470588235 0.031818181818181815