1 0.4935294117647059 0.6825 0.07647058823529412 0.03409090909090909
1 0.3711764705882353 0.5270454545454546 0.14 0.035
1 0.7611764705882353 0.8588636363636364 0.06352941176470588 0.03954545454545454
1 0.8485294117647059 0.9268181818181818 0.061764705882352944 0.04
1 0.5579411764705883 0.6111363636363636 0.1535294117647059 0.03590909090909091
1 0.4147058823529412 0.9259090909090909 0.04941176470588235 0.03727272727272727
1 0.515 0.5275 0.14529411764705882 0.03227272727272727
1 0.385 0.6115909090909091 0.17588235294117646 0.03318181818181818
1 0.6729411764705883 0.8575 0.05176470588235294 0.04045454545454545
1 0.37941176470588234 0.4484090909090909 0.14941176470588236 0.03590909090909091
1 0.4573529411764706 0.7261363636363637 0.031176470588235295 0.03409090909090909
1 0.3723529411764706 0.7268181818181818 0.14352941176470588 0.038181818181818185
1 0.09823529411764706 0.6802272727272727 0.06 0.03590909090909091
1 0.10941176470588235 0.37 0.07058823529411765 0.03363636363636364
1 0.1126470588235294 0.4511363636363636 0.07352941176470588 0.035
1 0.49058823529411766 0.7688636363636364 0.07647058823529412 0.03318181818181818
1 0.15529411764705883 0.9252272727272727 0.05176470588235294 0.03954545454545454
1 0.33 0.9247727272727273 0.052941176470588235 0.038636363636363635
1 0.15794117647058822 0.8588636363636364 0.05 0.038636363636363635
1 0.1111764705882353 0.5259090909090909 0.07764705882352942 0.03272727272727273
1 0.24323529411764705 0.8581818181818182 0.04411764705882353 0.038181818181818185
1 0.24088235294117646 0.923409090909091 0.04411764705882353 0.03954545454545454
1 0.36058823529411765 0.7688636363636364 0.12117647058823529 0.035
1 0.7564705882352941 0.9272727272727272 0.05058823529411765 0.03909090909090909
1 0.56 0.4027272727272727 0.1388235294117647 0.03727272727272727
1 0.4097058823529412 0.8575 0.0488235294117647 0.04045454545454545
1 0.5876470588235294 0.9243181818181818 0.052941176470588235 0.03954545454545454
1 0.11147058823529411 0.5663636363636364 0.08058823529411764 0.034545454545454546
1 0.36205882352941177 0.6845454545454546 0.11705882352941177 0.03636363636363636
1 0.5908823529411765 0.8565909090909091 0.05823529411764706 0.04045454545454545
1 0.11588235294117646 0.4081818181818182 0.08235294117647059 0.034545454545454546
1 0.5691176470588235 0.5690909090909091 0.1676470588235294 0.035454545454545454
1 0.5670588235294117 0.038636363636363635 0.11529411764705882 0.024545454545454544
1 0.7294117647058823 0.5709090909090909 0.15058823529411763 0.031818181818181815
1 0.4985294117647059 0.925 0.05235294117647059 0.03909090909090909
1 0.8526470588235294 0.8588636363636364 0.07 0.041363636363636366
1 0.10911764705882353 0.7668181818181818 0.05823529411764706 0.03636363636363636
1 0.10647058823529412 0.7234090909090909 0.07058823529411765 0.035
1 0.5173529411764706 0.4486363636363636 0.11470588235294117 0.03636363636363636
1 0.5017647058823529 0.8586363636363636 0.05058823529411765 0.03909090909090909
1 0.6511764705882352 0.5286363636363637 0.1223529411764706 0.034545454545454546
1 0.38941176470588235 0.40295454545454545 0.18470588235294116 0.03681818181818182
1 0.5244117647058824 0.7270454545454546 0.09235294117647058 0.03409090909090909
1 0.115 0.6097727272727272 0.08058823529411764 0.03590909090909091
1 0.6705882352941176 0.9254545454545454 0.05411764705882353 0.03909090909090909
1 0.33588235294117647 0.8584090909090909 0.052941176470588235 0.03954545454545454
1 0.705 0.6163636363636363 0.13705882352941176 0.03
1 0.26823529411764707 0.034772727272727275 0.03058823529411765 0.019545454545454546
1 0.3170588235294118 0.03409090909090909 0.06823529411764706 0.022727272727272728
1 0.3726470588235294 0.36068181818181816 0.15823529411764706 0.029545454545454545
1 0.5011764705882353 0.3593181818181818 0.09529411764705882 0.026818181818181817
1 0.5770588235294117 0.36 0.058823529411764705 0.022727272727272728
1 0.6661764705882353 0.4043181818181818 0.07352941176470588 0.029545454545454545
1 0.6152941176470588 0.4525 0.06470588235294118 0.029545454545454545
1 0.4361764705882353 0.6877272727272727 0.028823529411764706 0.02727272727272727
1 0.43411764705882355 0.7706818181818181 0.024705882352941175 0.026818181818181817
1 0.3885294117647059 0.5697727272727273 0.18176470588235294 0.03590909090909091
1 0.7708823529411765 0.5281818181818182 0.09 0.03090909090909091
1 0.8691176470588236 0.5752272727272727 0.09705882352941177 0.03409090909090909
1 0.8285294117647058 0.6154545454545455 0.07823529411764706 0.028181818181818183