1 0.3961764705882353 0.6809090909090909 0.18294117647058825 0.038181818181818185
1 0.5591176470588235 0.685 0.09 0.034545454545454546
1 0.7620588235294118 0.8615909090909091 0.05588235294117647 0.03772727272727273
1 0.84 0.9295454545454546 0.05764705882352941 0.03909090909090909
1 0.41147058823529414 0.9263636363636364 0.05823529411764706 0.03636363636363636
1 0.5302941176470588 0.5318181818181819 0.1111764705882353 0.03636363636363636
1 0.8438235294117648 0.8622727272727273 0.057058823529411766 0.04
1 0.3738235294117647 0.6106818181818182 0.14058823529411765 0.03681818181818182
1 0.6888235294117647 0.7713636363636364 0.09529411764705882 0.031818181818181815
1 0.6397058823529411 0.6877272727272727 0.03588235294117647 0.034545454545454546
1 0.4102941176470588 0.725 0.21941176470588236 0.03727272727272727
1 0.3947058823529412 0.4122727272727273 0.19176470588235295 0.038181818181818185
1 0.5888235294117647 0.8652272727272727 0.06941176470588235 0.03409090909090909
1 0.09264705882352942 0.6781818181818182 0.07352941176470588 0.03636363636363636
1 0.09470588235294118 0.44727272727272727 0.07294117647058823 0.03636363636363636
1 0.7264705882352941 0.5722727272727273 0.03411764705882353 0.035454545454545454
1 0.09647058823529411 0.3638636363636364 0.07647058823529412 0.03681818181818182
1 0.5308823529411765 0.7711363636363636 0.09588235294117647 0.03409090909090909
1 0.606764705882353 0.7256818181818182 0.1535294117647059 0.035
1 0.15088235294117647 0.9238636363636363 0.054705882352941174 0.041363636363636366
1 0.7994117647058824 0.5720454545454545 0.09058823529411765 0.03681818181818182
1 0.3276470588235294 0.9265909090909091 0.06588235294117648 0.03772727272727273
1 0.15294117647058825 0.8556818181818182 0.05411764705882353 0.03681818181818182
1 0.7158823529411765 0.7261363636363637 0.04 0.03409090909090909
1 0.3776470588235294 0.5238636363636363 0.1423529411764706 0.03772727272727273
1 0.09705882352941177 0.5209090909090909 0.07176470588235294 0.034545454545454546
1 0.673235294117647 0.6222727272727273 0.05941176470588235 0.03
1 0.2376470588235294 0.9238636363636363 0.04941176470588235 0.03954545454545454
1 0.37676470588235295 0.7702272727272728 0.15588235294117647 0.035
1 0.7611764705882353 0.9275 0.06705882352941177 0.038636363636363635
1 0.6297058823529412 0.45886363636363636 0.061764705882352944 0.03409090909090909
1 0.6520588235294118 0.3729545454545454 0.07235294117647059 0.03227272727272727
1 0.5952941176470589 0.41545454545454547 0.15176470588235294 0.038181818181818185
1 0.518235294117647 0.3693181818181818 0.10235294117647059 0.035
1 0.4173529411764706 0.8604545454545455 0.06529411764705882 0.03727272727272727
1 0.5873529411764706 0.9327272727272727 0.06647058823529411 0.03636363636363636
1 0.40705882352941175 0.5686363636363636 0.2023529411764706 0.038181818181818185
1 0.5835294117647059 0.45886363636363636 0.02588235294117647 0.03590909090909091
1 0.49941176470588233 0.45431818181818184 0.1 0.035
1 0.0976470588235294 0.4036363636363636 0.08 0.03636363636363636
1 0.09647058823529411 0.5675 0.07529411764705882 0.035
1 0.615 0.57 0.15941176470588236 0.03636363636363636
1 0.5461764705882353 0.04068181818181818 0.06411764705882353 0.019545454545454546
1 0.6170588235294118 0.5309090909090909 0.03294117647058824 0.034545454545454546
1 0.7676470588235295 0.41295454545454546 0.08470588235294117 0.03590909090909091
1 0.8061764705882353 0.7265909090909091 0.14058823529411765 0.03590909090909091
1 0.5011764705882353 0.9281818181818182 0.06470588235294118 0.04
1 0.6747058823529412 0.8588636363636364 0.05764705882352941 0.03954545454545454
1 0.5923529411764706 0.37227272727272726 0.04 0.03272727272727273
1 0.37 0.4495454545454545 0.13176470588235295 0.03727272727272727
1 0.07970588235294118 0.7634090909090909 0.07352941176470588 0.035
1 0.08794117647058823 0.7209090909090909 0.07470588235294118 0.03
1 0.705 0.4168181818181818 0.033529411764705884 0.03636363636363636
1 0.6052941176470589 0.775 0.03294117647058824 0.03272727272727273
1 0.5005882352941177 0.8595454545454545 0.04941176470588235 0.038181818181818185
1 0.685 0.5277272727272727 0.0711764705882353 0.03272727272727273
1 0.615 0.6177272727272727 0.027647058823529413 0.03090909090909091
1 0.3888235294117647 0.36818181818181817 0.12941176470588237 0.03909090909090909
1 0.5252941176470588 0.6181818181818182 0.11058823529411765 0.03363636363636364
1 0.09470588235294118 0.6115909090909091 0.0811764705882353 0.03318181818181818
1 0.6688235294117647 0.9263636363636364 0.05764705882352941 0.04
1 0.32588235294117646 0.8577272727272728 0.05529411764705883 0.03909090909090909
1 0.7226470588235294 0.6845454545454546 0.08176470588235295 0.035454545454545454
1 0.30676470588235294 0.03681818181818182 0.045294117647058825 0.02090909090909091
1 0.24205882352941177 0.8588636363636364 0.06647058823529411 0.03590909090909091