1 0.39647058823529413 0.7225 0.21411764705882352 0.038636363636363635
1 0.46147058823529413 0.4077272727272727 0.3264705882352941 0.045454545454545456
1 0.7485294117647059 0.8538636363636364 0.05588235294117647 0.038636363636363635
1 0.8379411764705882 0.9259090909090909 0.06294117647058824 0.038181818181818185
1 0.5508823529411765 0.6045454545454545 0.057058823529411766 0.03363636363636364
1 0.4108823529411765 0.9215909090909091 0.057058823529411766 0.03590909090909091
1 0.5197058823529411 0.5652272727272727 0.1688235294117647 0.038636363636363635
1 0.8338235294117647 0.8540909090909091 0.054705882352941174 0.04090909090909091
1 0.3411764705882353 0.605909090909091 0.09647058823529411 0.03363636363636364
1 0.6658823529411765 0.8568181818181818 0.06705882352941177 0.04
1 0.37323529411764705 0.4461363636363636 0.13352941176470587 0.03590909090909091
1 0.3635294117647059 0.7697727272727273 0.15529411764705883 0.045
1 0.2944117647058824 0.025 0.04411764705882353 0.026363636363636363
1 0.8282352941176471 0.40954545454545455 0.04 0.04
1 0.08794117647058823 0.7165909090909091 0.11 0.04681818181818182
1 0.10970588235294118 0.44272727272727275 0.13 0.03727272727272727
1 0.11 0.35818181818181816 0.13176470588235295 0.038181818181818185
1 0.14647058823529413 0.9186363636363636 0.05058823529411765 0.03727272727272727
1 0.3255882352941176 0.9193181818181818 0.060588235294117644 0.03681818181818182
1 0.1535294117647059 0.8504545454545455 0.06235294117647059 0.03909090909090909
1 0.0988235294117647 0.5165909090909091 0.0988235294117647 0.04318181818181818
1 0.6108823529411764 0.7238636363636364 0.20058823529411765 0.03954545454545454
1 0.23470588235294118 0.8513636363636363 0.05411764705882353 0.03909090909090909
1 0.23705882352941177 0.9181818181818182 0.05058823529411765 0.03636363636363636
1 0.7517647058823529 0.9202272727272728 0.05647058823529412 0.03954545454545454
1 0.5355882352941177 0.7672727272727272 0.1676470588235294 0.03636363636363636
1 0.585 0.44886363636363635 0.05 0.03318181818181818
1 0.40705882352941175 0.8531818181818182 0.05764705882352941 0.03727272727272727
1 0.5797058823529412 0.9218181818181819 0.05352941176470588 0.03727272727272727
1 0.3573529411764706 0.5638636363636363 0.1323529411764706 0.04045454545454545
1 0.5102941176470588 0.6070454545454546 0.03235294117647059 0.03409090909090909
1 0.5788235294117647 0.8536363636363636 0.04470588235294118 0.04090909090909091
1 0.11058823529411765 0.4006818181818182 0.13176470588235295 0.03954545454545454
1 0.10088235294117646 0.5597727272727273 0.10176470588235294 0.03772727272727273
1 0.5611764705882353 0.03227272727272727 0.08823529411764706 0.031818181818181815
1 0.7235294117647059 0.4075 0.18705882352941178 0.04045454545454545
1 0.4929411764705882 0.9218181818181819 0.05058823529411765 0.03727272727272727
1 0.08941176470588236 0.7597727272727273 0.0988235294117647 0.03954545454545454
1 0.09323529411764706 0.6759090909090909 0.11823529411764706 0.046363636363636364
1 0.5435294117647059 0.45454545454545453 0.02235294117647059 0.04
1 0.4988235294117647 0.8525 0.06 0.03772727272727273
1 0.8885294117647059 0.4084090909090909 0.08058823529411764 0.03681818181818182
1 0.09529411764705882 0.6034090909090909 0.10235294117647059 0.04045454545454545
1 0.6691176470588235 0.9220454545454545 0.05823529411764706 0.038636363636363635
1 0.3241176470588235 0.8518181818181818 0.05764705882352941 0.03727272727272727
1 0.6844117647058824 0.5656818181818182 0.08764705882352941 0.041363636363636366
1 0.4885294117647059 0.45022727272727275 0.08764705882352941 0.041363636363636366
1 0.4435294117647059 0.6063636363636363 0.09647058823529411 0.03636363636363636
1 0.6235294117647059 0.5659090909090909 0.03411764705882353 0.038181818181818185