1 0.4011764705882353 0.7179545454545454 0.18823529411764706 0.03772727272727273
1 0.39794117647058824 0.4025 0.17705882352941177 0.03681818181818182
1 0.7579411764705882 0.8556818181818182 0.05588235294117647 0.03954545454545454
1 0.8438235294117648 0.9218181818181819 0.05823529411764706 0.03909090909090909
1 0.4032352941176471 0.923409090909091 0.05235294117647059 0.03954545454545454
1 0.8379411764705882 0.8552272727272727 0.05352941176470588 0.04045454545454545
1 0.37470588235294117 0.6079545454545454 0.14588235294117646 0.03590909090909091
1 0.6755882352941176 0.8552272727272727 0.061764705882352944 0.03772727272727273
1 0.0861764705882353 0.6795454545454546 0.06529411764705882 0.035454545454545454
1 0.08705882352941176 0.4456818181818182 0.06588235294117648 0.035
1 0.14441176470588235 0.9218181818181819 0.05 0.042727272727272725
1 0.32382352941176473 0.9229545454545455 0.054705882352941174 0.04045454545454545
1 0.15205882352941177 0.8529545454545454 0.05 0.04045454545454545
1 0.4158823529411765 0.5638636363636363 0.22705882352941176 0.03772727272727273
1 0.08205882352941177 0.5252272727272728 0.060588235294117644 0.03409090909090909
1 0.5658823529411765 0.7229545454545454 0.13058823529411764 0.03227272727272727
1 0.23705882352941177 0.8552272727272727 0.04823529411764706 0.038636363636363635
1 0.6070588235294118 0.5668181818181818 0.1388235294117647 0.02909090909090909
1 0.23941176470588235 0.9222727272727272 0.052941176470588235 0.038181818181818185
1 0.36970588235294116 0.7645454545454545 0.14058823529411765 0.035454545454545454
1 0.7547058823529412 0.9222727272727272 0.04941176470588235 0.04
1 0.09117647058823529 0.365 0.07176470588235294 0.03363636363636364
1 0.49441176470588233 0.7625 0.09352941176470589 0.03227272727272727
1 0.5976470588235294 0.45022727272727275 0.07176470588235294 0.02590909090909091
1 0.41852941176470587 0.855 0.057058823529411766 0.038181818181818185
1 0.5838235294117647 0.9227272727272727 0.051176470588235295 0.03909090909090909
1 0.4973529411764706 0.6095454545454545 0.08529411764705883 0.026363636363636363
1 0.5823529411764706 0.8545454545454545 0.04941176470588235 0.042727272727272725
1 0.08823529411764706 0.40454545454545454 0.06941176470588235 0.035454545454545454
1 0.08529411764705883 0.5620454545454545 0.0611764705882353 0.03409090909090909
1 0.5567647058823529 0.035454545454545454 0.09705882352941177 0.025454545454545455
1 0.7502941176470588 0.5647727272727273 0.09823529411764706 0.03318181818181818
1 0.49823529411764705 0.9231818181818182 0.052941176470588235 0.03909090909090909
1 0.5514705882352942 0.4065909090909091 0.11352941176470588 0.03318181818181818
1 0.08352941176470588 0.7629545454545454 0.06235294117647059 0.03409090909090909
1 0.675 0.4077272727272727 0.08764705882352941 0.031818181818181815
1 0.49 0.44772727272727275 0.09529411764705882 0.03636363636363636
1 0.49941176470588233 0.8547727272727272 0.052941176470588235 0.041363636363636366
1 0.07970588235294118 0.6036363636363636 0.06647058823529411 0.034545454545454546
1 0.673235294117647 0.9218181818181819 0.06764705882352941 0.03909090909090909
1 0.32235294117647056 0.8536363636363636 0.05058823529411765 0.04181818181818182
1 0.37323529411764705 0.44795454545454544 0.13470588235294118 0.031363636363636364
1 0.08529411764705883 0.7213636363636363 0.06352941176470588 0.035454545454545454
1 0.2911764705882353 0.03318181818181818 0.03764705882352941 0.02909090909090909
1 0.6223529411764706 0.41204545454545455 0.024705882352941175 0.02409090909090909
1 0.55 0.4547727272727273 0.02 0.028636363636363637
1 0.6891176470588235 0.5672727272727273 0.02411764705882353 0.02909090909090909
1 0.5438235294117647 0.6161363636363636 0.02176470588235294 0.021363636363636362
1 0.5852941176470589 0.6088636363636364 0.07058823529411765 0.025
1 0.6479411764705882 0.7254545454545455 0.025294117647058825 0.03090909090909091
1 0.6976470588235294 0.7234090909090909 0.07529411764705882 0.028636363636363637
1 0.6008823529411764 0.7622727272727273 0.07470588235294118 0.02181818181818182
1 0.5526470588235294 0.7729545454545454 0.020588235294117647 0.030454545454545453