1 0.4138235294117647 0.6843181818181818 0.2252941176470588 0.041363636363636366
1 0.6061764705882353 0.6865909090909091 0.15705882352941178 0.04045454545454545
1 0.7617647058823529 0.8675 0.052941176470588235 0.05227272727272727
1 0.8458823529411764 0.9277272727272727 0.05764705882352941 0.03909090909090909
1 0.6914705882352942 0.5709090909090909 0.19117647058823528 0.04363636363636364
1 0.8455882352941176 0.8643181818181818 0.054705882352941174 0.04045454545454545
1 0.39323529411764707 0.6197727272727273 0.18529411764705883 0.028636363636363637
1 0.7332352941176471 0.6227272727272727 0.10411764705882352 0.026363636363636363
1 0.7452941176470588 0.5347727272727273 0.10823529411764705 0.026818181818181817
1 0.395 0.7772727272727272 0.19117647058823528 0.03
1 0.2973529411764706 0.03681818181818182 0.0488235294117647 0.023636363636363636
1 0.5673529411764706 0.7804545454545454 0.1476470588235294 0.025454545454545455
1 0.1497058823529412 0.9277272727272727 0.05 0.04090909090909091
1 0.4164705882352941 0.9256818181818182 0.05764705882352941 0.03954545454545454
1 0.41441176470588237 0.5261363636363636 0.22764705882352942 0.045
1 0.6020588235294118 0.5309090909090909 0.14294117647058824 0.031818181818181815
1 0.32529411764705884 0.9252272727272727 0.05764705882352941 0.038636363636363635
1 0.4761764705882353 0.7277272727272728 0.3488235294117647 0.042727272727272725
1 0.7679411764705882 0.9268181818181818 0.06764705882352941 0.038181818181818185
1 0.6788235294117647 0.38522727272727275 0.03176470588235294 0.03772727272727273
1 0.6105882352941177 0.4134090909090909 0.1564705882352941 0.042272727272727274
1 0.4164705882352941 0.8602272727272727 0.06 0.04045454545454545
1 0.5885294117647059 0.9252272727272727 0.057058823529411766 0.03954545454545454
1 0.4485294117647059 0.5681818181818182 0.2958823529411765 0.042727272727272725
1 0.5820588235294117 0.4734090909090909 0.025294117647058825 0.03590909090909091
1 0.5147058823529411 0.4634090909090909 0.1011764705882353 0.026818181818181817
1 0.5897058823529412 0.8597727272727272 0.05352941176470588 0.041363636363636366
1 0.6397058823529411 0.4636363636363636 0.08058823529411764 0.031818181818181815
1 0.5838235294117647 0.37204545454545457 0.13588235294117648 0.038636363636363635
1 0.8191176470588235 0.4131818181818182 0.14294117647058824 0.04363636363636364
1 0.7744117647058824 0.7279545454545454 0.2488235294117647 0.045909090909090906
1 0.5032352941176471 0.9259090909090909 0.061764705882352944 0.04090909090909091
1 0.6767647058823529 0.8634090909090909 0.054705882352941174 0.04045454545454545
1 0.8894117647058823 0.5725 0.1411764705882353 0.041363636363636366
1 0.37941176470588234 0.4636363636363636 0.15411764705882353 0.03
1 0.14647058823529413 0.8565909090909091 0.04352941176470588 0.042272727272727274
1 0.23676470588235293 0.8579545454545454 0.04764705882352941 0.03954545454545454
1 0.77 0.3743181818181818 0.12117647058823529 0.035
1 0.5020588235294118 0.8604545454545455 0.05352941176470588 0.03909090909090909
1 0.4067647058823529 0.36818181818181817 0.20529411764705882 0.04454545454545455
1 0.57 0.6218181818181818 0.14941176470588236 0.026363636363636363
1 0.6735294117647059 0.9265909090909091 0.05647058823529412 0.03954545454545454
1 0.3288235294117647 0.8604545454545455 0.052941176470588235 0.04090909090909091
1 0.4176470588235294 0.4115909090909091 0.23294117647058823 0.04409090909090909
1 0.7179411764705882 0.4127272727272727 0.04294117647058823 0.04454545454545455
1 0.6608823529411765 0.6327272727272727 0.03235294117647059 0.03636363636363636
1 0.8 0.5711363636363637 0.03882352941176471 0.042272727272727274
1 0.23676470588235293 0.9243181818181818 0.04294117647058823 0.038636363636363635