1 0.3738235294117647 0.6840909090909091 0.12411764705882353 0.04181818181818182
1 0.7570588235294118 0.8604545454545455 0.0611764705882353 0.03727272727272727
1 0.8464705882352941 0.9281818181818182 0.06470588235294118 0.038181818181818185
1 0.5620588235294117 0.6222727272727273 0.05352941176470588 0.03
1 0.41 0.9286363636363636 0.05764705882352941 0.035454545454545454
1 0.5320588235294118 0.5290909090909091 0.033529411764705884 0.03272727272727273
1 0.8435294117647059 0.8590909090909091 0.05176470588235294 0.03909090909090909
1 0.37411764705882355 0.6154545454545455 0.15176470588235294 0.034545454545454546
1 0.6585294117647059 0.7718181818181818 0.07352941176470588 0.03090909090909091
1 0.3841176470588235 0.45954545454545453 0.15294117647058825 0.03272727272727273
1 0.4929411764705882 0.6168181818181818 0.03058823529411765 0.03272727272727273
1 0.6597058823529411 0.6825 0.08764705882352941 0.03409090909090909
1 0.4047058823529412 0.41204545454545455 0.18823529411764706 0.03772727272727273
1 0.1111764705882353 0.6793181818181818 0.07764705882352942 0.035
1 0.09647058823529411 0.4481818181818182 0.07176470588235294 0.03636363636363636
1 0.3826470588235294 0.7234090909090909 0.16411764705882353 0.03772727272727273
1 0.10029411764705883 0.3640909090909091 0.07588235294117647 0.035454545454545454
1 0.4632352941176471 0.7681818181818182 0.11470588235294117 0.035454545454545454
1 0.5714705882352941 0.7284090909090909 0.20647058823529413 0.045
1 0.15470588235294117 0.9286363636363636 0.05058823529411765 0.03636363636363636
1 0.7735294117647059 0.7261363636363637 0.1 0.03318181818181818
1 0.3241176470588235 0.9288636363636363 0.05176470588235294 0.03590909090909091
1 0.15676470588235294 0.8568181818181818 0.05235294117647059 0.03727272727272727
1 0.6929411764705883 0.7277272727272728 0.03058823529411765 0.03272727272727273
1 0.565 0.46136363636363636 0.1711764705882353 0.03363636363636364
1 0.4052941176470588 0.5197727272727273 0.17529411764705882 0.038636363636363635
1 0.10852941176470589 0.5218181818181818 0.05941176470588235 0.03363636363636364
1 0.2411764705882353 0.8577272727272728 0.05176470588235294 0.03727272727272727
1 0.24176470588235294 0.9277272727272727 0.05058823529411765 0.035454545454545454
1 0.35058823529411764 0.7677272727272727 0.09529411764705882 0.034545454545454546
1 0.7523529411764706 0.9311363636363637 0.05058823529411765 0.041363636363636366
1 0.3002941176470588 0.034545454545454546 0.03705882352941176 0.03
1 0.6155882352941177 0.4122727272727273 0.20529411764705882 0.038181818181818185
1 0.5329411764705883 0.3675 0.16 0.03590909090909091
1 0.4126470588235294 0.8579545454545454 0.054705882352941174 0.03772727272727273
1 0.5911764705882353 0.9322727272727273 0.052941176470588235 0.03727272727272727
1 0.40911764705882353 0.5640909090909091 0.19470588235294117 0.038181818181818185
1 0.5464705882352942 0.5677272727272727 0.029411764705882353 0.03090909090909091
1 0.5752941176470588 0.7827272727272727 0.03529411764705882 0.03727272727272727
1 0.095 0.405 0.07941176470588235 0.035454545454545454
1 0.10764705882352942 0.5656818181818182 0.05529411764705883 0.03409090909090909
1 0.6235294117647059 0.5647727272727273 0.08705882352941176 0.035
1 0.5623529411764706 0.03681818181818182 0.10823529411764705 0.024545454545454544
1 0.606764705882353 0.5254545454545455 0.0711764705882353 0.034545454545454546
1 0.49970588235294117 0.9281818181818182 0.06294117647058824 0.03727272727272727
1 0.6685294117647059 0.8588636363636364 0.05352941176470588 0.03954545454545454
1 0.10676470588235294 0.7604545454545455 0.08294117647058824 0.03727272727272727
1 0.105 0.7263636363636363 0.07588235294117647 0.03636363636363636
1 0.5014705882352941 0.8595454545454545 0.05823529411764706 0.038181818181818185
1 0.5870588235294117 0.6829545454545455 0.03176470588235294 0.03590909090909091
1 0.3729411764705882 0.3659090909090909 0.13529411764705881 0.03727272727272727
1 0.1188235294117647 0.6022727272727273 0.058823529411764705 0.03636363636363636
1 0.6720588235294118 0.9275 0.054705882352941174 0.03772727272727273
1 0.3291176470588235 0.8581818181818182 0.05823529411764706 0.038181818181818185
1 0.5891176470588235 0.8629545454545454 0.05823529411764706 0.03318181818181818
1 0.4958823529411765 0.6861363636363637 0.12823529411764706 0.03954545454545454