1 0.39205882352941174 0.6836363636363636 0.19 0.03727272727272727
1 0.7497058823529412 0.8606818181818182 0.05 0.03954545454545454
1 0.8394117647058823 0.9272727272727272 0.06235294117647059 0.038181818181818185
1 0.40852941176470586 0.9263636363636364 0.05941176470588235 0.03727272727272727
1 0.8455882352941176 0.8638636363636364 0.057058823529411766 0.03590909090909091
1 0.37441176470588233 0.6131818181818182 0.15705882352941178 0.03636363636363636
1 0.3914705882352941 0.725 0.18764705882352942 0.03909090909090909
1 0.4011764705882353 0.4102272727272727 0.1976470588235294 0.03409090909090909
1 0.10470588235294118 0.678409090909091 0.08823529411764706 0.03772727272727273
1 0.08970588235294118 0.36772727272727274 0.0711764705882353 0.03636363636363636
1 0.09029411764705883 0.45 0.07470588235294118 0.03636363636363636
1 0.48323529411764704 0.7731818181818182 0.10764705882352942 0.03363636363636364
1 0.6044117647058823 0.7286363636363636 0.19470588235294117 0.03636363636363636
1 0.15735294117647058 0.9231818181818182 0.06294117647058824 0.038181818181818185
1 0.8264705882352941 0.5756818181818182 0.12588235294117647 0.04045454545454545
1 0.32823529411764707 0.9261363636363636 0.05647058823529412 0.03772727272727273
1 0.1635294117647059 0.8570454545454546 0.06470588235294118 0.04045454545454545
1 0.6797058823529412 0.6190909090909091 0.10058823529411764 0.04
1 0.4223529411764706 0.524090909090909 0.2541176470588235 0.03909090909090909
1 0.10529411764705883 0.5209090909090909 0.09529411764705882 0.03636363636363636
1 0.6488235294117647 0.5279545454545455 0.1635294117647059 0.03772727272727273
1 0.24294117647058824 0.9240909090909091 0.058823529411764705 0.03727272727272727
1 0.3611764705882353 0.7704545454545455 0.12705882352941175 0.035454545454545454
1 0.7544117647058823 0.9288636363636363 0.057058823529411766 0.04045454545454545
1 0.6817647058823529 0.4581818181818182 0.058823529411764705 0.03272727272727273
1 0.6141176470588235 0.41295454545454546 0.18941176470588236 0.041363636363636366
1 0.41823529411764704 0.8593181818181819 0.06705882352941177 0.038636363636363635
1 0.5814705882352941 0.9265909090909091 0.054705882352941174 0.038636363636363635
1 0.6123529411764705 0.4581818181818182 0.04 0.038181818181818185
1 0.581764705882353 0.8611363636363636 0.06 0.03954545454545454
1 0.09088235294117647 0.4093181818181818 0.07705882352941176 0.03590909090909091
1 0.10529411764705883 0.5645454545454546 0.09294117647058824 0.03636363636363636
1 0.6435294117647059 0.5709090909090909 0.15764705882352942 0.03727272727272727
1 0.5555882352941176 0.037954545454545456 0.07941176470588235 0.021363636363636362
1 0.7285294117647059 0.41704545454545455 0.03705882352941176 0.042272727272727274
1 0.4973529411764706 0.9256818181818182 0.06294117647058824 0.038636363636363635
1 0.6738235294117647 0.8593181818181819 0.05823529411764706 0.03772727272727273
1 0.5929411764705882 0.6845454545454546 0.16941176470588235 0.03727272727272727
1 0.37529411764705883 0.4511363636363636 0.14470588235294118 0.03954545454545454
1 0.10058823529411764 0.7631818181818182 0.09176470588235294 0.038181818181818185
1 0.10294117647058823 0.7234090909090909 0.08588235294117647 0.03954545454545454
1 0.7361764705882353 0.38136363636363635 0.03470588235294118 0.03272727272727273
1 0.5185294117647059 0.45340909090909093 0.1288235294117647 0.03772727272727273
1 0.5014705882352941 0.8586363636363636 0.05941176470588235 0.038181818181818185
1 0.803235294117647 0.38045454545454543 0.07823529411764706 0.034545454545454546
1 0.6035294117647059 0.6234090909090909 0.03176470588235294 0.030454545454545453
1 0.4117647058823529 0.3690909090909091 0.21176470588235294 0.038181818181818185
1 0.5161764705882353 0.6131818181818182 0.12176470588235294 0.034545454545454546
1 0.1038235294117647 0.6061363636363636 0.09352941176470589 0.03681818181818182
1 0.6644117647058824 0.9247727272727273 0.05235294117647059 0.04045454545454545
1 0.6132352941176471 0.3740909090909091 0.16294117647058823 0.038181818181818185
1 0.3247058823529412 0.8581818181818182 0.052941176470588235 0.038181818181818185
1 0.29323529411764704 0.03431818181818182 0.03588235294117647 0.02409090909090909
1 0.42411764705882354 0.5702272727272727 0.26 0.04318181818181818
1 0.7385294117647059 0.5736363636363636 0.028823529411764706 0.042727272727272725
1 0.7855882352941177 0.4172727272727273 0.09117647058823529 0.046363636363636364
1 0.24441176470588236 0.8586363636363636 0.06529411764705882 0.03727272727272727