1 0.7532352941176471 0.8645454545454545 0.05941176470588235 0.04090909090909091
1 0.8394117647058823 0.93 0.06823529411764706 0.038181818181818185
1 0.535 0.5781818181818181 0.1535294117647059 0.03636363636363636
1 0.4108823529411765 0.9286363636363636 0.06764705882352941 0.038181818181818185
1 0.8373529411764706 0.8654545454545455 0.06294117647058824 0.038181818181818185
1 0.3526470588235294 0.615909090909091 0.10411764705882352 0.03363636363636364
1 0.43441176470588233 0.41795454545454547 0.2747058823529412 0.030454545454545453
1 0.6785294117647059 0.7734090909090909 0.03 0.03227272727272727
1 0.4011764705882353 0.4643181818181818 0.21764705882352942 0.03954545454545454
1 0.42617647058823527 0.7345454545454545 0.2747058823529412 0.03272727272727273
1 0.08441176470588235 0.6793181818181818 0.09823529411764706 0.03954545454545454
1 0.09264705882352942 0.45204545454545453 0.10058823529411764 0.042272727272727274
1 0.5938235294117648 0.7802272727272728 0.12764705882352942 0.03227272727272727
1 0.15294117647058825 0.9254545454545454 0.0811764705882353 0.03363636363636364
1 0.315 0.9297727272727273 0.05235294117647059 0.038636363636363635
1 0.1535294117647059 0.8547727272727272 0.06588235294117648 0.03954545454545454
1 0.7302941176470589 0.7743181818181818 0.07470588235294118 0.029545454545454545
1 0.6323529411764706 0.4643181818181818 0.21176470588235294 0.03409090909090909
1 0.10147058823529412 0.5179545454545454 0.0888235294117647 0.03772727272727273
1 0.6567647058823529 0.7288636363636364 0.16058823529411764 0.04409090909090909
1 0.2361764705882353 0.86 0.06529411764705882 0.04181818181818182
1 0.23647058823529413 0.9315909090909091 0.06705882352941177 0.038636363636363635
1 0.40058823529411763 0.7804545454545454 0.2188235294117647 0.02909090909090909
1 0.7567647058823529 0.9277272727272727 0.061764705882352944 0.03909090909090909
1 0.10205882352941177 0.3665909090909091 0.09588235294117647 0.03590909090909091
1 0.4026470588235294 0.8597727272727272 0.054705882352941174 0.038636363636363635
1 0.5864705882352941 0.9277272727272727 0.06 0.038181818181818185
1 0.10294117647058823 0.5643181818181818 0.1011764705882353 0.03681818181818182
1 0.3708823529411765 0.5752272727272727 0.13941176470588235 0.03681818181818182
1 0.47352941176470587 0.6168181818181818 0.13647058823529412 0.03363636363636364
1 0.09235294117647058 0.4122727272727273 0.08941176470588236 0.03636363636363636
1 0.576764705882353 0.03977272727272727 0.1111764705882353 0.023181818181818182
1 0.5023529411764706 0.9270454545454545 0.07647058823529412 0.03954545454545454
1 0.6673529411764706 0.8643181818181818 0.05588235294117647 0.041363636363636366
1 0.7214705882352941 0.4213636363636364 0.2488235294117647 0.03636363636363636
1 0.8344117647058824 0.7386363636363636 0.11823529411764706 0.03636363636363636
1 0.10029411764705883 0.7656818181818181 0.11470588235294117 0.038636363636363635
1 0.09735294117647059 0.7197727272727272 0.09470588235294118 0.038636363636363635
1 0.49970588235294117 0.8590909090909091 0.06647058823529411 0.03909090909090909
1 0.6652941176470588 0.5756818181818182 0.03058823529411765 0.03227272727272727
1 0.5608823529411765 0.615 0.031176470588235295 0.031818181818181815
1 0.10058823529411764 0.6095454545454545 0.0976470588235294 0.03909090909090909
1 0.6673529411764706 0.9279545454545455 0.061764705882352944 0.03954545454545454
1 0.3291176470588235 0.8593181818181819 0.06764705882352941 0.038636363636363635
1 0.7276470588235294 0.5820454545454545 0.0988235294117647 0.035
1 0.7552941176470588 0.7284090909090909 0.03294117647058824 0.03590909090909091
1 0.30117647058823527 0.03431818181818182 0.041176470588235294 0.02409090909090909
1 0.6220588235294118 0.6263636363636363 0.07588235294117647 0.035454545454545454
1 0.5802941176470588 0.8629545454545454 0.05823529411764706 0.03681818181818182