1 0.41058823529411764 0.4031818181818182 0.2211764705882353 0.038181818181818185
1 0.7552941176470588 0.8575 0.06588235294117648 0.04045454545454545
1 0.8429411764705882 0.9261363636363636 0.07058823529411765 0.04045454545454545
1 0.5529411764705883 0.6129545454545454 0.024705882352941175 0.03409090909090909
1 0.405 0.9218181818181819 0.05941176470588235 0.03909090909090909
1 0.846764705882353 0.8572727272727273 0.061764705882352944 0.04090909090909091
1 0.36264705882352943 0.6065909090909091 0.12058823529411765 0.03590909090909091
1 0.42823529411764705 0.5231818181818182 0.24823529411764705 0.038181818181818185
1 0.39029411764705885 0.3629545454545455 0.1676470588235294 0.03409090909090909
1 0.10058823529411764 0.6747727272727273 0.06588235294117648 0.03590909090909091
1 0.10264705882352941 0.44227272727272726 0.057058823529411766 0.02909090909090909
1 0.4447058823529412 0.7190909090909091 0.29764705882352943 0.04
1 0.7385294117647059 0.5647727272727273 0.03 0.03590909090909091
1 0.09911764705882353 0.36022727272727273 0.0488235294117647 0.03590909090909091
1 0.5894117647058823 0.77 0.07647058823529412 0.035454545454545454
1 0.1535294117647059 0.9190909090909091 0.06470588235294118 0.04090909090909091
1 0.8232352941176471 0.5677272727272727 0.10411764705882352 0.03727272727272727
1 0.32294117647058823 0.9202272727272728 0.06235294117647059 0.03954545454545454
1 0.15558823529411764 0.85 0.06647058823529411 0.04
1 0.7170588235294117 0.7229545454545454 0.10470588235294118 0.03681818181818182
1 0.10088235294117646 0.5156818181818181 0.06411764705882353 0.03409090909090909
1 0.6341176470588236 0.7195454545454546 0.03411764705882353 0.03727272727272727
1 0.8258823529411765 0.5254545454545455 0.0976470588235294 0.03363636363636364
1 0.2373529411764706 0.8522727272727273 0.06529411764705882 0.04363636363636364
1 0.23941176470588235 0.9202272727272728 0.0611764705882353 0.04045454545454545
1 0.3952941176470588 0.7643181818181818 0.1976470588235294 0.03772727272727273
1 0.7547058823529412 0.9238636363636363 0.06470588235294118 0.041363636363636366
1 0.27941176470588236 0.026590909090909092 0.041176470588235294 0.01681818181818182
1 0.52 0.7729545454545454 0.03294117647058824 0.041363636363636366
1 0.6232352941176471 0.565 0.16647058823529412 0.031818181818181815
1 0.4032352941176471 0.8520454545454546 0.05352941176470588 0.04045454545454545
1 0.58 0.9247727272727273 0.05647058823529412 0.04045454545454545
1 0.4111764705882353 0.5656818181818182 0.2211764705882353 0.03318181818181818
1 0.4764705882352941 0.6106818181818182 0.08470588235294117 0.029545454545454545
1 0.5823529411764706 0.8570454545454546 0.06588235294117648 0.03954545454545454
1 0.10058823529411764 0.3993181818181818 0.06 0.03681818181818182
1 0.10058823529411764 0.5663636363636364 0.06588235294117648 0.034545454545454546
1 0.6038235294117648 0.6129545454545454 0.06294117647058824 0.029545454545454545
1 0.645 0.5238636363636363 0.1535294117647059 0.03590909090909091
1 0.49411764705882355 0.9229545454545455 0.06352941176470588 0.042272727272727274
1 0.6729411764705883 0.8579545454545454 0.07058823529411765 0.03409090909090909
1 0.4423529411764706 0.6768181818181818 0.2964705882352941 0.038181818181818185
1 0.35764705882352943 0.4459090909090909 0.11176470588235295 0.035454545454545454
1 0.09852941176470588 0.7581818181818182 0.07705882352941176 0.035454545454545454
1 0.09823529411764706 0.7184090909090909 0.07411764705882352 0.035
1 0.7497058823529412 0.5320454545454546 0.03470588235294118 0.03409090909090909
1 0.49264705882352944 0.8536363636363636 0.054705882352941174 0.04090909090909091
1 0.6264705882352941 0.6868181818181818 0.03294117647058824 0.03909090909090909
1 0.1 0.6034090909090909 0.07176470588235294 0.03409090909090909
1 0.6679411764705883 0.9238636363636363 0.061764705882352944 0.041363636363636366
1 0.3247058823529412 0.8527272727272728 0.06235294117647059 0.04090909090909091
1 0.7191176470588235 0.6831818181818182 0.11 0.031818181818181815
1 0.5470588235294118 0.035454545454545454 0.08588235294117647 0.022727272727272728