1 0.3538235294117647 0.6895454545454546 0.11941176470588236 0.034545454545454546
1 0.7567647058823529 0.8629545454545454 0.05823529411764706 0.041363636363636366
1 0.8473529411764706 0.9370454545454545 0.07352941176470588 0.05409090909090909
1 0.8914705882352941 0.5734090909090909 0.09823529411764706 0.04318181818181818
1 0.5879411764705882 0.6184090909090909 0.1688235294117647 0.035
1 0.41705882352941176 0.9279545454545455 0.06823529411764706 0.03954545454545454
1 0.43823529411764706 0.5702272727272727 0.27058823529411763 0.03954545454545454
1 0.8485294117647059 0.8634090909090909 0.07 0.04045454545454545
1 0.4038235294117647 0.6143181818181818 0.19823529411764707 0.03954545454545454
1 0.3982352941176471 0.45545454545454545 0.1976470588235294 0.04
1 0.5117647058823529 0.6847727272727273 0.17176470588235293 0.041363636363636366
1 0.7176470588235294 0.6943181818181818 0.12588235294117647 0.023181818181818182
1 0.8205882352941176 0.5818181818181818 0.04 0.03727272727272727
1 0.4429411764705882 0.4118181818181818 0.2776470588235294 0.04
1 0.10088235294117646 0.6825 0.08764705882352941 0.03681818181818182
1 0.39441176470588235 0.7254545454545455 0.19705882352941176 0.04090909090909091
1 0.7776470588235294 0.6197727272727273 0.12117647058823529 0.041363636363636366
1 0.10970588235294118 0.455 0.10529411764705883 0.03727272727272727
1 0.14852941176470588 0.9254545454545454 0.057058823529411766 0.04181818181818182
1 0.33441176470588235 0.9279545454545455 0.06647058823529411 0.03954545454545454
1 0.7229411764705882 0.7779545454545455 0.12470588235294118 0.03409090909090909
1 0.6097058823529412 0.4590909090909091 0.20529411764705882 0.03727272727272727
1 0.4041176470588235 0.5270454545454546 0.21764705882352942 0.042272727272727274
1 0.0961764705882353 0.5247727272727273 0.09823529411764706 0.03681818181818182
1 0.6326470588235295 0.7290909090909091 0.2782352941176471 0.04363636363636364
1 0.23970588235294119 0.8602272727272727 0.061764705882352944 0.03954545454545454
1 0.6891176470588235 0.6309090909090909 0.04058823529411765 0.03727272727272727
1 0.2447058823529412 0.9254545454545454 0.06705882352941177 0.038181818181818185
1 0.35352941176470587 0.7738636363636363 0.11647058823529412 0.03590909090909091
1 0.10058823529411764 0.36477272727272725 0.10941176470588235 0.04045454545454545
1 0.52 0.7770454545454546 0.21764705882352942 0.03318181818181818
1 0.736764705882353 0.4131818181818182 0.29470588235294115 0.04090909090909091
1 0.4126470588235294 0.8620454545454546 0.057058823529411766 0.041363636363636366
1 0.5885294117647059 0.9290909090909091 0.0711764705882353 0.03727272727272727
1 0.11823529411764706 0.5654545454545454 0.10352941176470588 0.03727272727272727
1 0.5820588235294117 0.5275 0.13117647058823528 0.03954545454545454
1 0.5805882352941176 0.8606818181818182 0.058823529411764705 0.042272727272727274
1 0.11352941176470588 0.4077272727272727 0.1011764705882353 0.038181818181818185
1 0.6905882352941176 0.5713636363636364 0.2188235294117647 0.03909090909090909
1 0.5714705882352941 0.03590909090909091 0.04411764705882353 0.022727272727272728
1 0.5038235294117647 0.9293181818181818 0.07235294117647059 0.03954545454545454
1 0.6714705882352942 0.8629545454545454 0.06529411764705882 0.03954545454545454
1 0.8811764705882353 0.7279545454545454 0.14588235294117646 0.04409090909090909
1 0.11029411764705882 0.7675 0.09352941176470589 0.03681818181818182
1 0.10735294117647058 0.7220454545454545 0.08411764705882353 0.03772727272727273
1 0.6435294117647059 0.7843181818181818 0.03411764705882353 0.041363636363636366
1 0.4973529411764706 0.8620454545454546 0.06294117647058824 0.041363636363636366
1 0.7523529411764706 0.5293181818181818 0.09529411764705882 0.041363636363636366
1 0.6244117647058823 0.7002272727272727 0.04411764705882353 0.031363636363636364
1 0.38735294117647057 0.3690909090909091 0.1888235294117647 0.03909090909090909
1 0.11176470588235295 0.6145454545454545 0.0988235294117647 0.038181818181818185
1 0.6685294117647059 0.9306818181818182 0.06529411764705882 0.04409090909090909
1 0.5970588235294118 0.3715909090909091 0.19058823529411764 0.03954545454545454
1 0.32823529411764707 0.8615909090909091 0.06235294117647059 0.042272727272727274
1 0.3264705882352941 0.034545454545454546 0.04470588235294118 0.035454545454545454
1 0.6705882352941176 0.5445454545454546 0.04 0.04090909090909091
1 0.7885294117647059 0.7397727272727272 0.03705882352941176 0.03954545454545454
1 0.14823529411764705 0.8595454545454545 0.0611764705882353 0.03909090909090909