1 0.3914705882352941 0.7236363636363636 0.1652941176470588 0.035454545454545454
1 0.8476470588235294 0.9272727272727272 0.05764705882352941 0.038181818181818185
1 0.5226470588235295 0.5745454545454546 0.08647058823529412 0.031818181818181815
1 0.4235294117647059 0.9309090909090909 0.04 0.038181818181818185
1 0.3788235294117647 0.6145454545454545 0.14941176470588236 0.034545454545454546
1 0.39235294117647057 0.41909090909090907 0.17647058823529413 0.038181818181818185
1 0.10970588235294118 0.6875 0.08647058823529412 0.03772727272727273
1 0.0988235294117647 0.45295454545454544 0.07529411764705882 0.03772727272727273
1 0.375 0.6870454545454545 0.14294117647058824 0.03772727272727273
1 0.0976470588235294 0.3729545454545454 0.07647058823529412 0.03590909090909091
1 0.395 0.7738636363636363 0.1723529411764706 0.03318181818181818
1 0.15529411764705883 0.9313636363636364 0.047058823529411764 0.04090909090909091
1 0.33588235294117647 0.9315909090909091 0.04823529411764706 0.03590909090909091
1 0.15735294117647058 0.8593181818181819 0.054705882352941174 0.04045454545454545
1 0.6841176470588235 0.6147727272727272 0.08588235294117647 0.030454545454545453
1 0.5655882352941176 0.4611363636363636 0.13 0.03318181818181818
1 0.10647058823529412 0.5275 0.08588235294117647 0.03681818181818182
1 0.6158823529411764 0.6147727272727272 0.023529411764705882 0.030454545454545453
1 0.24676470588235294 0.8615909090909091 0.054705882352941174 0.038636363636363635
1 0.6008823529411764 0.5311363636363636 0.07352941176470588 0.03227272727272727
1 0.24558823529411763 0.93 0.04411764705882353 0.038181818181818185
1 0.7579411764705882 0.9288636363636363 0.0488235294117647 0.03954545454545454
1 0.2952941176470588 0.03840909090909091 0.04 0.023181818181818182
1 0.53 0.7722727272727272 0.08 0.03090909090909091
1 0.5682352941176471 0.4131818181818182 0.13647058823529412 0.04090909090909091
1 0.41911764705882354 0.8620454545454546 0.04411764705882353 0.03954545454545454
1 0.5932352941176471 0.9293181818181818 0.04764705882352941 0.03681818181818182
1 0.36558823529411766 0.5311363636363636 0.13588235294117648 0.03590909090909091
1 0.5426470588235294 0.5340909090909091 0.028823529411764706 0.03090909090909091
1 0.5270588235294118 0.6143181818181818 0.10588235294117647 0.03227272727272727
1 0.5902941176470589 0.5720454545454545 0.03 0.030454545454545453
1 0.5626470588235294 0.03931818181818182 0.12411764705882353 0.03227272727272727
1 0.5011764705882353 0.9313636363636364 0.042352941176470586 0.03909090909090909
1 0.8429411764705882 0.8606818181818182 0.04470588235294118 0.041363636363636366
1 0.6720588235294118 0.8586363636363636 0.05352941176470588 0.04
1 0.5470588235294118 0.3759090909090909 0.10235294117647059 0.034545454545454546
1 0.39294117647058824 0.4575 0.19176470588235295 0.042272727272727274
1 0.11529411764705882 0.7711363636363636 0.08941176470588236 0.03681818181818182
1 0.11147058823529411 0.7263636363636363 0.09117647058823529 0.04
1 0.5929411764705882 0.8613636363636363 0.05764705882352941 0.03909090909090909
1 0.5 0.8638636363636364 0.04588235294117647 0.042272727272727274
1 0.39176470588235296 0.37272727272727274 0.1776470588235294 0.04
1 0.5179411764705882 0.7254545454545455 0.06647058823529411 0.03272727272727273
1 0.11941176470588236 0.6147727272727272 0.09058823529411765 0.03772727272727273
1 0.6758823529411765 0.9281818181818182 0.04470588235294118 0.038181818181818185
1 0.33176470588235296 0.8627272727272727 0.047058823529411764 0.038181818181818185
1 0.6644117647058824 0.5743181818181818 0.08058823529411764 0.031363636363636364
1 0.09705882352941177 0.41454545454545455 0.07647058823529412 0.04363636363636364
1 0.48 0.5313636363636364 0.08705882352941176 0.04090909090909091
1 0.3885294117647059 0.5734090909090909 0.17470588235294118 0.03590909090909091
1 0.49558823529411766 0.6865909090909091 0.09 0.038636363636363635
1 0.7676470588235295 0.8627272727272727 0.0611764705882353 0.03363636363636364
1 0.11176470588235295 0.5720454545454545 0.10352941176470588 0.035