1 0.38176470588235295 0.6779545454545455 0.17058823529411765 0.03409090909090909
1 0.5244117647058824 0.6795454545454546 0.10294117647058823 0.034545454545454546
1 0.7517647058823529 0.8595454545454545 0.04470588235294118 0.03727272727272727
1 0.8332352941176471 0.9259090909090909 0.04647058823529412 0.034545454545454546
1 0.4073529411764706 0.9231818181818182 0.05 0.035454545454545454
1 0.53 0.524090909090909 0.13411764705882354 0.031818181818181815
1 0.8391176470588235 0.8604545454545455 0.0488235294117647 0.03363636363636364
1 0.3720588235294118 0.605909090909091 0.14294117647058824 0.03272727272727273
1 0.6697058823529412 0.8581818181818182 0.05 0.03727272727272727
1 0.39647058823529413 0.40454545454545454 0.1811764705882353 0.031818181818181815
1 0.10882352941176471 0.6740909090909091 0.07529411764705882 0.034545454545454546
1 0.10764705882352942 0.44477272727272726 0.06470588235294118 0.028636363636363637
1 0.40176470588235297 0.7204545454545455 0.1952941176470588 0.03727272727272727
1 0.105 0.3597727272727273 0.07 0.029545454545454545
1 0.5614705882352942 0.7229545454545454 0.10411764705882352 0.03318181818181818
1 0.15441176470588236 0.9202272727272728 0.05 0.03681818181818182
1 0.31941176470588234 0.9218181818181819 0.04470588235294118 0.038181818181818185
1 0.1514705882352941 0.8518181818181818 0.051176470588235295 0.034545454545454546
1 0.3764705882352941 0.5218181818181818 0.1564705882352941 0.035454545454545454
1 0.11205882352941177 0.5154545454545455 0.06529411764705882 0.03363636363636364
1 0.5985294117647059 0.5670454545454545 0.16176470588235295 0.03409090909090909
1 0.23794117647058824 0.8529545454545454 0.0488235294117647 0.035
1 0.23558823529411765 0.9211363636363636 0.045294117647058825 0.03772727272727273
1 0.3779411764705882 0.7634090909090909 0.15941176470588236 0.03227272727272727
1 0.758235294117647 0.9254545454545454 0.05411764705882353 0.03272727272727273
1 0.31823529411764706 0.03068181818181818 0.04941176470588235 0.020454545454545454
1 0.5035294117647059 0.7631818181818182 0.08 0.03272727272727273
1 0.6235294117647059 0.44977272727272727 0.07294117647058823 0.029545454545454545
1 0.6370588235294118 0.3663636363636364 0.08352941176470588 0.03272727272727273
1 0.40588235294117647 0.8556818181818182 0.04823529411764706 0.03590909090909091
1 0.5820588235294117 0.9231818181818182 0.045294117647058825 0.038181818181818185
1 0.405 0.5647727272727273 0.2076470588235294 0.03590909090909091
1 0.523235294117647 0.6056818181818182 0.13941176470588235 0.03409090909090909
1 0.5744117647058824 0.8563636363636363 0.03823529411764706 0.038181818181818185
1 0.11294117647058824 0.5606818181818182 0.06352941176470588 0.03318181818181818
1 0.4973529411764706 0.3638636363636364 0.11235294117647059 0.035
1 0.721764705882353 0.41045454545454546 0.1 0.034545454545454546
1 0.49823529411764705 0.9231818181818182 0.05529411764705883 0.038181818181818185
1 0.5576470588235294 0.4084090909090909 0.13529411764705881 0.03318181818181818
1 0.3720588235294118 0.4490909090909091 0.13470588235294118 0.035454545454545454
1 0.10852941176470589 0.7579545454545454 0.06529411764705882 0.03318181818181818
1 0.5029411764705882 0.44931818181818184 0.08588235294117647 0.03590909090909091
1 0.49058823529411766 0.8561363636363636 0.03764705882352941 0.03772727272727273
1 0.6441176470588236 0.4090909090909091 0.02588235294117647 0.035454545454545454
1 0.36970588235294116 0.3634090909090909 0.13117647058823528 0.03681818181818182
1 0.10970588235294118 0.6038636363636364 0.060588235294117644 0.03227272727272727
1 0.6679411764705883 0.9243181818181818 0.0488235294117647 0.03590909090909091
1 0.3197058823529412 0.8525 0.04764705882352941 0.035
1 0.10558823529411765 0.7177272727272728 0.0688235294117647 0.03363636363636364
1 0.571764705882353 0.03636363636363636 0.11176470588235295 0.024545454545454544
1 0.10558823529411765 0.40454545454545454 0.06411764705882353 0.02727272727272727
1 0.5738235294117647 0.3663636363636364 0.028823529411764706 0.031818181818181815
1 0.5711764705882353 0.4506818181818182 0.02235294117647059 0.031363636363636364