1 0.3614705882352941 0.6777272727272727 0.11588235294117646 0.03727272727272727
1 0.3679411764705882 0.5204545454545455 0.12058823529411765 0.035454545454545454
1 0.7608823529411765 0.8568181818181818 0.05352941176470588 0.038181818181818185
1 0.8458823529411764 0.9286363636363636 0.05176470588235294 0.03727272727272727
1 0.5685294117647058 0.5661363636363637 0.07823529411764706 0.03318181818181818
1 0.42 0.9270454545454545 0.05176470588235294 0.03681818181818182
1 0.4717647058823529 0.5209090909090909 0.06470588235294118 0.035454545454545454
1 0.38382352941176473 0.6106818181818182 0.15588235294117647 0.035
1 0.42 0.45295454545454544 0.1952941176470588 0.03681818181818182
1 0.5044117647058823 0.6781818181818182 0.14882352941176472 0.03909090909090909
1 0.2723529411764706 0.03340909090909091 0.03176470588235294 0.020454545454545454
1 0.10470588235294118 0.6761363636363636 0.0811764705882353 0.03590909090909091
1 0.385 0.7229545454545454 0.17705882352941177 0.03772727272727273
1 0.10823529411764705 0.44636363636363635 0.09058823529411765 0.03727272727272727
1 0.15735294117647058 0.9229545454545455 0.05352941176470588 0.03772727272727273
1 0.7802941176470588 0.4552272727272727 0.09117647058823529 0.03318181818181818
1 0.3341176470588235 0.9252272727272727 0.04941176470588235 0.03772727272727273
1 0.16323529411764706 0.8554545454545455 0.05 0.038181818181818185
1 0.6182352941176471 0.7252272727272727 0.27176470588235296 0.03772727272727273
1 0.6091176470588235 0.45386363636363636 0.17 0.038636363636363635
1 0.10588235294117647 0.5195454545454545 0.07294117647058823 0.034545454545454546
1 0.24205882352941177 0.8552272727272727 0.0488235294117647 0.03681818181818182
1 0.2426470588235294 0.923409090909091 0.045294117647058825 0.038636363636363635
1 0.36617647058823527 0.7670454545454546 0.14529411764705882 0.03590909090909091
1 0.7567647058823529 0.9261363636363636 0.05941176470588235 0.03772727272727273
1 0.10882352941176471 0.36204545454545456 0.08588235294117647 0.03590909090909091
1 0.5185294117647059 0.7677272727272727 0.1652941176470588 0.03909090909090909
1 0.635 0.37136363636363634 0.03823529411764706 0.031818181818181815
1 0.4161764705882353 0.8584090909090909 0.05588235294117647 0.038636363636363635
1 0.59 0.9261363636363636 0.05647058823529412 0.03772727272727273
1 0.4164705882352941 0.5668181818181818 0.21529411764705883 0.03727272727272727
1 0.10705882352941176 0.4043181818181818 0.09176470588235294 0.03590909090909091
1 0.10676470588235294 0.5643181818181818 0.08294117647058824 0.035
1 0.5620588235294117 0.03772727272727273 0.09705882352941177 0.022727272727272728
1 0.5058823529411764 0.9265909090909091 0.06 0.03772727272727273
1 0.8482352941176471 0.8593181818181819 0.06705882352941177 0.03681818181818182
1 0.6758823529411765 0.8579545454545454 0.05764705882352941 0.03954545454545454
1 0.5441176470588235 0.37022727272727274 0.13176470588235295 0.03772727272727273
1 0.7502941176470588 0.41204545454545455 0.04176470588235294 0.03590909090909091
1 0.10205882352941177 0.7629545454545454 0.08294117647058824 0.03590909090909091
1 0.10088235294117646 0.7204545454545455 0.08294117647058824 0.03636363636363636
1 0.6988235294117647 0.3709090909090909 0.07176470588235294 0.03272727272727273
1 0.5905882352941176 0.8577272727272728 0.05529411764705883 0.04
1 0.5032352941176471 0.8570454545454546 0.05352941176470588 0.038636363636363635
1 0.6320588235294118 0.4097727272727273 0.19 0.03772727272727273
1 0.8223529411764706 0.4106818181818182 0.10705882352941176 0.03590909090909091
1 0.38323529411764706 0.3704545454545455 0.14294117647058824 0.038181818181818185
1 0.4929411764705882 0.6102272727272727 0.05764705882352941 0.03227272727272727
1 0.10676470588235294 0.6056818181818182 0.0888235294117647 0.03590909090909091
1 0.6761764705882353 0.9252272727272727 0.06294117647058824 0.038636363636363635
1 0.3323529411764706 0.8586363636363636 0.047058823529411764 0.03727272727272727
1 0.7135294117647059 0.45590909090909093 0.03529411764705882 0.04181818181818182
1 0.4194117647058824 0.4090909090909091 0.23058823529411765 0.03636363636363636