1 0.4167647058823529 0.68 0.18764705882352942 0.03727272727272727
1 0.5773529411764706 0.6822727272727273 0.07823529411764706 0.03363636363636364
1 0.7647058823529411 0.8613636363636363 0.07058823529411765 0.03636363636363636
1 0.8455882352941176 0.928409090909091 0.060588235294117644 0.04045454545454545
1 0.41323529411764703 0.9254545454545454 0.054705882352941174 0.03727272727272727
1 0.8447058823529412 0.865 0.05647058823529412 0.03727272727272727
1 0.4194117647058824 0.6175 0.2223529411764706 0.03227272727272727
1 0.425 0.7252272727272727 0.23823529411764705 0.03590909090909091
1 0.8055882352941176 0.5272727272727272 0.09352941176470589 0.03363636363636364
1 0.4235294117647059 0.41363636363636364 0.22 0.03363636363636364
1 0.10088235294117646 0.6806818181818182 0.0688235294117647 0.03318181818181818
1 0.7332352941176471 0.5331818181818182 0.031176470588235295 0.031818181818181815
1 0.10529411764705883 0.3665909090909091 0.07294117647058823 0.03409090909090909
1 0.0988235294117647 0.4475 0.07647058823529412 0.035
1 0.6026470588235294 0.7261363636363637 0.08176470588235295 0.03318181818181818
1 0.1535294117647059 0.9220454545454545 0.06235294117647059 0.03954545454545454
1 0.7920588235294118 0.5736363636363636 0.027647058823529413 0.031818181818181815
1 0.33147058823529413 0.9252272727272727 0.0688235294117647 0.03772727272727273
1 0.14794117647058824 0.8568181818181818 0.051176470588235295 0.038181818181818185
1 0.76 0.6147727272727272 0.07764705882352942 0.03227272727272727
1 0.42970588235294116 0.5256818181818181 0.22647058823529412 0.03681818181818182
1 0.09411764705882353 0.5222727272727272 0.06470588235294118 0.03363636363636364
1 0.7958823529411765 0.3743181818181818 0.08941176470588236 0.03318181818181818
1 0.24441176470588236 0.8581818181818182 0.054705882352941174 0.03636363636363636
1 0.6414705882352941 0.5261363636363636 0.13352941176470587 0.03409090909090909
1 0.245 0.9238636363636363 0.06411764705882353 0.03681818181818182
1 0.3985294117647059 0.7720454545454546 0.17705882352941177 0.03681818181818182
1 0.7652941176470588 0.9268181818181818 0.06941176470588235 0.038181818181818185
1 0.5297058823529411 0.7729545454545454 0.07 0.031363636363636364
1 0.7091176470588235 0.3729545454545454 0.039411764705882354 0.031363636363636364
1 0.6220588235294118 0.41454545454545455 0.15588235294117647 0.035454545454545454
1 0.4161764705882353 0.8581818181818182 0.05823529411764706 0.03636363636363636
1 0.5914705882352941 0.9259090909090909 0.06647058823529411 0.03727272727272727
1 0.45029411764705884 0.5706818181818182 0.2852941176470588 0.03772727272727273
1 0.5861764705882353 0.8581818181818182 0.06411764705882353 0.04
1 0.1011764705882353 0.4065909090909091 0.07882352941176471 0.03590909090909091
1 0.555 0.041363636363636366 0.0688235294117647 0.022727272727272728
1 0.7991176470588235 0.41204545454545455 0.09941176470588235 0.03590909090909091
1 0.5008823529411764 0.925 0.057058823529411766 0.038181818181818185
1 0.6752941176470588 0.86 0.06470588235294118 0.038181818181818185
1 0.5914705882352941 0.37386363636363634 0.14294117647058824 0.03681818181818182
1 0.8741176470588236 0.5736363636363636 0.10705882352941176 0.03363636363636364
1 0.3870588235294118 0.4556818181818182 0.14470588235294118 0.03590909090909091
1 0.09323529411764706 0.7656818181818181 0.07 0.03409090909090909
1 0.09588235294117647 0.7243181818181819 0.07294117647058823 0.03409090909090909
1 0.5502941176470588 0.45636363636363636 0.12529411764705883 0.03636363636363636
1 0.49441176470588233 0.8584090909090909 0.0488235294117647 0.03772727272727273
1 0.7261764705882353 0.41454545454545455 0.03470588235294118 0.03363636363636364
1 0.6070588235294118 0.6165909090909091 0.1188235294117647 0.03590909090909091
1 0.4 0.36863636363636365 0.17176470588235293 0.03727272727272727
1 0.09029411764705883 0.6088636363636364 0.06529411764705882 0.035
1 0.6729411764705883 0.9279545454545455 0.04941176470588235 0.03954545454545454
1 0.33294117647058824 0.8584090909090909 0.058823529411764705 0.03772727272727273
1 0.6947058823529412 0.5729545454545455 0.14941176470588236 0.03409090909090909
1 0.27852941176470586 0.038636363636363635 0.027647058823529413 0.025454545454545455
1 0.3226470588235294 0.03704545454545455 0.057058823529411766 0.019545454545454546
1 0.6323529411764706 0.4684090909090909 0.02235294117647059 0.023181818181818182
1 0.6982352941176471 0.4636363636363636 0.07882352941176471 0.03090909090909091
1 0.08970588235294118 0.5690909090909091 0.06411764705882353 0.02727272727272727
1 0.6973529411764706 0.6284090909090909 0.028823529411764706 0.025