1 0.4194117647058824 0.6890909090909091 0.2611764705882353 0.04181818181818182
1 0.76 0.8629545454545454 0.07058823529411765 0.04772727272727273
1 0.8520588235294118 0.9331818181818182 0.09235294117647058 0.04181818181818182
1 0.8582352941176471 0.5370454545454545 0.12588235294117647 0.03590909090909091
1 0.415 0.9343181818181818 0.0711764705882353 0.03954545454545454
1 0.8641176470588235 0.8709090909090909 0.07411764705882352 0.05090909090909091
1 0.3773529411764706 0.6222727272727273 0.16411764705882353 0.03636363636363636
1 0.41205882352941176 0.4138636363636364 0.2311764705882353 0.03954545454545454
1 0.7029411764705882 0.7375 0.02823529411764706 0.035
1 0.3938235294117647 0.7318181818181818 0.20529411764705882 0.035454545454545454
1 0.28147058823529414 0.03636363636363636 0.04647058823529412 0.03090909090909091
1 0.775 0.5454545454545454 0.03588235294117647 0.03727272727272727
1 0.10088235294117646 0.6840909090909091 0.10176470588235294 0.04181818181818182
1 0.0988235294117647 0.3663636363636364 0.09529411764705882 0.03636363636363636
1 0.1 0.4552272727272727 0.08235294117647059 0.03681818181818182
1 0.5367647058823529 0.7845454545454545 0.17588235294117646 0.034545454545454546
1 0.5929411764705882 0.7352272727272727 0.18352941176470589 0.03409090909090909
1 0.155 0.9281818181818182 0.06411764705882353 0.038181818181818185
1 0.8297058823529412 0.5822727272727273 0.15705882352941178 0.03727272727272727
1 0.32323529411764707 0.9302272727272727 0.06647058823529411 0.04045454545454545
1 0.1538235294117647 0.8613636363636363 0.0688235294117647 0.046363636363636364
1 0.7420588235294118 0.7829545454545455 0.11235294117647059 0.029545454545454545
1 0.42764705882352944 0.5313636363636364 0.2788235294117647 0.045454545454545456
1 0.08147058823529411 0.5304545454545454 0.07823529411764706 0.03636363636363636
1 0.6761764705882353 0.6236363636363637 0.08058823529411764 0.03
1 0.24588235294117647 0.8631818181818182 0.08470588235294117 0.04363636363636364
1 0.66 0.5340909090909091 0.17647058823529413 0.035454545454545454
1 0.23323529411764707 0.9322727272727273 0.05823529411764706 0.042727272727272725
1 0.36911764705882355 0.78 0.15 0.03636363636363636
1 0.7658823529411765 0.9327272727272727 0.08705882352941176 0.042727272727272725
1 0.6547058823529411 0.4652272727272727 0.08588235294117647 0.03227272727272727
1 0.6585294117647059 0.37477272727272726 0.20294117647058824 0.03954545454545454
1 0.6152941176470588 0.4175 0.18 0.038636363636363635
1 0.41147058823529414 0.8627272727272727 0.07235294117647059 0.045454545454545456
1 0.591764705882353 0.8640909090909091 0.08352941176470588 0.05
1 0.5935294117647059 0.4722727272727273 0.024705882352941175 0.03363636363636364
1 0.1011764705882353 0.4072727272727273 0.09058823529411765 0.03636363636363636
1 0.6261764705882353 0.576590909090909 0.1652941176470588 0.03590909090909091
1 0.5558823529411765 0.042727272727272725 0.09529411764705882 0.02909090909090909
1 0.83 0.4218181818181818 0.17882352941176471 0.03363636363636364
1 0.7947058823529412 0.7361363636363636 0.15294117647058825 0.038636363636363635
1 0.4985294117647059 0.9295454545454546 0.06647058823529411 0.04181818181818182
1 0.8405882352941176 0.6918181818181818 0.09058823529411765 0.035454545454545454
1 0.88 0.38431818181818184 0.16588235294117648 0.030454545454545453
1 0.6497058823529411 0.6920454545454545 0.19470588235294117 0.03681818181818182
1 0.38058823529411767 0.4640909090909091 0.17529411764705882 0.034545454545454546
1 0.1011764705882353 0.7718181818181818 0.10588235294117647 0.03909090909090909
1 0.1 0.7281818181818182 0.1011764705882353 0.03727272727272727
1 0.5244117647058824 0.4668181818181818 0.09352941176470589 0.03363636363636364
1 0.66 0.7902272727272728 0.03176470588235294 0.03772727272727273
1 0.5035294117647059 0.8647727272727272 0.08235294117647059 0.04318181818181818
1 0.615 0.6277272727272727 0.027647058823529413 0.03090909090909091
1 0.42676470588235293 0.37068181818181817 0.25470588235294117 0.04409090909090909
1 0.5305882352941177 0.6252272727272727 0.13411764705882354 0.029545454545454545
1 0.09323529411764706 0.615909090909091 0.09352941176470589 0.03909090909090909
1 0.7638235294117647 0.7006818181818182 0.0488235294117647 0.03590909090909091
1 0.08970588235294118 0.5697727272727273 0.09117647058823529 0.03772727272727273
1 0.7794117647058824 0.38386363636363635 0.042352941176470586 0.03409090909090909
1 0.7276470588235294 0.41818181818181815 0.03882352941176471 0.04090909090909091
1 0.415 0.5747727272727273 0.2511764705882353 0.03590909090909091
1 0.7385294117647059 0.5779545454545455 0.04058823529411765 0.04045454545454545
1 0.32323529411764707 0.860909090909091 0.06294117647058824 0.04363636363636364
1 0.6735294117647059 0.8643181818181818 0.07529411764705882 0.04863636363636364
1 0.591764705882353 0.9313636363636364 0.08235294117647059 0.04181818181818182
1 0.6785294117647059 0.9315909090909091 0.08764705882352941 0.04863636363636364