1 0.4108823529411765 0.6811363636363637 0.22411764705882353 0.031363636363636364
1 0.36970588235294116 0.5236363636363637 0.15470588235294117 0.02727272727272727
1 0.765 0.8547727272727272 0.06411764705882353 0.04045454545454545
1 0.8473529411764706 0.923409090909091 0.0688235294117647 0.04318181818181818
1 0.42205882352941176 0.9220454545454545 0.0688235294117647 0.038636363636363635
1 0.5291176470588236 0.5229545454545454 0.11705882352941177 0.03409090909090909
1 0.3564705882352941 0.605 0.0988235294117647 0.03363636363636364
1 0.6473529411764706 0.7620454545454546 0.07705882352941176 0.03227272727272727
1 0.3855882352941176 0.44636363636363635 0.14529411764705882 0.03636363636363636
1 0.6379411764705882 0.7177272727272728 0.031176470588235295 0.03727272727272727
1 0.4041176470588235 0.4022727272727273 0.19058823529411764 0.035454545454545454
1 0.12117647058823529 0.6790909090909091 0.06705882352941177 0.026363636363636363
1 0.11823529411764706 0.44295454545454543 0.06588235294117648 0.03227272727272727
1 0.395 0.7184090909090909 0.17941176470588235 0.03590909090909091
1 0.12 0.3618181818181818 0.06705882352941177 0.03272727272727273
1 0.5914705882352941 0.7647727272727273 0.03588235294117647 0.038636363636363635
1 0.165 0.9204545454545454 0.07352941176470588 0.04090909090909091
1 0.3338235294117647 0.9206818181818182 0.0688235294117647 0.038636363636363635
1 0.16588235294117648 0.8511363636363637 0.06941176470588235 0.04045454545454545
1 0.696764705882353 0.7197727272727272 0.07705882352941176 0.03318181818181818
1 0.25058823529411767 0.9193181818181818 0.06705882352941177 0.03954545454545454
1 0.37676470588235295 0.7609090909090909 0.14411764705882352 0.034545454545454546
1 0.7697058823529411 0.9213636363636364 0.07588235294117647 0.04181818181818182
1 0.28794117647058826 0.03090909090909091 0.04058823529411765 0.019090909090909092
1 0.5129411764705882 0.7602272727272728 0.10470588235294118 0.03227272727272727
1 0.5973529411764706 0.3693181818181818 0.14647058823529413 0.030454545454545453
1 0.5770588235294117 0.4022727272727273 0.1411764705882353 0.03636363636363636
1 0.4214705882352941 0.8552272727272727 0.06529411764705882 0.03954545454545454
1 0.5911764705882353 0.9227272727272727 0.06588235294117648 0.038181818181818185
1 0.11411764705882353 0.5679545454545455 0.05529411764705883 0.03227272727272727
1 0.3629411764705882 0.5611363636363637 0.11411764705882353 0.035
1 0.4764705882352941 0.605 0.07176470588235294 0.028181818181818183
1 0.5017647058823529 0.5643181818181818 0.08352941176470588 0.028636363636363637
1 0.5938235294117648 0.8536363636363636 0.0688235294117647 0.04090909090909091
1 0.638235294117647 0.45181818181818184 0.03058823529411765 0.03272727272727273
1 0.7385294117647059 0.4072727272727273 0.09470588235294118 0.031818181818181815
1 0.5070588235294118 0.9206818181818182 0.07058823529411765 0.04045454545454545
1 0.6797058823529412 0.8534090909090909 0.0711764705882353 0.04318181818181818
1 0.7708823529411765 0.37068181818181817 0.11823529411764706 0.03409090909090909
1 0.8017647058823529 0.6863636363636364 0.10352941176470588 0.02727272727272727
1 0.11794117647058823 0.7579545454545454 0.0688235294117647 0.026818181818181817
1 0.24794117647058825 0.8534090909090909 0.07 0.03954545454545454
1 0.5535294117647059 0.44522727272727275 0.11647058823529412 0.035
1 0.5055882352941177 0.8538636363636364 0.0688235294117647 0.04045454545454545
1 0.6720588235294118 0.4052272727272727 0.033529411764705884 0.03409090909090909
1 0.6211764705882353 0.6834090909090909 0.16 0.030454545454545453
1 0.41294117647058826 0.36227272727272725 0.20470588235294118 0.038181818181818185
1 0.5405882352941176 0.72 0.13058823529411764 0.034545454545454546
1 0.11235294117647059 0.6043181818181819 0.05764705882352941 0.03227272727272727
1 0.6823529411764706 0.9211363636363636 0.08 0.041363636363636366
1 0.33558823529411763 0.8538636363636364 0.06764705882352941 0.03954545454545454
1 0.706764705882353 0.4456818181818182 0.08176470588235295 0.03318181818181818
1 0.7226470588235294 0.6868181818181818 0.03470588235294118 0.034545454545454546
1 0.5611764705882353 0.031818181818181815 0.12 0.023636363636363636
1 0.34441176470588236 0.03340909090909091 0.06647058823529411 0.017727272727272727
1 0.691764705882353 0.38 0.029411764705882353 0.026363636363636363
1 0.4611764705882353 0.5402272727272728 0.02235294117647059 0.025
1 0.43941176470588234 0.5636363636363636 0.02823529411764706 0.03090909090909091
1 0.42470588235294116 0.6172727272727273 0.03058823529411765 0.02727272727272727
1 0.11441176470588235 0.5177272727272727 0.04647058823529412 0.03
1 0.12029411764705883 0.4015909090909091 0.060588235294117644 0.022272727272727274
1 0.11411764705882353 0.7154545454545455 0.06235294117647059 0.02181818181818182