1 0.3997058823529412 0.685 0.21941176470588236 0.042727272727272725
1 0.7544117647058823 0.8611363636363636 0.060588235294117644 0.03772727272727273
1 0.8502941176470589 0.9281818181818182 0.07352941176470588 0.03909090909090909
1 0.4041176470588235 0.9263636363636364 0.05647058823529412 0.038181818181818185
1 0.5623529411764706 0.5288636363636363 0.08 0.03772727272727273
1 0.8432352941176471 0.8631818181818182 0.0688235294117647 0.038181818181818185
1 0.3770588235294118 0.6204545454545455 0.1635294117647059 0.035454545454545454
1 0.6855882352941176 0.7843181818181818 0.09705882352941177 0.030454545454545453
1 0.6770588235294117 0.6986363636363636 0.03529411764705882 0.03090909090909091
1 0.4097058823529412 0.7286363636363636 0.23352941176470587 0.038181818181818185
1 0.4067647058823529 0.4134090909090909 0.23 0.04409090909090909
1 0.10352941176470588 0.6777272727272727 0.07529411764705882 0.035454545454545454
1 0.1038235294117647 0.4490909090909091 0.08647058823529412 0.038181818181818185
1 0.1497058823529412 0.9306818181818182 0.057058823529411766 0.03954545454545454
1 0.7508823529411764 0.7347727272727272 0.03588235294117647 0.03954545454545454
1 0.32794117647058824 0.9272727272727272 0.05941176470588235 0.03727272727272727
1 0.14735294117647058 0.86 0.05941176470588235 0.03909090909090909
1 0.595 0.46636363636363637 0.031176470588235295 0.03363636363636364
1 0.3991176470588235 0.5275 0.21235294117647058 0.045
1 0.09970588235294117 0.5222727272727272 0.08294117647058824 0.03636363636363636
1 0.6308823529411764 0.730909090909091 0.19470588235294117 0.03636363636363636
1 0.30617647058823527 0.03590909090909091 0.033529411764705884 0.02181818181818182
1 0.2338235294117647 0.8613636363636363 0.05 0.038181818181818185
1 0.24 0.9261363636363636 0.0611764705882353 0.03681818181818182
1 0.3770588235294118 0.7775 0.16941176470588235 0.03772727272727273
1 0.7555882352941177 0.9272727272727272 0.06411764705882353 0.03909090909090909
1 0.10264705882352941 0.36704545454545456 0.08294117647058824 0.03590909090909091
1 0.5285294117647059 0.7809090909090909 0.11352941176470588 0.031818181818181815
1 0.6673529411764706 0.3809090909090909 0.03235294117647059 0.031818181818181815
1 0.6123529411764705 0.4143181818181818 0.17058823529411765 0.04409090909090909
1 0.41058823529411764 0.86 0.06 0.03909090909090909
1 0.5844117647058824 0.928409090909091 0.060588235294117644 0.03772727272727273
1 0.10176470588235294 0.5675 0.08470588235294117 0.03772727272727273
1 0.41441176470588237 0.5711363636363637 0.24294117647058824 0.042272727272727274
1 0.5888235294117647 0.860909090909091 0.06941176470588235 0.038181818181818185
1 0.10411764705882352 0.4068181818181818 0.08941176470588236 0.038181818181818185
1 0.6038235294117648 0.5729545454545455 0.12176470588235294 0.04045454545454545
1 0.5435294117647059 0.038636363636363635 0.06470588235294118 0.02090909090909091
1 0.8173529411764706 0.41409090909090907 0.13470588235294118 0.03909090909090909
1 0.4970588235294118 0.928409090909091 0.06588235294117648 0.038636363636363635
1 0.6638235294117647 0.8606818181818182 0.051176470588235295 0.03954545454545454
1 0.5726470588235294 0.3756818181818182 0.13470588235294118 0.03590909090909091
1 0.8497058823529412 0.7315909090909091 0.14176470588235293 0.03772727272727273
1 0.3776470588235294 0.4590909090909091 0.14470588235294118 0.04
1 0.10705882352941176 0.7675 0.07882352941176471 0.03590909090909091
1 0.1038235294117647 0.7213636363636363 0.08058823529411764 0.03727272727272727
1 0.7479411764705882 0.38113636363636366 0.10058823529411764 0.028636363636363637
1 0.5185294117647059 0.4618181818181818 0.11235294117647059 0.03272727272727273
1 0.6135294117647059 0.7859090909090909 0.027058823529411764 0.034545454545454546
1 0.4958823529411765 0.860909090909091 0.06352941176470588 0.038181818181818185
1 0.6564705882352941 0.4636363636363636 0.08470588235294117 0.034545454545454546
1 0.5838235294117647 0.6902272727272727 0.13352941176470587 0.03590909090909091
1 0.39294117647058824 0.37022727272727274 0.1988235294117647 0.04045454545454545
1 0.5105882352941177 0.6184090909090909 0.07882352941176471 0.03318181818181818
1 0.10294117647058823 0.6061363636363636 0.08588235294117647 0.03772727272727273
1 0.6691176470588235 0.9281818181818182 0.05941176470588235 0.03909090909090909
1 0.3235294117647059 0.8586363636363636 0.05411764705882353 0.038181818181818185
1 0.7705882352941177 0.6913636363636364 0.13058823529411764 0.034545454545454546
1 0.7261764705882353 0.4152272727272727 0.04411764705882353 0.04318181818181818