1 0.7547058823529412 0.8622727272727273 0.06 0.038181818181818185
1 0.851764705882353 0.9277272727272727 0.06705882352941177 0.038181818181818185
1 0.5141176470588236 0.5713636363636364 0.12 0.034545454545454546
1 0.41294117647058826 0.9277272727272727 0.06352941176470588 0.03727272727272727
1 0.5211764705882352 0.5306818181818181 0.11411764705882353 0.03681818181818182
1 0.3611764705882353 0.6106818181818182 0.10823529411764705 0.035
1 0.6558823529411765 0.7688636363636364 0.09058823529411765 0.029545454545454545
1 0.3985294117647059 0.6845454545454546 0.2088235294117647 0.03363636363636364
1 0.69 0.6870454545454545 0.04 0.03318181818181818
1 0.4067647058823529 0.7252272727272727 0.22058823529411764 0.03681818181818182
1 0.35764705882352943 0.4093181818181818 0.1223529411764706 0.03681818181818182
1 0.10617647058823529 0.6818181818181818 0.07941176470588235 0.034545454545454546
1 0.10676470588235294 0.36318181818181816 0.0711764705882353 0.034545454545454546
1 0.10941176470588235 0.4509090909090909 0.07058823529411765 0.035454545454545454
1 0.14735294117647058 0.9236363636363636 0.051176470588235295 0.03909090909090909
1 0.7985294117647059 0.7245454545454545 0.12058823529411765 0.034545454545454546
1 0.32529411764705884 0.9261363636363636 0.05529411764705883 0.03772727272727273
1 0.14941176470588236 0.8579545454545454 0.05058823529411765 0.038636363636363635
1 0.3552941176470588 0.5272727272727272 0.11529411764705882 0.03636363636363636
1 0.10323529411764706 0.5234090909090909 0.06294117647058824 0.03318181818181818
1 0.6126470588235294 0.725909090909091 0.18058823529411766 0.03636363636363636
1 0.2388235294117647 0.8572727272727273 0.052941176470588235 0.035454545454545454
1 0.24205882352941177 0.9247727272727273 0.05941176470588235 0.03681818181818182
1 0.3720588235294118 0.7675 0.1476470588235294 0.035
1 0.7626470588235295 0.9272727272727272 0.06764705882352941 0.03727272727272727
1 0.5161764705882353 0.7659090909090909 0.12764705882352942 0.034545454545454546
1 0.4126470588235294 0.8590909090909091 0.057058823529411766 0.03727272727272727
1 0.5808823529411765 0.9275 0.051176470588235295 0.03590909090909091
1 0.3735294117647059 0.5697727272727273 0.15411764705882353 0.03772727272727273
1 0.46852941176470586 0.6088636363636364 0.10058823529411764 0.03318181818181818
1 0.47411764705882353 0.4536363636363636 0.13411764705882354 0.03636363636363636
1 0.5826470588235294 0.8606818181818182 0.057058823529411766 0.038636363636363635
1 0.10441176470588236 0.4072727272727273 0.06764705882352941 0.034545454545454546
1 0.10558823529411765 0.5668181818181818 0.06764705882352941 0.034545454545454546
1 0.5455882352941176 0.03909090909090909 0.07470588235294118 0.02090909090909091
1 0.49441176470588233 0.9288636363636363 0.057058823529411766 0.03772727272727273
1 0.8385294117647059 0.8622727272727273 0.05823529411764706 0.035454545454545454
1 0.6702941176470588 0.8622727272727273 0.05235294117647059 0.03727272727272727
1 0.5141176470588236 0.3709090909090909 0.1623529411764706 0.03727272727272727
1 0.3452941176470588 0.4511363636363636 0.09411764705882353 0.03590909090909091
1 0.09382352941176471 0.7652272727272728 0.07588235294117647 0.035
1 0.09794117647058824 0.7190909090909091 0.07705882352941176 0.035454545454545454
1 0.5058823529411764 0.40954545454545455 0.16588235294117648 0.038181818181818185
1 0.59 0.7693181818181818 0.03294117647058824 0.03409090909090909
1 0.49411764705882355 0.8579545454545454 0.04823529411764706 0.03772727272727273
1 0.5841176470588235 0.6872727272727273 0.12470588235294118 0.035454545454545454
1 0.35764705882352943 0.37022727272727274 0.1223529411764706 0.03590909090909091
1 0.10235294117647059 0.6088636363636364 0.07058823529411765 0.035
1 0.67 0.9272727272727272 0.05764705882352941 0.03727272727272727
1 0.32823529411764707 0.8565909090909091 0.05529411764705883 0.03590909090909091
1 0.7747058823529411 0.6854545454545454 0.10823529411764705 0.034545454545454546
1 0.7229411764705882 0.7293181818181819 0.03411764705882353 0.03409090909090909
1 0.26235294117647057 0.035454545454545454 0.027058823529411764 0.02727272727272727
1 0.3123529411764706 0.03613636363636363 0.07058823529411765 0.02590909090909091