1 0.36617647058823527 0.7186363636363636 0.12764705882352942 0.03636363636363636
1 0.7661764705882353 0.8579545454545454 0.05235294117647059 0.035
1 0.8508823529411764 0.9259090909090909 0.060588235294117644 0.03727272727272727
1 0.4976470588235294 0.5693181818181818 0.0811764705882353 0.03227272727272727
1 0.4979411764705882 0.5206818181818181 0.08647058823529412 0.03318181818181818
1 0.375 0.6095454545454545 0.1323529411764706 0.03363636363636364
1 0.6791176470588235 0.8565909090909091 0.051176470588235295 0.03590909090909091
1 0.4244117647058824 0.4093181818181818 0.2323529411764706 0.030454545454545453
1 0.4235294117647059 0.9236363636363636 0.06235294117647059 0.03727272727272727
1 0.11294117647058824 0.6836363636363636 0.07176470588235294 0.03363636363636364
1 0.1011764705882353 0.37 0.07764705882352942 0.034545454545454546
1 0.1011764705882353 0.45590909090909093 0.07882352941176471 0.03636363636363636
1 0.6055882352941176 0.7684090909090909 0.06411764705882353 0.03409090909090909
1 0.1564705882352941 0.9252272727272727 0.05176470588235294 0.03681818181818182
1 0.33705882352941174 0.9275 0.06588235294117648 0.03590909090909091
1 0.17029411764705882 0.8584090909090909 0.0688235294117647 0.03681818181818182
1 0.37941176470588234 0.5225 0.14470588235294118 0.035
1 0.09676470588235295 0.5261363636363636 0.07470588235294118 0.035
1 0.6641176470588235 0.7211363636363637 0.06352941176470588 0.030454545454545453
1 0.2464705882352941 0.8593181818181819 0.04941176470588235 0.03590909090909091
1 0.24970588235294117 0.9288636363636363 0.06294117647058824 0.03590909090909091
1 0.3538235294117647 0.7684090909090909 0.10294117647058823 0.03772727272727273
1 0.7658823529411765 0.9252272727272727 0.06470588235294118 0.03590909090909091
1 0.2838235294117647 0.03909090909090909 0.031176470588235295 0.023636363636363636
1 0.5947058823529412 0.4118181818181818 0.10235294117647059 0.035454545454545454
1 0.5832352941176471 0.36977272727272725 0.09235294117647058 0.035
1 0.4158823529411765 0.36977272727272725 0.21294117647058824 0.03681818181818182
1 0.42323529411764704 0.8584090909090909 0.054705882352941174 0.03772727272727273
1 0.595 0.9256818181818182 0.061764705882352944 0.03590909090909091
1 0.3776470588235294 0.5640909090909091 0.15294117647058825 0.04181818181818182
1 0.4788235294117647 0.6097727272727272 0.07882352941176471 0.03227272727272727
1 0.10147058823529412 0.4106818181818182 0.08294117647058824 0.03590909090909091
1 0.558235294117647 0.038181818181818185 0.11058823529411765 0.02090909090909091
1 0.5044117647058823 0.9247727272727273 0.054705882352941174 0.03772727272727273
1 0.8497058823529412 0.8570454545454546 0.057058823529411766 0.03590909090909091
1 0.10852941176470589 0.7693181818181818 0.0688235294117647 0.03227272727272727
1 0.10764705882352942 0.7281818181818182 0.07294117647058823 0.04090909090909091
1 0.525 0.45227272727272727 0.08176470588235295 0.03363636363636364
1 0.5973529411764706 0.8595454545454545 0.06647058823529411 0.038181818181818185
1 0.5141176470588236 0.86 0.0611764705882353 0.03636363636363636
1 0.518235294117647 0.7181818181818181 0.1623529411764706 0.03636363636363636
1 0.10764705882352942 0.6075 0.07764705882352942 0.03409090909090909
1 0.6808823529411765 0.9265909090909091 0.061764705882352944 0.03590909090909091
1 0.335 0.8604545454545455 0.057058823529411766 0.03636363636363636
1 0.39323529411764707 0.45386363636363636 0.17705882352941177 0.031363636363636364
1 0.10617647058823529 0.5697727272727273 0.08647058823529412 0.03590909090909091
1 0.4761764705882353 0.7702272727272728 0.13941176470588235 0.03590909090909091
1 0.5597058823529412 0.7695454545454545 0.022941176470588236 0.04181818181818182
1 0.6164705882352941 0.7234090909090909 0.02823529411764706 0.03681818181818182
1 0.32382352941176473 0.042045454545454546 0.04176470588235294 0.018636363636363635