1 0.39752650176678445 0.7065514103730665 0.1684334511189635 0.040036396724294813
1 0.5247349823321554 0.7076888080072793 0.06949352179034157 0.03503184713375796
1 0.7606007067137809 0.8771610555050046 0.04888103651354535 0.040036396724294813
1 0.8421672555948174 0.9410828025477707 0.050647820965842166 0.03867151956323931
1 0.42343934040047115 0.9440400363967243 0.04240282685512368 0.0373066424021838
1 0.37161366313309774 0.640582347588717 0.12131919905771496 0.036396724294813464
1 0.43374558303886923 0.43926296633303 0.032391048292108364 0.03230209281164695
1 0.673733804475854 0.8764786169244768 0.048292108362779744 0.03867151956323931
1 0.38663133097762076 0.7916287534121929 0.14075382803297998 0.036396724294813464
1 0.3674911660777385 0.43789808917197454 0.0989399293286219 0.034121929026387623
1 0.10276796230859835 0.704049135577798 0.06419316843345112 0.03776160145586897
1 0.10394581861012957 0.4786169244767971 0.044169611307420496 0.03366696997270246
1 0.39782096584216725 0.7488626023657871 0.15842167255594816 0.034576888080072796
1 0.6666666666666666 0.5934940855323021 0.0624263839811543 0.03230209281164695
1 0.10100117785630153 0.39422202001819834 0.05005889281507656 0.036851683348498636
1 0.5706713780918727 0.6408098271155596 0.027090694935217905 0.0359417652411283
1 0.16990577149587752 0.9451774340309372 0.04652532391048292 0.03867151956323931
1 0.3380447585394582 0.9444949954504095 0.0447585394581861 0.036396724294813464
1 0.16489988221436985 0.87852593266606 0.043580683156654886 0.03821656050955414
1 0.3869257950530035 0.5493630573248408 0.13663133097762073 0.04049135577797998
1 0.10217903415783275 0.5520928116469518 0.06065959952885748 0.03503184713375796
1 0.6183745583038869 0.6371701546860783 0.06007067137809187 0.0359417652411283
1 0.25294464075382805 0.87852593266606 0.04534746760895171 0.0373066424021838
1 0.6142520612485277 0.5934940855323021 0.02591283863368669 0.03230209281164695
1 0.25294464075382805 0.944722474977252 0.04299175500588928 0.036851683348498636
1 0.7620730270906949 0.9417652411282984 0.048292108362779744 0.03821656050955414
1 0.3244994110718492 0.06778889899909009 0.04004711425206125 0.025477707006369428
1 0.5002944640753828 0.793221110100091 0.0535924617196702 0.033212010919017286
1 0.5111896348645465 0.39695177434030937 0.07773851590106007 0.0359417652411283
1 0.4255005889281508 0.8778434940855323 0.04652532391048292 0.036851683348498636
1 0.5895170789163722 0.943130118289354 0.043580683156654886 0.0373066424021838
1 0.3875147232037691 0.5925841674249318 0.143698468786808 0.0359417652411283
1 0.5362190812720848 0.5491355777979982 0.14546525323910484 0.04094631483166515
1 0.49469964664310956 0.6364877161055505 0.11189634864546526 0.03366696997270246
1 0.42402826855123676 0.4858962693357598 0.03415783274440518 0.0373066424021838
1 0.5851001177856302 0.8778434940855323 0.04299175500588928 0.03776160145586897
1 0.0986454652532391 0.4351683348498635 0.04534746760895171 0.03503184713375796
1 0.10159010600706714 0.5934940855323021 0.06419316843345112 0.034121929026387623
1 0.5544758539458187 0.06710646041856233 0.04299175500588928 0.02502274795268426
1 0.697585394581861 0.5518653321201092 0.07361601884570082 0.03366696997270246
1 0.5126619552414605 0.9440400363967243 0.04534746760895171 0.03821656050955414
1 0.8409893992932862 0.8753412192902639 0.0447585394581861 0.036396724294813464
1 0.3624852767962309 0.4813466787989081 0.09010600706713781 0.03548680618744313
1 0.10129564193168433 0.7927661510464058 0.05771495877502945 0.03503184713375796
1 0.48881036513545345 0.43994540491355777 0.07656065959952886 0.030937215650591446
1 0.4997055359246172 0.8776160145586898 0.04181389870435807 0.0373066424021838
1 0.6354534746760895 0.5539126478616925 0.04004711425206125 0.04049135577797998
1 0.532979976442874 0.5925841674249318 0.12603062426383982 0.033212010919017286
1 0.44228504122497053 0.3980891719745223 0.04240282685512368 0.04094631483166515
1 0.5191401648998822 0.7493175614194723 0.05712603062426384 0.03184713375796178
1 0.10041224970553593 0.6328480436760692 0.059481743227326266 0.03275705186533212
1 0.6769729093050648 0.9419927206551411 0.04534746760895171 0.03776160145586897
1 0.3380447585394582 0.87852593266606 0.04711425206124853 0.0373066424021838
1 0.37161366313309774 0.3937670609645132 0.10836277974087162 0.041401273885350316
1 0.10276796230859835 0.7488626023657871 0.06065959952885748 0.034576888080072796
1 0.4732037691401649 0.482484076433121 0.06419316843345112 0.03503184713375796