1 0.4098939929328622 0.7025547445255474 0.1413427561837456 0.04105839416058394
1 0.44758539458186103 0.4340784671532847 0.15665488810365136 0.03604014598540146
1 0.7582449941107184 0.8800182481751825 0.07008244994110718 0.04562043795620438
1 0.8465842167255595 0.9534671532846716 0.06890459363957598 0.06386861313868614
1 0.8424617196702002 0.8734032846715328 0.06537102473498234 0.04151459854014598
1 0.44758539458186103 0.4739963503649635 0.127208480565371 0.035583941605839414
1 0.41872791519434627 0.7887773722627737 0.11425206124852769 0.03832116788321168
1 0.40636042402826855 0.38891423357664234 0.1684334511189635 0.04242700729927007
1 0.7131919905771495 0.5444799270072993 0.0977620730270907 0.04333941605839416
1 0.11219081272084806 0.7034671532846716 0.0712603062426384 0.03375912408759124
1 0.10924617196702002 0.47582116788321166 0.059481743227326266 0.032846715328467155
1 0.44110718492343937 0.7463503649635036 0.14016489988221437 0.03923357664233577
1 0.6319199057714959 0.6322992700729927 0.08480565371024736 0.03375912408759124
1 0.15518256772673733 0.948220802919708 0.052414605418138985 0.0406021897810219
1 0.7343934040047114 0.6334397810218978 0.05889281507656066 0.0333029197080292
1 0.411660777385159 0.9416058394160584 0.05535924617196702 0.04105839416058394
1 0.16195524146054183 0.8734032846715328 0.061248527679623084 0.038777372262773724
1 0.6908127208480566 0.6395985401459854 0.028268551236749116 0.037408759124087594
1 0.11307420494699646 0.5467609489051095 0.0636042402826855 0.034215328467153285
1 0.23763250883392226 0.8813868613138686 0.052414605418138985 0.04105839416058394
1 0.23822143698468787 0.9411496350364964 0.04770318021201413 0.04105839416058394
1 0.7585394581861012 0.9402372262773723 0.0706713780918728 0.05200729927007299
1 0.10394581861012957 0.3927919708029197 0.061837455830388695 0.0364963503649635
1 0.5453474676089517 0.7869525547445255 0.1354534746760895 0.03375912408759124
1 0.6507656065959952 0.4717153284671533 0.06713780918727916 0.032846715328467155
1 0.6145465253239105 0.40077554744525545 0.030035335689045935 0.04333941605839416
1 0.5503533568904594 0.3891423357664234 0.10541813898704358 0.041970802919708027
1 0.41401648998822144 0.8772810218978102 0.061248527679623084 0.041970802919708027
1 0.5856890459363958 0.9416058394160584 0.06065959952885748 0.046532846715328466
1 0.45259128386336867 0.593521897810219 0.15371024734982333 0.040145985401459854
1 0.5683156654888104 0.5428832116788321 0.13074204946996468 0.04288321167883212
1 0.5191401648998822 0.6384580291970803 0.12661955241460543 0.034215328467153285
1 0.5759717314487632 0.8809306569343066 0.05771495877502945 0.04927007299270073
1 0.10247349823321555 0.43316605839416056 0.05535924617196702 0.034215328467153285
1 0.11160188457008245 0.5891879562043796 0.06654888103651355 0.0333029197080292
1 0.6101295641931684 0.4771897810218978 0.027090694935217905 0.035583941605839414
1 0.6333922261484098 0.43886861313868614 0.01707891637220259 0.020985401459854013
1 0.6778563015312132 0.43316605839416056 0.071849234393404 0.031478102189781025
1 0.4988221436984688 0.9418339416058394 0.061248527679623084 0.04242700729927007
1 0.6731448763250883 0.8727189781021898 0.06831566548881036 0.046532846715328466
1 0.5750883392226148 0.4333941605839416 0.09952885747938751 0.03467153284671533
1 0.6769729093050648 0.38891423357664234 0.08539458186101295 0.038777372262773724
1 0.5742049469964664 0.7041514598540146 0.18492343934040048 0.04151459854014598
1 0.4178445229681979 0.5415145985401459 0.15488810365135453 0.06113138686131387
1 0.11071849234393404 0.7855839416058394 0.06478209658421673 0.032846715328467155
1 0.5571260306242638 0.4719434306569343 0.08598351001177856 0.0333029197080292
1 0.5983510011778563 0.7429288321167883 0.15901060070671377 0.03512773722627737
1 0.4958775029446408 0.884808394160584 0.053003533568904596 0.05155109489051095
1 0.5880447585394581 0.5948905109489051 0.0983510011778563 0.02645985401459854
1 0.10512367491166077 0.6325273722627737 0.06537102473498234 0.0333029197080292
1 0.6651943462897526 0.9457116788321168 0.0535924617196702 0.04744525547445255
1 0.3303886925795053 0.8811587591240876 0.071849234393404 0.04333941605839416
1 0.7087750294464076 0.593521897810219 0.08775029446407538 0.025547445255474453
1 0.11189634864546526 0.7488594890510949 0.0636042402826855 0.0333029197080292
1 0.6489988221436984 0.5615875912408759 0.024734982332155476 0.035583941605839414
1 0.6472320376914017 0.5967153284671532 0.015312131919905771 0.020072992700729927
1 0.3168433451118963 0.9438868613138686 0.0447585394581861 0.04562043795620438