1 0.41411764705882353 0.6856818181818182 0.22470588235294117 0.038636363636363635
1 0.42411764705882354 0.4097727272727273 0.23647058823529413 0.030454545454545453
1 0.77 0.8620454545454546 0.07411764705882352 0.03954545454545454
1 0.855 0.8627272727272727 0.07470588235294118 0.04090909090909091
1 0.5752941176470588 0.6125 0.1411764705882353 0.03409090909090909
1 0.5991176470588235 0.5272727272727272 0.15 0.035454545454545454
1 0.7891176470588235 0.7756818181818181 0.07352941176470588 0.03409090909090909
1 0.4011764705882353 0.6095454545454545 0.19058823529411764 0.03
1 0.7182352941176471 0.7836363636363637 0.03294117647058824 0.03727272727272727
1 0.3938235294117647 0.455 0.17588235294117646 0.03363636363636364
1 0.7329411764705882 0.6934090909090909 0.04823529411764706 0.03590909090909091
1 0.43823529411764706 0.7286363636363636 0.26705882352941174 0.038181818181818185
1 0.7741176470588236 0.53 0.06941176470588235 0.028181818181818183
1 0.10705882352941176 0.6840909090909091 0.08941176470588236 0.035454545454545454
1 0.10911764705882353 0.37136363636363634 0.09352941176470589 0.03636363636363636
1 0.0988235294117647 0.45136363636363636 0.08588235294117647 0.03636363636363636
1 0.6767647058823529 0.7325 0.19117647058823528 0.03227272727272727
1 0.15529411764705883 0.9231818181818182 0.0611764705882353 0.04090909090909091
1 0.8126470588235294 0.5752272727272727 0.07941176470588235 0.031363636363636364
1 0.33676470588235297 0.860909090909091 0.07588235294117647 0.04090909090909091
1 0.16588235294117648 0.8595454545454545 0.08235294117647059 0.04
1 0.4138235294117647 0.5261363636363636 0.21705882352941178 0.035
1 0.11029411764705882 0.5254545454545455 0.09117647058823529 0.034545454545454546
1 0.6658823529411765 0.6188636363636364 0.03411764705882353 0.028636363636363637
1 0.24352941176470588 0.855909090909091 0.05764705882352941 0.04
1 0.25029411764705883 0.9247727272727273 0.07470588235294118 0.03954545454545454
1 0.41147058823529414 0.7736363636363637 0.2088235294117647 0.03636363636363636
1 0.7623529411764706 0.9290909090909091 0.06352941176470588 0.04181818181818182
1 0.6279411764705882 0.41204545454545455 0.14294117647058824 0.030454545454545453
1 0.42470588235294116 0.8618181818181818 0.0811764705882353 0.03909090909090909
1 0.5938235294117648 0.8611363636363636 0.07 0.04045454545454545
1 0.10705882352941176 0.5684090909090909 0.08823529411764706 0.03318181818181818
1 0.4320588235294118 0.5681818181818182 0.2488235294117647 0.03636363636363636
1 0.616764705882353 0.7763636363636364 0.15941176470588236 0.035454545454545454
1 0.10294117647058823 0.4131818181818182 0.08352941176470588 0.034545454545454546
1 0.6438235294117647 0.5734090909090909 0.1652941176470588 0.03227272727272727
1 0.5661764705882353 0.03840909090909091 0.10647058823529412 0.021363636363636362
1 0.75 0.5756818181818182 0.03529411764705882 0.035
1 0.513235294117647 0.8620454545454546 0.08411764705882353 0.04045454545454545
1 0.8058823529411765 0.6895454545454546 0.09176470588235294 0.034545454545454546
1 0.5785294117647058 0.3715909090909091 0.13705882352941176 0.038636363636363635
1 0.6194117647058823 0.6895454545454546 0.16941176470588235 0.038181818181818185
1 0.8579411764705882 0.735 0.09 0.034545454545454546
1 0.10235294117647059 0.7665909090909091 0.09294117647058824 0.03681818181818182
1 0.10352941176470588 0.7272727272727273 0.09294117647058824 0.03727272727272727
1 0.5397058823529411 0.45590909090909093 0.09941176470588235 0.03272727272727273
1 0.7108823529411765 0.5318181818181819 0.045294117647058825 0.034545454545454546
1 0.4023529411764706 0.37204545454545457 0.1976470588235294 0.038636363636363635
1 0.10941176470588235 0.6104545454545455 0.09411764705882353 0.03636363636363636
1 0.6797058823529412 0.8640909090909091 0.06529411764705882 0.04
1 0.7264705882352941 0.6168181818181818 0.06823529411764706 0.03090909090909091
1 0.31470588235294117 0.03431818181818182 0.03882352941176471 0.02409090909090909
1 0.7944117647058824 0.7329545454545454 0.03470588235294118 0.03772727272727273
1 0.4111764705882353 0.9279545454545455 0.052941176470588235 0.04045454545454545