1 0.4323529411764706 0.72 0.2635294117647059 0.04090909090909091
1 0.4535294117647059 0.40454545454545454 0.30117647058823527 0.034545454545454546
1 0.7661764705882353 0.8590909090909091 0.061764705882352944 0.038181818181818185
1 0.8476470588235294 0.9281818181818182 0.05411764705882353 0.04
1 0.5267647058823529 0.6111363636363636 0.09705882352941177 0.03318181818181818
1 0.4126470588235294 0.9254545454545454 0.04764705882352941 0.03727272727272727
1 0.8488235294117648 0.8593181818181819 0.05764705882352941 0.038636363636363635
1 0.37029411764705883 0.6102272727272727 0.1264705882352941 0.035
1 0.39794117647058824 0.4490909090909091 0.19 0.038181818181818185
1 0.6788235294117647 0.7261363636363637 0.20588235294117646 0.045909090909090906
1 0.7935294117647059 0.4047727272727273 0.036470588235294116 0.04045454545454545
1 0.09323529411764706 0.6820454545454545 0.07941176470588235 0.038636363636363635
1 0.10558823529411765 0.4440909090909091 0.09235294117647058 0.038181818181818185
1 0.5067647058823529 0.8570454545454546 0.061764705882352944 0.04045454545454545
1 0.14852941176470588 0.9238636363636363 0.0488235294117647 0.04045454545454545
1 0.3305882352941176 0.9240909090909091 0.06352941176470588 0.03909090909090909
1 0.15676470588235294 0.8556818181818182 0.05352941176470588 0.03954545454545454
1 0.7094117647058824 0.7713636363636364 0.06941176470588235 0.03090909090909091
1 0.105 0.5193181818181818 0.07235294117647059 0.04045454545454545
1 0.2461764705882353 0.8568181818181818 0.05823529411764706 0.03909090909090909
1 0.24411764705882352 0.9236363636363636 0.05647058823529412 0.038181818181818185
1 0.3988235294117647 0.7693181818181818 0.18941176470588236 0.03590909090909091
1 0.7679411764705882 0.9265909090909091 0.0688235294117647 0.03772727272727273
1 0.10470588235294118 0.3640909090909091 0.08235294117647059 0.03727272727272727
1 0.57 0.7686363636363637 0.11647058823529412 0.03363636363636364
1 0.6679411764705883 0.4661363636363636 0.031176470588235295 0.035
1 0.6888235294117647 0.40795454545454546 0.16588235294117648 0.03772727272727273
1 0.41852941176470587 0.8590909090909091 0.05941176470588235 0.03909090909090909
1 0.5902941176470589 0.9272727272727272 0.05588235294117647 0.03727272727272727
1 0.4229411764705882 0.5645454545454546 0.22823529411764706 0.038181818181818185
1 0.5711764705882353 0.5615909090909091 0.03058823529411765 0.03681818181818182
1 0.4561764705882353 0.6179545454545454 0.027647058823529413 0.03954545454545454
1 0.5914705882352941 0.8572727272727273 0.05823529411764706 0.038181818181818185
1 0.10558823529411765 0.40204545454545454 0.09823529411764706 0.038636363636363635
1 0.10205882352941177 0.5631818181818182 0.07235294117647059 0.04
1 0.7244117647058823 0.45386363636363636 0.061764705882352944 0.03227272727272727
1 0.5 0.9256818181818182 0.06352941176470588 0.03772727272727273
1 0.6770588235294117 0.8575 0.05647058823529412 0.03954545454545454
1 0.8729411764705882 0.7243181818181819 0.08941176470588236 0.03681818181818182
1 0.10647058823529412 0.7625 0.08941176470588236 0.03681818181818182
1 0.10235294117647059 0.7256818181818182 0.08941176470588236 0.038636363636363635
1 0.5720588235294117 0.4511363636363636 0.12529411764705883 0.03772727272727273
1 0.6579411764705883 0.7763636363636364 0.03235294117647059 0.03909090909090909
1 0.8791176470588236 0.4068181818181818 0.12294117647058823 0.038181818181818185
1 0.09823529411764706 0.6052272727272727 0.06941176470588235 0.03954545454545454
1 0.6747058823529412 0.9247727272727273 0.052941176470588235 0.04045454545454545
1 0.3332352941176471 0.8579545454545454 0.057058823529411766 0.03954545454545454
1 0.6705882352941176 0.5654545454545454 0.15058823529411763 0.038181818181818185
1 0.3 0.03409090909090909 0.04823529411764706 0.031818181818181815
1 0.5652941176470588 0.04045454545454545 0.09058823529411765 0.03636363636363636
1 0.8085294117647058 0.7284090909090909 0.03705882352941176 0.04772727272727273