1 0.415 0.6831818181818182 0.22764705882352942 0.038181818181818185
1 0.7511764705882353 0.8618181818181818 0.05058823529411765 0.035454545454545454
1 0.8455882352941176 0.9279545454545455 0.061764705882352944 0.03772727272727273
1 0.5458823529411765 0.5702272727272727 0.14 0.03409090909090909
1 0.40794117647058825 0.9268181818181818 0.05235294117647059 0.03636363636363636
1 0.5276470588235294 0.5272727272727272 0.12588235294117647 0.03636363636363636
1 0.8364705882352941 0.8640909090909091 0.05058823529411765 0.03636363636363636
1 0.3685294117647059 0.6125 0.15 0.03318181818181818
1 0.6367647058823529 0.7711363636363636 0.09588235294117647 0.03227272727272727
1 0.6455882352941177 0.6875 0.03705882352941176 0.03318181818181818
1 0.38794117647058823 0.7238636363636364 0.18058823529411766 0.03590909090909091
1 0.40294117647058825 0.4143181818181818 0.1952941176470588 0.031363636363636364
1 0.09176470588235294 0.6770454545454545 0.07176470588235294 0.03590909090909091
1 0.1 0.44886363636363635 0.08235294117647059 0.03681818181818182
1 0.6679411764705883 0.5320454545454546 0.07705882352941176 0.03318181818181818
1 0.1111764705882353 0.365 0.09411764705882353 0.03727272727272727
1 0.5035294117647059 0.7704545454545455 0.07529411764705882 0.03363636363636364
1 0.5864705882352941 0.725909090909091 0.029411764705882353 0.031818181818181815
1 0.14735294117647058 0.9240909090909091 0.04764705882352941 0.03727272727272727
1 0.33029411764705885 0.9268181818181818 0.04764705882352941 0.03636363636363636
1 0.15088235294117647 0.8575 0.04647058823529412 0.03772727272727273
1 0.6511764705882352 0.7272727272727273 0.1 0.03272727272727273
1 0.37529411764705883 0.524090909090909 0.15058823529411763 0.03636363636363636
1 0.09676470588235295 0.5204545454545455 0.07705882352941176 0.035454545454545454
1 0.6458823529411765 0.6136363636363636 0.07647058823529412 0.03090909090909091
1 0.615 0.5318181818181819 0.03235294117647059 0.031818181818181815
1 0.2376470588235294 0.9256818181818182 0.04470588235294118 0.03590909090909091
1 0.3770588235294118 0.7702272727272728 0.16588235294117648 0.03318181818181818
1 0.755 0.9279545454545455 0.05 0.03772727272727273
1 0.6155882352941177 0.37477272727272726 0.033529411764705884 0.031363636363636364
1 0.59 0.4193181818181818 0.16823529411764707 0.03227272727272727
1 0.41352941176470587 0.8620454545454546 0.04588235294117647 0.03590909090909091
1 0.5788235294117647 0.86 0.04352941176470588 0.035454545454545454
1 0.3926470588235294 0.5654545454545454 0.17352941176470588 0.04181818181818182
1 0.5070588235294118 0.6111363636363636 0.11764705882352941 0.03409090909090909
1 0.5111764705882353 0.45590909090909093 0.11647058823529412 0.034545454545454546
1 0.5670588235294117 0.7720454545454546 0.03176470588235294 0.03318181818181818
1 0.10470588235294118 0.40454545454545454 0.09294117647058824 0.03636363636363636
1 0.09235294117647058 0.5645454545454546 0.07411764705882352 0.035454545454545454
1 0.6473529411764706 0.4615909090909091 0.07705882352941176 0.02409090909090909
1 0.5647058823529412 0.03727272727272727 0.10941176470588235 0.022727272727272728
1 0.7823529411764706 0.4163636363636364 0.11411764705882353 0.038181818181818185
1 0.49529411764705883 0.9265909090909091 0.04941176470588235 0.03681818181818182
1 0.6694117647058824 0.8584090909090909 0.05529411764705883 0.038636363636363635
1 0.5305882352941177 0.3756818181818182 0.12588235294117647 0.03590909090909091
1 0.37823529411764706 0.44931818181818184 0.14588235294117646 0.03772727272727273
1 0.09058823529411765 0.7645454545454545 0.07411764705882352 0.034545454545454546
1 0.08852941176470588 0.7209090909090909 0.07470588235294118 0.035454545454545454
1 0.6894117647058824 0.37863636363636366 0.0976470588235294 0.03363636363636364
1 0.5902941176470589 0.6870454545454545 0.07705882352941176 0.03318181818181818
1 0.49970588235294117 0.8593181818181819 0.05235294117647059 0.03590909090909091
1 0.5988235294117648 0.6152272727272727 0.02823529411764706 0.035
1 0.3841176470588235 0.36886363636363634 0.15294117647058825 0.03772727272727273
1 0.5311764705882352 0.7272727272727273 0.07882352941176471 0.031818181818181815
1 0.08441176470588235 0.6118181818181818 0.07 0.03636363636363636
1 0.6705882352941176 0.9254545454545454 0.05411764705882353 0.03727272727272727
1 0.32294117647058823 0.8572727272727273 0.04823529411764706 0.03636363636363636
1 0.6988235294117647 0.5734090909090909 0.07764705882352942 0.03318181818181818
1 0.7126470588235294 0.6879545454545455 0.07705882352941176 0.03227272727272727
1 0.3038235294117647 0.03659090909090909 0.03470588235294118 0.02590909090909091
1 0.5923529411764706 0.4647727272727273 0.023529411764705882 0.029545454545454545
1 0.7032352941176471 0.4218181818181818 0.04058823529411765 0.03727272727272727
1 0.6452941176470588 0.5761363636363637 0.029411764705882353 0.030454545454545453
1 0.23058823529411765 0.8654545454545455 0.05647058823529412 0.025454545454545455
1 0.5823529411764706 0.9279545454545455 0.04470588235294118 0.03772727272727273