1 0.39294117647058824 0.7268181818181818 0.2 0.03636363636363636
1 0.5670588235294117 0.7277272727272728 0.14705882352941177 0.034545454545454546
1 0.7608823529411765 0.8620454545454546 0.05823529411764706 0.03681818181818182
1 0.8485294117647059 0.9290909090909091 0.05823529411764706 0.03909090909090909
1 0.545 0.6156818181818182 0.13705882352941176 0.03318181818181818
1 0.4167647058823529 0.9290909090909091 0.051176470588235295 0.035454545454545454
1 0.3885294117647059 0.6154545454545455 0.16647058823529412 0.034545454545454546
1 0.4364705882352941 0.4606818181818182 0.02823529411764706 0.03409090909090909
1 0.7073529411764706 0.7743181818181818 0.08294117647058824 0.031363636363636364
1 0.1126470588235294 0.6813636363636364 0.08294117647058824 0.034545454545454546
1 0.09294117647058824 0.3654545454545455 0.06823529411764706 0.035454545454545454
1 0.09441176470588235 0.44681818181818184 0.057058823529411766 0.035454545454545454
1 0.15794117647058822 0.9286363636363636 0.05352941176470588 0.03636363636363636
1 0.3323529411764706 0.93 0.05058823529411765 0.034545454545454546
1 0.15735294117647058 0.8588636363636364 0.054705882352941174 0.04045454545454545
1 0.40058823529411763 0.5704545454545454 0.19176470588235295 0.03636363636363636
1 0.10529411764705883 0.525 0.08352941176470588 0.03363636363636364
1 0.24823529411764705 0.8602272727272727 0.05176470588235294 0.038636363636363635
1 0.6367647058823529 0.6206818181818182 0.026470588235294117 0.03318181818181818
1 0.2485294117647059 0.9281818181818182 0.05588235294117647 0.035454545454545454
1 0.3991176470588235 0.7731818181818182 0.1935294117647059 0.034545454545454546
1 0.7588235294117647 0.9288636363636363 0.04941176470588235 0.03681818181818182
1 0.3085294117647059 0.03681818181818182 0.04058823529411765 0.019090909090909092
1 0.5579411764705883 0.7727272727272727 0.10882352941176471 0.031818181818181815
1 0.5458823529411765 0.4118181818181818 0.10823529411764705 0.035454545454545454
1 0.41823529411764704 0.8625 0.04941176470588235 0.03954545454545454
1 0.5932352941176471 0.928409090909091 0.057058823529411766 0.038636363636363635
1 0.5929411764705882 0.5725 0.1623529411764706 0.031363636363636364
1 0.5911764705882353 0.8606818181818182 0.06 0.041363636363636366
1 0.09117647058823529 0.40795454545454546 0.06352941176470588 0.035
1 0.5523529411764706 0.04 0.09647058823529411 0.02090909090909091
1 0.7711764705882352 0.5752272727272727 0.1 0.03318181818181818
1 0.5014705882352941 0.9302272727272727 0.04176470588235294 0.03954545454545454
1 0.8532352941176471 0.8615909090909091 0.07470588235294118 0.04045454545454545
1 0.6764705882352942 0.860909090909091 0.06352941176470588 0.038181818181818185
1 0.36264705882352943 0.4547727272727273 0.11823529411764706 0.03681818181818182
1 0.10941176470588235 0.7686363636363637 0.08470588235294117 0.034545454545454546
1 0.1188235294117647 0.7261363636363637 0.08705882352941176 0.03409090909090909
1 0.6994117647058824 0.5711363636363637 0.02823529411764706 0.030454545454545453
1 0.4985294117647059 0.4565909090909091 0.08411764705882353 0.031363636363636364
1 0.5038235294117647 0.8606818181818182 0.05235294117647059 0.038636363636363635
1 0.10176470588235294 0.6122727272727273 0.0811764705882353 0.03727272727272727
1 0.6776470588235294 0.9293181818181818 0.04823529411764706 0.03772727272727273
1 0.33294117647058824 0.8604545454545455 0.052941176470588235 0.03636363636363636
1 0.37970588235294117 0.4125 0.1535294117647059 0.038636363636363635
1 0.6958823529411765 0.6175 0.08941176470588236 0.031363636363636364
1 0.7182352941176471 0.7306818181818182 0.09647058823529411 0.03590909090909091
1 0.47 0.41409090909090907 0.03176470588235294 0.04090909090909091
1 0.658235294117647 0.7297727272727272 0.018823529411764704 0.03590909090909091
1 0.6508823529411765 0.788409090909091 0.028823529411764706 0.04045454545454545
1 0.10264705882352941 0.5722727272727273 0.08529411764705883 0.02909090909090909