1 0.3635294117647059 0.6804545454545454 0.11764705882352941 0.03363636363636364
1 0.5605882352941176 0.6852272727272727 0.02588235294117647 0.031363636363636364
1 0.3644117647058824 0.5284090909090909 0.11941176470588236 0.03318181818181818
1 0.8435294117647059 0.9218181818181819 0.047058823529411764 0.03727272727272727
1 0.5538235294117647 0.6234090909090909 0.07 0.019545454545454546
1 0.4088235294117647 0.9238636363636363 0.04823529411764706 0.03772727272727273
1 0.47558823529411764 0.5238636363636363 0.08647058823529412 0.03318181818181818
1 0.35676470588235293 0.6170454545454546 0.11235294117647059 0.026818181818181817
1 0.48705882352941177 0.6879545454545455 0.11176470588235295 0.019545454545454546
1 0.6011764705882353 0.6868181818181818 0.047058823529411764 0.031818181818181815
1 0.38235294117647056 0.7263636363636363 0.15176470588235294 0.03272727272727273
1 0.30176470588235293 0.02772727272727273 0.04 0.028181818181818183
1 0.39029411764705885 0.4163636363636364 0.1723529411764706 0.028181818181818183
1 0.0988235294117647 0.685 0.06588235294117648 0.03272727272727273
1 0.10617647058823529 0.3679545454545455 0.06411764705882353 0.03318181818181818
1 0.105 0.4490909090909091 0.06647058823529411 0.034545454545454546
1 0.5023529411764706 0.8563636363636363 0.05176470588235294 0.03636363636363636
1 0.54 0.7263636363636363 0.14 0.03272727272727273
1 0.1538235294117647 0.923409090909091 0.04764705882352941 0.03772727272727273
1 0.3211764705882353 0.9231818181818182 0.04470588235294118 0.03909090909090909
1 0.1526470588235294 0.8563636363636363 0.0488235294117647 0.038181818181818185
1 0.10735294117647058 0.5206818181818181 0.07 0.03409090909090909
1 0.6270588235294118 0.725909090909091 0.03058823529411765 0.031818181818181815
1 0.23647058823529413 0.9220454545454545 0.04352941176470588 0.03772727272727273
1 0.7529411764705882 0.9236363636363636 0.05411764705882353 0.038181818181818185
1 0.5764705882352941 0.4156818181818182 0.17882352941176471 0.030454545454545453
1 0.4061764705882353 0.8579545454545454 0.04294117647058823 0.03772727272727273
1 0.38294117647058823 0.5747727272727273 0.16117647058823528 0.02409090909090909
1 0.5364705882352941 0.5279545454545455 0.024705882352941175 0.03227272727272727
1 0.455 0.6138636363636364 0.08294117647058824 0.031363636363636364
1 0.48323529411764704 0.46090909090909093 0.10529411764705883 0.02909090909090909
1 0.5797058823529412 0.86 0.039411764705882354 0.04181818181818182
1 0.10264705882352941 0.4068181818181818 0.06411764705882353 0.034545454545454546
1 0.10147058823529412 0.5659090909090909 0.07235294117647059 0.03363636363636364
1 0.6052941176470589 0.5722727272727273 0.024705882352941175 0.03
1 0.5364705882352941 0.3693181818181818 0.13176470588235295 0.03681818181818182
1 0.4964705882352941 0.9227272727272727 0.05176470588235294 0.03727272727272727
1 0.6644117647058824 0.8570454545454546 0.05 0.04045454545454545
1 0.5597058823529412 0.03340909090909091 0.09117647058823529 0.02590909090909091
1 0.8379411764705882 0.8675 0.04176470588235294 0.042272727272727274
1 0.36058823529411765 0.4618181818181818 0.1188235294117647 0.023636363636363636
1 0.10176470588235294 0.7647727272727273 0.06588235294117648 0.03318181818181818
1 0.1 0.7240909090909091 0.06823529411764706 0.03363636363636364
1 0.6026470588235294 0.5252272727272728 0.08647058823529412 0.031363636363636364
1 0.3785294117647059 0.37272727272727274 0.15941176470588236 0.031818181818181815
1 0.10176470588235294 0.6054545454545455 0.07411764705882352 0.034545454545454546
1 0.5861764705882353 0.9231818181818182 0.0488235294117647 0.03909090909090909
1 0.3214705882352941 0.8529545454545454 0.04294117647058823 0.03681818181818182
1 0.6602941176470588 0.5720454545454545 0.09470588235294118 0.031363636363636364
1 0.5308823529411765 0.5788636363636364 0.12411764705882353 0.021363636363636362
1 0.508235294117647 0.6245454545454545 0.021176470588235293 0.024545454545454544
1 0.3508823529411765 0.7788636363636363 0.10882352941176471 0.022272727272727274
1 0.455 0.7777272727272727 0.10411764705882352 0.022727272727272728
1 0.5214705882352941 0.7825 0.019411764705882354 0.02590909090909091
1 0.5614705882352942 0.7777272727272727 0.05941176470588235 0.023636363636363636
1 0.6758823529411765 0.7388636363636364 0.05529411764705883 0.02409090909090909
1 0.23676470588235293 0.8661363636363636 0.04647058823529412 0.02409090909090909
1 0.7535294117647059 0.8631818181818182 0.04352941176470588 0.042727272727272725
1 0.6697058823529412 0.9240909090909091 0.05235294117647059 0.035454545454545454