1 0.32735294117647057 0.6125 0.061764705882352944 0.03227272727272727
1 0.40941176470588236 0.40704545454545454 0.2188235294117647 0.03227272727272727
1 0.6297058823529412 0.7777272727272727 0.07352941176470588 0.024545454545454544
1 0.3841176470588235 0.7254545454545455 0.17529411764705882 0.034545454545454546
1 0.08970588235294118 0.6806818181818182 0.06529411764705882 0.03318181818181818
1 0.09941176470588235 0.37 0.05647058823529412 0.03363636363636364
1 0.10647058823529412 0.4525 0.06470588235294118 0.03409090909090909
1 0.48911764705882355 0.7765909090909091 0.11235294117647059 0.030454545454545453
1 0.5591176470588235 0.7277272727272728 0.14882352941176472 0.034545454545454546
1 0.09029411764705883 0.7675 0.06529411764705882 0.035
1 0.3585294117647059 0.7697727272727273 0.12294117647058823 0.03409090909090909
1 0.08852941176470588 0.7254545454545455 0.06529411764705882 0.03363636363636364
1 0.11529411764705882 0.5247727272727273 0.04470588235294118 0.03227272727272727
1 0.1111764705882353 0.6104545454545455 0.042352941176470586 0.034545454545454546
1 0.34941176470588237 0.5681818181818182 0.08352941176470588 0.03363636363636364
1 0.5932352941176471 0.4125 0.14882352941176472 0.03227272727272727
1 0.5732352941176471 0.7827272727272727 0.027647058823529413 0.026363636363636363
1 0.10176470588235294 0.4084090909090909 0.06705882352941177 0.035
1 0.11147058823529411 0.5686363636363636 0.04058823529411765 0.03272727272727273
1 0.605 0.46136363636363636 0.027647058823529413 0.034545454545454546
1 0.5544117647058824 0.03954545454545454 0.0711764705882353 0.02090909090909091
1 0.7420588235294118 0.41409090909090907 0.08176470588235295 0.028181818181818183
1 0.7429411764705882 0.7279545454545454 0.1376470588235294 0.035
1 0.37588235294117645 0.45181818181818184 0.15529411764705883 0.031818181818181815
1 0.5276470588235294 0.45704545454545453 0.11411764705882353 0.030454545454545453
1 0.6561764705882352 0.73 0.026470588235294117 0.03090909090909091
1 0.6823529411764706 0.41295454545454546 0.02823529411764706 0.03318181818181818
1 0.6567647058823529 0.4586363636363636 0.06647058823529411 0.031818181818181815
1 0.2988235294117647 0.035 0.036470588235294116 0.026363636363636363
1 0.3511764705882353 0.034772727272727275 0.06823529411764706 0.023181818181818182