1 0.758235294117647 0.8579545454545454 0.06470588235294118 0.04318181818181818
1 0.8473529411764706 0.9297727272727273 0.054705882352941174 0.03954545454545454
1 0.40294117647058825 0.9270454545454545 0.04823529411764706 0.04318181818181818
1 0.8438235294117648 0.8615909090909091 0.045294117647058825 0.04045454545454545
1 0.3738235294117647 0.6152272727272727 0.13588235294117648 0.03227272727272727
1 0.6444117647058824 0.7815909090909091 0.0688235294117647 0.02590909090909091
1 0.4235294117647059 0.41659090909090907 0.23647058823529413 0.031363636363636364
1 0.40794117647058825 0.7254545454545455 0.21941176470588236 0.03636363636363636
1 0.10294117647058823 0.6822727272727273 0.07176470588235294 0.03363636363636364
1 0.09911764705882353 0.45227272727272727 0.0688235294117647 0.03636363636363636
1 0.6011764705882353 0.7318181818181818 0.14941176470588236 0.03
1 0.14823529411764705 0.9270454545454545 0.047058823529411764 0.04409090909090909
1 0.7508823529411764 0.7295454545454545 0.09588235294117647 0.03363636363636364
1 0.31882352941176473 0.9270454545454545 0.05058823529411765 0.04318181818181818
1 0.15411764705882353 0.8575 0.05176470588235294 0.04045454545454545
1 0.41 0.5709090909090909 0.21058823529411766 0.035454545454545454
1 0.09558823529411764 0.5254545454545455 0.0711764705882353 0.03272727272727273
1 0.6055882352941176 0.6181818181818182 0.07235294117647059 0.028181818181818183
1 0.23529411764705882 0.86 0.05176470588235294 0.04181818181818182
1 0.2373529411764706 0.928409090909091 0.05352941176470588 0.04409090909090909
1 0.3764705882352941 0.7743181818181818 0.15058823529411763 0.03227272727272727
1 0.7635294117647059 0.9270454545454545 0.052941176470588235 0.041363636363636366
1 0.09705882352941177 0.3684090909090909 0.07176470588235294 0.03409090909090909
1 0.5173529411764706 0.775 0.10647058823529412 0.03090909090909091
1 0.6617647058823529 0.41659090909090907 0.24705882352941178 0.038636363636363635
1 0.41147058823529414 0.8584090909090909 0.057058823529411766 0.041363636363636366
1 0.5820588235294117 0.9313636363636364 0.051176470588235295 0.05
1 0.5735294117647058 0.5713636363636364 0.12 0.03272727272727273
1 0.591764705882353 0.8575 0.05176470588235294 0.04409090909090909
1 0.5470588235294118 0.04045454545454545 0.07058823529411765 0.022727272727272728
1 0.4973529411764706 0.9302272727272727 0.05352941176470588 0.04863636363636364
1 0.6735294117647059 0.8588636363636364 0.05764705882352941 0.04318181818181818
1 0.38029411764705884 0.45590909090909093 0.15470588235294117 0.035454545454545454
1 0.1038235294117647 0.7693181818181818 0.05588235294117647 0.03409090909090909
1 0.10323529411764706 0.7229545454545454 0.061764705882352944 0.03318181818181818
1 0.5335294117647059 0.4622727272727273 0.16 0.02909090909090909
1 0.5035294117647059 0.8588636363636364 0.03882352941176471 0.04318181818181818
1 0.6520588235294118 0.5754545454545454 0.026470588235294117 0.031818181818181815
1 0.5585294117647058 0.6256818181818182 0.022941176470588236 0.03227272727272727
1 0.4858823529411765 0.6154545454545455 0.10705882352941176 0.03090909090909091
1 0.10911764705882353 0.6168181818181818 0.060588235294117644 0.035454545454545454
1 0.6694117647058824 0.925 0.058823529411764705 0.04454545454545455
1 0.3247058823529412 0.8584090909090909 0.05647058823529412 0.04045454545454545
1 0.716764705882353 0.5743181818181818 0.09 0.03318181818181818
1 0.28147058823529414 0.03318181818181818 0.039411764705882354 0.031818181818181815
1 0.1038235294117647 0.4143181818181818 0.08294117647058824 0.029545454545454545
1 0.10294117647058823 0.5763636363636364 0.05529411764705883 0.028181818181818183
1 0.5941176470588235 0.7904545454545454 0.02 0.024545454545454544
1 0.6911764705882353 0.7390909090909091 0.02588235294117647 0.022727272727272728