1 0.46705882352941175 0.7306818181818182 0.3305882352941176 0.041363636363636366
1 0.4302941176470588 0.37 0.2535294117647059 0.03727272727272727
1 0.7617647058823529 0.8615909090909091 0.052941176470588235 0.041363636363636366
1 0.8497058823529412 0.9270454545454545 0.05941176470588235 0.041363636363636366
1 0.4214705882352941 0.9268181818181818 0.05823529411764706 0.03909090909090909
1 0.8485294117647059 0.7697727272727273 0.11588235294117646 0.03590909090909091
1 0.4147058823529412 0.6136363636363636 0.22705882352941176 0.03727272727272727
1 0.4441176470588235 0.4109090909090909 0.2776470588235294 0.04
1 0.6461764705882352 0.7788636363636363 0.14647058823529413 0.035
1 0.43411764705882355 0.45681818181818185 0.26705882352941174 0.03727272727272727
1 0.7058823529411765 0.6838636363636363 0.04 0.035
1 0.29411764705882354 0.03977272727272727 0.047058823529411764 0.02409090909090909
1 0.8614705882352941 0.5245454545454545 0.1711764705882353 0.03909090909090909
1 0.11088235294117647 0.6879545454545455 0.09705882352941177 0.03681818181818182
1 0.0988235294117647 0.45840909090909093 0.08235294117647059 0.03681818181818182
1 0.4108823529411765 0.6838636363636363 0.21941176470588236 0.03954545454545454
1 0.10294117647058823 0.37272727272727274 0.08470588235294117 0.03636363636363636
1 0.6267647058823529 0.6115909090909091 0.17588235294117646 0.03681818181818182
1 0.16470588235294117 0.9295454545454546 0.05529411764705883 0.038181818181818185
1 0.8482352941176471 0.6104545454545455 0.17176470588235293 0.038181818181818185
1 0.3373529411764706 0.9268181818181818 0.05823529411764706 0.038181818181818185
1 0.16029411764705884 0.8629545454545454 0.05823529411764706 0.03954545454545454
1 0.7488235294117647 0.7295454545454545 0.20352941176470588 0.04454545454545455
1 0.43 0.5261363636363636 0.26941176470588235 0.042272727272727274
1 0.10794117647058823 0.5281818181818182 0.09705882352941177 0.03636363636363636
1 0.24382352941176472 0.8615909090909091 0.051176470588235295 0.038636363636363635
1 0.6547058823529411 0.5252272727272728 0.16705882352941176 0.035
1 0.25558823529411767 0.9277272727272727 0.0688235294117647 0.038181818181818185
1 0.4302941176470588 0.7772727272727272 0.24764705882352941 0.04
1 0.7626470588235295 0.9245454545454546 0.051176470588235295 0.042727272727272725
1 0.7397058823529412 0.4565909090909091 0.31470588235294117 0.03772727272727273
1 0.7123529411764706 0.37022727272727274 0.3 0.03772727272727273
1 0.4229411764705882 0.8620454545454546 0.05647058823529412 0.04045454545454545
1 0.5920588235294117 0.928409090909091 0.051176470588235295 0.03590909090909091
1 0.5905882352941176 0.8622727272727273 0.05176470588235294 0.04090909090909091
1 0.10617647058823529 0.41409090909090907 0.09588235294117647 0.03727272727272727
1 0.6973529411764706 0.5718181818181818 0.1676470588235294 0.038181818181818185
1 0.5594117647058824 0.04 0.10235294117647059 0.02090909090909091
1 0.7752941176470588 0.4127272727272727 0.3447058823529412 0.038181818181818185
1 0.5114705882352941 0.9281818181818182 0.06411764705882353 0.03909090909090909
1 0.893235294117647 0.7284090909090909 0.04058823529411765 0.03772727272727273
1 0.6788235294117647 0.8615909090909091 0.05647058823529412 0.04045454545454545
1 0.6055882352941176 0.6795454545454546 0.16411764705882353 0.03636363636363636
1 0.1126470588235294 0.7754545454545455 0.09588235294117647 0.035454545454545454
1 0.11058823529411765 0.7306818181818182 0.0988235294117647 0.03681818181818182
1 0.5147058823529411 0.8618181818181818 0.07058823529411765 0.03727272727272727
1 0.7573529411764706 0.5275 0.03588235294117647 0.03409090909090909
1 0.10529411764705883 0.5736363636363636 0.09294117647058824 0.03727272727272727
1 0.6794117647058824 0.9254545454545454 0.05647058823529412 0.04090909090909091
1 0.33558823529411763 0.860909090909091 0.061764705882352944 0.03909090909090909
1 0.7358823529411764 0.6165909090909091 0.03529411764705882 0.035
1 0.79 0.6779545454545455 0.12352941176470589 0.03681818181818182
1 0.9611764705882353 0.7272727272727273 0.07764705882352942 0.042727272727272725
1 0.10647058823529412 0.6163636363636363 0.09529411764705882 0.03727272727272727
1 0.4511764705882353 0.571590909090909 0.3035294117647059 0.038636363636363635
1 0.8102941176470588 0.5681818181818182 0.04176470588235294 0.03909090909090909
1 0.9058823529411765 0.5684090909090909 0.13647058823529412 0.045
1 0.7538235294117647 0.7822727272727272 0.04058823529411765 0.03909090909090909
1 0.8520588235294118 0.86 0.0688235294117647 0.03909090909090909