1 0.415 0.6845454545454546 0.21823529411764706 0.038181818181818185
1 0.5861764705882353 0.6829545454545455 0.12058823529411765 0.03409090909090909
1 0.4385294117647059 0.5263636363636364 0.2735294117647059 0.03363636363636364
1 0.7644117647058823 0.8625 0.07352941176470588 0.03954545454545454
1 0.8514705882352941 0.9270454545454545 0.07705882352941176 0.041363636363636366
1 0.5744117647058824 0.6111363636363636 0.12529411764705883 0.042272727272727274
1 0.41794117647058826 0.9254545454545454 0.07235294117647059 0.04
1 0.8638235294117647 0.73 0.11470588235294117 0.03909090909090909
1 0.40705882352941175 0.610909090909091 0.19411764705882353 0.04090909090909091
1 0.6817647058823529 0.7727272727272727 0.07529411764705882 0.031818181818181815
1 0.35705882352941176 0.455 0.11529411764705882 0.02727272727272727
1 0.7208823529411764 0.685 0.08294117647058824 0.03727272727272727
1 0.43441176470588233 0.725 0.25588235294117645 0.03636363636363636
1 0.12470588235294118 0.4056818181818182 0.11529411764705882 0.03590909090909091
1 0.10676470588235294 0.6779545454545455 0.09705882352941177 0.03772727272727273
1 0.11852941176470588 0.4495454545454545 0.11 0.04
1 0.15823529411764706 0.9256818181818182 0.07176470588235294 0.03772727272727273
1 0.7276470588235294 0.5690909090909091 0.1988235294117647 0.042727272727272725
1 0.3311764705882353 0.9261363636363636 0.07764705882352942 0.03681818181818182
1 0.15676470588235294 0.8581818181818182 0.061764705882352944 0.03909090909090909
1 0.6611764705882353 0.7265909090909091 0.18352941176470589 0.03954545454545454
1 0.11941176470588236 0.5236363636363637 0.10235294117647059 0.034545454545454546
1 0.8688235294117647 0.41 0.16117647058823528 0.03636363636363636
1 0.24147058823529413 0.8597727272727272 0.051176470588235295 0.03772727272727273
1 0.2485294117647059 0.9256818181818182 0.061764705882352944 0.03772727272727273
1 0.38382352941176473 0.7706818181818181 0.17 0.03318181818181818
1 0.7652941176470588 0.9263636363636364 0.07529411764705882 0.03909090909090909
1 0.11176470588235295 0.3638636363636364 0.09176470588235294 0.03772727272727273
1 0.5311764705882352 0.7713636363636364 0.11058823529411765 0.031818181818181815
1 0.7352941176470589 0.36886363636363634 0.1188235294117647 0.03681818181818182
1 0.38029411764705884 0.4090909090909091 0.15941176470588236 0.04090909090909091
1 0.37676470588235295 0.36613636363636365 0.14176470588235293 0.03681818181818182
1 0.4102941176470588 0.8604545454545455 0.060588235294117644 0.03727272727272727
1 0.46176470588235297 0.5686363636363636 0.3129411764705882 0.03909090909090909
1 0.5926470588235294 0.86 0.05941176470588235 0.038181818181818185
1 0.11323529411764706 0.5656818181818182 0.10647058823529412 0.03681818181818182
1 0.6364705882352941 0.45954545454545453 0.07058823529411765 0.031818181818181815
1 0.5794117647058824 0.03659090909090909 0.12705882352941175 0.025
1 0.5055882352941177 0.9275 0.07588235294117647 0.03681818181818182
1 0.6726470588235294 0.860909090909091 0.05823529411764706 0.04
1 0.9191176470588235 0.5704545454545454 0.08294117647058824 0.03909090909090909
1 0.10294117647058823 0.7652272727272728 0.09176470588235294 0.038636363636363635
1 0.10823529411764705 0.7222727272727273 0.10705882352941176 0.038181818181818185
1 0.7611764705882353 0.41113636363636363 0.03764705882352941 0.03681818181818182
1 0.6176470588235294 0.7788636363636363 0.03529411764705882 0.03318181818181818
1 0.5005882352941177 0.86 0.06941176470588235 0.04
1 0.6585294117647059 0.5290909090909091 0.13823529411764707 0.035454545454545454
1 0.6594117647058824 0.6152272727272727 0.02588235294117647 0.03318181818181818
1 0.11382352941176471 0.6075 0.09705882352941177 0.038636363636363635
1 0.6788235294117647 0.9261363636363636 0.06352941176470588 0.04045454545454545
1 0.32735294117647057 0.860909090909091 0.051176470588235295 0.03909090909090909
1 0.7238235294117648 0.6138636363636364 0.07941176470588235 0.035
1 0.7820588235294118 0.7279545454545454 0.04058823529411765 0.03954545454545454
1 0.3129411764705882 0.035227272727272725 0.05529411764705883 0.019545454545454546
1 0.4902941176470588 0.4561363636363636 0.14176470588235293 0.03227272727272727
1 0.5811764705882353 0.46704545454545454 0.02823529411764706 0.02772727272727273
1 0.6020588235294118 0.4106818181818182 0.27 0.03954545454545454
1 0.5470588235294118 0.36818181818181817 0.19058823529411764 0.038181818181818185
1 0.6614705882352941 0.38113636363636366 0.02176470588235294 0.035
1 0.7444117647058823 0.5402272727272728 0.028823529411764706 0.03318181818181818
1 0.7917647058823529 0.5268181818181819 0.06941176470588235 0.03727272727272727
1 0.8514705882352941 0.5702272727272727 0.03235294117647059 0.038636363636363635
1 0.6617647058823529 0.6988636363636364 0.02588235294117647 0.025
1 0.8488235294117648 0.8627272727272727 0.05764705882352941 0.03727272727272727
1 0.5947058823529412 0.9268181818181818 0.07294117647058823 0.03636363636363636