1 0.41970588235294115 0.6902272727272727 0.21235294117647058 0.03681818181818182
1 0.758235294117647 0.8613636363636363 0.05647058823529412 0.035454545454545454
1 0.841764705882353 0.9277272727272727 0.05647058823529412 0.04
1 0.4067647058823529 0.9279545454545455 0.054705882352941174 0.03772727272727273
1 0.8397058823529412 0.8615909090909091 0.04647058823529412 0.03954545454545454
1 0.3811764705882353 0.6204545454545455 0.1588235294117647 0.03090909090909091
1 0.37411764705882355 0.46295454545454545 0.15764705882352942 0.03227272727272727
1 0.4123529411764706 0.7240909090909091 0.2211764705882353 0.03727272727272727
1 0.10147058823529412 0.6793181818181818 0.07823529411764706 0.03409090909090909
1 0.08823529411764706 0.45590909090909093 0.07529411764705882 0.035454545454545454
1 0.6635294117647059 0.7334090909090909 0.2541176470588235 0.04772727272727273
1 0.1511764705882353 0.9252272727272727 0.05058823529411765 0.03772727272727273
1 0.33 0.9265909090909091 0.06352941176470588 0.038636363636363635
1 0.15529411764705883 0.8554545454545455 0.05058823529411765 0.03727272727272727
1 0.09911764705882353 0.5302272727272728 0.07588235294117647 0.03409090909090909
1 0.23470588235294118 0.8579545454545454 0.047058823529411764 0.03772727272727273
1 0.23470588235294118 0.9259090909090909 0.05058823529411765 0.038181818181818185
1 0.39029411764705885 0.774090909090909 0.17 0.035454545454545454
1 0.7561764705882353 0.9265909090909091 0.051176470588235295 0.04045454545454545
1 0.09823529411764706 0.3663636363636364 0.07882352941176471 0.034545454545454546
1 0.6047058823529412 0.7786363636363637 0.18588235294117647 0.042727272727272725
1 0.5841176470588235 0.37272727272727274 0.16470588235294117 0.03636363636363636
1 0.40852941176470586 0.8586363636363636 0.057058823529411766 0.038181818181818185
1 0.5841176470588235 0.9263636363636364 0.05411764705882353 0.03727272727272727
1 0.3926470588235294 0.5318181818181819 0.1688235294117647 0.04
1 0.5711764705882353 0.535 0.14823529411764705 0.038181818181818185
1 0.5447058823529412 0.6218181818181818 0.12117647058823529 0.03272727272727273
1 0.40147058823529413 0.5786363636363636 0.21588235294117647 0.03636363636363636
1 0.5847058823529412 0.8586363636363636 0.052941176470588235 0.03909090909090909
1 0.5561764705882353 0.03954545454545454 0.0711764705882353 0.022727272727272728
1 0.7335294117647059 0.4643181818181818 0.09411764705882353 0.03227272727272727
1 0.49941176470588233 0.9268181818181818 0.05764705882352941 0.038181818181818185
1 0.6691176470588235 0.8595454545454545 0.0488235294117647 0.038181818181818185
1 0.09441176470588235 0.7663636363636364 0.07941176470588235 0.035454545454545454
1 0.09823529411764706 0.7252272727272727 0.0811764705882353 0.035
1 0.6929411764705883 0.3770454545454546 0.03176470588235294 0.03409090909090909
1 0.5541176470588235 0.46795454545454546 0.1423529411764706 0.03409090909090909
1 0.5041176470588236 0.8595454545454545 0.06588235294117648 0.038181818181818185
1 0.6597058823529411 0.4725 0.03 0.030454545454545453
1 0.7717647058823529 0.38022727272727275 0.1 0.03409090909090909
1 0.64 0.6929545454545455 0.1952941176470588 0.03590909090909091
1 0.3988235294117647 0.37272727272727274 0.18352941176470589 0.03
1 0.09029411764705883 0.6161363636363636 0.07352941176470588 0.035
1 0.6691176470588235 0.9270454545454545 0.04764705882352941 0.038636363636363635
1 0.32529411764705884 0.8563636363636363 0.05411764705882353 0.03636363636363636
1 0.6091176470588235 0.5806818181818182 0.1723529411764706 0.030454545454545453
1 0.31 0.03431818181818182 0.052941176470588235 0.02409090909090909
1 0.105 0.4097727272727273 0.08647058823529412 0.03772727272727273
1 0.09647058823529411 0.5720454545454545 0.07294117647058823 0.03681818181818182
1 0.3788235294117647 0.3981818181818182 0.17294117647058824 0.028181818181818183
1 0.5752941176470588 0.3990909090909091 0.18705882352941178 0.03
1 0.6982352941176471 0.39954545454545454 0.036470588235294116 0.02909090909090909
1 0.7847058823529411 0.4022727272727273 0.11411764705882353 0.03090909090909091