1 0.3788235294117647 0.6834090909090909 0.14470588235294118 0.03681818181818182
1 0.5 0.6884090909090909 0.09058823529411765 0.031363636363636364
1 0.37558823529411767 0.5252272727272728 0.13 0.03681818181818182
1 0.7629411764705882 0.8654545454545455 0.0611764705882353 0.04090909090909091
1 0.8473529411764706 0.9270454545454545 0.0488235294117647 0.03681818181818182
1 0.5708823529411765 0.6161363636363636 0.16411764705882353 0.030454545454545453
1 0.4214705882352941 0.9261363636363636 0.06529411764705882 0.041363636363636366
1 0.5076470588235295 0.5256818181818181 0.13058823529411764 0.03681818181818182
1 0.395 0.6134090909090909 0.17352941176470588 0.030454545454545453
1 0.6441176470588236 0.7765909090909091 0.05176470588235294 0.02772727272727273
1 0.6308823529411764 0.6870454545454545 0.04647058823529412 0.03409090909090909
1 0.4161764705882353 0.7240909090909091 0.21352941176470588 0.03727272727272727
1 0.41 0.4093181818181818 0.20470588235294118 0.035
1 0.10970588235294118 0.6811363636363637 0.07 0.035
1 0.11323529411764706 0.45181818181818184 0.07941176470588235 0.03636363636363636
1 0.10735294117647058 0.3654545454545455 0.08647058823529412 0.03636363636363636
1 0.601764705882353 0.7277272727272728 0.1423529411764706 0.034545454545454546
1 0.16029411764705884 0.9263636363636364 0.0488235294117647 0.03727272727272727
1 0.7561764705882353 0.730909090909091 0.08058823529411764 0.03272727272727273
1 0.32941176470588235 0.9263636363636364 0.06235294117647059 0.042727272727272725
1 0.6976470588235294 0.7325 0.03294117647058824 0.03227272727272727
1 0.10941176470588235 0.5247727272727273 0.08 0.035
1 0.5685294117647058 0.03727272727272727 0.10647058823529412 0.02
1 0.6244117647058823 0.5670454545454545 0.21823529411764706 0.03409090909090909
1 0.24205882352941177 0.923409090909091 0.04764705882352941 0.03772727272727273
1 0.39029411764705885 0.7736363636363637 0.15470588235294117 0.031818181818181815
1 0.7608823529411765 0.9254545454545454 0.061764705882352944 0.042727272727272725
1 0.3197058823529412 0.035227272727272725 0.03470588235294118 0.021363636363636362
1 0.528235294117647 0.7777272727272727 0.10823529411764705 0.034545454545454546
1 0.6341176470588236 0.4575 0.05529411764705883 0.026818181818181817
1 0.4164705882352941 0.8586363636363636 0.05411764705882353 0.04
1 0.5920588235294117 0.9238636363636363 0.051176470588235295 0.03772727272727273
1 0.41 0.5672727272727273 0.2 0.034545454545454546
1 0.585 0.8584090909090909 0.05352941176470588 0.04318181818181818
1 0.10794117647058823 0.4081818181818182 0.08176470588235295 0.03727272727272727
1 0.10558823529411765 0.5670454545454545 0.07470588235294118 0.035
1 0.5426470588235294 0.36863636363636365 0.12058823529411765 0.03636363636363636
1 0.5823529411764706 0.40954545454545455 0.1423529411764706 0.03636363636363636
1 0.7270588235294118 0.4113636363636364 0.07294117647058823 0.03272727272727273
1 0.5055882352941177 0.9265909090909091 0.045294117647058825 0.04045454545454545
1 0.8476470588235294 0.8604545454545455 0.05176470588235294 0.03636363636363636
1 0.6747058823529412 0.8622727272727273 0.06235294117647059 0.04909090909090909
1 0.3876470588235294 0.4511363636363636 0.15176470588235294 0.03318181818181818
1 0.10882352941176471 0.7677272727272727 0.07176470588235294 0.034545454545454546
1 0.10764705882352942 0.7225 0.07294117647058823 0.035
1 0.683235294117647 0.36863636363636365 0.05941176470588235 0.03272727272727273
1 0.5214705882352941 0.4527272727272727 0.11352941176470588 0.031818181818181815
1 0.5070588235294118 0.8602272727272727 0.07529411764705882 0.041363636363636366
1 0.6717647058823529 0.41045454545454546 0.03176470588235294 0.035454545454545454
1 0.3961764705882353 0.36613636363636365 0.1711764705882353 0.03772727272727273
1 0.10882352941176471 0.610909090909091 0.0811764705882353 0.035454545454545454
1 0.6779411764705883 0.9222727272727272 0.051176470588235295 0.038181818181818185
1 0.33205882352941174 0.8568181818181818 0.054705882352941174 0.038181818181818185
1 0.6267647058823529 0.36613636363636365 0.03588235294117647 0.038636363636363635
1 0.591764705882353 0.45636363636363636 0.027058823529411764 0.02909090909090909
1 0.5941176470588235 0.6913636363636364 0.024705882352941175 0.022727272727272728
1 0.5994117647058823 0.7797727272727273 0.023529411764705882 0.03227272727272727
1 0.1638235294117647 0.8572727272727273 0.054705882352941174 0.03727272727272727
1 0.24676470588235294 0.8590909090909091 0.05 0.038181818181818185