1 0.43941176470588234 0.41113636363636363 0.27058823529411763 0.041363636363636366
1 0.7679411764705882 0.8579545454545454 0.07352941176470588 0.041363636363636366
1 0.8397058823529412 0.9313636363636364 0.05235294117647059 0.04181818181818182
1 0.5391176470588235 0.6156818181818182 0.09352941176470589 0.031363636363636364
1 0.4088235294117647 0.9277272727272727 0.05411764705882353 0.04
1 0.8511764705882353 0.8631818181818182 0.07647058823529412 0.04
1 0.43941176470588234 0.7247727272727272 0.2776470588235294 0.03681818181818182
1 0.09029411764705883 0.6815909090909091 0.07 0.03409090909090909
1 0.09676470588235295 0.3679545454545455 0.06764705882352941 0.03409090909090909
1 0.09 0.44727272727272727 0.06823529411764706 0.034545454545454546
1 0.5691176470588235 0.7715909090909091 0.19941176470588234 0.03409090909090909
1 0.16 0.9293181818181818 0.05647058823529412 0.03954545454545454
1 0.7391176470588235 0.7302272727272727 0.3288235294117647 0.042272727272727274
1 0.32529411764705884 0.9281818181818182 0.05529411764705883 0.03909090909090909
1 0.16647058823529412 0.8561363636363636 0.07647058823529412 0.041363636363636366
1 0.09 0.5259090909090909 0.06823529411764706 0.03363636363636364
1 0.2514705882352941 0.8584090909090909 0.06647058823529411 0.041363636363636366
1 0.24764705882352941 0.9268181818181818 0.07764705882352942 0.045454545454545456
1 0.3835294117647059 0.775 0.17529411764705882 0.03727272727272727
1 0.7605882352941177 0.9313636363636364 0.05764705882352941 0.03909090909090909
1 0.295 0.03431818181818182 0.0488235294117647 0.01681818181818182
1 0.6576470588235294 0.4102272727272727 0.13411764705882354 0.038636363636363635
1 0.4211764705882353 0.8602272727272727 0.07176470588235294 0.04045454545454545
1 0.595 0.9279545454545455 0.06764705882352941 0.03954545454545454
1 0.385 0.6163636363636363 0.18294117647058825 0.03909090909090909
1 0.4414705882352941 0.5702272727272727 0.27 0.03772727272727273
1 0.5897058823529412 0.8631818181818182 0.06764705882352941 0.04454545454545455
1 0.09529411764705882 0.4088636363636364 0.07176470588235294 0.035
1 0.5629411764705883 0.042727272727272725 0.10941176470588235 0.02181818181818182
1 0.5091176470588236 0.9290909090909091 0.0688235294117647 0.038181818181818185
1 0.6814705882352942 0.8602272727272727 0.07588235294117647 0.04318181818181818
1 0.3847058823529412 0.4552272727272727 0.1776470588235294 0.041363636363636366
1 0.08970588235294118 0.7722727272727272 0.07235294117647059 0.034545454545454546
1 0.09029411764705883 0.7263636363636363 0.07235294117647059 0.03363636363636364
1 0.5364705882352941 0.45636363636363636 0.09529411764705882 0.03363636363636364
1 0.5070588235294118 0.8593181818181819 0.06705882352941177 0.041363636363636366
1 0.08647058823529412 0.5681818181818182 0.06470588235294118 0.035454545454545454
1 0.6808823529411765 0.9290909090909091 0.06647058823529411 0.04
1 0.33558823529411763 0.8581818181818182 0.06529411764705882 0.04090909090909091
1 0.6523529411764706 0.5704545454545454 0.14 0.03727272727272727
1 0.08911764705882352 0.6138636363636364 0.06294117647058824 0.031363636363636364