1 0.3997058823529412 0.6779545454545455 0.18294117647058825 0.03954545454545454
1 0.5802941176470588 0.6825 0.13705882352941176 0.035
1 0.4244117647058824 0.4075 0.23470588235294118 0.03681818181818182
1 0.7520588235294118 0.8577272727272728 0.051176470588235295 0.042727272727272725
1 0.8335294117647059 0.93 0.05764705882352941 0.04727272727272727
1 0.5641176470588235 0.6097727272727272 0.1 0.035
1 0.4041176470588235 0.9231818181818182 0.05411764705882353 0.04090909090909091
1 0.8373529411764706 0.8615909090909091 0.05823529411764706 0.04045454545454545
1 0.40705882352941175 0.6072727272727273 0.18 0.035454545454545454
1 0.6864705882352942 0.7736363636363637 0.06588235294117648 0.03272727272727273
1 0.66 0.6979545454545455 0.02823529411764706 0.03318181818181818
1 0.7511764705882353 0.5311363636363636 0.06705882352941177 0.03318181818181818
1 0.105 0.6740909090909091 0.08058823529411764 0.03636363636363636
1 0.10352941176470588 0.44431818181818183 0.08 0.035
1 0.6447058823529411 0.5672727272727273 0.1776470588235294 0.03636363636363636
1 0.10205882352941177 0.35795454545454547 0.07588235294117647 0.035
1 0.4973529411764706 0.8593181818181819 0.06294117647058824 0.045909090909090906
1 0.6347058823529412 0.7252272727272727 0.16705882352941176 0.03590909090909091
1 0.15058823529411763 0.9195454545454546 0.052941176470588235 0.04181818181818182
1 0.8176470588235294 0.5695454545454546 0.08470588235294117 0.03636363636363636
1 0.3352941176470588 0.9209090909090909 0.05411764705882353 0.04090909090909091
1 0.1588235294117647 0.8504545454545455 0.06588235294117648 0.04181818181818182
1 0.5926470588235294 0.4597727272727273 0.03235294117647059 0.03409090909090909
1 0.4158823529411765 0.5218181818181818 0.20470588235294118 0.035454545454545454
1 0.10058823529411764 0.5131818181818182 0.07294117647058823 0.03636363636363636
1 0.6358823529411765 0.6154545454545455 0.027058823529411764 0.03272727272727273
1 0.2338235294117647 0.8547727272727272 0.05235294117647059 0.038636363636363635
1 0.23794117647058824 0.9188636363636363 0.057058823529411766 0.03954545454545454
1 0.3947058823529412 0.7634090909090909 0.17882352941176471 0.038636363636363635
1 0.7579411764705882 0.9259090909090909 0.06529411764705882 0.04090909090909091
1 0.2958823529411765 0.03272727272727273 0.047058823529411764 0.022727272727272728
1 0.5520588235294117 0.7665909090909091 0.1288235294117647 0.035
1 0.6452941176470588 0.45045454545454544 0.06470588235294118 0.03272727272727273
1 0.6838235294117647 0.36772727272727274 0.07941176470588235 0.03363636363636364
1 0.4088235294117647 0.8556818181818182 0.05529411764705883 0.04045454545454545
1 0.5870588235294117 0.9238636363636363 0.06588235294117648 0.042272727272727274
1 0.4288235294117647 0.5647727272727273 0.23647058823529413 0.03409090909090909
1 0.6085294117647059 0.5252272727272728 0.13705882352941176 0.038636363636363635
1 0.5129411764705882 0.4556818181818182 0.10705882352941176 0.031363636363636364
1 0.591764705882353 0.8602272727272727 0.07294117647058823 0.04318181818181818
1 0.10676470588235294 0.4009090909090909 0.08058823529411764 0.035454545454545454
1 0.10147058823529412 0.5604545454545454 0.08058823529411764 0.035454545454545454
1 0.5594117647058824 0.03659090909090909 0.08705882352941176 0.025
1 0.6435294117647059 0.4109090909090909 0.17294117647058824 0.03636363636363636
1 0.805 0.7254545454545455 0.09588235294117647 0.03090909090909091
1 0.4973529411764706 0.9229545454545455 0.060588235294117644 0.03954545454545454
1 0.6691176470588235 0.8584090909090909 0.054705882352941174 0.042272727272727274
1 0.5676470588235294 0.3684090909090909 0.1223529411764706 0.03590909090909091
1 0.3891176470588235 0.4552272727272727 0.13941176470588235 0.030454545454545453
1 0.1038235294117647 0.7606818181818182 0.07823529411764706 0.035
1 0.7576470588235295 0.40863636363636363 0.029411764705882353 0.03636363636363636
1 0.8420588235294117 0.40954545454545455 0.10294117647058823 0.03636363636363636
1 0.40588235294117647 0.36522727272727273 0.1976470588235294 0.03772727272727273
1 0.09970588235294117 0.6038636363636364 0.07588235294117647 0.03590909090909091
1 0.6667647058823529 0.9231818181818182 0.057058823529411766 0.04454545454545455
1 0.31941176470588234 0.8531818181818182 0.047058823529411764 0.03909090909090909
1 0.6926470588235294 0.6127272727272727 0.06529411764705882 0.031818181818181815
1 0.7144117647058823 0.6809090909090909 0.07235294117647059 0.03727272727272727
1 0.09970588235294117 0.7179545454545454 0.07352941176470588 0.035
1 0.6952941176470588 0.5386363636363637 0.021176470588235293 0.03636363636363636
1 0.7564705882352941 0.5731818181818182 0.024705882352941175 0.04181818181818182
1 0.41970588235294115 0.7229545454545454 0.24529411764705883 0.03590909090909091
1 0.6323529411764706 0.7788636363636363 0.02235294117647059 0.031363636363636364
1 0.7338235294117647 0.7234090909090909 0.02411764705882353 0.03772727272727273