1 0.4158823529411765 0.7229545454545454 0.23529411764705882 0.042272727272727274
1 0.4108823529411765 0.4106818181818182 0.21941176470588236 0.042272727272727274
1 0.7635294117647059 0.860909090909091 0.04941176470588235 0.03909090909090909
1 0.8582352941176471 0.9325 0.07058823529411765 0.04045454545454545
1 0.5897058823529412 0.615 0.16294117647058823 0.03636363636363636
1 0.42264705882352943 0.9272727272727272 0.05235294117647059 0.03727272727272727
1 0.8535294117647059 0.8618181818181818 0.05529411764705883 0.038181818181818185
1 0.3985294117647059 0.6161363636363636 0.19941176470588234 0.042272727272727274
1 0.39676470588235296 0.4531818181818182 0.19117647058823528 0.045454545454545456
1 0.11470588235294117 0.6829545454545455 0.08352941176470588 0.035
1 0.10882352941176471 0.45227272727272727 0.08470588235294117 0.035454545454545454
1 0.5955882352941176 0.7722727272727272 0.10058823529411764 0.034545454545454546
1 0.1588235294117647 0.9288636363636363 0.05529411764705883 0.03590909090909091
1 0.34 0.9263636363636364 0.06352941176470588 0.03727272727272727
1 0.15323529411764705 0.8595454545454545 0.04764705882352941 0.03909090909090909
1 0.7858823529411765 0.615 0.10588235294117647 0.03363636363636364
1 0.4111764705882353 0.5672727272727273 0.2235294117647059 0.04090909090909091
1 0.11382352941176471 0.5247727272727273 0.09352941176470589 0.03409090909090909
1 0.2411764705882353 0.8584090909090909 0.04352941176470588 0.03681818181818182
1 0.625 0.5677272727272727 0.17823529411764705 0.038181818181818185
1 0.24529411764705883 0.9245454545454546 0.04941176470588235 0.038181818181818185
1 0.40911764705882353 0.7709090909090909 0.22176470588235295 0.03727272727272727
1 0.7697058823529411 0.9313636363636364 0.060588235294117644 0.03727272727272727
1 0.11088235294117647 0.3679545454545455 0.07705882352941176 0.03409090909090909
1 0.41558823529411765 0.8606818181818182 0.05 0.038636363636363635
1 0.5923529411764706 0.9272727272727272 0.047058823529411764 0.038181818181818185
1 0.11205882352941177 0.5675 0.08647058823529412 0.03409090909090909
1 0.5885294117647059 0.8597727272727272 0.054705882352941174 0.03954545454545454
1 0.10676470588235294 0.40636363636363637 0.08176470588235295 0.035454545454545454
1 0.6108823529411764 0.4113636363636364 0.16647058823529412 0.038181818181818185
1 0.7258823529411764 0.45795454545454545 0.07882352941176471 0.03227272727272727
1 0.5058823529411764 0.9293181818181818 0.047058823529411764 0.041363636363636366
1 0.6785294117647059 0.8590909090909091 0.05823529411764706 0.03636363636363636
1 0.8176470588235294 0.4115909090909091 0.10235294117647059 0.035
1 0.8394117647058823 0.5706818181818182 0.12941176470588237 0.035
1 0.11794117647058823 0.7686363636363637 0.08058823529411764 0.034545454545454546
1 0.11764705882352941 0.7265909090909091 0.08352941176470588 0.035
1 0.7320588235294118 0.4097727272727273 0.03470588235294118 0.035
1 0.571764705882353 0.4561363636363636 0.12588235294117647 0.03590909090909091
1 0.6120588235294118 0.7247727272727272 0.10529411764705883 0.038636363636363635
1 0.5052941176470588 0.8586363636363636 0.05764705882352941 0.038181818181818185
1 0.10970588235294118 0.6120454545454546 0.08411764705882353 0.03590909090909091
1 0.678235294117647 0.9279545454545455 0.06705882352941177 0.03681818181818182
1 0.3288235294117647 0.8579545454545454 0.05058823529411765 0.03681818181818182
1 0.7055882352941176 0.6145454545454545 0.028823529411764706 0.035454545454545454
1 0.75 0.5661363636363637 0.03176470588235294 0.035
1 0.31676470588235295 0.03386363636363637 0.04647058823529412 0.023181818181818182
1 0.5823529411764706 0.035454545454545454 0.09294117647058824 0.028181818181818183
1 0.6588235294117647 0.45681818181818185 0.04823529411764706 0.04090909090909091