1 0.4388235294117647 0.6825 0.2541176470588235 0.035
1 0.7611764705882353 0.8629545454545454 0.06470588235294118 0.035
1 0.8432352941176471 0.9275 0.06294117647058824 0.04045454545454545
1 0.5411764705882353 0.6088636363636364 0.08705882352941176 0.03227272727272727
1 0.4126470588235294 0.9272727272727272 0.06294117647058824 0.038181818181818185
1 0.5097058823529412 0.5218181818181818 0.0688235294117647 0.028181818181818183
1 0.8520588235294118 0.8631818181818182 0.07470588235294118 0.038181818181818185
1 0.405 0.6097727272727272 0.18058823529411766 0.030454545454545453
1 0.385 0.4525 0.13823529411764707 0.03681818181818182
1 0.6197058823529412 0.6843181818181818 0.08176470588235295 0.03318181818181818
1 0.4294117647058823 0.7261363636363637 0.24352941176470588 0.03681818181818182
1 0.31470588235294117 0.03318181818181818 0.05176470588235294 0.015454545454545455
1 0.7411764705882353 0.3715909090909091 0.0811764705882353 0.03409090909090909
1 0.4047058823529412 0.40704545454545454 0.1811764705882353 0.029545454545454545
1 0.10529411764705883 0.6765909090909091 0.06941176470588235 0.03409090909090909
1 0.10352941176470588 0.44681818181818184 0.07647058823529412 0.034545454545454546
1 0.11352941176470588 0.36113636363636364 0.08470588235294117 0.035
1 0.15911764705882353 0.9222727272727272 0.06529411764705882 0.038181818181818185
1 0.32382352941176473 0.9261363636363636 0.05823529411764706 0.03954545454545454
1 0.15970588235294117 0.8547727272727272 0.06647058823529411 0.03954545454545454
1 0.3891176470588235 0.5234090909090909 0.13705882352941176 0.02772727272727273
1 0.10294117647058823 0.5186363636363637 0.06941176470588235 0.034545454545454546
1 0.6079411764705882 0.725909090909091 0.09705882352941177 0.03272727272727273
1 0.24529411764705883 0.8570454545454546 0.058823529411764705 0.038636363636363635
1 0.2376470588235294 0.9236363636363636 0.05411764705882353 0.03909090909090909
1 0.4147058823529412 0.7670454545454546 0.21176470588235294 0.035
1 0.7597058823529412 0.9281818181818182 0.06529411764705882 0.038181818181818185
1 0.5752941176470588 0.7693181818181818 0.07882352941176471 0.03227272727272727
1 0.41323529411764703 0.8595454545454545 0.05941176470588235 0.04090909090909091
1 0.5841176470588235 0.9275 0.05764705882352941 0.038636363636363635
1 0.10235294117647059 0.565 0.07411764705882352 0.034545454545454546
1 0.4002941176470588 0.5656818181818182 0.1711764705882353 0.02772727272727273
1 0.571764705882353 0.4552272727272727 0.03529411764705882 0.03318181818181818
1 0.5894117647058823 0.8615909090909091 0.06705882352941177 0.035
1 0.10764705882352942 0.4031818181818182 0.08352941176470588 0.034545454545454546
1 0.6241176470588236 0.4547727272727273 0.05411764705882353 0.03318181818181818
1 0.5688235294117647 0.03613636363636363 0.1188235294117647 0.02590909090909091
1 0.5788235294117647 0.4088636363636364 0.13647058823529412 0.03227272727272727
1 0.7405882352941177 0.41363636363636364 0.08352941176470588 0.034545454545454546
1 0.5011764705882353 0.9259090909090909 0.06705882352941177 0.03909090909090909
1 0.6729411764705883 0.8613636363636363 0.05764705882352941 0.03727272727272727
1 0.09823529411764706 0.7615909090909091 0.07058823529411765 0.03409090909090909
1 0.5047058823529412 0.45340909090909093 0.09176470588235294 0.03409090909090909
1 0.49941176470588233 0.8618181818181818 0.05647058823529412 0.03727272727272727
1 0.6744117647058824 0.4106818181818182 0.03705882352941176 0.029545454545454545
1 0.533235294117647 0.5659090909090909 0.08058823529411764 0.03
1 0.40147058823529413 0.365 0.1676470588235294 0.03272727272727273
1 0.09823529411764706 0.6031818181818182 0.07294117647058823 0.035454545454545454
1 0.6714705882352942 0.9261363636363636 0.057058823529411766 0.038636363636363635
1 0.5732352941176471 0.36704545454545456 0.13705882352941176 0.028636363636363637
1 0.325 0.8572727272727273 0.05941176470588235 0.03727272727272727
1 0.09823529411764706 0.7188636363636364 0.06823529411764706 0.03409090909090909
1 0.665 0.3709090909090909 0.03705882352941176 0.02909090909090909