1 0.4244117647058824 0.6847727272727273 0.21470588235294116 0.03772727272727273
1 0.7602941176470588 0.8613636363636363 0.06647058823529411 0.03909090909090909
1 0.8452941176470589 0.9443181818181818 0.06 0.06681818181818182
1 0.5561764705882353 0.6156818181818182 0.0888235294117647 0.031363636363636364
1 0.41441176470588237 0.9277272727272727 0.061764705882352944 0.03727272727272727
1 0.5167647058823529 0.5720454545454545 0.028823529411764706 0.03318181818181818
1 0.8520588235294118 0.865 0.06764705882352941 0.04
1 0.3876470588235294 0.6165909090909091 0.15058823529411763 0.035
1 0.5976470588235294 0.6845454545454546 0.08588235294117647 0.034545454545454546
1 0.42058823529411765 0.7263636363636363 0.21294117647058824 0.03636363636363636
1 0.3947058823529412 0.36454545454545456 0.17411764705882352 0.038181818181818185
1 0.4102941176470588 0.4159090909090909 0.1935294117647059 0.03727272727272727
1 0.1188235294117647 0.6804545454545454 0.08352941176470588 0.034545454545454546
1 0.10558823529411765 0.44931818181818184 0.06529411764705882 0.035
1 0.10617647058823529 0.36454545454545456 0.08411764705882353 0.035454545454545454
1 0.15705882352941178 0.9277272727272727 0.05529411764705883 0.042727272727272725
1 0.33029411764705885 0.9293181818181818 0.06294117647058824 0.03772727272727273
1 0.1635294117647059 0.8563636363636363 0.06823529411764706 0.04
1 0.11382352941176471 0.5238636363636363 0.06529411764705882 0.03318181818181818
1 0.5979411764705882 0.7338636363636364 0.1111764705882353 0.03318181818181818
1 0.245 0.8604545454545455 0.05941176470588235 0.038181818181818185
1 0.24176470588235294 0.9261363636363636 0.05764705882352941 0.03772727272727273
1 0.4026470588235294 0.7725 0.18176470588235294 0.035
1 0.7641176470588236 0.9420454545454545 0.05647058823529412 0.06227272727272727
1 0.5526470588235294 0.7736363636363637 0.09117647058823529 0.03090909090909091
1 0.5658823529411765 0.4106818181818182 0.08823529411764706 0.03409090909090909
1 0.42176470588235293 0.8602272727272727 0.05411764705882353 0.04045454545454545
1 0.5882352941176471 0.9256818181818182 0.058823529411764705 0.03772727272727273
1 0.3947058823529412 0.5265909090909091 0.17411764705882352 0.03318181818181818
1 0.5479411764705883 0.5261363636363636 0.09941176470588235 0.03318181818181818
1 0.5844117647058824 0.8643181818181818 0.061764705882352944 0.03227272727272727
1 0.11705882352941177 0.4088636363636364 0.07411764705882352 0.03681818181818182
1 0.6026470588235294 0.5729545454545455 0.12176470588235294 0.03409090909090909
1 0.566764705882353 0.03909090909090909 0.07823529411764706 0.02090909090909091
1 0.5052941176470588 0.9279545454545455 0.06235294117647059 0.03954545454545454
1 0.6797058823529412 0.8615909090909091 0.07823529411764706 0.038636363636363635
1 0.5420588235294118 0.3718181818181818 0.09 0.035454545454545454
1 0.3791176470588235 0.45340909090909093 0.13470588235294118 0.03772727272727273
1 0.11852941176470588 0.7668181818181818 0.09117647058823529 0.034545454545454546
1 0.4935294117647059 0.45431818181818184 0.07294117647058823 0.031363636363636364
1 0.11029411764705882 0.571590909090909 0.07705882352941176 0.03681818181818182
1 0.5023529411764706 0.8593181818181819 0.0611764705882353 0.03954545454545454
1 0.49117647058823527 0.6156818181818182 0.03176470588235294 0.03318181818181818
1 0.11147058823529411 0.7263636363636363 0.08529411764705883 0.035454545454545454
1 0.6679411764705883 0.9297727272727273 0.05823529411764706 0.045
1 0.33441176470588235 0.8593181818181819 0.05941176470588235 0.038636363636363635
1 0.30558823529411766 0.03409090909090909 0.03705882352941176 0.02909090909090909
1 0.4026470588235294 0.57 0.1676470588235294 0.03909090909090909
1 0.49058823529411766 0.5415909090909091 0.01647058823529412 0.03772727272727273
1 0.12 0.6115909090909091 0.06705882352941177 0.03318181818181818