1 0.7611764705882353 0.860909090909091 0.07647058823529412 0.04090909090909091
1 0.8435294117647059 0.9281818181818182 0.07176470588235294 0.04454545454545455
1 0.9482352941176471 0.6890909090909091 0.08 0.03909090909090909
1 0.6544117647058824 0.571590909090909 0.26294117647058823 0.03227272727272727
1 0.4176470588235294 0.9252272727272727 0.08235294117647059 0.03954545454545454
1 0.575 0.5268181818181819 0.22176470588235295 0.03727272727272727
1 0.8238235294117647 0.7715909090909091 0.11352941176470588 0.03409090909090909
1 0.3679411764705882 0.61 0.13705882352941176 0.03727272727272727
1 0.6288235294117647 0.7697727272727273 0.17411764705882352 0.03772727272727273
1 0.38088235294117645 0.45204545454545453 0.16647058823529412 0.038636363636363635
1 0.7523529411764706 0.6870454545454545 0.2447058823529412 0.03681818181818182
1 0.44676470588235295 0.725909090909091 0.29352941176470587 0.04
1 0.3814705882352941 0.36454545454545456 0.15705882352941178 0.034545454545454546
1 0.8173529411764706 0.571590909090909 0.05 0.03590909090909091
1 0.41 0.40954545454545455 0.22 0.04
1 0.08970588235294118 0.6790909090909091 0.07941176470588235 0.038181818181818185
1 0.11470588235294117 0.44772727272727275 0.1 0.03727272727272727
1 0.7120588235294117 0.7281818181818182 0.23588235294117646 0.035454545454545454
1 0.15235294117647058 0.9227272727272727 0.06470588235294118 0.042727272727272725
1 0.32529411764705884 0.9227272727272727 0.06823529411764706 0.04181818181818182
1 0.1514705882352941 0.8540909090909091 0.060588235294117644 0.04
1 0.3773529411764706 0.5220454545454546 0.15235294117647058 0.038636363636363635
1 0.10294117647058823 0.5209090909090909 0.08941176470588236 0.03727272727272727
1 0.24058823529411766 0.8568181818181818 0.06 0.04090909090909091
1 0.23941176470588235 0.9238636363636363 0.06470588235294118 0.03954545454545454
1 0.41352941176470587 0.7697727272727273 0.23647058823529413 0.035
1 0.7573529411764706 0.9270454545454545 0.06294117647058824 0.038636363636363635
1 0.1111764705882353 0.3634090909090909 0.08823529411764706 0.03590909090909091
1 0.5958823529411764 0.36954545454545457 0.26941176470588235 0.038181818181818185
1 0.6897058823529412 0.41363636363636364 0.2688235294117647 0.03727272727272727
1 0.4152941176470588 0.8577272727272728 0.07294117647058823 0.04090909090909091
1 0.09941176470588235 0.5640909090909091 0.08588235294117647 0.03636363636363636
1 0.4002941176470588 0.5684090909090909 0.20411764705882354 0.042272727272727274
1 0.5326470588235294 0.6111363636363636 0.15705882352941178 0.03590909090909091
1 0.5891176470588235 0.8590909090909091 0.08529411764705883 0.04090909090909091
1 0.11147058823529411 0.4027272727272727 0.08411764705882353 0.03636363636363636
1 0.575 0.03568181818181818 0.11705882352941177 0.025
1 0.5852941176470589 0.9277272727272727 0.06705882352941177 0.03636363636363636
1 0.8511764705882353 0.7275 0.04588235294117647 0.035
1 0.7414705882352941 0.7729545454545454 0.033529411764705884 0.035
1 0.4632352941176471 0.6843181818181818 0.3311764705882353 0.03590909090909091
1 0.8926470588235295 0.5743181818181818 0.1111764705882353 0.03681818181818182
1 0.095 0.7631818181818182 0.08647058823529412 0.04
1 0.6061764705882353 0.4561363636363636 0.22058823529411764 0.035
1 0.4964705882352941 0.8577272727272728 0.06470588235294118 0.04363636363636364
1 0.7235294117647059 0.5304545454545454 0.03882352941176471 0.035454545454545454
1 0.8226470588235294 0.5343181818181818 0.1476470588235294 0.038636363636363635
1 0.6705882352941176 0.6134090909090909 0.03294117647058824 0.03227272727272727
1 0.10088235294117646 0.6063636363636363 0.09588235294117647 0.03727272727272727
1 0.6752941176470588 0.9277272727272727 0.07294117647058823 0.04181818181818182
1 0.3226470588235294 0.8577272727272728 0.04764705882352941 0.04363636363636364
1 0.7555882352941177 0.6147727272727272 0.11705882352941177 0.03318181818181818
1 0.9302941176470588 0.7318181818181818 0.10764705882352942 0.03636363636363636
1 0.32323529411764707 0.03295454545454545 0.039411764705882354 0.018636363636363635
1 0.09441176470588235 0.7197727272727272 0.08764705882352941 0.03772727272727273
1 0.8908823529411765 0.6884090909090909 0.03 0.03772727272727273
1 0.5017647058823529 0.9261363636363636 0.07882352941176471 0.03772727272727273
1 0.6741176470588235 0.8615909090909091 0.07294117647058823 0.03772727272727273
1 0.8479411764705882 0.8636363636363636 0.07941176470588235 0.03727272727272727