1 0.4076470588235294 0.6854545454545454 0.22470588235294117 0.038181818181818185
1 0.6064705882352941 0.68 0.12705882352941175 0.03636363636363636
1 0.7644117647058823 0.8588636363636364 0.0711764705882353 0.04045454545454545
1 0.8505882352941176 0.9302272727272727 0.07176470588235294 0.03409090909090909
1 0.6111764705882353 0.5681818181818182 0.14941176470588236 0.03636363636363636
1 0.4176470588235294 0.9247727272727273 0.06588235294117648 0.03954545454545454
1 0.543235294117647 0.5268181818181819 0.12176470588235294 0.03727272727272727
1 0.851764705882353 0.8613636363636363 0.08352941176470588 0.03636363636363636
1 0.3791176470588235 0.6097727272727272 0.1676470588235294 0.03409090909090909
1 0.6835294117647058 0.7722727272727272 0.03058823529411765 0.03272727272727273
1 0.3914705882352941 0.4525 0.18529411764705883 0.035
1 0.701764705882353 0.6813636363636364 0.03529411764705882 0.034545454545454546
1 0.41970588235294115 0.7252272727272727 0.24411764705882352 0.038636363636363635
1 0.3785294117647059 0.36704545454545456 0.16058823529411764 0.03681818181818182
1 0.7332352941176471 0.5290909090909091 0.10176470588235294 0.034545454545454546
1 0.41147058823529414 0.40795454545454546 0.22294117647058823 0.03409090909090909
1 0.09558823529411764 0.6779545454545455 0.07 0.03590909090909091
1 0.721764705882353 0.5668181818181818 0.03529411764705882 0.03727272727272727
1 0.11294117647058824 0.36227272727272725 0.06470588235294118 0.035454545454545454
1 0.10735294117647058 0.44795454545454544 0.07 0.03590909090909091
1 0.6370588235294118 0.7247727272727272 0.15294117647058825 0.03590909090909091
1 0.15764705882352942 0.9247727272727273 0.07411764705882352 0.03409090909090909
1 0.8085294117647058 0.5697727272727273 0.10411764705882352 0.03590909090909091
1 0.32794117647058824 0.9236363636363636 0.0688235294117647 0.038181818181818185
1 0.1585294117647059 0.8556818181818182 0.07352941176470588 0.03772727272727273
1 0.7423529411764705 0.7713636363636364 0.06705882352941177 0.031818181818181815
1 0.38823529411764707 0.5254545454545455 0.17529411764705882 0.03272727272727273
1 0.10735294117647058 0.5227272727272727 0.08058823529411764 0.034545454545454546
1 0.7252941176470589 0.36704545454545456 0.06941176470588235 0.031363636363636364
1 0.24764705882352941 0.8554545454545455 0.06941176470588235 0.04
1 0.24323529411764705 0.9218181818181819 0.05941176470588235 0.04
1 0.39558823529411763 0.7668181818181818 0.20294117647058824 0.038181818181818185
1 0.7567647058823529 0.928409090909091 0.060588235294117644 0.03227272727272727
1 0.5814705882352941 0.7688636363636364 0.11705882352941177 0.03409090909090909
1 0.6973529411764706 0.45181818181818184 0.06529411764705882 0.03272727272727273
1 0.6517647058823529 0.3665909090909091 0.041176470588235294 0.03318181818181818
1 0.643235294117647 0.45454545454545453 0.033529411764705884 0.035454545454545454
1 0.5458823529411765 0.3638636363636364 0.12941176470588237 0.03590909090909091
1 0.4164705882352941 0.8588636363636364 0.06823529411764706 0.03590909090909091
1 0.5832352941176471 0.9243181818181818 0.061764705882352944 0.04045454545454545
1 0.4111764705882353 0.5675 0.2235294117647059 0.03772727272727273
1 0.545 0.610909090909091 0.11588235294117646 0.034545454545454546
1 0.5905882352941176 0.8625 0.07529411764705882 0.03954545454545454
1 0.10705882352941176 0.4072727272727273 0.07764705882352942 0.035454545454545454
1 0.11235294117647059 0.5631818181818182 0.08823529411764706 0.03636363636363636
1 0.6452941176470588 0.5252272727272728 0.03882352941176471 0.035
1 0.8 0.4109090909090909 0.09647058823529411 0.031818181818181815
1 0.5023529411764706 0.9236363636363636 0.06941176470588235 0.042727272727272725
1 0.7785294117647059 0.6877272727272727 0.06764705882352941 0.034545454545454546
1 0.673235294117647 0.8572727272727273 0.06529411764705882 0.03909090909090909
1 0.6108823529411764 0.4093181818181818 0.16176470588235295 0.03227272727272727
1 0.8238235294117647 0.7277272727272728 0.10058823529411764 0.034545454545454546
1 0.10088235294117646 0.7654545454545455 0.08176470588235295 0.03636363636363636
1 0.10088235294117646 0.7227272727272728 0.07941176470588235 0.03636363636363636
1 0.7261764705882353 0.4090909090909091 0.04294117647058823 0.028181818181818183
1 0.5541176470588235 0.45204545454545453 0.12 0.035
1 0.5061764705882353 0.8597727272727272 0.06294117647058824 0.035
1 0.6297058823529412 0.6106818181818182 0.03235294117647059 0.035
1 0.11058823529411765 0.605 0.08588235294117647 0.03636363636363636
1 0.6711764705882353 0.9261363636363636 0.06705882352941177 0.03681818181818182
1 0.33176470588235296 0.8584090909090909 0.06705882352941177 0.03318181818181818
1 0.6908823529411765 0.6136363636363636 0.06764705882352941 0.031818181818181815
1 0.7429411764705882 0.7261363636363637 0.03764705882352941 0.03409090909090909
1 0.5632352941176471 0.035227272727272725 0.09235294117647058 0.022272727272727274
1 0.31176470588235294 0.034545454545454546 0.041176470588235294 0.019090909090909092