1 0.41058823529411764 0.6813636363636364 0.1976470588235294 0.038181818181818185
1 0.7723529411764706 0.8554545454545455 0.06823529411764706 0.03909090909090909
1 0.8485294117647059 0.9270454545454545 0.060588235294117644 0.038636363636363635
1 0.5223529411764706 0.6104545454545455 0.0611764705882353 0.03090909090909091
1 0.42470588235294116 0.9272727272727272 0.06 0.03636363636363636
1 0.5091176470588236 0.5243181818181818 0.03705882352941176 0.03409090909090909
1 0.8564705882352941 0.8565909090909091 0.06823529411764706 0.038636363636363635
1 0.3785294117647059 0.6104545454545455 0.14882352941176472 0.034545454545454546
1 0.4582352941176471 0.4118181818181818 0.3023529411764706 0.034545454545454546
1 0.11970588235294118 0.6834090909090909 0.09588235294117647 0.03772727272727273
1 0.11411764705882353 0.3663636363636364 0.10235294117647059 0.038181818181818185
1 0.11352941176470588 0.45545454545454545 0.0988235294117647 0.03909090909090909
1 0.4797058823529412 0.7272727272727273 0.35352941176470587 0.04090909090909091
1 0.17 0.9272727272727272 0.06352941176470588 0.03727272727272727
1 0.7797058823529411 0.7286363636363636 0.2076470588235294 0.03727272727272727
1 0.33676470588235297 0.9272727272727272 0.06294117647058824 0.03636363636363636
1 0.1673529411764706 0.8575 0.061764705882352944 0.03681818181818182
1 0.3941176470588235 0.5220454545454546 0.15529411764705883 0.03681818181818182
1 0.10764705882352942 0.5284090909090909 0.07176470588235294 0.035
1 0.2488235294117647 0.86 0.05529411764705883 0.03727272727272727
1 0.2520588235294118 0.9270454545454545 0.060588235294117644 0.03772727272727273
1 0.3861764705882353 0.7684090909090909 0.1535294117647059 0.035
1 0.7629411764705882 0.9265909090909091 0.05764705882352941 0.038636363636363635
1 0.30558823529411766 0.03431818181818182 0.039411764705882354 0.02590909090909091
1 0.5226470588235295 0.7652272727272728 0.0888235294117647 0.035
1 0.5773529411764706 0.3679545454545455 0.09470588235294118 0.03409090909090909
1 0.42470588235294116 0.8593181818181819 0.05411764705882353 0.03772727272727273
1 0.5929411764705882 0.9259090909090909 0.05411764705882353 0.03727272727272727
1 0.4211764705882353 0.57 0.21529411764705883 0.03636363636363636
1 0.5911764705882353 0.8590909090909091 0.05764705882352941 0.03909090909090909
1 0.10823529411764705 0.4088636363636364 0.0988235294117647 0.038636363636363635
1 0.5635294117647058 0.03681818181818182 0.11529411764705882 0.023636363636363636
1 0.5870588235294117 0.5236363636363637 0.07764705882352942 0.03363636363636364
1 0.6958823529411765 0.4077272727272727 0.15411764705882353 0.03727272727272727
1 0.5117647058823529 0.9275 0.06470588235294118 0.03681818181818182
1 0.6811764705882353 0.8577272727272728 0.0611764705882353 0.03636363636363636
1 0.39088235294117646 0.45295454545454544 0.15470588235294117 0.03772727272727273
1 0.11441176470588235 0.7702272727272728 0.0888235294117647 0.035
1 0.11323529411764706 0.7240909090909091 0.08764705882352941 0.035454545454545454
1 0.5197058823529411 0.45454545454545453 0.08764705882352941 0.034545454545454546
1 0.5776470588235294 0.6836363636363636 0.13647058823529412 0.03636363636363636
1 0.5041176470588236 0.8602272727272727 0.047058823529411764 0.03772727272727273
1 0.5591176470588235 0.5645454545454546 0.031176470588235295 0.034545454545454546
1 0.4097058823529412 0.3668181818181818 0.20411764705882354 0.03727272727272727
1 0.09911764705882353 0.6152272727272727 0.07352941176470588 0.03681818181818182
1 0.678235294117647 0.9254545454545454 0.05529411764705883 0.03909090909090909
1 0.34205882352941175 0.8590909090909091 0.057058823529411766 0.03727272727272727
1 0.6511764705882352 0.5663636363636364 0.10941176470588235 0.034545454545454546
1 0.47352941176470587 0.6168181818181818 0.03294117647058824 0.024545454545454544
1 0.10088235294117646 0.571590909090909 0.06764705882352941 0.038636363636363635