1 0.3588235294117647 0.6893181818181818 0.12 0.035
1 0.5038235294117647 0.6927272727272727 0.12411764705882353 0.031818181818181815
1 0.7547058823529412 0.8604545454545455 0.058823529411764705 0.034545454545454546
1 0.8323529411764706 0.9363636363636364 0.05176470588235294 0.04181818181818182
1 0.4067647058823529 0.9302272727272727 0.05588235294117647 0.03772727272727273
1 0.5064705882352941 0.5279545454545455 0.13411764705882354 0.03681818181818182
1 0.8441176470588235 0.8638636363636364 0.06352941176470588 0.03590909090909091
1 0.3473529411764706 0.5804545454545454 0.11 0.031818181818181815
1 0.6658823529411765 0.8613636363636363 0.05058823529411765 0.03727272727272727
1 0.37176470588235294 0.4172727272727273 0.13647058823529412 0.03727272727272727
1 0.47411764705882353 0.7379545454545454 0.13411764705882354 0.02590909090909091
1 0.32029411764705884 0.03431818181818182 0.04411764705882353 0.029545454545454545
1 0.11735294117647059 0.6815909090909091 0.09470588235294118 0.03681818181818182
1 0.10529411764705883 0.3665909090909091 0.06941176470588235 0.03681818181818182
1 0.10147058823529412 0.45045454545454544 0.07352941176470588 0.03727272727272727
1 0.4632352941176471 0.7806818181818181 0.11352941176470588 0.03409090909090909
1 0.5541176470588235 0.6218181818181818 0.0811764705882353 0.03
1 0.14852941176470588 0.9261363636363636 0.057058823529411766 0.03954545454545454
1 0.3170588235294118 0.9281818181818182 0.052941176470588235 0.03727272727272727
1 0.15058823529411763 0.8568181818181818 0.0611764705882353 0.038181818181818185
1 0.10764705882352942 0.5213636363636364 0.08588235294117647 0.035454545454545454
1 0.2338235294117647 0.8593181818181819 0.057058823529411766 0.03772727272727273
1 0.23294117647058823 0.9268181818181818 0.058823529411764705 0.03727272727272727
1 0.3347058823529412 0.7815909090909091 0.09176470588235294 0.03409090909090909
1 0.7435294117647059 0.9325 0.047058823529411764 0.03954545454545454
1 0.5935294117647059 0.37272727272727274 0.08941176470588236 0.03363636363636364
1 0.5388235294117647 0.4147727272727273 0.09058823529411765 0.03409090909090909
1 0.4682352941176471 0.41954545454545455 0.036470588235294116 0.03363636363636364
1 0.40705882352941175 0.8611363636363636 0.06 0.03772727272727273
1 0.5811764705882353 0.9311363636363637 0.05764705882352941 0.03772727272727273
1 0.10647058823529412 0.5652272727272727 0.09058823529411765 0.03681818181818182
1 0.3594117647058824 0.5275 0.11764705882352941 0.03590909090909091
1 0.5238235294117647 0.576590909090909 0.03 0.03318181818181818
1 0.45941176470588235 0.5786363636363636 0.10235294117647059 0.02727272727272727
1 0.4455882352941177 0.46636363636363637 0.025294117647058825 0.02909090909090909
1 0.5864705882352941 0.8588636363636364 0.06352941176470588 0.038636363636363635
1 0.1011764705882353 0.40863636363636363 0.07058823529411765 0.03909090909090909
1 0.5991176470588235 0.5736363636363636 0.09823529411764706 0.03272727272727273
1 0.5702941176470588 0.04113636363636364 0.11588235294117646 0.023181818181818182
1 0.7026470588235294 0.5340909090909091 0.11705882352941177 0.034545454545454546
1 0.4864705882352941 0.9311363636363637 0.05176470588235294 0.04045454545454545
1 0.5091176470588236 0.3693181818181818 0.04411764705882353 0.035
1 0.3517647058823529 0.4636363636363636 0.11411764705882353 0.03
1 0.10205882352941177 0.7675 0.09235294117647058 0.03681818181818182
1 0.10852941176470589 0.7231818181818181 0.09470588235294118 0.03727272727272727
1 0.5067647058823529 0.4656818181818182 0.0688235294117647 0.02772727272727273
1 0.49470588235294116 0.8606818181818182 0.058823529411764705 0.03681818181818182
1 0.6035294117647059 0.5313636363636364 0.041176470588235294 0.034545454545454546
1 0.38588235294117645 0.37068181818181817 0.1635294117647059 0.03590909090909091
1 0.4858823529411765 0.6231818181818182 0.03294117647058824 0.03090909090909091
1 0.10294117647058823 0.61 0.08941176470588236 0.03727272727272727
1 0.6629411764705883 0.9311363636363637 0.05176470588235294 0.038636363636363635
1 0.3255882352941176 0.8590909090909091 0.060588235294117644 0.03727272727272727
1 0.33558823529411763 0.6236363636363637 0.08529411764705883 0.024545454545454544
1 0.4302941176470588 0.625 0.08058823529411764 0.02727272727272727
1 0.34352941176470586 0.7372727272727273 0.1011764705882353 0.03090909090909091