1 0.3726470588235294 0.6840909090909091 0.1288235294117647 0.03363636363636364
1 0.7623529411764706 0.8629545454545454 0.05647058823529412 0.03590909090909091
1 0.8432352941176471 0.9259090909090909 0.05823529411764706 0.03727272727272727
1 0.4088235294117647 0.9261363636363636 0.05529411764705883 0.03681818181818182
1 0.8552941176470589 0.860909090909091 0.07058823529411765 0.04
1 0.36264705882352943 0.6095454545454545 0.11 0.035454545454545454
1 0.48176470588235293 0.5275 0.08 0.03409090909090909
1 0.6594117647058824 0.7745454545454545 0.09411764705882353 0.031818181818181815
1 0.3638235294117647 0.4115909090909091 0.10058823529411764 0.03681818181818182
1 0.7152941176470589 0.6879545454545455 0.08941176470588236 0.03409090909090909
1 0.10705882352941176 0.6802272727272727 0.09294117647058824 0.03681818181818182
1 0.6641176470588235 0.7252272727272727 0.03294117647058824 0.03227272727272727
1 0.0888235294117647 0.3629545454545455 0.06588235294117648 0.03681818181818182
1 0.09205882352941176 0.44727272727272727 0.07 0.03727272727272727
1 0.4938235294117647 0.7725 0.12529411764705883 0.03409090909090909
1 0.15058823529411763 0.9259090909090909 0.04823529411764706 0.03727272727272727
1 0.7488235294117647 0.7290909090909091 0.11647058823529412 0.034545454545454546
1 0.33 0.925 0.06352941176470588 0.03727272727272727
1 0.1538235294117647 0.8579545454545454 0.054705882352941174 0.03681818181818182
1 0.5644117647058824 0.5722727272727273 0.13117647058823528 0.035454545454545454
1 0.0988235294117647 0.5206818181818181 0.07411764705882352 0.035
1 0.23911764705882352 0.8572727272727273 0.054705882352941174 0.038181818181818185
1 0.6182352941176471 0.6859090909090909 0.04352941176470588 0.034545454545454546
1 0.245 0.9259090909090909 0.05823529411764706 0.03636363636363636
1 0.3623529411764706 0.7718181818181818 0.10941176470588235 0.03363636363636364
1 0.7597058823529412 0.9261363636363636 0.054705882352941174 0.03681818181818182
1 0.305 0.0275 0.04294117647058823 0.029545454545454545
1 0.4097058823529412 0.8618181818181818 0.057058823529411766 0.035454545454545454
1 0.5932352941176471 0.9252272727272727 0.05823529411764706 0.03772727272727273
1 0.10058823529411764 0.6081818181818182 0.08588235294117647 0.04363636363636364
1 0.37441176470588233 0.5309090909090909 0.13 0.03727272727272727
1 0.4455882352941177 0.6138636363636364 0.07470588235294118 0.03227272727272727
1 0.39294117647058824 0.5722727272727273 0.1623529411764706 0.038181818181818185
1 0.5882352941176471 0.8604545454545455 0.058823529411764705 0.03727272727272727
1 0.09058823529411765 0.4065909090909091 0.07058823529411765 0.03681818181818182
1 0.09823529411764706 0.5695454545454546 0.08235294117647059 0.03727272727272727
1 0.566764705882353 0.03840909090909091 0.09470588235294118 0.025
1 0.5064705882352941 0.9243181818181818 0.06588235294117648 0.03681818181818182
1 0.673235294117647 0.860909090909091 0.060588235294117644 0.038181818181818185
1 0.5147058823529411 0.6797727272727273 0.1376470588235294 0.03590909090909091
1 0.10205882352941177 0.7202272727272727 0.09588235294117647 0.038636363636363635
1 0.591764705882353 0.7777272727272727 0.03529411764705882 0.03363636363636364
1 0.5032352941176471 0.8595454545454545 0.057058823529411766 0.03909090909090909
1 0.3488235294117647 0.37022727272727274 0.09294117647058824 0.03590909090909091
1 0.5467647058823529 0.725909090909091 0.17352941176470588 0.03636363636363636
1 0.1038235294117647 0.7656818181818181 0.10411764705882352 0.038636363636363635
1 0.6744117647058824 0.9261363636363636 0.057058823529411766 0.03772727272727273
1 0.3264705882352941 0.8563636363636363 0.05529411764705883 0.038181818181818185
1 0.3547058823529412 0.455 0.08352941176470588 0.031818181818181815
1 0.3729411764705882 0.7281818181818182 0.1376470588235294 0.031818181818181815