1 0.395 0.6806818181818182 0.17823529411764705 0.03590909090909091
1 0.5547058823529412 0.6811363636363637 0.12 0.03409090909090909
1 0.4108823529411765 0.40545454545454546 0.2076470588235294 0.038181818181818185
1 0.7576470588235295 0.8595454545454545 0.05176470588235294 0.03636363636363636
1 0.8405882352941176 0.9293181818181818 0.05411764705882353 0.03772727272727273
1 0.4061764705882353 0.9265909090909091 0.05588235294117647 0.03681818181818182
1 0.4111764705882353 0.575 0.19647058823529412 0.03727272727272727
1 0.6738235294117647 0.77 0.07235294117647059 0.03272727272727273
1 0.3973529411764706 0.4475 0.18058823529411766 0.03772727272727273
1 0.6452941176470588 0.6884090909090909 0.03529411764705882 0.035
1 0.3991176470588235 0.7245454545454545 0.18411764705882352 0.03636363636363636
1 0.08941176470588236 0.6779545454545455 0.07411764705882352 0.03590909090909091
1 0.08852941176470588 0.44727272727272727 0.06764705882352941 0.034545454545454546
1 0.10205882352941177 0.36363636363636365 0.09 0.035454545454545454
1 0.1514705882352941 0.923409090909091 0.05941176470588235 0.04045454545454545
1 0.32823529411764707 0.9261363636363636 0.058823529411764705 0.03681818181818182
1 0.15470588235294117 0.8547727272727272 0.06 0.038636363636363635
1 0.7252941176470589 0.7270454545454546 0.09176470588235294 0.03318181818181818
1 0.5870588235294117 0.44772727272727275 0.15176470588235294 0.03636363636363636
1 0.4097058823529412 0.5209090909090909 0.20294117647058824 0.03727272727272727
1 0.09088235294117647 0.5209090909090909 0.06764705882352941 0.03272727272727273
1 0.6505882352941177 0.7265909090909091 0.03176470588235294 0.03227272727272727
1 0.79 0.37272727272727274 0.08705882352941176 0.031818181818181815
1 0.2426470588235294 0.8547727272727272 0.05823529411764706 0.038636363636363635
1 0.63 0.525 0.2011764705882353 0.03727272727272727
1 0.2388235294117647 0.9243181818181818 0.052941176470588235 0.038636363636363635
1 0.38676470588235295 0.7581818181818182 0.16058823529411764 0.04
1 0.758235294117647 0.9275 0.05647058823529412 0.03772727272727273
1 0.3038235294117647 0.03409090909090909 0.04058823529411765 0.026363636363636363
1 0.523235294117647 0.7622727272727273 0.12411764705882353 0.035454545454545454
1 0.6914705882352942 0.45181818181818184 0.026470588235294117 0.03727272727272727
1 0.6114705882352941 0.37363636363636366 0.16294117647058823 0.038181818181818185
1 0.4117647058823529 0.8579545454545454 0.05764705882352941 0.03590909090909091
1 0.585 0.9315909090909091 0.054705882352941174 0.041363636363636366
1 0.5626470588235294 0.6077272727272728 0.19 0.03363636363636364
1 0.5870588235294117 0.8613636363636363 0.06 0.04181818181818182
1 0.0976470588235294 0.4031818181818182 0.08823529411764706 0.035454545454545454
1 0.0861764705882353 0.5634090909090909 0.06411764705882353 0.03409090909090909
1 0.5726470588235294 0.03636363636363636 0.13941176470588235 0.02727272727272727
1 0.7617647058823529 0.45431818181818184 0.09647058823529411 0.035
1 0.5020588235294118 0.9270454545454545 0.06647058823529411 0.038636363636363635
1 0.8497058823529412 0.8613636363636363 0.06529411764705882 0.038181818181818185
1 0.6711764705882353 0.8645454545454545 0.05647058823529412 0.04181818181818182
1 0.6002941176470589 0.4084090909090909 0.15705882352941178 0.03772727272727273
1 0.09176470588235294 0.7609090909090909 0.07764705882352942 0.034545454545454546
1 0.0888235294117647 0.7222727272727273 0.07647058823529412 0.034545454545454546
1 0.7211764705882353 0.37613636363636366 0.03529411764705882 0.035
1 0.5014705882352941 0.8572727272727273 0.05588235294117647 0.03909090909090909
1 0.7111764705882353 0.4177272727272727 0.03411764705882353 0.03363636363636364
1 0.40705882352941175 0.3665909090909091 0.19647058823529412 0.03681818181818182
1 0.5597058823529412 0.7170454545454545 0.1264705882352941 0.03590909090909091
1 0.085 0.6027272727272728 0.061764705882352944 0.035454545454545454
1 0.6635294117647059 0.9286363636363636 0.05176470588235294 0.04
1 0.32441176470588234 0.8563636363636363 0.05352941176470588 0.038181818181818185
1 0.6547058823529411 0.5713636363636364 0.25058823529411767 0.03363636363636364
1 0.721764705882353 0.6838636363636363 0.08941176470588236 0.035
1 0.7858823529411765 0.41454545454545455 0.09411764705882353 0.028181818181818183
1 0.3814705882352941 0.6095454545454545 0.16411764705882353 0.03090909090909091
1 0.611764705882353 0.7731818181818182 0.03294117647058824 0.025454545454545455