1 0.3911764705882353 0.6827272727272727 0.19294117647058823 0.03363636363636364
1 0.7426470588235294 0.8572727272727273 0.04647058823529412 0.04090909090909091
1 0.8347058823529412 0.9270454545454545 0.058823529411764705 0.04318181818181818
1 0.5561764705882353 0.6090909090909091 0.09941176470588235 0.03363636363636364
1 0.4047058823529412 0.9238636363636363 0.0611764705882353 0.038636363636363635
1 0.41705882352941176 0.4052272727272727 0.20823529411764705 0.03681818181818182
1 0.6141176470588235 0.769090909090909 0.1423529411764706 0.03636363636363636
1 0.4038235294117647 0.4506818181818182 0.15588235294117647 0.03590909090909091
1 0.09176470588235294 0.6763636363636364 0.06705882352941177 0.035454545454545454
1 0.09588235294117647 0.4459090909090909 0.06352941176470588 0.035454545454545454
1 0.4302941176470588 0.7229545454545454 0.2664705882352941 0.038636363636363635
1 0.14441176470588235 0.9204545454545454 0.05352941176470588 0.04090909090909091
1 0.3123529411764706 0.9213636363636364 0.05764705882352941 0.038181818181818185
1 0.14735294117647058 0.8536363636363636 0.05941176470588235 0.04090909090909091
1 0.6655882352941176 0.7222727272727273 0.1676470588235294 0.03727272727272727
1 0.38676470588235295 0.5229545454545454 0.17588235294117646 0.038636363636363635
1 0.09705882352941177 0.515 0.07176470588235294 0.03363636363636364
1 0.23323529411764707 0.8545454545454545 0.05588235294117647 0.04090909090909091
1 0.23 0.9213636363636364 0.05058823529411765 0.04
1 0.41852941176470587 0.7675 0.2323529411764706 0.04045454545454545
1 0.7514705882352941 0.9256818181818182 0.05823529411764706 0.042272727272727274
1 0.10323529411764706 0.36022727272727273 0.05823529411764706 0.03318181818181818
1 0.6097058823529412 0.5663636363636364 0.1111764705882353 0.03363636363636364
1 0.405 0.8552272727272727 0.05235294117647059 0.04045454545454545
1 0.5735294117647058 0.9263636363636364 0.04588235294117647 0.03909090909090909
1 0.42470588235294116 0.5636363636363636 0.2376470588235294 0.04090909090909091
1 0.5302941176470588 0.5265909090909091 0.08647058823529412 0.03409090909090909
1 0.5779411764705882 0.8597727272727272 0.057058823529411766 0.03954545454545454
1 0.09735294117647059 0.4027272727272727 0.05588235294117647 0.034545454545454546
1 0.09647058823529411 0.5593181818181818 0.06941176470588235 0.03318181818181818
1 0.4873529411764706 0.9290909090909091 0.05352941176470588 0.04909090909090909
1 0.8358823529411765 0.8590909090909091 0.0611764705882353 0.04181818181818182
1 0.6670588235294118 0.8575 0.05764705882352941 0.038636363636363635
1 0.395 0.6093181818181819 0.18294117647058825 0.03772727272727273
1 0.09117647058823529 0.7588636363636364 0.07294117647058823 0.03409090909090909
1 0.4902941176470588 0.8543181818181819 0.04764705882352941 0.041363636363636366
1 0.5626470588235294 0.6854545454545454 0.12411764705882353 0.03727272727272727
1 0.4041176470588235 0.3638636363636364 0.1635294117647059 0.038636363636363635
1 0.09588235294117647 0.6018181818181818 0.06941176470588235 0.03363636363636364
1 0.6661764705882353 0.9254545454545454 0.060588235294117644 0.04
1 0.3161764705882353 0.8531818181818182 0.051176470588235295 0.04181818181818182
1 0.09058823529411765 0.7175 0.06941176470588235 0.03409090909090909
1 0.275 0.02909090909090909 0.03 0.023636363636363636
1 0.3226470588235294 0.029545454545454545 0.057058823529411766 0.025454545454545455
1 0.571764705882353 0.03431818181818182 0.08823529411764706 0.030454545454545453