1 0.4052941176470588 0.6809090909090909 0.19294117647058823 0.03727272727272727
1 0.7644117647058823 0.8602272727272727 0.06294117647058824 0.03590909090909091
1 0.8532352941176471 0.9275 0.07 0.03954545454545454
1 0.6026470588235294 0.6104545454545455 0.15705882352941178 0.035454545454545454
1 0.4223529411764706 0.9268181818181818 0.06941176470588235 0.03636363636363636
1 0.8508823529411764 0.8618181818181818 0.06647058823529411 0.038181818181818185
1 0.4067647058823529 0.6079545454545454 0.1864705882352941 0.035
1 0.6676470588235294 0.7706818181818181 0.07058823529411765 0.031363636363636364
1 0.4682352941176471 0.4131818181818182 0.32235294117647056 0.038181818181818185
1 0.6764705882352942 0.6852272727272727 0.03176470588235294 0.03409090909090909
1 0.4423529411764706 0.7238636363636364 0.2752941176470588 0.03772727272727273
1 0.7961764705882353 0.37136363636363634 0.0888235294117647 0.03272727272727273
1 0.10794117647058823 0.6820454545454545 0.09117647058823529 0.03681818181818182
1 0.1111764705882353 0.4470454545454545 0.0976470588235294 0.03681818181818182
1 0.16058823529411764 0.9256818181818182 0.06352941176470588 0.03681818181818182
1 0.33441176470588235 0.9277272727272727 0.06411764705882353 0.035454545454545454
1 0.15911764705882353 0.8629545454545454 0.0688235294117647 0.04045454545454545
1 0.6932352941176471 0.7281818181818182 0.21705882352941178 0.03363636363636364
1 0.40147058823529413 0.5245454545454545 0.18529411764705883 0.03727272727272727
1 0.10735294117647058 0.5218181818181818 0.09 0.034545454545454546
1 0.2447058823529412 0.8593181818181819 0.058823529411764705 0.03772727272727273
1 0.24764705882352941 0.9263636363636364 0.06588235294117648 0.03636363636363636
1 0.38 0.7686363636363637 0.15294117647058825 0.035454545454545454
1 0.763235294117647 0.9272727272727272 0.060588235294117644 0.038181818181818185
1 0.1161764705882353 0.3659090909090909 0.10411764705882352 0.03636363636363636
1 0.5311764705882352 0.7686363636363637 0.12 0.035454545454545454
1 0.4123529411764706 0.8602272727272727 0.05411764705882353 0.038636363636363635
1 0.5935294117647059 0.9288636363636363 0.0611764705882353 0.03681818181818182
1 0.6097058823529412 0.5243181818181818 0.1935294117647059 0.03772727272727273
1 0.46558823529411764 0.5713636363636364 0.31470588235294117 0.03727272727272727
1 0.5882352941176471 0.8597727272727272 0.05647058823529412 0.03954545454545454
1 0.10029411764705883 0.5665909090909091 0.08764705882352941 0.03590909090909091
1 0.5664705882352942 0.03659090909090909 0.11529411764705882 0.025
1 0.633235294117647 0.37318181818181817 0.13941176470588235 0.034545454545454546
1 0.7494117647058823 0.4122727272727273 0.21058823529411766 0.03909090909090909
1 0.5032352941176471 0.9272727272727272 0.054705882352941174 0.03909090909090909
1 0.6776470588235294 0.86 0.06705882352941177 0.03727272727272727
1 0.8926470588235295 0.7297727272727272 0.09235294117647058 0.03954545454545454
1 0.3982352941176471 0.4540909090909091 0.17529411764705882 0.04
1 0.11176470588235295 0.7697727272727273 0.09411764705882353 0.03590909090909091
1 0.11205882352941177 0.7234090909090909 0.09941176470588235 0.03590909090909091
1 0.7255882352941176 0.37068181818181817 0.03588235294117647 0.030454545454545453
1 0.5576470588235294 0.4527272727272727 0.12941176470588237 0.034545454545454546
1 0.6126470588235294 0.7709090909090909 0.03 0.034545454545454546
1 0.5026470588235294 0.860909090909091 0.057058823529411766 0.03909090909090909
1 0.6808823529411765 0.4511363636363636 0.06529411764705882 0.03318181818181818
1 0.9223529411764706 0.41659090909090907 0.07647058823529412 0.03954545454545454
1 0.586764705882353 0.6829545454545455 0.12294117647058823 0.04045454545454545
1 0.4252941176470588 0.365 0.24235294117647058 0.03727272727272727
1 0.105 0.605909090909091 0.09352941176470589 0.03727272727272727
1 0.675 0.9259090909090909 0.061764705882352944 0.03909090909090909
1 0.3338235294117647 0.8590909090909091 0.05823529411764706 0.038181818181818185
1 0.8005882352941176 0.5722727272727273 0.3211764705882353 0.04
1 0.7558823529411764 0.6847727272727273 0.09294117647058824 0.035
1 0.12058823529411765 0.4115909090909091 0.0976470588235294 0.03772727272727273
1 0.6370588235294118 0.4581818181818182 0.02823529411764706 0.03727272727272727
1 0.8711764705882353 0.42159090909090907 0.03529411764705882 0.05045454545454545
1 0.30941176470588233 0.03727272727272727 0.03411764705882353 0.03363636363636364
1 0.8273529411764706 0.7329545454545454 0.05 0.04318181818181818