1 0.4 0.6809090909090909 0.18352941176470589 0.038181818181818185
1 0.35205882352941176 0.5290909090909091 0.09588235294117647 0.03272727272727273
1 0.8397058823529412 0.8672727272727273 0.05352941176470588 0.03909090909090909
1 0.513235294117647 0.5725 0.14882352941176472 0.03590909090909091
1 0.4238235294117647 0.8625 0.06764705882352941 0.03954545454545454
1 0.46294117647058824 0.5295454545454545 0.11647058823529412 0.035454545454545454
1 0.35823529411764704 0.6097727272727272 0.10235294117647059 0.03409090909090909
1 0.633235294117647 0.7763636363636364 0.08176470588235295 0.031818181818181815
1 0.6555882352941177 0.6884090909090909 0.03705882352941176 0.03590909090909091
1 0.42676470588235293 0.725909090909091 0.25 0.03727272727272727
1 0.10735294117647058 0.6797727272727273 0.08647058823529412 0.035
1 0.09970588235294117 0.36613636363636365 0.08176470588235295 0.03590909090909091
1 0.105 0.44727272727272727 0.09 0.03636363636363636
1 0.15 0.8602272727272727 0.052941176470588235 0.04045454545454545
1 0.7270588235294118 0.730909090909091 0.03764705882352941 0.03272727272727273
1 0.10676470588235294 0.5204545454545455 0.09 0.035454545454545454
1 0.63 0.7293181818181819 0.14588235294117646 0.038636363636363635
1 0.24411764705882352 0.86 0.058823529411764705 0.038181818181818185
1 0.24 0.9272727272727272 0.06235294117647059 0.03909090909090909
1 0.7505882352941177 0.8661363636363636 0.052941176470588235 0.04318181818181818
1 0.5064705882352941 0.7790909090909091 0.0811764705882353 0.03727272727272727
1 0.5979411764705882 0.4113636363636364 0.13588235294117648 0.03727272727272727
1 0.3785294117647059 0.7713636363636364 0.15705882352941178 0.034545454545454546
1 0.36558823529411766 0.5695454545454546 0.11823529411764706 0.04090909090909091
1 0.4388235294117647 0.610909090909091 0.07764705882352942 0.034545454545454546
1 0.4647058823529412 0.4525 0.09294117647058824 0.03409090909090909
1 0.5652941176470588 0.7818181818181819 0.03294117647058824 0.034545454545454546
1 0.10323529411764706 0.4065909090909091 0.08647058823529412 0.03590909090909091
1 0.11205882352941177 0.5668181818181818 0.09588235294117647 0.03636363636363636
1 0.5655882352941176 0.03840909090909091 0.11 0.018636363636363635
1 0.51 0.8625 0.07411764705882352 0.038636363636363635
1 0.6735294117647059 0.8631818181818182 0.06 0.038181818181818185
1 0.5011764705882353 0.3690909090909091 0.10941176470588235 0.034545454545454546
1 0.31441176470588234 0.035 0.05 0.024545454545454544
1 0.8238235294117647 0.730909090909091 0.13352941176470587 0.035454545454545454
1 0.36058823529411765 0.45636363636363636 0.12705882352941175 0.038181818181818185
1 0.11823529411764706 0.7643181818181818 0.09176470588235294 0.03681818181818182
1 0.11058823529411765 0.7236363636363636 0.09058823529411765 0.035454545454545454
1 0.5685294117647058 0.6859090909090909 0.10647058823529412 0.03363636363636364
1 0.3738235294117647 0.3690909090909091 0.14411764705882352 0.035454545454545454
1 0.115 0.605909090909091 0.09588235294117647 0.038181818181818185
1 0.5852941176470589 0.8652272727272727 0.05176470588235294 0.042272727272727274
1 0.32676470588235296 0.8595454545454545 0.05588235294117647 0.04
1 0.40558823529411764 0.4106818181818182 0.21823529411764706 0.04681818181818182
1 0.7285294117647059 0.6836363636363636 0.08764705882352941 0.034545454545454546
1 0.2726470588235294 0.031136363636363636 0.03 0.022272727272727274