1 0.42176470588235293 0.6865909090909091 0.20705882352941177 0.03590909090909091
1 0.7629411764705882 0.8593181818181819 0.05058823529411765 0.03681818181818182
1 0.8547058823529412 0.9270454545454545 0.06823529411764706 0.041363636363636366
1 0.52 0.575 0.027058823529411764 0.03272727272727273
1 0.42264705882352943 0.9309090909090909 0.0488235294117647 0.03727272727272727
1 0.4914705882352941 0.5311363636363636 0.031176470588235295 0.03318181818181818
1 0.3726470588235294 0.6129545454545454 0.11470588235294117 0.03227272727272727
1 0.4279411764705882 0.415 0.20411764705882354 0.038181818181818185
1 0.4411764705882353 0.6163636363636363 0.03294117647058824 0.03
1 0.6235294117647059 0.6854545454545454 0.15294117647058825 0.03363636363636364
1 0.41411764705882353 0.73 0.20588235294117646 0.04090909090909091
1 0.11676470588235294 0.6847727272727273 0.09588235294117647 0.03590909090909091
1 0.11794117647058823 0.45227272727272727 0.09117647058823529 0.03636363636363636
1 0.7197058823529412 0.6888636363636363 0.031176470588235295 0.03409090909090909
1 0.1285294117647059 0.3704545454545455 0.09117647058823529 0.034545454545454546
1 0.6008823529411764 0.7340909090909091 0.15470588235294117 0.04727272727272727
1 0.16411764705882353 0.93 0.05764705882352941 0.03909090909090909
1 0.3391176470588235 0.9313636363636364 0.05823529411764706 0.03727272727272727
1 0.16176470588235295 0.86 0.05529411764705883 0.03636363636363636
1 0.6932352941176471 0.730909090909091 0.028823529411764706 0.03272727272727273
1 0.405 0.5252272727272728 0.14529411764705882 0.03590909090909091
1 0.11088235294117647 0.5236363636363637 0.09705882352941177 0.035454545454545454
1 0.24970588235294117 0.8625 0.05235294117647059 0.03681818181818182
1 0.2488235294117647 0.9293181818181818 0.05411764705882353 0.03772727272727273
1 0.3891176470588235 0.7738636363636363 0.15941176470588236 0.03318181818181818
1 0.7688235294117647 0.9275 0.06352941176470588 0.038636363636363635
1 0.3023529411764706 0.03840909090909091 0.03764705882352941 0.02409090909090909
1 0.5226470588235295 0.7772727272727272 0.10882352941176471 0.03272727272727273
1 0.42176470588235293 0.8615909090909091 0.04588235294117647 0.038636363636363635
1 0.5952941176470589 0.9281818181818182 0.06 0.03727272727272727
1 0.5635294117647058 0.5279545454545455 0.09647058823529411 0.03227272727272727
1 0.41352941176470587 0.5706818181818182 0.18941176470588236 0.03590909090909091
1 0.5920588235294117 0.8611363636363636 0.04647058823529412 0.03954545454545454
1 0.6061764705882353 0.5713636363636364 0.12529411764705883 0.03363636363636364
1 0.566764705882353 0.038863636363636364 0.11352941176470588 0.021363636363636362
1 0.7535294117647059 0.7304545454545455 0.1 0.03272727272727273
1 0.5032352941176471 0.9313636363636364 0.051176470588235295 0.04
1 0.7858823529411765 0.6875 0.06705882352941177 0.031363636363636364
1 0.6791176470588235 0.8595454545454545 0.05235294117647059 0.038181818181818185
1 0.38588235294117645 0.4611363636363636 0.12941176470588237 0.03227272727272727
1 0.12058823529411765 0.7695454545454545 0.0988235294117647 0.034545454545454546
1 0.11941176470588236 0.7245454545454545 0.09529411764705882 0.035454545454545454
1 0.51 0.8620454545454546 0.04470588235294118 0.038636363636363635
1 0.42470588235294116 0.36954545454545457 0.1988235294117647 0.03727272727272727
1 0.11294117647058824 0.6061363636363636 0.09411764705882353 0.03590909090909091
1 0.6797058823529412 0.9275 0.05588235294117647 0.038636363636363635
1 0.33588235294117647 0.8634090909090909 0.047058823529411764 0.03954545454545454
1 0.49941176470588233 0.6222727272727273 0.07882352941176471 0.031818181818181815
1 0.5932352941176471 0.7831818181818182 0.026470588235294117 0.02727272727272727
1 0.6447058823529411 0.7890909090909091 0.07411764705882352 0.03363636363636364
1 0.8514705882352941 0.8645454545454545 0.06411764705882353 0.03636363636363636
1 0.10852941176470589 0.5693181818181818 0.12411764705882353 0.03318181818181818
1 0.1261764705882353 0.4184090909090909 0.12294117647058823 0.038636363636363635