1 0.3502941176470588 0.6804545454545454 0.11941176470588236 0.03909090909090909
1 0.553235294117647 0.6909090909090909 0.025294117647058825 0.03272727272727273
1 0.7564705882352941 0.8563636363636363 0.05058823529411765 0.038181818181818185
1 0.84 0.9229545454545455 0.052941176470588235 0.03772727272727273
1 0.4097058823529412 0.9211363636363636 0.05235294117647059 0.03681818181818182
1 0.8411764705882353 0.8581818181818182 0.05058823529411765 0.03727272727272727
1 0.33705882352941174 0.6084090909090909 0.07764705882352942 0.03409090909090909
1 0.4208823529411765 0.40454545454545454 0.22058823529411764 0.03727272727272727
1 0.40911764705882353 0.4484090909090909 0.19823529411764707 0.03590909090909091
1 0.4758823529411765 0.68 0.10823529411764705 0.034545454545454546
1 0.38382352941176473 0.7672727272727272 0.17823529411764705 0.03909090909090909
1 0.3594117647058824 0.5177272727272727 0.1 0.03636363636363636
1 0.11029411764705882 0.6772727272727272 0.07588235294117647 0.03636363636363636
1 0.11205882352941177 0.44295454545454543 0.07941176470588235 0.035
1 0.12529411764705883 0.36 0.07294117647058823 0.035454545454545454
1 0.14558823529411766 0.9213636363636364 0.04411764705882353 0.03909090909090909
1 0.32588235294117646 0.92 0.05411764705882353 0.03727272727272727
1 0.15470588235294117 0.8511363636363637 0.05529411764705883 0.035
1 0.7297058823529412 0.7693181818181818 0.07352941176470588 0.03227272727272727
1 0.5891176470588235 0.45045454545454544 0.1264705882352941 0.034545454545454546
1 0.10470588235294118 0.5145454545454545 0.041176470588235294 0.04
1 0.64 0.7209090909090909 0.14588235294117646 0.035454545454545454
1 0.6123529411764705 0.6886363636363636 0.06823529411764706 0.035454545454545454
1 0.2361764705882353 0.9197727272727273 0.04411764705882353 0.03772727272727273
1 0.7541176470588236 0.9245454545454546 0.05529411764705883 0.03909090909090909
1 0.3058823529411765 0.02931818181818182 0.04352941176470588 0.02772727272727273
1 0.5588235294117647 0.765 0.1223529411764706 0.034545454545454546
1 0.6791176470588235 0.4561363636363636 0.03 0.03590909090909091
1 0.6573529411764706 0.36886363636363634 0.09823529411764706 0.03227272727272727
1 0.5864705882352941 0.36863636363636365 0.02823529411764706 0.03363636363636364
1 0.5167647058823529 0.36454545454545456 0.08411764705882353 0.03363636363636364
1 0.40588235294117647 0.8529545454545454 0.041176470588235294 0.03772727272727273
1 0.5711764705882353 0.925 0.04352941176470588 0.038181818181818185
1 0.35794117647058826 0.5661363636363637 0.10058823529411764 0.035
1 0.41352941176470587 0.7209090909090909 0.2447058823529412 0.04
1 0.5779411764705882 0.8561363636363636 0.04294117647058823 0.03590909090909091
1 0.11911764705882352 0.39840909090909093 0.07588235294117647 0.035
1 0.5823529411764706 0.03227272727272727 0.1 0.025454545454545455
1 0.6202941176470588 0.4077272727272727 0.1535294117647059 0.035454545454545454
1 0.7676470588235295 0.4540909090909091 0.12588235294117647 0.035454545454545454
1 0.49470588235294116 0.9220454545454545 0.04941176470588235 0.038636363636363635
1 0.6679411764705883 0.8552272727272727 0.04647058823529412 0.03954545454545454
1 0.8361764705882353 0.7238636363636364 0.08647058823529412 0.035
1 0.11088235294117647 0.76 0.07352941176470588 0.03363636363636364
1 0.7379411764705882 0.4077272727272727 0.031176470588235295 0.03272727272727273
1 0.6591176470588235 0.7722727272727272 0.028823529411764706 0.03636363636363636
1 0.4938235294117647 0.8547727272727272 0.04411764705882353 0.03681818181818182
1 0.8494117647058823 0.41 0.12705882352941175 0.03727272727272727
1 0.38323529411764706 0.36204545454545456 0.1652941176470588 0.03590909090909091
1 0.10617647058823529 0.5586363636363636 0.04176470588235294 0.03727272727272727
1 0.6641176470588235 0.9236363636363636 0.047058823529411764 0.03909090909090909
1 0.32235294117647056 0.8518181818181818 0.041176470588235294 0.035454545454545454
1 0.7547058823529412 0.7290909090909091 0.03411764705882353 0.035454545454545454
1 0.11352941176470588 0.6013636363636363 0.04 0.034545454545454546
1 0.11058823529411765 0.7179545454545454 0.07647058823529412 0.03681818181818182
1 0.22617647058823528 0.86 0.04764705882352941 0.03272727272727273