1 0.768235294117647 0.8565909090909091 0.06352941176470588 0.03772727272727273
1 0.8385294117647059 0.9268181818181818 0.04411764705882353 0.03727272727272727
1 0.41205882352941176 0.9286363636363636 0.051176470588235295 0.034545454545454546
1 0.5120588235294118 0.6234090909090909 0.05941176470588235 0.026818181818181817
1 0.8429411764705882 0.8588636363636364 0.05647058823529412 0.03772727272727273
1 0.6352941176470588 0.7752272727272728 0.07529411764705882 0.029545454545454545
1 0.4335294117647059 0.6231818181818182 0.05764705882352941 0.023636363636363636
1 0.4194117647058824 0.7243181818181819 0.23058823529411765 0.03590909090909091
1 0.09941176470588235 0.6797727272727273 0.06352941176470588 0.03409090909090909
1 0.09529411764705882 0.3679545454545455 0.07411764705882352 0.03409090909090909
1 0.09941176470588235 0.44977272727272727 0.06823529411764706 0.035
1 0.6126470588235294 0.7265909090909091 0.15588235294117647 0.03318181818181818
1 0.15441176470588236 0.9243181818181818 0.05235294117647059 0.03954545454545454
1 0.8055882352941176 0.7352272727272727 0.11941176470588236 0.035
1 0.3264705882352941 0.9245454545454546 0.05058823529411765 0.035454545454545454
1 0.1564705882352941 0.8586363636363636 0.05764705882352941 0.03636363636363636
1 0.09264705882352942 0.5202272727272728 0.04764705882352941 0.03590909090909091
1 0.24911764705882353 0.8579545454545454 0.057058823529411766 0.03681818181818182
1 0.23647058823529413 0.9265909090909091 0.04588235294117647 0.035
1 0.37323529411764705 0.7770454545454546 0.1476470588235294 0.02772727272727273
1 0.76 0.93 0.04941176470588235 0.03272727272727273
1 0.5632352941176471 0.7779545454545455 0.03235294117647059 0.03227272727272727
1 0.6438235294117647 0.41295454545454546 0.15588235294117647 0.03681818181818182
1 0.4158823529411765 0.8570454545454546 0.058823529411764705 0.03590909090909091
1 0.5864705882352941 0.9245454545454546 0.05058823529411765 0.03727272727272727
1 0.08823529411764706 0.6118181818181818 0.04823529411764706 0.034545454545454546
1 0.3502941176470588 0.5772727272727273 0.0888235294117647 0.034545454545454546
1 0.35794117647058826 0.4652272727272727 0.12294117647058823 0.020454545454545454
1 0.5958823529411764 0.8575 0.06 0.03681818181818182
1 0.09705882352941177 0.40636363636363637 0.06705882352941177 0.034545454545454546
1 0.09029411764705883 0.5668181818181818 0.045294117647058825 0.03272727272727273
1 0.5467647058823529 0.0375 0.08411764705882353 0.022272727272727274
1 0.49911764705882355 0.9272727272727272 0.04647058823529412 0.03636363636363636
1 0.6797058823529412 0.8588636363636364 0.061764705882352944 0.03772727272727273
1 0.42911764705882355 0.41613636363636364 0.2570588235294118 0.03318181818181818
1 0.10264705882352941 0.7661363636363636 0.06764705882352941 0.035
1 0.10088235294117646 0.725909090909091 0.06529411764705882 0.035454545454545454
1 0.5035294117647059 0.8565909090909091 0.06 0.03590909090909091
1 0.67 0.9243181818181818 0.05411764705882353 0.038636363636363635
1 0.3311764705882353 0.8572727272727273 0.05411764705882353 0.03636363636363636
1 0.7161764705882353 0.7304545454545455 0.03470588235294118 0.03727272727272727
1 0.28941176470588237 0.03590909090909091 0.029411764705882353 0.022727272727272728
1 0.45588235294117646 0.465 0.07529411764705882 0.02181818181818182
1 0.3291176470588235 0.6213636363636363 0.061764705882352944 0.02727272727272727
1 0.4964705882352941 0.7820454545454546 0.09294117647058824 0.020454545454545454