1 0.7588235294117647 0.8597727272727272 0.06235294117647059 0.03954545454545454
1 0.8432352941176471 0.9272727272727272 0.06764705882352941 0.04
1 0.5761764705882353 0.7245454545454545 0.13705882352941176 0.035454545454545454
1 0.41911764705882354 0.9272727272727272 0.0688235294117647 0.03909090909090909
1 0.8482352941176471 0.8615909090909091 0.07764705882352942 0.04045454545454545
1 0.42558823529411766 0.6140909090909091 0.23588235294117646 0.035454545454545454
1 0.4376470588235294 0.41113636363636363 0.25529411764705884 0.04045454545454545
1 0.6435294117647059 0.78 0.03411764705882353 0.035454545454545454
1 0.4002941176470588 0.45295454545454544 0.1935294117647059 0.038636363636363635
1 0.6638235294117647 0.7243181818181819 0.03235294117647059 0.03409090909090909
1 0.405 0.7231818181818181 0.19705882352941176 0.03727272727272727
1 0.10352941176470588 0.6790909090909091 0.0811764705882353 0.035454545454545454
1 0.09588235294117647 0.44772727272727275 0.07647058823529412 0.03636363636363636
1 0.15029411764705883 0.9256818181818182 0.05352941176470588 0.04318181818181818
1 0.7235294117647059 0.7268181818181818 0.0976470588235294 0.03363636363636364
1 0.33029411764705885 0.9275 0.06764705882352941 0.04045454545454545
1 0.1585294117647059 0.8563636363636363 0.06294117647058824 0.04090909090909091
1 0.691764705882353 0.774090909090909 0.07882352941176471 0.03090909090909091
1 0.44176470588235295 0.57 0.2811764705882353 0.038181818181818185
1 0.11147058823529411 0.5211363636363636 0.07235294117647059 0.03409090909090909
1 0.24058823529411766 0.8581818181818182 0.06588235294117648 0.04181818181818182
1 0.23823529411764705 0.9252272727272727 0.05411764705882353 0.042272727272727274
1 0.39088235294117646 0.7718181818181818 0.1723529411764706 0.034545454545454546
1 0.7594117647058823 0.9277272727272727 0.06470588235294118 0.03909090909090909
1 0.10882352941176471 0.3643181818181818 0.08588235294117647 0.03681818181818182
1 0.5541176470588235 0.7727272727272727 0.12117647058823529 0.031818181818181815
1 0.6391176470588236 0.4118181818181818 0.13 0.03636363636363636
1 0.41 0.8575 0.05058823529411765 0.04045454545454545
1 0.5794117647058824 0.9261363636363636 0.05529411764705883 0.041363636363636366
1 0.5829411764705882 0.8615909090909091 0.05647058823529412 0.04318181818181818
1 0.10088235294117646 0.40545454545454546 0.07823529411764706 0.03727272727272727
1 0.10470588235294118 0.5661363636363637 0.07764705882352942 0.03409090909090909
1 0.6308823529411764 0.6140909090909091 0.09705882352941177 0.03272727272727273
1 0.5476470588235294 0.037954545454545456 0.07176470588235294 0.021363636363636362
1 0.6047058823529412 0.57 0.036470588235294116 0.031818181818181815
1 0.6817647058823529 0.5731818181818182 0.11529411764705882 0.034545454545454546
1 0.505 0.9272727272727272 0.05941176470588235 0.04
1 0.6688235294117647 0.8602272727272727 0.05529411764705883 0.041363636363636366
1 0.09970588235294117 0.7645454545454545 0.08411764705882353 0.035454545454545454
1 0.0988235294117647 0.7243181818181819 0.08235294117647059 0.03681818181818182
1 0.5605882352941176 0.4556818181818182 0.10941176470588235 0.035
1 0.5026470588235294 0.8602272727272727 0.05941176470588235 0.03954545454545454
1 0.5664705882352942 0.6175 0.027058823529411764 0.031363636363636364
1 0.10088235294117646 0.6061363636363636 0.08058823529411764 0.03590909090909091
1 0.6702941176470588 0.9263636363636364 0.06411764705882353 0.04
1 0.33294117647058824 0.8586363636363636 0.06470588235294118 0.04
1 0.305 0.037954545454545456 0.045294117647058825 0.021363636363636362