1 0.40058823529411763 0.6790909090909091 0.18705882352941178 0.04
1 0.8458823529411764 0.8634090909090909 0.05529411764705883 0.04318181818181818
1 0.5729411764705883 0.6106818181818182 0.13529411764705881 0.035
1 0.4497058823529412 0.5231818181818182 0.28647058823529414 0.038181818181818185
1 0.4 0.6075 0.18705882352941178 0.038636363636363635
1 0.3138235294117647 0.034772727272727275 0.04647058823529412 0.025
1 0.8420588235294117 0.4109090909090909 0.03823529411764706 0.038181818181818185
1 0.43529411764705883 0.4118181818181818 0.2635294117647059 0.04727272727272727
1 0.10794117647058823 0.6770454545454545 0.09705882352941177 0.03772727272727273
1 0.8370588235294117 0.5263636363636364 0.03882352941176471 0.034545454545454546
1 0.10764705882352942 0.36363636363636365 0.09529411764705882 0.03636363636363636
1 0.09941176470588235 0.44522727272727275 0.08588235294117647 0.03772727272727273
1 0.6517647058823529 0.7265909090909091 0.22 0.042272727272727274
1 0.1635294117647059 0.9227272727272727 0.07058823529411765 0.04
1 0.33029411764705885 0.9225 0.06294117647058824 0.042272727272727274
1 0.16205882352941176 0.8563636363636363 0.060588235294117644 0.04
1 0.7297058823529412 0.6152272727272727 0.08176470588235295 0.03227272727272727
1 0.10058823529411764 0.5197727272727273 0.08352941176470588 0.03590909090909091
1 0.6588235294117647 0.6134090909090909 0.02823529411764706 0.035
1 0.8679411764705882 0.37204545454545457 0.13 0.038636363636363635
1 0.245 0.8554545454545455 0.060588235294117644 0.04090909090909091
1 0.7079411764705882 0.5256818181818181 0.19705882352941176 0.03954545454545454
1 0.2538235294117647 0.9229545454545455 0.07941176470588235 0.041363636363636366
1 0.3938235294117647 0.7697727272727273 0.17588235294117646 0.03681818181818182
1 0.7676470588235295 0.8625 0.07529411764705882 0.042272727272727274
1 0.7014705882352941 0.41409090909090907 0.2511764705882353 0.042727272727272725
1 0.4235294117647059 0.8602272727272727 0.06941176470588235 0.041363636363636366
1 0.5952941176470589 0.8604545454545455 0.06588235294117648 0.04090909090909091
1 0.4308823529411765 0.5681818181818182 0.2523529411764706 0.03909090909090909
1 0.5688235294117647 0.7725 0.1376470588235294 0.035
1 0.10529411764705883 0.4034090909090909 0.0976470588235294 0.03681818181818182
1 0.10029411764705883 0.5640909090909091 0.08764705882352941 0.03727272727272727
1 0.6564705882352941 0.5697727272727273 0.16823529411764707 0.03590909090909091
1 0.5741176470588235 0.04 0.12470588235294118 0.022727272727272728
1 0.7767647058823529 0.4590909090909091 0.10529411764705883 0.03363636363636364
1 0.5076470588235295 0.8615909090909091 0.06941176470588235 0.041363636363636366
1 0.8926470588235295 0.5277272727272727 0.07941176470588235 0.034545454545454546
1 0.8482352941176471 0.5747727272727273 0.11294117647058824 0.03681818181818182
1 0.3888235294117647 0.4509090909090909 0.16588235294117648 0.038181818181818185
1 0.10588235294117647 0.764090909090909 0.0988235294117647 0.038181818181818185
1 0.10558823529411765 0.7218181818181818 0.09941176470588235 0.03909090909090909
1 0.7744117647058824 0.3690909090909091 0.03823529411764706 0.03636363636363636
1 0.5829411764705882 0.45454545454545453 0.18235294117647058 0.03636363636363636
1 0.6314705882352941 0.6838636363636363 0.24176470588235294 0.03772727272727273
1 0.7002941176470588 0.46090909090909093 0.03 0.034545454545454546
1 0.903235294117647 0.40954545454545455 0.09235294117647058 0.038181818181818185
1 0.42617647058823527 0.36454545454545456 0.23941176470588235 0.038181818181818185
1 0.4194117647058824 0.7254545454545455 0.23176470588235293 0.03636363636363636
1 0.09911764705882353 0.6052272727272727 0.08647058823529412 0.03772727272727273
1 0.6838235294117647 0.8615909090909091 0.0711764705882353 0.04045454545454545
1 0.6502941176470588 0.37 0.18529411764705883 0.04
1 0.3285294117647059 0.8568181818181818 0.05823529411764706 0.04090909090909091
1 0.7638235294117647 0.5745454545454546 0.031176470588235295 0.035454545454545454