1 0.36941176470588233 0.6838636363636363 0.1411764705882353 0.035
1 0.755 0.8584090909090909 0.05352941176470588 0.038636363636363635
1 0.8379411764705882 0.9265909090909091 0.04647058823529412 0.03681818181818182
1 0.6079411764705882 0.5720454545454545 0.13705882352941176 0.035
1 0.41147058823529414 0.9279545454545455 0.0488235294117647 0.035
1 0.5117647058823529 0.45386363636363636 0.11058823529411765 0.03409090909090909
1 0.84 0.8622727272727273 0.04352941176470588 0.03636363636363636
1 0.37411764705882355 0.6138636363636364 0.14941176470588236 0.038636363636363635
1 0.4938235294117647 0.3734090909090909 0.11352941176470588 0.03681818181818182
1 0.6664705882352941 0.8572727272727273 0.04941176470588235 0.038181818181818185
1 0.42411764705882354 0.7254545454545455 0.24941176470588236 0.038181818181818185
1 0.43117647058823527 0.4109090909090909 0.24941176470588236 0.03090909090909091
1 0.10058823529411764 0.6790909090909091 0.08352941176470588 0.035454545454545454
1 0.10088235294117646 0.4440909090909091 0.09117647058823529 0.03636363636363636
1 0.5555882352941176 0.6156818181818182 0.020588235294117647 0.03318181818181818
1 0.1476470588235294 0.9231818181818182 0.04941176470588235 0.03727272727272727
1 0.7776470588235294 0.5738636363636364 0.10352941176470588 0.035
1 0.3197058823529412 0.9254545454545454 0.0488235294117647 0.03727272727272727
1 0.14558823529411766 0.8547727272727272 0.045294117647058825 0.03772727272727273
1 0.37558823529411767 0.5234090909090909 0.13705882352941176 0.03590909090909091
1 0.09558823529411764 0.5209090909090909 0.08294117647058824 0.035454545454545454
1 0.6197058823529412 0.5345454545454545 0.05 0.031818181818181815
1 0.23147058823529412 0.9240909090909091 0.045294117647058825 0.03727272727272727
1 0.37029411764705883 0.7725 0.14647058823529413 0.03409090909090909
1 0.7520588235294118 0.9263636363636364 0.051176470588235295 0.03727272727272727
1 0.10676470588235294 0.3618181818181818 0.09823529411764706 0.03727272727272727
1 0.6282352941176471 0.4134090909090909 0.1423529411764706 0.03590909090909091
1 0.40941176470588236 0.8593181818181819 0.04823529411764706 0.03681818181818182
1 0.5820588235294117 0.9240909090909091 0.04647058823529412 0.03636363636363636
1 0.4152941176470588 0.5697727272727273 0.22588235294117648 0.03772727272727273
1 0.58 0.8588636363636364 0.04588235294117647 0.038636363636363635
1 0.10235294117647059 0.4018181818181818 0.09529411764705882 0.03727272727272727
1 0.09411764705882353 0.5672727272727273 0.08235294117647059 0.035454545454545454
1 0.6185294117647059 0.4611363636363636 0.05941176470588235 0.030454545454545453
1 0.5576470588235294 0.03704545454545455 0.08 0.02590909090909091
1 0.6161764705882353 0.37681818181818183 0.0711764705882353 0.031818181818181815
1 0.7723529411764706 0.4172727272727273 0.09411764705882353 0.034545454545454546
1 0.495 0.925 0.04764705882352941 0.03636363636363636
1 0.38176470588235295 0.4515909090909091 0.15058823529411763 0.038636363636363635
1 0.09529411764705882 0.7615909090909091 0.07882352941176471 0.03681818181818182
1 0.09588235294117647 0.7215909090909091 0.08 0.03681818181818182
1 0.7202941176470589 0.42068181818181816 0.03 0.03318181818181818
1 0.4976470588235294 0.855909090909091 0.042352941176470586 0.03909090909090909
1 0.5720588235294117 0.5343181818181818 0.02411764705882353 0.03227272727272727
1 0.36705882352941177 0.3704545454545455 0.11647058823529412 0.03727272727272727
1 0.5011764705882353 0.6195454545454545 0.08823529411764706 0.02727272727272727
1 0.09529411764705882 0.6056818181818182 0.08352941176470588 0.03681818181818182
1 0.6688235294117647 0.9245454545454546 0.05647058823529412 0.03636363636363636
1 0.32529411764705884 0.8581818181818182 0.05411764705882353 0.03636363636363636
1 0.7088235294117647 0.5740909090909091 0.02823529411764706 0.03272727272727273
1 0.2994117647058824 0.03340909090909091 0.029411764705882353 0.02409090909090909
1 0.3432352941176471 0.03272727272727273 0.06294117647058824 0.022727272727272728
1 0.5641176470588235 0.38113636363636366 0.018823529411764704 0.03318181818181818
1 0.58 0.4631818181818182 0.02 0.028181818181818183
1 0.5017647058823529 0.5313636363636364 0.07764705882352942 0.04090909090909091
1 0.5979411764705882 0.6172727272727273 0.04647058823529412 0.03363636363636364
1 0.235 0.8579545454545454 0.05823529411764706 0.03590909090909091