1 0.40441176470588236 0.6838636363636363 0.19941176470588234 0.03681818181818182
1 0.763235294117647 0.8590909090909091 0.06294117647058824 0.03909090909090909
1 0.8511764705882353 0.9279545454545455 0.06705882352941177 0.04045454545454545
1 0.42323529411764704 0.9279545454545455 0.060588235294117644 0.03772727272727273
1 0.35 0.6129545454545454 0.10705882352941176 0.03318181818181818
1 0.4447058823529412 0.6120454545454546 0.07176470588235294 0.031363636363636364
1 0.3708823529411765 0.7265909090909091 0.13823529411764707 0.035
1 0.27705882352941175 0.03431818181818182 0.04 0.023181818181818182
1 0.36058823529411765 0.45340909090909093 0.11529411764705882 0.03590909090909091
1 0.11294117647058824 0.6813636363636364 0.06470588235294118 0.034545454545454546
1 0.11705882352941177 0.41295454545454546 0.06470588235294118 0.03409090909090909
1 0.11352941176470588 0.37068181818181817 0.06941176470588235 0.03318181818181818
1 0.46647058823529414 0.7704545454545455 0.08705882352941176 0.03272727272727273
1 0.6105882352941177 0.6854545454545454 0.1623529411764706 0.034545454545454546
1 0.1623529411764706 0.9275 0.06 0.04045454545454545
1 0.3335294117647059 0.9288636363636363 0.06470588235294118 0.038636363636363635
1 0.16411764705882353 0.8584090909090909 0.0611764705882353 0.03954545454545454
1 0.1126470588235294 0.5247727272727273 0.07235294117647059 0.03318181818181818
1 0.24941176470588236 0.8590909090909091 0.0611764705882353 0.03909090909090909
1 0.2523529411764706 0.9275 0.06235294117647059 0.03772727272727273
1 0.7688235294117647 0.928409090909091 0.07058823529411765 0.03772727272727273
1 0.5976470588235294 0.37204545454545457 0.15411764705882353 0.035
1 0.40558823529411764 0.3725 0.20176470588235293 0.03681818181818182
1 0.4202941176470588 0.8588636363636364 0.061764705882352944 0.03772727272727273
1 0.5935294117647059 0.9268181818181818 0.0611764705882353 0.03909090909090909
1 0.4047058823529412 0.5295454545454545 0.1988235294117647 0.03363636363636364
1 0.55 0.45454545454545453 0.03411764705882353 0.03363636363636364
1 0.4638235294117647 0.5725 0.10529411764705883 0.035
1 0.5979411764705882 0.5263636363636364 0.13705882352941176 0.03363636363636364
1 0.5476470588235294 0.04090909090909091 0.07882352941176471 0.02181818181818182
1 0.6052941176470589 0.4531818181818182 0.07764705882352942 0.031818181818181815
1 0.7964705882352942 0.37204545454545457 0.11058823529411765 0.03227272727272727
1 0.5070588235294118 0.9270454545454545 0.052941176470588235 0.04045454545454545
1 0.8552941176470589 0.8586363636363636 0.07529411764705882 0.04181818181818182
1 0.675 0.8595454545454545 0.05823529411764706 0.04090909090909091
1 0.115 0.7695454545454545 0.06411764705882353 0.03272727272727273
1 0.11735294117647059 0.725909090909091 0.06647058823529411 0.031818181818181815
1 0.7044117647058824 0.38045454545454543 0.039411764705882354 0.03272727272727273
1 0.47852941176470587 0.45636363636363636 0.10176470588235294 0.035454545454545454
1 0.5952941176470589 0.8570454545454546 0.06470588235294118 0.03954545454545454
1 0.5076470588235295 0.8584090909090909 0.06470588235294118 0.041363636363636366
1 0.49205882352941177 0.7288636363636364 0.1111764705882353 0.03318181818181818
1 0.12058823529411765 0.6097727272727272 0.06705882352941177 0.03318181818181818
1 0.6788235294117647 0.9279545454545455 0.05764705882352941 0.041363636363636366
1 0.3305882352941176 0.8588636363636364 0.05058823529411765 0.038636363636363635
1 0.3652941176470588 0.4131818181818182 0.12823529411764706 0.038181818181818185
1 0.12205882352941176 0.4611363636363636 0.08764705882352941 0.028636363636363637
1 0.47794117647058826 0.41295454545454546 0.09 0.03318181818181818
1 0.5379411764705883 0.415 0.018235294117647058 0.03272727272727273
1 0.5844117647058824 0.4125 0.06647058823529411 0.03409090909090909
1 0.11441176470588235 0.5702272727272727 0.06411764705882353 0.029545454545454545
1 0.35323529411764704 0.5725 0.10647058823529412 0.031363636363636364
1 0.36 0.7697727272727273 0.11411764705882353 0.038636363636363635