1 0.37293144208037826 0.7061363636363637 0.1359338061465721 0.03590909090909091
1 0.7680260047281324 0.8761363636363636 0.0644208037825059 0.038636363636363635
1 0.8448581560283688 0.9438636363636363 0.057328605200945626 0.03772727272727273
1 0.42080378250591016 0.9438636363636363 0.04609929078014184 0.03772727272727273
1 0.8457446808510638 0.8781818181818182 0.05319148936170213 0.038181818181818185
1 0.36613475177304966 0.6359090909090909 0.13534278959810875 0.03636363636363636
1 0.11524822695035461 0.7052272727272727 0.08983451536643026 0.035
1 0.4169621749408983 0.7502272727272727 0.22044917257683216 0.03590909090909091
1 0.10963356973995272 0.3956818181818182 0.06323877068557919 0.03318181818181818
1 0.10638297872340426 0.4797727272727273 0.06028368794326241 0.03409090909090909
1 0.4728132387706856 0.7918181818181819 0.08156028368794327 0.03363636363636364
1 0.5682624113475178 0.7927272727272727 0.04314420803782506 0.034545454545454546
1 0.1592789598108747 0.9447727272727273 0.0466903073286052 0.03681818181818182
1 0.7810283687943262 0.7468181818181818 0.0644208037825059 0.03272727272727273
1 0.33274231678487 0.9438636363636363 0.054373522458628844 0.03772727272727273
1 0.1607565011820331 0.8768181818181818 0.0508274231678487 0.04
1 0.375886524822695 0.5497727272727273 0.1430260047281324 0.038636363636363635
1 0.11140661938534278 0.5518181818181818 0.07860520094562648 0.03363636363636364
1 0.6323877068557919 0.7468181818181818 0.14420803782505912 0.03363636363636364
1 0.24556737588652483 0.8788636363636364 0.05260047281323877 0.03681818181818182
1 0.5960401891252955 0.7027272727272728 0.0466903073286052 0.035454545454545454
1 0.24438534278959811 0.9427272727272727 0.047872340425531915 0.038181818181818185
1 0.3622931442080378 0.7922727272727272 0.11347517730496454 0.034545454545454546
1 0.7600472813238771 0.9429545454545455 0.06264775413711583 0.03681818181818182
1 0.2854609929078014 0.07113636363636364 0.04373522458628842 0.022272727272727274
1 0.5602836879432624 0.07318181818181818 0.09456264775413711 0.02090909090909091
1 0.4287825059101655 0.43454545454545457 0.2559101654846336 0.038181818181818185
1 0.4175531914893617 0.8786363636363637 0.04550827423167849 0.03636363636363636
1 0.5924940898345153 0.9422727272727273 0.060874704491725766 0.03727272727272727
1 0.42109929078014185 0.5943181818181819 0.23699763593380616 0.03590909090909091
1 0.4769503546099291 0.6388636363636364 0.0673758865248227 0.03227272727272727
1 0.5898345153664303 0.8806818181818182 0.057919621749408984 0.03954545454545454
1 0.10372340425531915 0.43568181818181817 0.06323877068557919 0.03318181818181818
1 0.11022458628841608 0.5918181818181818 0.0797872340425532 0.034545454545454546
1 0.5020685579196218 0.9438636363636363 0.050236406619385346 0.03954545454545454
1 0.6773049645390071 0.8777272727272727 0.04728132387706856 0.038181818181818185
1 0.48817966903073284 0.5495454545454546 0.06619385342789598 0.03272727272727273
1 0.49615839243498816 0.7022727272727273 0.08924349881796691 0.035454545454545454
1 0.37145390070921985 0.4802272727272727 0.14479905437352245 0.035
1 0.1208628841607565 0.788409090909091 0.07860520094562648 0.035
1 0.12293144208037825 0.7484090909090909 0.08392434988179669 0.03318181818181818
1 0.5 0.8784090909090909 0.041371158392434985 0.03681818181818182
1 0.5534869976359338 0.7131818181818181 0.026595744680851064 0.035454545454545454
1 0.375 0.39545454545454545 0.13534278959810875 0.03727272727272727
1 0.11761229314420804 0.6325 0.08156028368794327 0.03409090909090909
1 0.6796690307328606 0.9420454545454545 0.05673758865248227 0.03772727272727273
1 0.33628841607565013 0.8781818181818182 0.04964539007092199 0.03636363636363636
1 0.6137706855791962 0.5931818181818181 0.09633569739952719 0.03272727272727273
1 0.7302009456264775 0.7452272727272727 0.03250591016548463 0.03318181818181818
1 0.5345744680851063 0.7965909090909091 0.02186761229314421 0.023181818181818182