1 0.42058823529411765 0.6879545454545455 0.24941176470588236 0.042272727272727274
1 0.5617647058823529 0.6297727272727273 0.027058823529411764 0.031363636363636364
1 0.3988235294117647 0.37136363636363634 0.20588235294117646 0.04090909090909091
1 0.7635294117647059 0.860909090909091 0.058823529411764705 0.03636363636363636
1 0.85 0.9279545454545455 0.06941176470588235 0.04045454545454545
1 0.5788235294117647 0.5759090909090909 0.14 0.038181818181818185
1 0.41147058823529414 0.9265909090909091 0.061764705882352944 0.03772727272727273
1 0.5941176470588235 0.5327272727272727 0.1564705882352941 0.03636363636363636
1 0.8464705882352941 0.8606818181818182 0.06588235294117648 0.041363636363636366
1 0.36911764705882355 0.6222727272727273 0.14176470588235293 0.03272727272727273
1 0.7291176470588235 0.7825 0.09 0.03772727272727273
1 0.40705882352941175 0.41545454545454547 0.22 0.04090909090909091
1 0.42676470588235293 0.7304545454545455 0.25823529411764706 0.04090909090909091
1 0.28558823529411764 0.038636363636363635 0.04294117647058823 0.024545454545454544
1 0.7879411764705883 0.5343181818181818 0.14647058823529413 0.03772727272727273
1 0.09588235294117647 0.6854545454545454 0.07529411764705882 0.03636363636363636
1 0.08558823529411765 0.45545454545454545 0.07235294117647059 0.03636363636363636
1 0.0838235294117647 0.5284090909090909 0.07588235294117647 0.03409090909090909
1 0.09470588235294118 0.36727272727272725 0.07764705882352942 0.035454545454545454
1 0.6579411764705883 0.7304545454545455 0.19588235294117648 0.04363636363636364
1 0.1561764705882353 0.928409090909091 0.060588235294117644 0.03772727272727273
1 0.33029411764705885 0.9275 0.0688235294117647 0.038636363636363635
1 0.15764705882352942 0.8634090909090909 0.06235294117647059 0.03772727272727273
1 0.6252941176470588 0.6259090909090909 0.09294117647058824 0.02727272727272727
1 0.23911764705882352 0.8625 0.05235294117647059 0.03681818181818182
1 0.6679411764705883 0.5777272727272728 0.028823529411764706 0.03909090909090909
1 0.23705882352941177 0.9261363636363636 0.052941176470588235 0.038636363636363635
1 0.38823529411764707 0.7768181818181819 0.18352941176470589 0.03636363636363636
1 0.7576470588235295 0.9297727272727273 0.0611764705882353 0.04045454545454545
1 0.5635294117647058 0.7804545454545454 0.1423529411764706 0.03272727272727273
1 0.6905882352941176 0.3734090909090909 0.03294117647058824 0.03318181818181818
1 0.6032352941176471 0.4172727272727273 0.15941176470588236 0.04090909090909091
1 0.41411764705882353 0.8618181818181818 0.05411764705882353 0.03727272727272727
1 0.5911764705882353 0.9261363636363636 0.06352941176470588 0.038636363636363635
1 0.09235294117647058 0.5690909090909091 0.07882352941176471 0.03272727272727273
1 0.40058823529411763 0.5295454545454545 0.20823529411764705 0.04090909090909091
1 0.5870588235294117 0.86 0.05529411764705883 0.04
1 0.6638235294117647 0.4681818181818182 0.07823529411764706 0.031818181818181815
1 0.5538235294117647 0.03977272727272727 0.09352941176470589 0.022272727272727274
1 0.6070588235294118 0.47363636363636363 0.02588235294117647 0.031818181818181815
1 0.7891176470588235 0.4177272727272727 0.12058823529411765 0.042727272727272725
1 0.7797058823529411 0.7361363636363636 0.03470588235294118 0.03772727272727273
1 0.5032352941176471 0.9275 0.061764705882352944 0.041363636363636366
1 0.8141176470588235 0.6925 0.09647058823529411 0.035
1 0.6761764705882353 0.8597727272727272 0.06529411764705882 0.03772727272727273
1 0.5876470588235294 0.37227272727272726 0.15764705882352942 0.03909090909090909
1 0.7602941176470588 0.36477272727272725 0.09941176470588235 0.03409090909090909
1 0.8602941176470589 0.7336363636363636 0.12411764705882353 0.04090909090909091
1 0.385 0.4647727272727273 0.1711764705882353 0.03681818181818182
1 0.09147058823529412 0.7704545454545455 0.07352941176470588 0.034545454545454546
1 0.09470588235294118 0.7268181818181818 0.0811764705882353 0.035454545454545454
1 0.706764705882353 0.41818181818181815 0.03470588235294118 0.03909090909090909
1 0.535 0.4675 0.11235294117647059 0.03409090909090909
1 0.6423529411764706 0.6911363636363637 0.16705882352941176 0.03590909090909091
1 0.5058823529411764 0.8604545454545455 0.06352941176470588 0.03727272727272727
1 0.6908823529411765 0.5436363636363636 0.031176470588235295 0.02909090909090909
1 0.09588235294117647 0.6118181818181818 0.07764705882352942 0.03636363636363636
1 0.6770588235294117 0.9270454545454545 0.06823529411764706 0.03954545454545454
1 0.3326470588235294 0.8602272727272727 0.05823529411764706 0.03681818181818182
1 0.7420588235294118 0.5770454545454545 0.11470588235294117 0.03772727272727273
1 0.08676470588235294 0.4115909090909091 0.07705882352941176 0.03772727272727273
1 0.4011764705882353 0.5734090909090909 0.20588235294117646 0.04045454545454545
1 0.49558823529411766 0.6229545454545454 0.10529411764705883 0.03227272727272727
1 0.7414705882352941 0.6997727272727273 0.028823529411764706 0.03590909090909091
1 0.6597058823529411 0.7888636363636363 0.03588235294117647 0.04045454545454545