1 0.37176470588235294 0.6818181818181818 0.0976470588235294 0.03363636363636364
1 0.4088235294117647 0.4075 0.11294117647058824 0.03318181818181818
1 0.8473529411764706 0.9275 0.06294117647058824 0.038636363636363635
1 0.5497058823529412 0.6068181818181818 0.14058823529411765 0.02909090909090909
1 0.4161764705882353 0.9259090909090909 0.05235294117647059 0.035454545454545454
1 0.5173529411764706 0.4084090909090909 0.09941176470588235 0.031363636363636364
1 0.6752941176470588 0.8579545454545454 0.04823529411764706 0.03772727272727273
1 0.4097058823529412 0.44977272727272727 0.09588235294117647 0.035
1 0.3123529411764706 0.03363636363636364 0.03882352941176471 0.025454545454545455
1 0.10617647058823529 0.6795454545454546 0.05941176470588235 0.034545454545454546
1 0.10588235294117647 0.44772727272727275 0.06 0.034545454545454546
1 0.38529411764705884 0.7261363636363637 0.13058823529411764 0.030454545454545453
1 0.11470588235294117 0.3615909090909091 0.06705882352941177 0.035
1 0.15176470588235294 0.9231818181818182 0.05176470588235294 0.038181818181818185
1 0.3255882352941176 0.9256818181818182 0.051176470588235295 0.03681818181818182
1 0.15529411764705883 0.8554545454545455 0.06 0.035454545454545454
1 0.7570588235294118 0.8597727272727272 0.047058823529411764 0.03590909090909091
1 0.4082352941176471 0.5222727272727272 0.14941176470588236 0.035454545454545454
1 0.10676470588235294 0.5229545454545454 0.06294117647058824 0.03318181818181818
1 0.24147058823529413 0.8556818181818182 0.0488235294117647 0.03590909090909091
1 0.24205882352941177 0.9238636363636363 0.054705882352941174 0.03681818181818182
1 0.365 0.7665909090909091 0.10058823529411764 0.030454545454545453
1 0.7594117647058823 0.9272727272727272 0.05647058823529412 0.03636363636363636
1 0.41705882352941176 0.8581818181818182 0.05764705882352941 0.03636363636363636
1 0.5847058823529412 0.9265909090909091 0.04823529411764706 0.03681818181818182
1 0.42411764705882354 0.5677272727272727 0.18588235294117647 0.03
1 0.5611764705882353 0.525 0.1388235294117647 0.03636363636363636
1 0.5844117647058824 0.8581818181818182 0.04764705882352941 0.03909090909090909
1 0.10764705882352942 0.40386363636363637 0.06352941176470588 0.03409090909090909
1 0.11147058823529411 0.5638636363636363 0.06529411764705882 0.03318181818181818
1 0.6 0.5656818181818182 0.15411764705882353 0.03590909090909091
1 0.5714705882352941 0.03704545454545455 0.07470588235294118 0.021363636363636362
1 0.49911764705882355 0.9268181818181818 0.05235294117647059 0.038181818181818185
1 0.8461764705882353 0.8622727272727273 0.051176470588235295 0.03636363636363636
1 0.49558823529411766 0.36886363636363634 0.09 0.035
1 0.4038235294117647 0.6097727272727272 0.15588235294117647 0.029545454545454545
1 0.10647058823529412 0.7618181818181818 0.05411764705882353 0.03363636363636364
1 0.10676470588235294 0.7209090909090909 0.054705882352941174 0.03363636363636364
1 0.49941176470588233 0.45295454545454544 0.07647058823529412 0.03318181818181818
1 0.49970588235294117 0.8595454545454545 0.04647058823529412 0.03727272727272727
1 0.4088235294117647 0.3679545454545455 0.10352941176470588 0.03227272727272727
1 0.11147058823529411 0.6043181818181819 0.06294117647058824 0.03318181818181818
1 0.6744117647058824 0.9263636363636364 0.05823529411764706 0.03636363636363636
1 0.3341176470588235 0.8577272727272728 0.06 0.03636363636363636
1 0.4535294117647059 0.678409090909091 0.07411764705882352 0.03409090909090909
1 0.48058823529411765 0.7220454545454545 0.07294117647058823 0.022272727272727274
1 0.445 0.7645454545454545 0.06647058823529411 0.026363636363636363