1 0.0976470588235294 0.4043181818181818 0.07176470588235294 0.03318181818181818
1 0.42558823529411766 0.6122727272727273 0.22058823529411764 0.035454545454545454
1 0.7158823529411765 0.7247727272727272 0.18588235294117647 0.038636363636363635
1 0.43441176470588233 0.4081818181818182 0.26176470588235295 0.034545454545454546
1 0.10058823529411764 0.45386363636363636 0.0811764705882353 0.026818181818181817
1 0.11294117647058824 0.725909090909091 0.07529411764705882 0.034545454545454546
1 0.44088235294117645 0.7731818181818182 0.28294117647058825 0.034545454545454546
1 0.3002941176470588 0.03431818181818182 0.04411764705882353 0.026818181818181817
1 0.66 0.46090909090909093 0.18941176470588236 0.034545454545454546
1 0.46647058823529414 0.7236363636363636 0.31882352941176473 0.034545454545454546
1 0.4802941176470588 0.5711363636363637 0.3335294117647059 0.03227272727272727
1 0.11323529411764706 0.5725 0.07823529411764706 0.03318181818181818
1 0.5661764705882353 0.035227272727272725 0.09352941176470589 0.022272727272727274
1 0.42617647058823527 0.45340909090909093 0.23941176470588235 0.031363636363636364
1 0.11147058823529411 0.7695454545454545 0.07470588235294118 0.035454545454545454
1 0.7105882352941176 0.4118181818181818 0.2541176470588235 0.03636363636363636
1 0.1011764705882353 0.6093181818181819 0.06235294117647059 0.035
1 0.6755882352941176 0.7840909090909091 0.15823529411764706 0.038181818181818185