1 0.5005882352941177 0.8593181818181819 0.04823529411764706 0.035
1 0.7561764705882353 0.8584090909090909 0.05588235294117647 0.03409090909090909
1 0.8452941176470589 0.9279545454545455 0.06 0.03681818181818182
1 0.41294117647058826 0.928409090909091 0.05058823529411765 0.03318181818181818
1 0.5379411764705883 0.6736363636363636 0.14411764705882352 0.03272727272727273
1 0.395 0.4102272727272727 0.19117647058823528 0.03681818181818182
1 0.36705882352941177 0.6779545454545455 0.14470588235294118 0.029545454545454545
1 0.6744117647058824 0.8572727272727273 0.05941176470588235 0.034545454545454546
1 0.38794117647058823 0.7218181818181818 0.1864705882352941 0.03
1 0.10794117647058823 0.405 0.07588235294117647 0.03272727272727273
1 0.11 0.6761363636363636 0.07294117647058823 0.03318181818181818
1 0.10794117647058823 0.4461363636363636 0.08294117647058824 0.035
1 0.5788235294117647 0.7186363636363636 0.14705882352941177 0.03636363636363636
1 0.1514705882352941 0.9229545454545455 0.05235294117647059 0.03772727272727273
1 0.6655882352941176 0.5645454545454546 0.04764705882352941 0.02909090909090909
1 0.3288235294117647 0.9277272727272727 0.06 0.034545454545454546
1 0.3952941176470588 0.5661363636363637 0.19294117647058823 0.03681818181818182
1 0.11088235294117647 0.519090909090909 0.07941176470588235 0.03363636363636364
1 0.7429411764705882 0.72 0.09176470588235294 0.031818181818181815
1 0.24352941176470588 0.8561363636363636 0.05411764705882353 0.03590909090909091
1 0.24205882352941177 0.923409090909091 0.05 0.035
1 0.33029411764705885 0.8570454545454546 0.05588235294117647 0.03681818181818182
1 0.7538235294117647 0.9272727272727272 0.05 0.035454545454545454
1 0.10911764705882353 0.36363636363636365 0.07235294117647059 0.03272727272727273
1 0.4097058823529412 0.8588636363636364 0.045294117647058825 0.03772727272727273
1 0.5826470588235294 0.9270454545454545 0.05352941176470588 0.03590909090909091
1 0.5273529411764706 0.5209090909090909 0.10058823529411764 0.026363636363636363
1 0.10882352941176471 0.5640909090909091 0.08235294117647059 0.03363636363636364
1 0.6079411764705882 0.5206818181818181 0.03705882352941176 0.03318181818181818
1 0.5776470588235294 0.038181818181818185 0.10705882352941176 0.022727272727272728
1 0.5002941176470588 0.9261363636363636 0.054705882352941174 0.035
1 0.8420588235294117 0.8611363636363636 0.05941176470588235 0.03409090909090909
1 0.10941176470588235 0.7693181818181818 0.07529411764705882 0.03409090909090909
1 0.115 0.7215909090909091 0.07823529411764706 0.03318181818181818
1 0.581764705882353 0.8618181818181818 0.04352941176470588 0.03727272727272727
1 0.6691176470588235 0.5218181818181818 0.08294117647058824 0.03636363636363636
1 0.10970588235294118 0.6052272727272727 0.09117647058823529 0.035
1 0.6697058823529412 0.9272727272727272 0.05235294117647059 0.035454545454545454
1 0.31588235294117645 0.03272727272727273 0.03176470588235294 0.022727272727272728
1 0.37529411764705883 0.3609090909090909 0.14941176470588236 0.03272727272727273
1 0.5547058823529412 0.3643181818181818 0.19176470588235295 0.031363636363636364
1 0.6135294117647059 0.40613636363636363 0.20470588235294118 0.029545454545454545
1 0.3791176470588235 0.4481818181818182 0.15823529411764706 0.03272727272727273
1 0.5541176470588235 0.4484090909090909 0.1811764705882353 0.028636363636363637
1 0.36911764705882355 0.6020454545454546 0.15588235294117647 0.029545454545454545
1 0.375 0.5186363636363637 0.15588235294117647 0.03727272727272727
1 0.5682352941176471 0.5629545454545455 0.13529411764705881 0.028636363636363637
1 0.5197058823529411 0.6036363636363636 0.11235294117647059 0.03
1 0.5973529411764706 0.6056818181818182 0.03588235294117647 0.030454545454545453
1 0.663235294117647 0.6045454545454545 0.09470588235294118 0.026363636363636363
1 0.7341176470588235 0.5656818181818182 0.09176470588235294 0.029545454545454545
1 0.63 0.6772727272727272 0.03294117647058824 0.026363636363636363
1 0.6876470588235294 0.6761363636363636 0.06941176470588235 0.026818181818181817
1 0.6802941176470588 0.72 0.033529411764705884 0.02727272727272727
1 0.36823529411764705 0.765 0.14941176470588236 0.031818181818181815
1 0.5191176470588236 0.7665909090909091 0.12529411764705883 0.030454545454545453
1 0.6097058823529412 0.7706818181818181 0.04176470588235294 0.03590909090909091
1 0.6661764705882353 0.7656818181818181 0.06529411764705882 0.028636363636363637
1 0.15029411764705883 0.855909090909091 0.05823529411764706 0.03363636363636364