1 0.3835294117647059 0.730909090909091 0.18823529411764706 0.034545454545454546
1 0.7558823529411764 0.8570454545454546 0.058823529411764705 0.03954545454545454
1 0.8408823529411765 0.9265909090909091 0.05588235294117647 0.03590909090909091
1 0.4329411764705882 0.5761363636363637 0.2635294117647059 0.038636363636363635
1 0.4158823529411765 0.9279545454545455 0.06470588235294118 0.03590909090909091
1 0.8344117647058824 0.8593181818181819 0.051176470588235295 0.04772727272727273
1 0.41147058823529414 0.6170454545454546 0.21470588235294116 0.03772727272727273
1 0.40147058823529413 0.41659090909090907 0.20294117647058824 0.038636363636363635
1 0.4673529411764706 0.6902272727272727 0.08764705882352941 0.035
1 0.7420588235294118 0.5322727272727272 0.08647058823529412 0.03272727272727273
1 0.10558823529411765 0.6829545454545455 0.06764705882352941 0.03409090909090909
1 0.10352941176470588 0.3668181818181818 0.06 0.03363636363636364
1 0.09823529411764706 0.4561363636363636 0.06235294117647059 0.03590909090909091
1 0.46941176470588236 0.7729545454545454 0.07882352941176471 0.03227272727272727
1 0.5588235294117647 0.730909090909091 0.12117647058823529 0.034545454545454546
1 0.15235294117647058 0.9277272727272727 0.05411764705882353 0.038181818181818185
1 0.32382352941176473 0.9268181818181818 0.05823529411764706 0.03636363636363636
1 0.1526470588235294 0.8577272727272728 0.054705882352941174 0.038181818181818185
1 0.7291176470588235 0.6288636363636364 0.03 0.030454545454545453
1 0.10705882352941176 0.5256818181818181 0.08235294117647059 0.03318181818181818
1 0.6058823529411764 0.6184090909090909 0.14705882352941177 0.03318181818181818
1 0.24058823529411766 0.86 0.05764705882352941 0.03636363636363636
1 0.2411764705882353 0.9256818181818182 0.06 0.03590909090909091
1 0.35058823529411764 0.7747727272727273 0.10941176470588235 0.03409090909090909
1 0.7573529411764706 0.9281818181818182 0.05823529411764706 0.03727272727272727
1 0.30941176470588233 0.03727272727272727 0.042352941176470586 0.026363636363636363
1 0.6458823529411765 0.4113636363636364 0.10941176470588235 0.035454545454545454
1 0.4138235294117647 0.8597727272727272 0.05588235294117647 0.038636363636363635
1 0.5882352941176471 0.9265909090909091 0.0611764705882353 0.03590909090909091
1 0.3870588235294118 0.5325 0.17882352941176471 0.03954545454545454
1 0.5852941176470589 0.8586363636363636 0.052941176470588235 0.03909090909090909
1 0.10323529411764706 0.40704545454545454 0.06411764705882353 0.03590909090909091
1 0.5755882352941176 0.4565909090909091 0.08529411764705883 0.03227272727272727
1 0.5626470588235294 0.038181818181818185 0.11588235294117646 0.022727272727272728
1 0.798235294117647 0.6211363636363636 0.07411764705882352 0.03227272727272727
1 0.5023529411764706 0.9288636363636363 0.06 0.03590909090909091
1 0.8023529411764706 0.5788636363636364 0.036470588235294116 0.031363636363636364
1 0.6697058823529412 0.8606818181818182 0.05 0.038636363636363635
1 0.5502941176470588 0.4115909090909091 0.03705882352941176 0.03681818181818182
1 0.8820588235294118 0.5743181818181818 0.11352941176470588 0.03772727272727273
1 0.3820588235294118 0.4597727272727273 0.14411764705882352 0.03681818181818182
1 0.10558823529411765 0.7695454545454545 0.07 0.03363636363636364
1 0.10705882352941176 0.7334090909090909 0.07058823529411765 0.03409090909090909
1 0.5061764705882353 0.45954545454545453 0.03705882352941176 0.03636363636363636
1 0.5026470588235294 0.8588636363636364 0.054705882352941174 0.03954545454545454
1 0.5682352941176471 0.5327272727272727 0.12 0.03363636363636364
1 0.3708823529411765 0.37204545454545457 0.1264705882352941 0.03772727272727273
1 0.11735294117647059 0.6179545454545454 0.0888235294117647 0.03681818181818182
1 0.6726470588235294 0.9270454545454545 0.06411764705882353 0.03681818181818182
1 0.5488235294117647 0.37795454545454543 0.0611764705882353 0.03409090909090909
1 0.3261764705882353 0.8595454545454545 0.051176470588235295 0.03727272727272727
1 0.6835294117647058 0.5729545454545455 0.18470588235294116 0.038636363636363635
1 0.4908823529411765 0.3845454545454545 0.033529411764705884 0.03636363636363636
1 0.10882352941176471 0.5740909090909091 0.08 0.034545454545454546
1 0.6776470588235294 0.5477272727272727 0.03529411764705882 0.038181818181818185
1 0.3573529411764706 0.6881818181818182 0.12058823529411765 0.04