1 0.39294117647058824 0.6843181818181818 0.16588235294117648 0.038636363636363635
1 0.36470588235294116 0.5265909090909091 0.12705882352941175 0.03772727272727273
1 0.7570588235294118 0.8602272727272727 0.04470588235294118 0.03681818181818182
1 0.8535294117647059 0.9272727272727272 0.06470588235294118 0.03727272727272727
1 0.5264705882352941 0.5693181818181818 0.08588235294117647 0.03227272727272727
1 0.42411764705882354 0.9279545454545455 0.05529411764705883 0.03590909090909091
1 0.5126470588235295 0.5215909090909091 0.09117647058823529 0.035
1 0.3608823529411765 0.6134090909090909 0.11235294117647059 0.03409090909090909
1 0.6794117647058824 0.7670454545454546 0.05764705882352941 0.031363636363636364
1 0.43823529411764706 0.41295454545454546 0.27176470588235296 0.03772727272727273
1 0.4335294117647059 0.6140909090909091 0.02823529411764706 0.03636363636363636
1 0.6797058823529412 0.7236363636363636 0.028823529411764706 0.034545454545454546
1 0.4076470588235294 0.725 0.2 0.03727272727272727
1 0.11382352941176471 0.6831818181818182 0.08058823529411764 0.035454545454545454
1 0.11205882352941177 0.4581818181818182 0.09235294117647058 0.035454545454545454
1 0.11294117647058824 0.37272727272727274 0.08235294117647059 0.034545454545454546
1 0.5870588235294117 0.7243181818181819 0.1388235294117647 0.03318181818181818
1 0.16176470588235295 0.9265909090909091 0.05411764705882353 0.03772727272727273
1 0.7314705882352941 0.7236363636363636 0.07705882352941176 0.031818181818181815
1 0.3411764705882353 0.9290909090909091 0.05647058823529412 0.035454545454545454
1 0.16264705882352942 0.8615909090909091 0.05235294117647059 0.035
1 0.11794117647058823 0.5256818181818181 0.0711764705882353 0.035
1 0.24558823529411763 0.8597727272727272 0.05 0.03590909090909091
1 0.6567647058823529 0.6840909090909091 0.031176470588235295 0.03090909090909091
1 0.24823529411764705 0.9290909090909091 0.05529411764705883 0.035454545454545454
1 0.39558823529411763 0.7713636363636364 0.17588235294117646 0.03636363636363636
1 0.7617647058823529 0.9263636363636364 0.05058823529411765 0.03727272727272727
1 0.30264705882352944 0.03409090909090909 0.03823529411764706 0.022727272727272728
1 0.5473529411764706 0.7695454545454545 0.11352941176470588 0.03272727272727273
1 0.6252941176470588 0.3693181818181818 0.03411764705882353 0.031363636363636364
1 0.5497058823529412 0.37227272727272726 0.10411764705882352 0.031818181818181815
1 0.41705882352941176 0.860909090909091 0.04823529411764706 0.03727272727272727
1 0.591764705882353 0.9309090909090909 0.05411764705882353 0.03727272727272727
1 0.3764705882352941 0.5725 0.14705882352941177 0.03318181818181818
1 0.5876470588235294 0.8568181818181818 0.04470588235294118 0.038181818181818185
1 0.6076470588235294 0.45704545454545453 0.027058823529411764 0.03409090909090909
1 0.5614705882352942 0.038636363636363635 0.11 0.02090909090909091
1 0.7529411764705882 0.4113636363636364 0.03294117647058824 0.03636363636363636
1 0.5097058823529412 0.9286363636363636 0.061764705882352944 0.03636363636363636
1 0.8479411764705882 0.8575 0.057058823529411766 0.03954545454545454
1 0.6711764705882353 0.8563636363636363 0.04352941176470588 0.03909090909090909
1 0.39558823529411763 0.45454545454545453 0.1888235294117647 0.031818181818181815
1 0.11323529411764706 0.7715909090909091 0.07823529411764706 0.03318181818181818
1 0.11411764705882353 0.7252272727272727 0.0811764705882353 0.035
1 0.6823529411764706 0.36954545454545457 0.07529411764705882 0.031818181818181815
1 0.6305882352941177 0.7715909090909091 0.029411764705882353 0.03318181818181818
1 0.5032352941176471 0.8604545454545455 0.04647058823529412 0.038181818181818185
1 0.6573529411764706 0.4134090909090909 0.14882352941176472 0.03590909090909091
1 0.8164705882352942 0.4097727272727273 0.07764705882352942 0.03409090909090909
1 0.5541176470588235 0.685 0.13647058823529412 0.034545454545454546
1 0.48470588235294115 0.6140909090909091 0.06823529411764706 0.031818181818181815
1 0.12029411764705883 0.6138636363636364 0.07588235294117647 0.03590909090909091
1 0.6767647058823529 0.9263636363636364 0.060588235294117644 0.03727272727272727
1 0.3311764705882353 0.8618181818181818 0.05176470588235294 0.035454545454545454
1 0.7235294117647059 0.6822727272727273 0.06470588235294118 0.03272727272727273
1 0.3947058823529412 0.37068181818181817 0.19647058823529412 0.03772727272727273
1 0.6505882352941177 0.4552272727272727 0.05647058823529412 0.02772727272727273
1 0.5452941176470588 0.4540909090909091 0.0976470588235294 0.03272727272727273
1 0.1126470588235294 0.4143181818181818 0.09470588235294118 0.031363636363636364
1 0.12352941176470589 0.5709090909090909 0.07882352941176471 0.03727272727272727
1 0.44529411764705884 0.5311363636363636 0.029411764705882353 0.028636363636363637
1 0.4676470588235294 0.5702272727272727 0.03294117647058824 0.03590909090909091