1 0.4047058823529412 0.6811363636363637 0.1952941176470588 0.038636363636363635
1 0.415 0.4068181818181818 0.2252941176470588 0.038181818181818185
1 0.7611764705882353 0.8565909090909091 0.05764705882352941 0.03772727272727273
1 0.8488235294117648 0.9259090909090909 0.06588235294117648 0.03909090909090909
1 0.5841176470588235 0.6115909090909091 0.0988235294117647 0.035
1 0.41411764705882353 0.9259090909090909 0.06470588235294118 0.03909090909090909
1 0.8473529411764706 0.8563636363636363 0.06647058823529411 0.04
1 0.41 0.6186363636363637 0.21058823529411766 0.042727272727272725
1 0.39088235294117646 0.4506818181818182 0.1723529411764706 0.03772727272727273
1 0.7438235294117647 0.40545454545454546 0.028823529411764706 0.03727272727272727
1 0.10352941176470588 0.68 0.08588235294117647 0.03727272727272727
1 0.11235294117647059 0.4531818181818182 0.10352941176470588 0.03727272727272727
1 0.4547058823529412 0.7256818181818182 0.29764705882352943 0.038636363636363635
1 0.10411764705882352 0.40954545454545455 0.10235294117647059 0.035454545454545454
1 0.15705882352941178 0.9256818181818182 0.05647058823529412 0.038636363636363635
1 0.32441176470588234 0.9245454545454546 0.057058823529411766 0.04
1 0.15794117647058822 0.8602272727272727 0.05588235294117647 0.03772727272727273
1 0.4244117647058824 0.5293181818181818 0.24529411764705883 0.038636363636363635
1 0.11088235294117647 0.5213636363636364 0.09705882352941177 0.03727272727272727
1 0.23911764705882352 0.8577272727272728 0.05823529411764706 0.038181818181818185
1 0.6379411764705882 0.5225 0.14647058823529413 0.03772727272727273
1 0.24088235294117646 0.9238636363636363 0.057058823529411766 0.038636363636363635
1 0.395 0.7711363636363636 0.18411764705882352 0.041363636363636366
1 0.7573529411764706 0.9231818181818182 0.06294117647058824 0.04090909090909091
1 0.105 0.3668181818181818 0.10058823529411764 0.038181818181818185
1 0.5626470588235294 0.769090909090909 0.10294117647058823 0.03363636363636364
1 0.6394117647058823 0.4075 0.1588235294117647 0.03681818181818182
1 0.6455882352941177 0.36818181818181817 0.03470588235294118 0.03363636363636364
1 0.5526470588235294 0.36568181818181816 0.13117647058823528 0.03772727272727273
1 0.41970588235294115 0.8570454545454546 0.05823529411764706 0.038636363636363635
1 0.5894117647058823 0.9229545454545455 0.06588235294117648 0.03954545454545454
1 0.44 0.57 0.27058823529411763 0.03636363636363636
1 0.586764705882353 0.8554545454545455 0.061764705882352944 0.04
1 0.10882352941176471 0.571590909090909 0.09294117647058824 0.03681818181818182
1 0.6364705882352941 0.45886363636363636 0.03294117647058824 0.035
1 0.6976470588235294 0.4615909090909091 0.06588235294117648 0.030454545454545453
1 0.7197058823529412 0.7220454545454545 0.18411764705882352 0.038636363636363635
1 0.5023529411764706 0.9243181818181818 0.06705882352941177 0.03954545454545454
1 0.6694117647058824 0.8568181818181818 0.05411764705882353 0.04
1 0.7041176470588235 0.3659090909090909 0.07294117647058823 0.031818181818181815
1 0.10705882352941176 0.7677272727272727 0.08823529411764706 0.03636363636363636
1 0.10411764705882352 0.7236363636363636 0.09176470588235294 0.038181818181818185
1 0.5541176470588235 0.4531818181818182 0.10470588235294118 0.03363636363636364
1 0.585 0.6852272727272727 0.1111764705882353 0.03590909090909091
1 0.5026470588235294 0.8570454545454546 0.061764705882352944 0.038636363636363635
1 0.8126470588235294 0.40795454545454546 0.08647058823529412 0.03590909090909091
1 0.38941176470588235 0.3629545454545455 0.16470588235294117 0.03681818181818182
1 0.10764705882352942 0.605909090909091 0.1 0.03727272727272727
1 0.6805882352941176 0.9222727272727272 0.07411764705882352 0.04090909090909091
1 0.3291176470588235 0.8570454545454546 0.054705882352941174 0.03772727272727273
1 0.6738235294117647 0.5661363636363637 0.1652941176470588 0.03772727272727273
1 0.27705882352941175 0.03568181818181818 0.03411764705882353 0.02590909090909091
1 0.3161764705882353 0.038181818181818185 0.051176470588235295 0.026363636363636363
1 0.5497058823529412 0.03613636363636363 0.1111764705882353 0.02590909090909091