1 0.38735294117647057 0.6836363636363636 0.1864705882352941 0.042727272727272725
1 0.7523529411764706 0.8654545454545455 0.05176470588235294 0.03636363636363636
1 0.845 0.9336363636363636 0.06294117647058824 0.038181818181818185
1 0.405 0.9322727272727273 0.05588235294117647 0.038181818181818185
1 0.40088235294117647 0.5238636363636363 0.21823529411764706 0.03409090909090909
1 0.8441176470588235 0.8693181818181818 0.052941176470588235 0.03954545454545454
1 0.3791176470588235 0.6202272727272727 0.17705882352941177 0.03318181818181818
1 0.39647058823529413 0.7302272727272727 0.21294117647058824 0.041363636363636366
1 0.42676470588235293 0.3613636363636364 0.2605882352941176 0.03727272727272727
1 0.44823529411764707 0.4134090909090909 0.3023529411764706 0.04318181818181818
1 0.11147058823529411 0.6847727272727273 0.08764705882352941 0.03590909090909091
1 0.7391176470588235 0.581590909090909 0.03823529411764706 0.03772727272727273
1 0.10441176470588236 0.4515909090909091 0.08764705882352941 0.03590909090909091
1 0.6170588235294118 0.7343181818181819 0.2011764705882353 0.03772727272727273
1 0.14588235294117646 0.9297727272727273 0.05411764705882353 0.04409090909090909
1 0.3285294117647059 0.9309090909090909 0.060588235294117644 0.038181818181818185
1 0.15294117647058825 0.8688636363636364 0.047058823529411764 0.03954545454545454
1 0.7194117647058823 0.6238636363636364 0.10705882352941176 0.03227272727272727
1 0.10735294117647058 0.5209090909090909 0.09117647058823529 0.034545454545454546
1 0.23911764705882352 0.8618181818181818 0.05941176470588235 0.04
1 0.6347058823529412 0.6295454545454545 0.029411764705882353 0.031818181818181815
1 0.2373529411764706 0.9302272727272727 0.05823529411764706 0.03954545454545454
1 0.38 0.7759090909090909 0.17529411764705882 0.03727272727272727
1 0.7544117647058823 0.9320454545454545 0.05588235294117647 0.03954545454545454
1 0.10235294117647059 0.3659090909090909 0.07764705882352942 0.03363636363636364
1 0.5620588235294117 0.7790909090909091 0.14529411764705882 0.03363636363636364
1 0.7008823529411765 0.4209090909090909 0.17470588235294118 0.03636363636363636
1 0.6902941176470588 0.3654545454545455 0.21823529411764706 0.035454545454545454
1 0.4097058823529412 0.8625 0.05588235294117647 0.038636363636363635
1 0.5779411764705882 0.9363636363636364 0.051176470588235295 0.038181818181818185
1 0.5447058823529412 0.6220454545454546 0.12941176470588237 0.03409090909090909
1 0.0976470588235294 0.41 0.08470588235294117 0.035454545454545454
1 0.11029411764705882 0.5634090909090909 0.09588235294117647 0.03590909090909091
1 0.6120588235294118 0.5775 0.1676470588235294 0.035
1 0.5726470588235294 0.03931818181818182 0.11352941176470588 0.022272727272727274
1 0.6370588235294118 0.4684090909090909 0.03058823529411765 0.03318181818181818
1 0.8147058823529412 0.42272727272727273 0.03764705882352941 0.035454545454545454
1 0.49941176470588233 0.9315909090909091 0.06235294117647059 0.03954545454545454
1 0.6688235294117647 0.8640909090909091 0.0611764705882353 0.04
1 0.8635294117647059 0.3684090909090909 0.12470588235294118 0.03681818181818182
1 0.6114705882352941 0.6829545454545455 0.22764705882352942 0.03954545454545454
1 0.8382352941176471 0.5790909090909091 0.1623529411764706 0.038181818181818185
1 0.40352941176470586 0.5713636363636364 0.22470588235294117 0.042727272727272725
1 0.12294117647058823 0.7734090909090909 0.08705882352941176 0.03681818181818182
1 0.11794117647058823 0.7295454545454545 0.08764705882352941 0.035454545454545454
1 0.5488235294117647 0.4634090909090909 0.11176470588235295 0.03409090909090909
1 0.49941176470588233 0.8634090909090909 0.06235294117647059 0.038636363636363635
1 0.7008823529411765 0.4659090909090909 0.08176470588235295 0.03
1 0.8894117647058823 0.42045454545454547 0.09647058823529411 0.03636363636363636
1 0.10823529411764705 0.6077272727272728 0.09058823529411765 0.03727272727272727
1 0.3255882352941176 0.8606818181818182 0.05588235294117647 0.03772727272727273
1 0.8076470588235294 0.5256818181818181 0.15058823529411763 0.03681818181818182
1 0.2741176470588235 0.035454545454545454 0.04823529411764706 0.031818181818181815
1 0.34088235294117647 0.03659090909090909 0.08529411764705883 0.023181818181818182
1 0.385 0.4606818181818182 0.1935294117647059 0.045
1 0.5994117647058823 0.5259090909090909 0.17294117647058824 0.04