1 0.4088235294117647 0.7743181818181818 0.22588235294117648 0.03681818181818182
1 0.6182352941176471 0.7790909090909091 0.16470588235294117 0.03272727272727273
1 0.09411764705882353 0.5204545454545455 0.08352941176470588 0.03727272727272727
1 0.09647058823529411 0.5672727272727273 0.08235294117647059 0.03727272727272727
1 0.845 0.865909090909091 0.0688235294117647 0.04090909090909091
1 0.7611764705882353 0.8629545454545454 0.06235294117647059 0.03954545454545454
1 0.3876470588235294 0.4606818181818182 0.16705882352941176 0.03590909090909091
1 0.39441176470588235 0.5722727272727273 0.1888235294117647 0.04
1 0.41970588235294115 0.9281818181818182 0.07588235294117647 0.042727272727272725
1 0.10911764705882353 0.77 0.10647058823529412 0.03909090909090909
1 0.085 0.6811363636363637 0.08176470588235295 0.03772727272727273
1 0.41823529411764704 0.8593181818181819 0.06235294117647059 0.04045454545454545
1 0.10088235294117646 0.365 0.08529411764705883 0.03727272727272727
1 0.5055882352941177 0.865909090909091 0.061764705882352944 0.04
1 0.7823529411764706 0.730909090909091 0.18588235294117647 0.04
1 0.3361764705882353 0.9286363636363636 0.07823529411764706 0.03909090909090909
1 0.09147058823529412 0.4097727272727273 0.08764705882352941 0.038636363636363635
1 0.25058823529411767 0.9263636363636364 0.08 0.045454545454545456
1 0.8185294117647058 0.7797727272727273 0.09470588235294118 0.03318181818181818
1 0.6476470588235295 0.5734090909090909 0.28705882352941176 0.042272727272727274
1 0.16058823529411764 0.9265909090909091 0.0611764705882353 0.038636363636363635
1 0.33147058823529413 0.8643181818181818 0.060588235294117644 0.03954545454545454
1 0.3079411764705882 0.035454545454545454 0.04647058823529412 0.026363636363636363
1 0.7279411764705882 0.41704545454545455 0.18764705882352942 0.04681818181818182
1 0.46176470588235297 0.4127272727272727 0.3247058823529412 0.04090909090909091
1 0.6764705882352942 0.9290909090909091 0.07529411764705882 0.04454545454545455
1 0.10205882352941177 0.45022727272727275 0.08411764705882353 0.03772727272727273
1 0.4873529411764706 0.7286363636363636 0.3876470588235294 0.04090909090909091
1 0.5882352941176471 0.8631818181818182 0.06705882352941177 0.04090909090909091
1 0.09588235294117647 0.7277272727272728 0.08823529411764706 0.03727272727272727
1 0.5658823529411765 0.03840909090909091 0.11764705882352941 0.018636363636363635
1 0.5411764705882353 0.46090909090909093 0.13058823529411764 0.031818181818181815
1 0.5911764705882353 0.9281818181818182 0.07529411764705882 0.04363636363636364
1 0.8476470588235294 0.93 0.07647058823529412 0.04363636363636364
1 0.15529411764705883 0.8572727272727273 0.058823529411764705 0.03909090909090909
1 0.8938235294117647 0.41704545454545455 0.09352941176470589 0.038636363636363635
1 0.6764705882352942 0.8613636363636363 0.06470588235294118 0.04090909090909091
1 0.1 0.6113636363636363 0.08588235294117647 0.038181818181818185
1 0.5020588235294118 0.9293181818181818 0.06529411764705882 0.045
1 0.6894117647058824 0.465 0.07176470588235294 0.024545454545454544
1 0.7652941176470588 0.9293181818181818 0.08 0.04318181818181818
1 0.24794117647058825 0.8586363636363636 0.05941176470588235 0.03909090909090909
1 0.8382352941176471 0.425 0.03529411764705882 0.03
1 0.6388235294117647 0.4677272727272727 0.029411764705882353 0.02727272727272727
1 0.8214705882352941 0.5736363636363636 0.039411764705882354 0.03909090909090909
1 0.8961764705882352 0.5745454545454546 0.10411764705882352 0.04090909090909091
1 0.7455882352941177 0.7854545454545454 0.04176470588235294 0.03909090909090909
1 0.9482352941176471 0.7331818181818182 0.10352941176470588 0.03909090909090909
1 0.89 0.7431818181818182 0.03294117647058824 0.03909090909090909