1 0.4285294117647059 0.6781818181818182 0.21823529411764706 0.04090909090909091
1 0.6308823529411764 0.6806818181818182 0.13352941176470587 0.03772727272727273
1 0.4329411764705882 0.5229545454545454 0.23294117647058823 0.03590909090909091
1 0.7614705882352941 0.8586363636363636 0.057058823529411766 0.038181818181818185
1 0.8523529411764705 0.9238636363636363 0.07529411764705882 0.03954545454545454
1 0.55 0.6070454545454546 0.12470588235294118 0.03409090909090909
1 0.41441176470588237 0.9206818181818182 0.061764705882352944 0.03954545454545454
1 0.845 0.8597727272727272 0.057058823529411766 0.04045454545454545
1 0.39323529411764707 0.6056818181818182 0.15823529411764706 0.03590909090909091
1 0.7061764705882353 0.7695454545454545 0.07588235294117647 0.03363636363636364
1 0.41558823529411765 0.4465909090909091 0.21 0.03681818181818182
1 0.7238235294117648 0.6886363636363636 0.03235294117647059 0.03272727272727273
1 0.45647058823529413 0.40386363636363637 0.28352941176470586 0.03227272727272727
1 0.11088235294117647 0.6736363636363636 0.08411764705882353 0.03636363636363636
1 0.10676470588235294 0.4425 0.08411764705882353 0.035
1 0.42911764705882355 0.7218181818181818 0.23470588235294118 0.038181818181818185
1 0.7517647058823529 0.5686363636363636 0.03411764705882353 0.03363636363636364
1 0.11058823529411765 0.35954545454545456 0.09176470588235294 0.03636363636363636
1 0.5044117647058823 0.855 0.0688235294117647 0.03636363636363636
1 0.6388235294117647 0.7238636363636364 0.16117647058823528 0.03590909090909091
1 0.15558823529411764 0.9206818181818182 0.061764705882352944 0.04045454545454545
1 0.8202941176470588 0.5688636363636363 0.09 0.031363636363636364
1 0.3297058823529412 0.9206818181818182 0.06529411764705882 0.038636363636363635
1 0.16029411764705884 0.8538636363636364 0.0688235294117647 0.03681818181818182
1 0.5841176470588235 0.4484090909090909 0.10588235294117647 0.035
1 0.10970588235294118 0.5177272727272727 0.09235294117647058 0.031818181818181815
1 0.2488235294117647 0.8513636363636363 0.06352941176470588 0.03909090909090909
1 0.6444117647058824 0.5659090909090909 0.1511764705882353 0.034545454545454546
1 0.24794117647058825 0.92 0.061764705882352944 0.038181818181818185
1 0.39176470588235296 0.7636363636363637 0.1588235294117647 0.03636363636363636
1 0.7608823529411765 0.9229545454545455 0.06294117647058824 0.03681818181818182
1 0.3058823529411765 0.029545454545454545 0.047058823529411764 0.02
1 0.5479411764705883 0.7636363636363637 0.12294117647058823 0.034545454545454546
1 0.695 0.40636363636363637 0.1723529411764706 0.03636363636363636
1 0.41823529411764704 0.8529545454545454 0.06705882352941177 0.04045454545454545
1 0.4338235294117647 0.5631818181818182 0.24411764705882352 0.038181818181818185
1 0.591764705882353 0.855909090909091 0.06705882352941177 0.038181818181818185
1 0.11029411764705882 0.3997727272727273 0.09235294117647058 0.035
1 0.10764705882352942 0.5618181818181818 0.09176470588235294 0.035454545454545454
1 0.6435294117647059 0.6163636363636363 0.03176470588235294 0.034545454545454546
1 0.62 0.3640909090909091 0.12588235294117647 0.038181818181818185
1 0.6597058823529411 0.5252272727272728 0.15235294117647058 0.03409090909090909
1 0.8152941176470588 0.7243181818181819 0.0988235294117647 0.035
1 0.49676470588235294 0.9252272727272727 0.057058823529411766 0.04409090909090909
1 0.8126470588235294 0.6809090909090909 0.12294117647058823 0.035454545454545454
1 0.68 0.8581818181818182 0.06588235294117648 0.03909090909090909
1 0.11764705882352941 0.7609090909090909 0.0988235294117647 0.035454545454545454
1 0.11 0.7179545454545454 0.09176470588235294 0.03681818181818182
1 0.7670588235294118 0.5286363636363637 0.02588235294117647 0.03
1 0.6491176470588236 0.7738636363636363 0.03588235294117647 0.04045454545454545
1 0.8358823529411765 0.5286363636363637 0.08588235294117647 0.031818181818181815
1 0.4258823529411765 0.36204545454545456 0.23647058823529413 0.03409090909090909
1 0.10941176470588235 0.6029545454545454 0.09647058823529411 0.03590909090909091
1 0.6735294117647059 0.923409090909091 0.06823529411764706 0.03590909090909091
1 0.3341176470588235 0.8543181818181819 0.06 0.04045454545454545
1 0.7005882352941176 0.6115909090909091 0.06823529411764706 0.030454545454545453
1 0.5714705882352941 0.031818181818181815 0.11588235294117646 0.024545454545454544
1 0.7467647058823529 0.7284090909090909 0.03 0.03227272727272727
1 0.5876470588235294 0.9252272727272727 0.06352941176470588 0.035