1 0.43529411764705883 0.6788636363636363 0.2647058823529412 0.03954545454545454
1 0.7635294117647059 0.8565909090909091 0.06588235294117648 0.03954545454545454
1 0.8523529411764705 0.9247727272727273 0.07529411764705882 0.041363636363636366
1 0.6005882352941176 0.6168181818181818 0.22705882352941176 0.03363636363636364
1 0.42205882352941176 0.9231818181818182 0.07470588235294118 0.03909090909090909
1 0.8514705882352941 0.8586363636363636 0.07235294117647059 0.042727272727272725
1 0.3847058823529412 0.6138636363636364 0.16588235294117648 0.02590909090909091
1 0.6938235294117647 0.7702272727272728 0.11470588235294117 0.03409090909090909
1 0.3952941176470588 0.4484090909090909 0.1776470588235294 0.038636363636363635
1 0.4047058823529412 0.5681818181818182 0.19294117647058823 0.035454545454545454
1 0.7205882352941176 0.6795454545454546 0.15294117647058825 0.03909090909090909
1 0.4611764705882353 0.7268181818181818 0.3 0.03272727272727273
1 0.8473529411764706 0.5211363636363636 0.13470588235294118 0.03409090909090909
1 0.4329411764705882 0.41 0.2611764705882353 0.031818181818181815
1 0.09823529411764706 0.6788636363636363 0.07411764705882352 0.03772727272727273
1 0.10529411764705883 0.4531818181818182 0.1011764705882353 0.023636363636363636
1 0.7517647058823529 0.6240909090909091 0.036470588235294116 0.03363636363636364
1 0.16470588235294117 0.9227272727272727 0.07882352941176471 0.04
1 0.33647058823529413 0.9215909090909091 0.07647058823529412 0.04045454545454545
1 0.16029411764705884 0.8552272727272727 0.06764705882352941 0.041363636363636366
1 0.7161764705882353 0.725909090909091 0.11470588235294117 0.03636363636363636
1 0.3773529411764706 0.5209090909090909 0.1476470588235294 0.03909090909090909
1 0.10352941176470588 0.5184090909090909 0.08 0.03590909090909091
1 0.2388235294117647 0.855909090909091 0.05647058823529412 0.04090909090909091
1 0.2485294117647059 0.9222727272727272 0.07 0.03909090909090909
1 0.4373529411764706 0.7729545454545454 0.2676470588235294 0.029545454545454545
1 0.7673529411764706 0.9238636363636363 0.07470588235294118 0.03954545454545454
1 0.09794117647058824 0.3638636363636364 0.07941176470588235 0.03590909090909091
1 0.6591176470588235 0.4536363636363636 0.031176470588235295 0.034545454545454546
1 0.4188235294117647 0.8561363636363636 0.06 0.038636363636363635
1 0.5908823529411765 0.9227272727272727 0.07 0.04
1 0.5944117647058823 0.5218181818181818 0.2088235294117647 0.034545454545454546
1 0.5911764705882353 0.8563636363636363 0.07529411764705882 0.04181818181818182
1 0.10617647058823529 0.4056818181818182 0.09117647058823529 0.03681818181818182
1 0.1011764705882353 0.5690909090909091 0.07529411764705882 0.035454545454545454
1 0.6397058823529411 0.3638636363636364 0.17588235294117646 0.035
1 0.6638235294117647 0.40863636363636363 0.19705882352941176 0.04181818181818182
1 0.7397058823529412 0.4506818181818182 0.12411764705882353 0.035
1 0.505 0.9225 0.07 0.04045454545454545
1 0.6729411764705883 0.8568181818181818 0.06235294117647059 0.04090909090909091
1 0.8647058823529412 0.36727272727272725 0.1423529411764706 0.028181818181818183
1 0.8747058823529412 0.5679545454545455 0.14941176470588236 0.03772727272727273
1 0.10588235294117647 0.764090909090909 0.08588235294117647 0.038181818181818185
1 0.10029411764705883 0.7270454545454546 0.08529411764705883 0.038636363636363635
1 0.5638235294117647 0.44886363636363635 0.13705882352941176 0.03681818181818182
1 0.4979411764705882 0.855909090909091 0.060588235294117644 0.04090909090909091
1 0.7405882352941177 0.524090909090909 0.058823529411764705 0.03636363636363636
1 0.8744117647058823 0.4093181818181818 0.13117647058823528 0.03681818181818182
1 0.6314705882352941 0.5654545454545454 0.2252941176470588 0.04090909090909091
1 0.4176470588235294 0.36204545454545456 0.22588235294117648 0.03772727272727273
1 0.10029411764705883 0.6070454545454546 0.08294117647058824 0.03772727272727273
1 0.678235294117647 0.9227272727272727 0.07058823529411765 0.03909090909090909
1 0.3270588235294118 0.8547727272727272 0.06235294117647059 0.04045454545454545
1 0.775 0.5668181818181818 0.03823529411764706 0.038181818181818185
1 0.2597058823529412 0.034772727272727275 0.03705882352941176 0.021363636363636362
1 0.32 0.035454545454545454 0.06 0.02090909090909091
1 0.5711764705882353 0.03636363636363636 0.13294117647058823 0.017272727272727273
1 0.7720588235294118 0.3643181818181818 0.05235294117647059 0.035
1 0.7905882352941176 0.4138636363636364 0.03764705882352941 0.03954545454545454
1 0.8358823529411765 0.6184090909090909 0.12352941176470589 0.029545454545454545