1 0.36823529411764705 0.6825 0.13294117647058823 0.03409090909090909
1 0.7623529411764706 0.8629545454545454 0.05647058823529412 0.03590909090909091
1 0.8432352941176471 0.9259090909090909 0.05823529411764706 0.03727272727272727
1 0.4088235294117647 0.9261363636363636 0.05529411764705883 0.03681818181818182
1 0.8552941176470589 0.860909090909091 0.07058823529411765 0.04
1 0.3552941176470588 0.6170454545454546 0.10941176470588235 0.035
1 0.48176470588235293 0.5297727272727273 0.08 0.03409090909090909
1 0.6594117647058824 0.7836363636363637 0.09294117647058824 0.022727272727272728
1 0.3526470588235294 0.4565909090909091 0.10058823529411764 0.03681818181818182
1 0.7152941176470589 0.6897727272727273 0.08941176470588236 0.03409090909090909
1 0.10294117647058823 0.6847727272727273 0.09294117647058824 0.03772727272727273
1 0.6658823529411765 0.7336363636363636 0.03294117647058824 0.031818181818181815
1 0.0826470588235294 0.3654545454545455 0.06529411764705882 0.03636363636363636
1 0.09117647058823529 0.4540909090909091 0.07058823529411765 0.03727272727272727
1 0.4970588235294118 0.7775 0.12705882352941175 0.031363636363636364
1 0.15058823529411763 0.9259090909090909 0.04823529411764706 0.03727272727272727
1 0.7517647058823529 0.7322727272727273 0.11647058823529412 0.034545454545454546
1 0.33 0.925 0.06352941176470588 0.03727272727272727
1 0.1538235294117647 0.8579545454545454 0.054705882352941174 0.03681818181818182
1 0.5632352941176471 0.5772727272727273 0.13117647058823528 0.035454545454545454
1 0.10058823529411764 0.525 0.08235294117647059 0.03636363636363636
1 0.23911764705882352 0.8572727272727273 0.054705882352941174 0.038181818181818185
1 0.6176470588235294 0.6872727272727273 0.04352941176470588 0.034545454545454546
1 0.245 0.9259090909090909 0.05823529411764706 0.03636363636363636
1 0.36411764705882355 0.7754545454545455 0.10941176470588235 0.03363636363636364
1 0.7597058823529412 0.9261363636363636 0.054705882352941174 0.03681818181818182
1 0.3076470588235294 0.03590909090909091 0.03882352941176471 0.024545454545454544
1 0.4097058823529412 0.8618181818181818 0.057058823529411766 0.035454545454545454
1 0.5932352941176471 0.9252272727272727 0.05823529411764706 0.03772727272727273
1 0.10294117647058823 0.6125 0.09294117647058824 0.041363636363636366
1 0.3688235294117647 0.5275 0.1423529411764706 0.03954545454545454
1 0.4497058823529412 0.6175 0.07470588235294118 0.03227272727272727
1 0.3926470588235294 0.5779545454545455 0.17 0.03590909090909091
1 0.5882352941176471 0.8604545454545455 0.058823529411764705 0.03727272727272727
1 0.09058823529411765 0.4088636363636364 0.07058823529411765 0.03681818181818182
1 0.09588235294117647 0.5665909090909091 0.08235294117647059 0.03681818181818182
1 0.5694117647058824 0.03613636363636363 0.0976470588235294 0.031363636363636364
1 0.5064705882352941 0.9243181818181818 0.06588235294117648 0.03681818181818182
1 0.673235294117647 0.860909090909091 0.060588235294117644 0.038181818181818185
1 0.5176470588235295 0.6815909090909091 0.1376470588235294 0.03590909090909091
1 0.10323529411764706 0.7252272727272727 0.11352941176470588 0.03681818181818182
1 0.5938235294117648 0.7845454545454545 0.03 0.023636363636363636
1 0.3458823529411765 0.37022727272727274 0.09294117647058824 0.03590909090909091
1 0.5488235294117647 0.7331818181818182 0.16941176470588235 0.031818181818181815
1 0.10647058823529412 0.7654545454545455 0.12117647058823529 0.03363636363636364
1 0.6744117647058824 0.9261363636363636 0.057058823529411766 0.03772727272727273
1 0.3264705882352941 0.8563636363636363 0.05529411764705883 0.038181818181818185
1 0.3638235294117647 0.41113636363636363 0.1111764705882353 0.042272727272727274
1 0.3738235294117647 0.7265909090909091 0.15470588235294117 0.03954545454545454