1 0.43117647058823527 0.6886363636363636 0.24823529411764705 0.03
1 0.7676470588235295 0.8629545454545454 0.06705882352941177 0.04045454545454545
1 0.8488235294117648 0.9295454545454546 0.07176470588235294 0.04
1 0.41411764705882353 0.9268181818181818 0.06588235294117648 0.03727272727272727
1 0.4097058823529412 0.5738636363636364 0.20529411764705882 0.03590909090909091
1 0.8458823529411764 0.8645454545454545 0.07058823529411765 0.03909090909090909
1 0.37970588235294117 0.6195454545454545 0.14529411764705882 0.02909090909090909
1 0.6741176470588235 0.7804545454545454 0.08941176470588236 0.026363636363636363
1 0.6541176470588236 0.6909090909090909 0.1423529411764706 0.035454545454545454
1 0.44529411764705884 0.7340909090909091 0.28941176470588237 0.03
1 0.3761764705882353 0.415 0.14411764705882352 0.03727272727272727
1 0.10970588235294118 0.6829545454545455 0.08058823529411764 0.03590909090909091
1 0.10764705882352942 0.3663636363636364 0.07058823529411765 0.035454545454545454
1 0.11205882352941177 0.45022727272727275 0.07941176470588235 0.03590909090909091
1 0.15588235294117647 0.9236363636363636 0.06588235294117648 0.04090909090909091
1 0.7888235294117647 0.735909090909091 0.03882352941176471 0.034545454545454546
1 0.33294117647058824 0.9277272727272727 0.06 0.04
1 0.16558823529411765 0.8565909090909091 0.07470588235294118 0.04045454545454545
1 0.6841176470588235 0.7315909090909091 0.16588235294117648 0.035
1 0.6014705882352941 0.4640909090909091 0.07588235294117647 0.028181818181818183
1 0.11147058823529411 0.5261363636363636 0.09352941176470589 0.03590909090909091
1 0.24970588235294117 0.8579545454545454 0.061764705882352944 0.04045454545454545
1 0.2447058823529412 0.9243181818181818 0.06588235294117648 0.038636363636363635
1 0.38941176470588235 0.7786363636363637 0.17647058823529413 0.024545454545454544
1 0.7635294117647059 0.9302272727272727 0.07058823529411765 0.038636363636363635
1 0.5402941176470588 0.78 0.11235294117647059 0.02909090909090909
1 0.6526470588235294 0.42159090909090907 0.03 0.03227272727272727
1 0.6302941176470588 0.37727272727272726 0.04058823529411765 0.03272727272727273
1 0.5423529411764706 0.41659090909090907 0.17529411764705882 0.03772727272727273
1 0.41794117647058826 0.8590909090909091 0.07 0.038181818181818185
1 0.5861764705882353 0.9268181818181818 0.060588235294117644 0.03909090909090909
1 0.10882352941176471 0.5672727272727273 0.08705882352941176 0.03636363636363636
1 0.39441176470588235 0.5347727272727273 0.16294117647058823 0.030454545454545453
1 0.46588235294117647 0.4602272727272727 0.1223529411764706 0.030454545454545453
1 0.5852941176470589 0.8631818181818182 0.0611764705882353 0.038181818181818185
1 0.10705882352941176 0.4075 0.07411764705882352 0.03590909090909091
1 0.5623529411764706 0.037954545454545456 0.10235294117647059 0.021363636363636362
1 0.7220588235294118 0.4188636363636364 0.09823529411764706 0.035
1 0.5002941176470588 0.9286363636363636 0.0711764705882353 0.03909090909090909
1 0.8364705882352941 0.6936363636363636 0.12588235294117647 0.03
1 0.6767647058823529 0.860909090909091 0.06411764705882353 0.03909090909090909
1 0.5229411764705882 0.37113636363636365 0.16117647058823528 0.03681818181818182
1 0.8805882352941177 0.7363636363636363 0.13529411764705881 0.03090909090909091
1 0.3511764705882353 0.4575 0.1011764705882353 0.03590909090909091
1 0.11323529411764706 0.7663636363636364 0.08647058823529412 0.03636363636363636
1 0.11205882352941177 0.7247727272727272 0.08411764705882353 0.03772727272727273
1 0.7061764705882353 0.37681818181818183 0.09588235294117647 0.03363636363636364
1 0.6129411764705882 0.7865909090909091 0.03411764705882353 0.03772727272727273
1 0.5035294117647059 0.860909090909091 0.07294117647058823 0.04090909090909091
1 0.37323529411764705 0.37136363636363634 0.12529411764705883 0.03636363636363636
1 0.5597058823529412 0.6206818181818182 0.19470588235294117 0.02772727272727273
1 0.10617647058823529 0.6102272727272727 0.09 0.03772727272727273
1 0.678235294117647 0.9293181818181818 0.07529411764705882 0.03954545454545454
1 0.32941176470588235 0.8595454545454545 0.06588235294117648 0.038181818181818185
1 0.6414705882352941 0.5772727272727273 0.2464705882352941 0.028181818181818183
1 0.7505882352941177 0.6981818181818182 0.03882352941176471 0.031818181818181815
1 0.2988235294117647 0.03295454545454545 0.03764705882352941 0.025
1 0.5488235294117647 0.46886363636363637 0.029411764705882353 0.026818181818181817
1 0.595 0.5343181818181818 0.2088235294117647 0.031363636363636364