1 0.39294117647058824 0.7306818181818182 0.18941176470588236 0.03681818181818182
1 0.7591176470588236 0.8615909090909091 0.05352941176470588 0.03772727272727273
1 0.845 0.9306818181818182 0.06529411764705882 0.038636363636363635
1 0.5676470588235294 0.6193181818181818 0.07647058823529412 0.030454545454545453
1 0.4111764705882353 0.93 0.058823529411764705 0.04
1 0.523235294117647 0.5254545454545455 0.15470588235294117 0.03727272727272727
1 0.8476470588235294 0.8586363636363636 0.06705882352941177 0.04090909090909091
1 0.35558823529411765 0.6145454545454545 0.09823529411764706 0.03363636363636364
1 0.3861764705882353 0.41363636363636364 0.16647058823529412 0.04
1 0.596764705882353 0.6915909090909091 0.17352941176470588 0.03681818181818182
1 0.39941176470588236 0.6884090909090909 0.19411764705882353 0.035
1 0.09323529411764706 0.6838636363636363 0.06764705882352941 0.03590909090909091
1 0.08676470588235294 0.45295454545454544 0.0688235294117647 0.035
1 0.09264705882352942 0.36977272727272725 0.0711764705882353 0.035
1 0.49823529411764705 0.7756818181818181 0.10470588235294118 0.031363636363636364
1 0.15705882352941178 0.9293181818181818 0.058823529411764705 0.04045454545454545
1 0.7711764705882352 0.6893181818181818 0.07411764705882352 0.03318181818181818
1 0.3311764705882353 0.9302272727272727 0.06588235294117648 0.038636363636363635
1 0.16470588235294117 0.8597727272727272 0.06352941176470588 0.03772727272727273
1 0.695 0.7334090909090909 0.07470588235294118 0.030454545454545453
1 0.09176470588235294 0.5272727272727272 0.06705882352941177 0.034545454545454546
1 0.245 0.9302272727272727 0.061764705882352944 0.038636363636363635
1 0.3785294117647059 0.7763636363636364 0.1264705882352941 0.03727272727272727
1 0.7579411764705882 0.9286363636363636 0.05823529411764706 0.04
1 0.28205882352941175 0.04113636363636364 0.04294117647058823 0.02409090909090909
1 0.5579411764705883 0.7338636363636364 0.13705882352941176 0.031363636363636364
1 0.41852941176470587 0.8618181818181818 0.0688235294117647 0.03909090909090909
1 0.5861764705882353 0.9293181818181818 0.05352941176470588 0.04045454545454545
1 0.3714705882352941 0.5284090909090909 0.1323529411764706 0.035
1 0.5676470588235294 0.5738636363636364 0.02823529411764706 0.031363636363636364
1 0.48264705882352943 0.5768181818181818 0.13 0.034545454545454546
1 0.5744117647058824 0.7822727272727272 0.028823529411764706 0.04
1 0.6244117647058823 0.5727272727272728 0.0888235294117647 0.031818181818181815
1 0.5620588235294117 0.03840909090909091 0.11235294117647059 0.022272727272727274
1 0.7205882352941176 0.5334090909090909 0.11529411764705882 0.03318181818181818
1 0.5061764705882353 0.9302272727272727 0.0711764705882353 0.04045454545454545
1 0.6794117647058824 0.8590909090909091 0.06705882352941177 0.04181818181818182
1 0.5873529411764706 0.37477272727272726 0.17705882352941177 0.03409090909090909
1 0.36205882352941177 0.46090909090909093 0.11 0.035454545454545454
1 0.09558823529411764 0.7709090909090909 0.06647058823529411 0.034545454545454546
1 0.09558823529411764 0.7268181818181818 0.06647058823529411 0.034545454545454546
1 0.6202941176470588 0.7745454545454545 0.045294117647058825 0.03636363636363636
1 0.5032352941176471 0.8618181818181818 0.0688235294117647 0.04
1 0.6308823529411764 0.5338636363636363 0.03705882352941176 0.03227272727272727
1 0.40058823529411763 0.37113636363636365 0.18352941176470589 0.04045454545454545
1 0.515 0.6215909090909091 0.026470588235294117 0.03318181818181818
1 0.09323529411764706 0.6138636363636364 0.06647058823529411 0.03590909090909091
1 0.6755882352941176 0.928409090909091 0.06529411764705882 0.03954545454545454
1 0.33588235294117647 0.8595454545454545 0.06705882352941177 0.04181818181818182
1 0.711764705882353 0.6997727272727273 0.03882352941176471 0.029545454545454545
1 0.49264705882352944 0.4627272727272727 0.13705882352941176 0.04090909090909091
1 0.08323529411764706 0.41113636363636363 0.06411764705882353 0.029545454545454545
1 0.09176470588235294 0.5740909090909091 0.06470588235294118 0.028181818181818183
1 0.35764705882352943 0.5752272727272727 0.11411764705882353 0.03227272727272727
1 0.6426470588235295 0.7345454545454545 0.02176470588235294 0.02909090909090909
1 0.2464705882352941 0.8656818181818182 0.06588235294117648 0.041363636363636366
1 0.5891176470588235 0.8625 0.06411764705882353 0.04409090909090909
1 0.5632352941176471 0.4175 0.19588235294117648 0.03954545454545454
1 0.4520588235294118 0.6218181818181818 0.10294117647058823 0.034545454545454546