1 0.4470588235294118 0.6861363636363637 0.2741176470588235 0.04409090909090909
1 0.77 0.8636363636363636 0.07058823529411765 0.04454545454545455
1 0.8605882352941177 0.9268181818181818 0.0811764705882353 0.046363636363636364
1 0.5805882352941176 0.6086363636363636 0.14588235294117646 0.03090909090909091
1 0.4302941176470588 0.93 0.08529411764705883 0.03909090909090909
1 0.855 0.8638636363636364 0.0688235294117647 0.04318181818181818
1 0.40058823529411763 0.6118181818181818 0.18823529411764706 0.031818181818181815
1 0.4485294117647059 0.41 0.2888235294117647 0.03727272727272727
1 0.4002941176470588 0.4515909090909091 0.18294117647058825 0.031363636363636364
1 0.6858823529411765 0.6865909090909091 0.17529411764705882 0.041363636363636366
1 0.43588235294117644 0.7227272727272728 0.25176470588235295 0.031818181818181815
1 0.82 0.5234090909090909 0.11647058823529412 0.041363636363636366
1 0.09529411764705882 0.6843181818181818 0.07647058823529412 0.03772727272727273
1 0.10029411764705883 0.4565909090909091 0.09470588235294118 0.038636363636363635
1 0.7294117647058823 0.5688636363636363 0.04352941176470588 0.03590909090909091
1 0.11470588235294117 0.37068181818181817 0.09058823529411765 0.03954545454545454
1 0.6541176470588236 0.7218181818181818 0.14941176470588236 0.031818181818181815
1 0.17058823529411765 0.9315909090909091 0.07529411764705882 0.04318181818181818
1 0.3438235294117647 0.93 0.07823529411764706 0.04
1 0.1688235294117647 0.860909090909091 0.07411764705882352 0.04090909090909091
1 0.7364705882352941 0.7647727272727273 0.0811764705882353 0.028636363636363637
1 0.4158823529411765 0.5272727272727272 0.22470588235294117 0.03727272727272727
1 0.10205882352941177 0.5265909090909091 0.08294117647058824 0.035
1 0.6861764705882353 0.6156818181818182 0.03470588235294118 0.02772727272727273
1 0.25676470588235295 0.8606818181818182 0.08176470588235295 0.041363636363636366
1 0.2597058823529412 0.9313636363636364 0.07352941176470588 0.04090909090909091
1 0.3961764705882353 0.7675 0.1723529411764706 0.035
1 0.7735294117647059 0.9279545454545455 0.07882352941176471 0.041363636363636366
1 0.27176470588235296 0.03704545454545455 0.03176470588235294 0.022272727272727274
1 0.5629411764705883 0.7652272727272728 0.11294117647058824 0.030454545454545453
1 0.4294117647058823 0.8622727272727273 0.06588235294117648 0.042727272727272725
1 0.41058823529411764 0.5690909090909091 0.21411764705882352 0.034545454545454546
1 0.5985294117647059 0.8613636363636363 0.07352941176470588 0.042727272727272725
1 0.11323529411764706 0.41363636363636364 0.10176470588235294 0.03909090909090909
1 0.09647058823529411 0.5681818181818182 0.08235294117647059 0.03727272727272727
1 0.6108823529411764 0.5718181818181818 0.17470588235294118 0.03909090909090909
1 0.5661764705882353 0.03977272727272727 0.12176470588235294 0.022272727272727274
1 0.6217647058823529 0.5245454545454545 0.17647058823529413 0.03363636363636364
1 0.8182352941176471 0.5693181818181818 0.11764705882352941 0.035
1 0.5167647058823529 0.9286363636363636 0.07823529411764706 0.04
1 0.8920588235294118 0.6859090909090909 0.11705882352941177 0.04090909090909091
1 0.6891176470588235 0.8645454545454545 0.08058823529411764 0.046363636363636364
1 0.8558823529411764 0.7240909090909091 0.13294117647058823 0.03363636363636364
1 0.08470588235294117 0.7686363636363637 0.06705882352941177 0.035454545454545454
1 0.09088235294117647 0.7245454545454545 0.08058823529411764 0.03636363636363636
1 0.7355882352941177 0.5309090909090909 0.04411764705882353 0.034545454545454546
1 0.653235294117647 0.7677272727272727 0.028823529411764706 0.028181818181818183
1 0.515 0.8618181818181818 0.07941176470588235 0.04090909090909091
1 0.09264705882352942 0.6104545454545455 0.07941176470588235 0.038181818181818185
1 0.4585294117647059 0.37068181818181817 0.29352941176470587 0.04045454545454545
1 0.3376470588235294 0.8611363636363636 0.06352941176470588 0.04045454545454545
1 0.7511764705882353 0.6145454545454545 0.07176470588235294 0.023636363636363636
1 0.8026470588235294 0.6897727272727273 0.057058823529411766 0.03318181818181818
1 0.7685294117647059 0.7229545454545454 0.028823529411764706 0.03227272727272727
1 0.6885294117647058 0.9306818181818182 0.07941176470588235 0.04409090909090909