1 0.3638235294117647 0.6838636363636363 0.11235294117647059 0.03590909090909091
1 0.43588235294117644 0.3709090909090909 0.2447058823529412 0.035454545454545454
1 0.8473529411764706 0.9268181818181818 0.04294117647058823 0.038181818181818185
1 0.5997058823529412 0.5713636363636364 0.2488235294117647 0.038181818181818185
1 0.4238235294117647 0.9281818181818182 0.05 0.03636363636363636
1 0.4973529411764706 0.5279545454545455 0.14058823529411765 0.03772727272727273
1 0.3688235294117647 0.6143181818181818 0.11764705882352941 0.03409090909090909
1 0.48294117647058826 0.6852272727272727 0.11647058823529412 0.035
1 0.38588235294117645 0.7281818181818182 0.14352941176470588 0.03636363636363636
1 0.7976470588235294 0.37318181818181817 0.11411764705882353 0.034545454545454546
1 0.10235294117647059 0.6827272727272727 0.058823529411764705 0.03636363636363636
1 0.10205882352941177 0.4475 0.07470588235294118 0.03590909090909091
1 0.1038235294117647 0.3665909090909091 0.07588235294117647 0.03409090909090909
1 0.5179411764705882 0.7738636363636363 0.12058823529411765 0.03318181818181818
1 0.5555882352941176 0.7256818181818182 0.16647058823529412 0.03590909090909091
1 0.16205882352941176 0.9256818181818182 0.05588235294117647 0.03772727272727273
1 0.3264705882352941 0.9270454545454545 0.04823529411764706 0.03681818181818182
1 0.15411764705882353 0.8565909090909091 0.04823529411764706 0.041363636363636366
1 0.10029411764705883 0.5263636363636364 0.060588235294117644 0.035454545454545454
1 0.2411764705882353 0.8588636363636364 0.04352941176470588 0.03772727272727273
1 0.24088235294117646 0.9297727272727273 0.04764705882352941 0.03772727272727273
1 0.37823529411764706 0.7743181818181818 0.11294117647058824 0.03227272727272727
1 0.7594117647058823 0.9270454545454545 0.047058823529411764 0.03954545454545454
1 0.29323529411764704 0.03272727272727273 0.039411764705882354 0.023636363636363636
1 0.606764705882353 0.4168181818181818 0.1288235294117647 0.03636363636363636
1 0.6258823529411764 0.37272727272727274 0.11647058823529412 0.034545454545454546
1 0.4176470588235294 0.860909090909091 0.047058823529411764 0.038181818181818185
1 0.37058823529411766 0.5277272727272727 0.10705882352941176 0.035454545454545454
1 0.5935294117647059 0.8593181818181819 0.052941176470588235 0.035
1 0.0988235294117647 0.4084090909090909 0.07529411764705882 0.03681818181818182
1 0.09735294117647059 0.5665909090909091 0.06647058823529411 0.03590909090909091
1 0.6320588235294118 0.45795454545454545 0.03 0.035
1 0.5726470588235294 0.03954545454545454 0.12176470588235294 0.03
1 0.7723529411764706 0.4156818181818182 0.10352941176470588 0.03772727272727273
1 0.4988235294117647 0.93 0.04941176470588235 0.038181818181818185
1 0.8535294117647059 0.8581818181818182 0.06470588235294118 0.03636363636363636
1 0.6755882352941176 0.8593181818181819 0.05235294117647059 0.038636363636363635
1 0.3885294117647059 0.45227272727272727 0.14411764705882352 0.035454545454545454
1 0.10411764705882352 0.7684090909090909 0.058823529411764705 0.03409090909090909
1 0.10264705882352941 0.7252272727272727 0.05941176470588235 0.03590909090909091
1 0.7135294117647059 0.3725 0.03882352941176471 0.03318181818181818
1 0.5323529411764706 0.45636363636363636 0.11411764705882353 0.034545454545454546
1 0.5020588235294118 0.8602272727272727 0.04176470588235294 0.03954545454545454
1 0.5058823529411764 0.615 0.15529411764705883 0.035454545454545454
1 0.10058823529411764 0.6072727272727273 0.07647058823529412 0.038181818181818185
1 0.5855882352941176 0.9286363636363636 0.051176470588235295 0.03909090909090909
1 0.3326470588235294 0.8595454545454545 0.05235294117647059 0.03727272727272727
1 0.6920588235294117 0.4615909090909091 0.07823529411764706 0.031363636363636364
1 0.4235294117647059 0.41363636363636364 0.22470588235294117 0.04
1 0.7014705882352941 0.41545454545454547 0.03470588235294118 0.04
1 0.3885294117647059 0.5706818181818182 0.15941176470588236 0.03954545454545454
1 0.6826470588235294 0.9275 0.060588235294117644 0.02772727272727273
1 0.7623529411764706 0.8620454545454546 0.04941176470588235 0.03681818181818182