1 0.4011764705882353 0.7179545454545454 0.18823529411764706 0.03772727272727273
1 0.39676470588235296 0.40636363636363637 0.17470588235294118 0.02909090909090909
1 0.7579411764705882 0.8556818181818182 0.05588235294117647 0.03954545454545454
1 0.8438235294117648 0.9218181818181819 0.05823529411764706 0.03909090909090909
1 0.4032352941176471 0.923409090909091 0.05235294117647059 0.03954545454545454
1 0.8379411764705882 0.8552272727272727 0.05352941176470588 0.04045454545454545
1 0.3779411764705882 0.6047727272727272 0.14647058823529413 0.03590909090909091
1 0.6767647058823529 0.8561363636363636 0.057058823529411766 0.030454545454545453
1 0.0861764705882353 0.6795454545454546 0.06529411764705882 0.035454545454545454
1 0.08705882352941176 0.4456818181818182 0.06588235294117648 0.035
1 0.14441176470588235 0.9218181818181819 0.05 0.042727272727272725
1 0.32382352941176473 0.9229545454545455 0.054705882352941174 0.04045454545454545
1 0.15205882352941177 0.8529545454545454 0.05 0.04045454545454545
1 0.4158823529411765 0.5638636363636363 0.22705882352941176 0.03772727272727273
1 0.0861764705882353 0.5193181818181818 0.060588235294117644 0.03409090909090909
1 0.566764705882353 0.7234090909090909 0.1323529411764706 0.031363636363636364
1 0.23705882352941177 0.8552272727272727 0.04823529411764706 0.038636363636363635
1 0.605 0.5665909090909091 0.14294117647058824 0.028636363636363637
1 0.23941176470588235 0.9222727272727272 0.052941176470588235 0.038181818181818185
1 0.36970588235294116 0.7645454545454545 0.14058823529411765 0.035454545454545454
1 0.7547058823529412 0.9222727272727272 0.04941176470588235 0.04
1 0.09117647058823529 0.365 0.07176470588235294 0.03363636363636364
1 0.4938235294117647 0.7618181818181818 0.09235294117647058 0.03090909090909091
1 0.5985294117647059 0.44931818181818184 0.07 0.02772727272727273
1 0.41852941176470587 0.855 0.057058823529411766 0.038181818181818185
1 0.5838235294117647 0.9227272727272727 0.051176470588235295 0.03909090909090909
1 0.49941176470588233 0.6111363636363636 0.07176470588235294 0.02409090909090909
1 0.5823529411764706 0.8545454545454545 0.04941176470588235 0.042727272727272725
1 0.08823529411764706 0.40454545454545454 0.06941176470588235 0.035454545454545454
1 0.08529411764705883 0.5620454545454545 0.0611764705882353 0.03409090909090909
1 0.5567647058823529 0.035454545454545454 0.09705882352941177 0.025454545454545455
1 0.7502941176470588 0.5647727272727273 0.09823529411764706 0.03318181818181818
1 0.49823529411764705 0.9231818181818182 0.052941176470588235 0.03909090909090909
1 0.5517647058823529 0.40863636363636363 0.11411764705882353 0.02909090909090909
1 0.08352941176470588 0.7629545454545454 0.06235294117647059 0.03409090909090909
1 0.6723529411764706 0.4093181818181818 0.08352941176470588 0.026818181818181817
1 0.49176470588235294 0.45181818181818184 0.09176470588235294 0.028181818181818183
1 0.49941176470588233 0.8547727272727272 0.052941176470588235 0.041363636363636366
1 0.0861764705882353 0.6029545454545454 0.06647058823529411 0.035
1 0.673235294117647 0.9218181818181819 0.06764705882352941 0.03909090909090909
1 0.32235294117647056 0.8536363636363636 0.05058823529411765 0.04181818181818182
1 0.37470588235294117 0.44977272727272727 0.13411764705882354 0.03318181818181818
1 0.08529411764705883 0.7213636363636363 0.06352941176470588 0.035454545454545454
1 0.2923529411764706 0.03681818181818182 0.03294117647058824 0.025454545454545455
1 0.6179411764705882 0.4113636363636364 0.022941176470588236 0.02727272727272727
1 0.5523529411764706 0.45590909090909093 0.021176470588235293 0.02909090909090909
1 0.6882352941176471 0.565 0.024705882352941175 0.025454545454545455
1 0.5435294117647059 0.6147727272727272 0.01764705882352941 0.018636363636363635
1 0.5861764705882353 0.6102272727272727 0.0711764705882353 0.020454545454545454
1 0.6464705882352941 0.7243181818181819 0.02235294117647059 0.030454545454545453
1 0.7 0.7234090909090909 0.08352941176470588 0.028636363636363637
1 0.5985294117647059 0.7625 0.07235294117647059 0.020454545454545454
1 0.5502941176470588 0.7713636363636364 0.019411764705882354 0.02727272727272727