1 0.39441176470588235 0.7215909090909091 0.14176470588235293 0.03772727272727273
1 0.585 0.7731818181818182 0.028823529411764706 0.034545454545454546
1 0.4111764705882353 0.40613636363636363 0.1811764705882353 0.03772727272727273
1 0.7564705882352941 0.8631818181818182 0.047058823529411764 0.038181818181818185
1 0.841764705882353 0.9270454545454545 0.05176470588235294 0.041363636363636366
1 0.5655882352941176 0.6134090909090909 0.11588235294117646 0.03318181818181818
1 0.4161764705882353 0.9272727272727272 0.04764705882352941 0.04
1 0.8423529411764706 0.8584090909090909 0.04941176470588235 0.04045454545454545
1 0.3991176470588235 0.6136363636363636 0.19470588235294117 0.031818181818181815
1 0.64 0.7702272727272728 0.05764705882352941 0.030454545454545453
1 0.38294117647058823 0.4481818181818182 0.14941176470588236 0.03727272727272727
1 0.7029411764705882 0.7284090909090909 0.029411764705882353 0.03772727272727273
1 0.10176470588235294 0.6840909090909091 0.08352941176470588 0.035454545454545454
1 0.09176470588235294 0.44636363636363635 0.07882352941176471 0.03727272727272727
1 0.49117647058823527 0.7715909090909091 0.11647058823529412 0.035
1 0.15205882352941177 0.9254545454545454 0.05 0.04090909090909091
1 0.8355882352941176 0.5702272727272727 0.10058823529411764 0.03681818181818182
1 0.33029411764705885 0.9281818181818182 0.057058823529411766 0.038181818181818185
1 0.1476470588235294 0.8565909090909091 0.04352941176470588 0.03681818181818182
1 0.09558823529411764 0.5238636363636363 0.08294117647058824 0.035
1 0.6379411764705882 0.6143181818181818 0.027647058823529413 0.03227272727272727
1 0.23529411764705882 0.8577272727272728 0.03764705882352941 0.03909090909090909
1 0.24147058823529413 0.9268181818181818 0.04058823529411765 0.04
1 0.3679411764705882 0.77 0.11352941176470588 0.034545454545454546
1 0.758235294117647 0.9275 0.04941176470588235 0.04318181818181818
1 0.09823529411764706 0.3665909090909091 0.08352941176470588 0.03590909090909091
1 0.4147058823529412 0.8613636363636363 0.047058823529411764 0.03909090909090909
1 0.5779411764705882 0.9286363636363636 0.04294117647058823 0.04
1 0.4308823529411765 0.5713636363636364 0.2523529411764706 0.03727272727272727
1 0.585 0.8597727272727272 0.04764705882352941 0.04045454545454545
1 0.08852941176470588 0.4043181818181818 0.07823529411764706 0.03590909090909091
1 0.09382352941176471 0.5702272727272727 0.07588235294117647 0.03590909090909091
1 0.6576470588235294 0.5697727272727273 0.14352941176470588 0.03681818181818182
1 0.6217647058823529 0.41 0.19058823529411764 0.03909090909090909
1 0.7588235294117647 0.5718181818181818 0.03058823529411765 0.03636363636363636
1 0.7723529411764706 0.7229545454545454 0.07764705882352942 0.035
1 0.5014705882352941 0.9268181818181818 0.05588235294117647 0.04
1 0.6720588235294118 0.8586363636363636 0.04411764705882353 0.04
1 0.10323529411764706 0.7668181818181818 0.08176470588235295 0.03636363636363636
1 0.09676470588235295 0.7270454545454546 0.08176470588235295 0.038636363636363635
1 0.5538235294117647 0.44886363636363635 0.14882352941176472 0.03590909090909091
1 0.49676470588235294 0.8597727272727272 0.0488235294117647 0.041363636363636366
1 0.5805882352941176 0.7290909090909091 0.18941176470588236 0.034545454545454546
1 0.09294117647058824 0.6072727272727273 0.07647058823529412 0.03727272727272727
1 0.6714705882352942 0.9272727272727272 0.051176470588235295 0.042727272727272725
1 0.325 0.8581818181818182 0.04294117647058823 0.03909090909090909
1 0.6982352941176471 0.6145454545454545 0.06941176470588235 0.03090909090909091
1 0.30176470588235293 0.03295454545454545 0.03294117647058824 0.029545454545454545
1 0.5570588235294117 0.038181818181818185 0.09294117647058824 0.019090909090909092