1 0.3826470588235294 0.6768181818181818 0.15588235294117647 0.03909090909090909
1 0.7464705882352941 0.8613636363636363 0.05058823529411765 0.04
1 0.8373529411764706 0.9279545454545455 0.057058823529411766 0.038636363636363635
1 0.5270588235294118 0.6186363636363637 0.1423529411764706 0.03363636363636364
1 0.39647058823529413 0.925 0.04588235294117647 0.04090909090909091
1 0.5438235294117647 0.5265909090909091 0.12411764705882353 0.03590909090909091
1 0.8358823529411765 0.8622727272727273 0.04941176470588235 0.03909090909090909
1 0.3735294117647059 0.6163636363636363 0.14588235294117646 0.03727272727272727
1 0.6426470588235295 0.7754545454545455 0.07705882352941176 0.03090909090909091
1 0.6938235294117647 0.7270454545454546 0.03 0.03409090909090909
1 0.38323529411764706 0.36045454545454547 0.15 0.03727272727272727
1 0.7197058823529412 0.41113636363636363 0.027647058823529413 0.03772727272727273
1 0.41705882352941176 0.40295454545454545 0.2223529411764706 0.03681818181818182
1 0.09794117647058824 0.6795454545454546 0.08058823529411764 0.035454545454545454
1 0.10588235294117647 0.4475 0.09058823529411765 0.03590909090909091
1 0.5002941176470588 0.7718181818181818 0.11470588235294117 0.03636363636363636
1 0.5858823529411765 0.73 0.15411764705882353 0.035454545454545454
1 0.14 0.9222727272727272 0.04470588235294118 0.04090909090909091
1 0.3173529411764706 0.9240909090909091 0.05 0.04
1 0.14558823529411766 0.8522727272727273 0.05 0.03909090909090909
1 0.3811764705882353 0.5259090909090909 0.16705882352941176 0.03727272727272727
1 0.1011764705882353 0.5175 0.08235294117647059 0.035
1 0.23294117647058823 0.8556818181818182 0.04352941176470588 0.038636363636363635
1 0.6320588235294118 0.6906818181818182 0.03235294117647059 0.035
1 0.2252941176470588 0.9209090909090909 0.04352941176470588 0.04090909090909091
1 0.3664705882352941 0.769090909090909 0.1423529411764706 0.03727272727272727
1 0.7444117647058823 0.9265909090909091 0.04764705882352941 0.04045454545454545
1 0.11470588235294117 0.3609090909090909 0.0976470588235294 0.035454545454545454
1 0.616764705882353 0.41204545454545455 0.15941176470588236 0.038636363636363635
1 0.5291176470588236 0.36522727272727273 0.11823529411764706 0.03590909090909091
1 0.40147058823529413 0.8579545454545454 0.0488235294117647 0.03954545454545454
1 0.4067647058823529 0.5665909090909091 0.21705882352941178 0.03590909090909091
1 0.5920588235294117 0.4627272727272727 0.025294117647058825 0.03636363636363636
1 0.5826470588235294 0.860909090909091 0.05235294117647059 0.04181818181818182
1 0.10705882352941176 0.40295454545454545 0.09529411764705882 0.035
1 0.6473529411764706 0.5695454545454546 0.22294117647058823 0.04
1 0.5758823529411765 0.03977272727272727 0.12470588235294118 0.02590909090909091
1 0.6108823529411764 0.37636363636363634 0.03235294117647059 0.035454545454545454
1 0.8091176470588235 0.4118181818181818 0.15588235294117647 0.04090909090909091
1 0.7741176470588236 0.7265909090909091 0.1223529411764706 0.03681818181818182
1 0.4879411764705882 0.9238636363636363 0.054705882352941174 0.042272727272727274
1 0.6667647058823529 0.8597727272727272 0.05823529411764706 0.03954545454545454
1 0.5408823529411765 0.6813636363636364 0.11470588235294117 0.03727272727272727
1 0.3773529411764706 0.4484090909090909 0.1476470588235294 0.03954545454545454
1 0.09558823529411764 0.7604545454545455 0.08176470588235295 0.035454545454545454
1 0.09058823529411765 0.7215909090909091 0.08823529411764706 0.03681818181818182
1 0.7008823529411765 0.3704545454545455 0.12058823529411765 0.035454545454545454
1 0.515 0.4602272727272727 0.11470588235294117 0.03409090909090909
1 0.08823529411764706 0.5620454545454545 0.07529411764705882 0.03318181818181818
1 0.49676470588235294 0.8581818181818182 0.06294117647058824 0.04
1 0.09117647058823529 0.6070454545454546 0.08 0.03590909090909091
1 0.6629411764705883 0.9256818181818182 0.05529411764705883 0.03954545454545454
1 0.3214705882352941 0.8563636363636363 0.0488235294117647 0.03909090909090909
1 0.7091176470588235 0.6861363636363637 0.10058823529411764 0.035
1 0.31323529411764706 0.031363636363636364 0.05588235294117647 0.025454545454545455
1 0.40147058823529413 0.7252272727272727 0.21705882352941178 0.04045454545454545
1 0.5826470588235294 0.7888636363636363 0.03705882352941176 0.038636363636363635
1 0.5811764705882353 0.9286363636363636 0.07058823529411765 0.04181818181818182
1 0.6611764705882353 0.4661363636363636 0.10352941176470588 0.03590909090909091