1 0.3726470588235294 0.6852272727272727 0.16411764705882353 0.028636363636363637
1 0.5164705882352941 0.6859090909090909 0.11411764705882353 0.03090909090909091
1 0.7561764705882353 0.8652272727272727 0.05941176470588235 0.038636363636363635
1 0.841764705882353 0.9325 0.05764705882352941 0.038636363636363635
1 0.40176470588235297 0.9325 0.04823529411764706 0.03681818181818182
1 0.37029411764705883 0.4131818181818182 0.14176470588235293 0.02727272727272727
1 0.10176470588235294 0.6813636363636364 0.07529411764705882 0.03363636363636364
1 0.09470588235294118 0.36772727272727274 0.06941176470588235 0.03363636363636364
1 0.09294117647058824 0.4536363636363636 0.06705882352941177 0.034545454545454546
1 0.43058823529411766 0.7731818181818182 0.06823529411764706 0.02727272727272727
1 0.5620588235294117 0.7277272727272728 0.02411764705882353 0.03090909090909091
1 0.15411764705882353 0.9279545454545455 0.05764705882352941 0.03681818181818182
1 0.32029411764705884 0.9306818181818182 0.057058823529411766 0.03681818181818182
1 0.14323529411764707 0.8593181818181819 0.045294117647058825 0.038636363636363635
1 0.5397058823529411 0.5725 0.12294117647058823 0.03318181818181818
1 0.39323529411764707 0.5311363636363636 0.19470588235294117 0.029545454545454545
1 0.09323529411764706 0.524090909090909 0.0711764705882353 0.03363636363636364
1 0.6373529411764706 0.6859090909090909 0.07941176470588235 0.03090909090909091
1 0.59 0.5322727272727272 0.1776470588235294 0.034545454545454546
1 0.23588235294117646 0.9281818181818182 0.05411764705882353 0.03636363636363636
1 0.36764705882352944 0.7263636363636363 0.1376470588235294 0.03636363636363636
1 0.7511764705882353 0.9311363636363637 0.04941176470588235 0.03954545454545454
1 0.2908823529411765 0.0375 0.039411764705882354 0.021363636363636362
1 0.5191176470588236 0.3743181818181818 0.14294117647058824 0.03409090909090909
1 0.4097058823529412 0.8606818181818182 0.04764705882352941 0.035
1 0.5782352941176471 0.9290909090909091 0.052941176470588235 0.03636363636363636
1 0.4938235294117647 0.7261363636363637 0.10882352941176471 0.03318181818181818
1 0.5820588235294117 0.8627272727272727 0.054705882352941174 0.038181818181818185
1 0.09029411764705883 0.4077272727272727 0.0688235294117647 0.03272727272727273
1 0.48558823529411765 0.9338636363636363 0.057058823529411766 0.03954545454545454
1 0.8373529411764706 0.8684090909090909 0.05235294117647059 0.042272727272727274
1 0.6702941176470588 0.8634090909090909 0.05352941176470588 0.038636363636363635
1 0.3861764705882353 0.5711363636363637 0.18058823529411766 0.03590909090909091
1 0.10352941176470588 0.7684090909090909 0.07764705882352942 0.03409090909090909
1 0.10176470588235294 0.7247727272727272 0.0811764705882353 0.03590909090909091
1 0.49176470588235294 0.8684090909090909 0.04 0.04318181818181818
1 0.08705882352941176 0.6120454545454546 0.07176470588235294 0.035
1 0.6647058823529411 0.9275 0.05411764705882353 0.03772727272727273
1 0.3255882352941176 0.8613636363636363 0.061764705882352944 0.038181818181818185
1 0.37176470588235294 0.3693181818181818 0.1376470588235294 0.03590909090909091
1 0.5361764705882353 0.042272727272727274 0.06647058823529411 0.026363636363636363
1 0.3447058823529412 0.4575 0.0988235294117647 0.022272727272727274
1 0.5 0.4106818181818182 0.13529411764705881 0.028636363636363637
1 0.4288235294117647 0.4572727272727273 0.08 0.025454545454545455
1 0.09176470588235294 0.5729545454545455 0.07882352941176471 0.02590909090909091
1 0.35911764705882354 0.615909090909091 0.12529411764705883 0.024545454545454544
1 0.4682352941176471 0.6165909090909091 0.08352941176470588 0.021363636363636362
1 0.34558823529411764 0.7734090909090909 0.10176470588235294 0.028636363636363637
1 0.581764705882353 0.6940909090909091 0.02 0.019090909090909092
1 0.6058823529411764 0.7297727272727272 0.06352941176470588 0.023181818181818182
1 0.47323529411764703 0.7797727272727273 0.01588235294117647 0.018636363636363635
1 0.5047058823529412 0.775 0.04588235294117647 0.017272727272727273
1 0.23676470588235293 0.8636363636363636 0.05352941176470588 0.03272727272727273