1 0.39029411764705885 0.6868181818181818 0.17470588235294118 0.035454545454545454
1 0.5661764705882353 0.6881818181818182 0.15470588235294117 0.03272727272727273
1 0.7717647058823529 0.8552272727272727 0.06941176470588235 0.04318181818181818
1 0.8570588235294118 0.9259090909090909 0.07058823529411765 0.046363636363636364
1 0.6061764705882353 0.6179545454545454 0.09 0.03954545454545454
1 0.4173529411764706 0.9261363636363636 0.057058823529411766 0.042272727272727274
1 0.8594117647058823 0.855 0.07529411764705882 0.042727272727272725
1 0.3511764705882353 0.6140909090909091 0.08823529411764706 0.03
1 0.41970588235294115 0.4106818181818182 0.24058823529411766 0.035
1 0.6605882352941177 0.7709090909090909 0.08941176470588236 0.031818181818181815
1 0.40911764705882353 0.4602272727272727 0.21352941176470588 0.041363636363636366
1 0.6679411764705883 0.6945454545454546 0.03823529411764706 0.03363636363636364
1 0.4088235294117647 0.7247727272727272 0.2 0.03681818181818182
1 0.10411764705882352 0.6811363636363637 0.07882352941176471 0.03590909090909091
1 0.10352941176470588 0.4495454545454545 0.0811764705882353 0.03727272727272727
1 0.5123529411764706 0.7763636363636364 0.13176470588235295 0.03636363636363636
1 0.596764705882353 0.7306818181818182 0.17 0.02772727272727273
1 0.1676470588235294 0.9209090909090909 0.07882352941176471 0.04454545454545455
1 0.3373529411764706 0.9270454545454545 0.06529411764705882 0.041363636363636366
1 0.1623529411764706 0.8563636363636363 0.06823529411764706 0.042727272727272725
1 0.701764705882353 0.7329545454545454 0.024705882352941175 0.03318181818181818
1 0.5908823529411765 0.4593181818181818 0.13470588235294118 0.03590909090909091
1 0.4823529411764706 0.5325 0.13411764705882354 0.03681818181818182
1 0.11 0.5290909090909091 0.08235294117647059 0.03636363636363636
1 0.2561764705882353 0.8572727272727273 0.0688235294117647 0.042727272727272725
1 0.24529411764705883 0.9220454545454545 0.06235294117647059 0.045
1 0.3729411764705882 0.7704545454545455 0.1388235294117647 0.035454545454545454
1 0.7658823529411765 0.9243181818181818 0.06470588235294118 0.04409090909090909
1 0.0988235294117647 0.3654545454545455 0.07294117647058823 0.035454545454545454
1 0.6358823529411765 0.3693181818181818 0.15176470588235294 0.03681818181818182
1 0.6411764705882353 0.4163636363636364 0.1776470588235294 0.04363636363636364
1 0.425 0.8593181818181819 0.05352941176470588 0.04318181818181818
1 0.596764705882353 0.9243181818181818 0.06529411764705882 0.04045454545454545
1 0.3538235294117647 0.5363636363636364 0.10764705882352942 0.035454545454545454
1 0.571764705882353 0.5375 0.03176470588235294 0.035
1 0.5105882352941177 0.5736363636363636 0.15764705882352942 0.02727272727272727
1 0.5908823529411765 0.8561363636363636 0.05823529411764706 0.04318181818181818
1 0.10058823529411764 0.4084090909090909 0.08235294117647059 0.03772727272727273
1 0.5591176470588235 0.03727272727272727 0.08647058823529412 0.026363636363636363
1 0.7276470588235294 0.45840909090909093 0.07058823529411765 0.03590909090909091
1 0.7685294117647059 0.7318181818181818 0.10294117647058823 0.031818181818181815
1 0.5047058823529412 0.9238636363636363 0.0611764705882353 0.045
1 0.6844117647058824 0.8556818181818182 0.07235294117647059 0.04409090909090909
1 0.7979411764705883 0.3725 0.07941176470588235 0.035
1 0.11323529411764706 0.7688636363636364 0.09588235294117647 0.03590909090909091
1 0.10852941176470589 0.7236363636363636 0.0888235294117647 0.03636363636363636
1 0.7567647058823529 0.41204545454545455 0.031176470588235295 0.03681818181818182
1 0.5947058823529412 0.7781818181818182 0.03294117647058824 0.03363636363636364
1 0.5102941176470588 0.8570454545454546 0.06647058823529411 0.04318181818181818
1 0.6438235294117647 0.5295454545454545 0.10176470588235294 0.034545454545454546
1 0.8158823529411765 0.415 0.0811764705882353 0.035454545454545454
1 0.6161764705882353 0.5718181818181818 0.02411764705882353 0.03272727272727273
1 0.43176470588235294 0.36568181818181816 0.23647058823529413 0.03954545454545454
1 0.11441176470588235 0.6118181818181818 0.09470588235294118 0.03909090909090909
1 0.6867647058823529 0.9220454545454545 0.0711764705882353 0.04318181818181818
1 0.3376470588235294 0.8579545454545454 0.06588235294117648 0.042272727272727274
1 0.6926470588235294 0.5697727272727273 0.12764705882352942 0.035
1 0.7479411764705882 0.6825 0.10058823529411764 0.035
1 0.6776470588235294 0.4665909090909091 0.02 0.02590909090909091
1 0.7302941176470589 0.37886363636363635 0.03470588235294118 0.028636363636363637
1 0.10852941176470589 0.5697727272727273 0.08647058823529412 0.035
1 0.3635294117647059 0.5756818181818182 0.1223529411764706 0.03590909090909091
1 0.5441176470588235 0.625 0.03176470588235294 0.025454545454545455
1 0.28794117647058826 0.03704545454545455 0.0688235294117647 0.03681818181818182
1 0.4611764705882353 0.6190909090909091 0.12941176470588237 0.04181818181818182