1 0.36764705882352944 0.6831818181818182 0.13529411764705881 0.03727272727272727
1 0.7502941176470588 0.865 0.051176470588235295 0.03727272727272727
1 0.8391176470588235 0.9327272727272727 0.06411764705882353 0.038181818181818185
1 0.39794117647058824 0.9279545454545455 0.04411764705882353 0.038636363636363635
1 0.5032352941176471 0.4081818181818182 0.03 0.02909090909090909
1 0.8364705882352941 0.8640909090909091 0.05411764705882353 0.03636363636363636
1 0.39205882352941174 0.5659090909090909 0.1888235294117647 0.03363636363636364
1 0.4602941176470588 0.37522727272727274 0.03705882352941176 0.031363636363636364
1 0.6126470588235294 0.7688636363636364 0.054705882352941174 0.023181818181818182
1 0.6688235294117647 0.685 0.07176470588235294 0.03
1 0.3773529411764706 0.7252272727272727 0.15941176470588236 0.03318181818181818
1 0.3835294117647059 0.40795454545454546 0.15764705882352942 0.03409090909090909
1 0.085 0.6815909090909091 0.07235294117647059 0.035
1 0.07764705882352942 0.4536363636363636 0.05647058823529412 0.03727272727272727
1 0.6976470588235294 0.5675 0.02588235294117647 0.03409090909090909
1 0.08323529411764706 0.3640909090909091 0.051176470588235295 0.034545454545454546
1 0.47941176470588237 0.7668181818181818 0.08588235294117647 0.026363636363636363
1 0.13970588235294118 0.9261363636363636 0.04294117647058823 0.041363636363636366
1 0.7847058823529411 0.5679545454545455 0.11176470588235295 0.030454545454545453
1 0.3197058823529412 0.9272727272727272 0.051176470588235295 0.04
1 0.14147058823529413 0.8556818181818182 0.04411764705882353 0.041363636363636366
1 0.716764705882353 0.7295454545454545 0.07 0.03
1 0.3785294117647059 0.5245454545454545 0.15705882352941178 0.035454545454545454
1 0.08088235294117647 0.5229545454545454 0.0688235294117647 0.03590909090909091
1 0.6485294117647059 0.7277272727272728 0.03 0.03
1 0.23911764705882352 0.8586363636363636 0.054705882352941174 0.03909090909090909
1 0.2326470588235294 0.9254545454545454 0.05 0.038181818181818185
1 0.35352941176470587 0.7654545454545455 0.11529411764705882 0.03
1 0.7544117647058823 0.9302272727272727 0.054705882352941174 0.03772727272727273
1 0.2964705882352941 0.03590909090909091 0.036470588235294116 0.02090909090909091
1 0.5605882352941176 0.4093181818181818 0.05647058823529412 0.030454545454545453
1 0.40352941176470586 0.8595454545454545 0.05058823529411765 0.04
1 0.5776470588235294 0.8652272727272727 0.04470588235294118 0.03681818181818182
1 0.5426470588235294 0.5238636363636363 0.10411764705882352 0.026818181818181817
1 0.4970588235294118 0.6079545454545454 0.09294117647058824 0.028636363636363637
1 0.4576470588235294 0.45636363636363636 0.03058823529411765 0.03272727272727273
1 0.5505882352941176 0.7736363636363637 0.02588235294117647 0.02727272727272727
1 0.07911764705882353 0.4077272727272727 0.054705882352941174 0.03636363636363636
1 0.08529411764705883 0.5647727272727273 0.07176470588235294 0.03590909090909091
1 0.5844117647058824 0.5679545454545455 0.14882352941176472 0.029545454545454545
1 0.566764705882353 0.04068181818181818 0.09470588235294118 0.021363636363636362
1 0.6244117647058823 0.5295454545454545 0.028823529411764706 0.02909090909090909
1 0.49323529411764705 0.9279545454545455 0.05352941176470588 0.03954545454545454
1 0.6605882352941177 0.8638636363636364 0.04352941176470588 0.03954545454545454
1 0.5244117647058824 0.3659090909090909 0.05235294117647059 0.028181818181818183
1 0.525 0.6831818181818182 0.10647058823529412 0.031818181818181815
1 0.35294117647058826 0.44931818181818184 0.10352941176470588 0.02772727272727273
1 0.08323529411764706 0.7656818181818181 0.07 0.03590909090909091
1 0.0826470588235294 0.7268181818181818 0.07 0.03727272727272727
1 0.7047058823529412 0.5238636363636363 0.09294117647058824 0.026818181818181817
1 0.6088235294117647 0.6922727272727273 0.02588235294117647 0.02909090909090909
1 0.49117647058823527 0.8590909090909091 0.05647058823529412 0.04
1 0.5794117647058824 0.615909090909091 0.023529411764705882 0.025454545454545455
1 0.5458823529411765 0.7261363636363637 0.12823529411764706 0.030454545454545453
1 0.08676470588235294 0.6077272727272728 0.07823529411764706 0.03636363636363636
1 0.6602941176470588 0.9315909090909091 0.04294117647058823 0.035
1 0.3226470588235294 0.8577272727272728 0.054705882352941174 0.03909090909090909
1 0.6555882352941177 0.6134090909090909 0.07588235294117647 0.02409090909090909
1 0.36676470588235294 0.3643181818181818 0.12058823529411765 0.035
1 0.5294117647058824 0.4481818181818182 0.05529411764705883 0.024545454545454544
1 0.36205882352941177 0.6072727272727273 0.13 0.02909090909090909
1 0.5729411764705883 0.928409090909091 0.04588235294117647 0.03772727272727273