1 0.39235294117647057 0.6834090909090909 0.16470588235294117 0.03409090909090909
1 0.7544117647058823 0.86 0.05235294117647059 0.03909090909090909
1 0.8370588235294117 0.9263636363636364 0.05058823529411765 0.03909090909090909
1 0.5570588235294117 0.6154545454545455 0.1 0.03272727272727273
1 0.4052941176470588 0.9265909090909091 0.05176470588235294 0.03954545454545454
1 0.4702941176470588 0.5409090909090909 0.03823529411764706 0.031818181818181815
1 0.37588235294117645 0.6225 0.13058823529411764 0.03409090909090909
1 0.3911764705882353 0.4615909090909091 0.15764705882352942 0.03227272727272727
1 0.6108823529411764 0.6954545454545454 0.11588235294117646 0.03363636363636364
1 0.7873529411764706 0.37727272727272726 0.08058823529411764 0.03363636363636364
1 0.09794117647058824 0.6925 0.06647058823529411 0.03318181818181818
1 0.10058823529411764 0.4581818181818182 0.07647058823529412 0.035454545454545454
1 0.14941176470588236 0.9247727272727273 0.05176470588235294 0.041363636363636366
1 0.8179411764705883 0.41795454545454547 0.10411764705882352 0.035
1 0.3270588235294118 0.9254545454545454 0.06470588235294118 0.03909090909090909
1 0.16058823529411764 0.8570454545454546 0.05411764705882353 0.03772727272727273
1 0.09970588235294117 0.5309090909090909 0.06411764705882353 0.034545454545454546
1 0.6373529411764706 0.735 0.1476470588235294 0.034545454545454546
1 0.2511764705882353 0.8575 0.06235294117647059 0.04318181818181818
1 0.2376470588235294 0.9240909090909091 0.05411764705882353 0.038181818181818185
1 0.3985294117647059 0.7763636363636364 0.19941176470588234 0.02727272727272727
1 0.7538235294117647 0.9261363636363636 0.051176470588235295 0.038636363636363635
1 0.10205882352941177 0.3704545454545455 0.07470588235294118 0.03272727272727273
1 0.5814705882352941 0.7795454545454545 0.11705882352941177 0.03272727272727273
1 0.6570588235294118 0.4213636363636364 0.13176470588235295 0.034545454545454546
1 0.6135294117647059 0.37545454545454543 0.11411764705882353 0.034545454545454546
1 0.44588235294117645 0.41363636363636364 0.26235294117647057 0.03272727272727273
1 0.41323529411764703 0.8588636363636364 0.05823529411764706 0.041363636363636366
1 0.5861764705882353 0.9261363636363636 0.05588235294117647 0.03772727272727273
1 0.3738235294117647 0.5338636363636363 0.12764705882352942 0.03409090909090909
1 0.5617647058823529 0.5368181818181819 0.11647058823529412 0.03363636363636364
1 0.5141176470588236 0.5722727272727273 0.041176470588235294 0.031818181818181815
1 0.39176470588235296 0.5781818181818181 0.1811764705882353 0.028181818181818183
1 0.5888235294117647 0.8597727272727272 0.06588235294117648 0.03954545454545454
1 0.10882352941176471 0.4134090909090909 0.08235294117647059 0.03590909090909091
1 0.10088235294117646 0.5745454545454546 0.06647058823529411 0.03363636363636364
1 0.6361764705882353 0.5720454545454545 0.16176470588235295 0.03590909090909091
1 0.5585294117647058 0.03772727272727273 0.08294117647058824 0.022727272727272728
1 0.49911764705882355 0.925 0.06294117647058824 0.04
1 0.8408823529411765 0.86 0.054705882352941174 0.038181818181818185
1 0.6714705882352942 0.8581818181818182 0.0488235294117647 0.03909090909090909
1 0.09529411764705882 0.774090909090909 0.06588235294117648 0.03363636363636364
1 0.7161764705882353 0.37727272727272726 0.033529411764705884 0.03363636363636364
1 0.5320588235294118 0.4622727272727273 0.11470588235294117 0.03090909090909091
1 0.49911764705882355 0.8581818181818182 0.0488235294117647 0.03727272727272727
1 0.4235294117647059 0.37318181818181817 0.1635294117647059 0.03727272727272727
1 0.42617647058823527 0.7311363636363636 0.2676470588235294 0.035
1 0.0976470588235294 0.6168181818181818 0.06470588235294118 0.034545454545454546
1 0.668235294117647 0.9256818181818182 0.04941176470588235 0.03954545454545454
1 0.32529411764705884 0.8568181818181818 0.052941176470588235 0.04090909090909091
1 0.6264705882352941 0.4634090909090909 0.04588235294117647 0.028636363636363637
1 0.6891176470588235 0.4581818181818182 0.09117647058823529 0.03
1 0.7502941176470588 0.42318181818181816 0.031176470588235295 0.03
1 0.30117647058823527 0.034545454545454546 0.036470588235294116 0.022727272727272728
1 0.09705882352941177 0.7327272727272728 0.06705882352941177 0.031818181818181815
1 0.48764705882352943 0.6279545454545454 0.041176470588235294 0.030454545454545453