1 0.4285294117647059 0.6825 0.24176470588235294 0.03590909090909091
1 0.5688235294117647 0.6129545454545454 0.02588235294117647 0.03772727272727273
1 0.41294117647058826 0.4090909090909091 0.21764705882352942 0.03272727272727273
1 0.7564705882352941 0.86 0.05411764705882353 0.03363636363636364
1 0.8423529411764706 0.9277272727272727 0.0611764705882353 0.034545454545454546
1 0.6102941176470589 0.57 0.1476470588235294 0.03363636363636364
1 0.40941176470588236 0.9259090909090909 0.05764705882352941 0.03727272727272727
1 0.8479411764705882 0.8622727272727273 0.07588235294117647 0.03363636363636364
1 0.3679411764705882 0.6113636363636363 0.13823529411764707 0.035454545454545454
1 0.6232352941176471 0.6852272727272727 0.11588235294117646 0.03772727272727273
1 0.4208823529411765 0.7229545454545454 0.2323529411764706 0.03772727272727273
1 0.09823529411764706 0.6756818181818182 0.07411764705882352 0.03590909090909091
1 0.10588235294117647 0.44727272727272727 0.08470588235294117 0.035454545454545454
1 0.11176470588235295 0.3640909090909091 0.08470588235294117 0.034545454545454546
1 0.6044117647058823 0.7245454545454545 0.10882352941176471 0.034545454545454546
1 0.15411764705882353 0.9222727272727272 0.06 0.04
1 0.768235294117647 0.5709090909090909 0.12117647058823529 0.035454545454545454
1 0.32941176470588235 0.9243181818181818 0.06588235294117648 0.03772727272727273
1 0.15 0.8554545454545455 0.04588235294117647 0.03272727272727273
1 0.4188235294117647 0.5275 0.23529411764705882 0.029545454545454545
1 0.0976470588235294 0.5204545454545455 0.07058823529411765 0.035454545454545454
1 0.6261764705882353 0.6134090909090909 0.08411764705882353 0.03318181818181818
1 0.24088235294117646 0.8575 0.054705882352941174 0.03409090909090909
1 0.24147058823529413 0.9225 0.05588235294117647 0.038636363636363635
1 0.385 0.7684090909090909 0.16176470588235295 0.03681818181818182
1 0.7585294117647059 0.9281818181818182 0.05235294117647059 0.034545454545454546
1 0.5229411764705882 0.7709090909090909 0.07764705882352942 0.034545454545454546
1 0.6152941176470588 0.4525 0.06588235294117648 0.03227272727272727
1 0.6026470588235294 0.37068181818181817 0.15588235294117647 0.03590909090909091
1 0.41911764705882354 0.8602272727272727 0.06529411764705882 0.03590909090909091
1 0.5844117647058824 0.9268181818181818 0.051176470588235295 0.035454545454545454
1 0.4123529411764706 0.5681818181818182 0.2235294117647059 0.03727272727272727
1 0.5614705882352942 0.45431818181818184 0.031176470588235295 0.035
1 0.5855882352941176 0.8611363636363636 0.060588235294117644 0.03409090909090909
1 0.11088235294117647 0.4036363636363636 0.09941176470588235 0.035454545454545454
1 0.10882352941176471 0.5686363636363636 0.09411764705882353 0.03636363636363636
1 0.55 0.038863636363636364 0.08352941176470588 0.022272727272727274
1 0.6032352941176471 0.41113636363636363 0.14647058823529413 0.03409090909090909
1 0.7714705882352941 0.4127272727272727 0.10176470588235294 0.03272727272727273
1 0.5008823529411764 0.9259090909090909 0.06529411764705882 0.038181818181818185
1 0.6714705882352942 0.8590909090909091 0.05823529411764706 0.03272727272727273
1 0.7820588235294118 0.37136363636363634 0.0888235294117647 0.035454545454545454
1 0.37588235294117645 0.44795454545454544 0.13647058823529412 0.03772727272727273
1 0.09647058823529411 0.7643181818181818 0.06705882352941177 0.035
1 0.09970588235294117 0.7197727272727272 0.07941176470588235 0.03590909090909091
1 0.5011764705882353 0.45204545454545453 0.0976470588235294 0.035
1 0.49911764705882355 0.8597727272727272 0.06529411764705882 0.035
1 0.40941176470588236 0.3654545454545455 0.2 0.03727272727272727
1 0.4988235294117647 0.6125 0.10470588235294118 0.03409090909090909
1 0.10235294117647059 0.6052272727272727 0.08235294117647059 0.03590909090909091
1 0.6738235294117647 0.9270454545454545 0.05941176470588235 0.03409090909090909
1 0.3291176470588235 0.8581818181818182 0.057058823529411766 0.034545454545454546
1 0.7820588235294118 0.5304545454545454 0.09 0.03727272727272727
1 0.2847058823529412 0.03159090909090909 0.036470588235294116 0.019545454545454546
1 0.6973529411764706 0.4127272727272727 0.028823529411764706 0.03727272727272727
1 0.7088235294117647 0.37477272727272726 0.036470588235294116 0.03590909090909091
1 0.616764705882353 0.5302272727272728 0.14294117647058824 0.03409090909090909
1 0.7088235294117647 0.5393181818181818 0.029411764705882353 0.038636363636363635
1 0.6976470588235294 0.5740909090909091 0.02 0.03363636363636364