1 0.4088235294117647 0.6863636363636364 0.17176470588235293 0.031818181818181815
1 0.7597058823529412 0.865909090909091 0.051176470588235295 0.038181818181818185
1 0.841764705882353 0.9345454545454546 0.05647058823529412 0.038181818181818185
1 0.5358823529411765 0.6143181818181818 0.10352941176470588 0.03409090909090909
1 0.41 0.9293181818181818 0.047058823529411764 0.03409090909090909
1 0.5347058823529411 0.5265909090909091 0.12352941176470589 0.03409090909090909
1 0.851764705882353 0.8643181818181818 0.07176470588235294 0.03681818181818182
1 0.395 0.6134090909090909 0.15588235294117647 0.030454545454545453
1 0.6411764705882353 0.7765909090909091 0.05764705882352941 0.03227272727272727
1 0.4126470588235294 0.45204545454545453 0.16058823529411764 0.03772727272727273
1 0.42823529411764705 0.7227272727272728 0.21529411764705883 0.03636363636363636
1 0.09529411764705882 0.6802272727272727 0.07058823529411765 0.03409090909090909
1 0.6894117647058824 0.5738636363636364 0.03058823529411765 0.03318181818181818
1 0.10205882352941177 0.3634090909090909 0.051176470588235295 0.03409090909090909
1 0.10647058823529412 0.4495454545454545 0.06 0.03363636363636364
1 0.611764705882353 0.7243181818181819 0.1376470588235294 0.035
1 0.15470588235294117 0.9229545454545455 0.05529411764705883 0.038636363636363635
1 0.3270588235294118 0.9275 0.05764705882352941 0.03590909090909091
1 0.38823529411764707 0.5245454545454545 0.15294117647058825 0.03636363636363636
1 0.11411764705882353 0.5261363636363636 0.08 0.03409090909090909
1 0.24705882352941178 0.8563636363636363 0.06352941176470588 0.04
1 0.2426470588235294 0.9238636363636363 0.05352941176470588 0.03772727272727273
1 0.4002941176470588 0.7747727272727273 0.15 0.03409090909090909
1 0.76 0.9320454545454545 0.06470588235294118 0.04045454545454545
1 0.30470588235294116 0.03159090909090909 0.03529411764705882 0.026818181818181817
1 0.5308823529411765 0.7736363636363637 0.09705882352941177 0.03363636363636364
1 0.42823529411764705 0.4097727272727273 0.2 0.04045454545454545
1 0.42176470588235293 0.8593181818181819 0.07176470588235294 0.04318181818181818
1 0.41823529411764704 0.5686363636363636 0.2164705882352941 0.034545454545454546
1 0.5926470588235294 0.8590909090909091 0.07352941176470588 0.03909090909090909
1 0.10235294117647059 0.4047727272727273 0.05764705882352941 0.035
1 0.11470588235294117 0.5711363636363637 0.07764705882352942 0.028636363636363637
1 0.5985294117647059 0.5697727272727273 0.14176470588235293 0.03409090909090909
1 0.5891176470588235 0.04068181818181818 0.09235294117647058 0.022272727272727274
1 0.6317647058823529 0.5354545454545454 0.036470588235294116 0.031818181818181815
1 0.7779411764705882 0.571590909090909 0.15 0.03681818181818182
1 0.7673529411764706 0.7252272727272727 0.09705882352941177 0.03590909090909091
1 0.4935294117647059 0.9286363636363636 0.042352941176470586 0.03636363636363636
1 0.10205882352941177 0.7661363636363636 0.07705882352941176 0.035
1 0.09941176470588235 0.7243181818181819 0.07764705882352942 0.03681818181818182
1 0.7214705882352941 0.5293181818181818 0.11235294117647059 0.03409090909090909
1 0.5064705882352941 0.8611363636363636 0.06823529411764706 0.04045454545454545
1 0.6105882352941177 0.6177272727272727 0.02823529411764706 0.03272727272727273
1 0.40147058823529413 0.36954545454545457 0.14294117647058824 0.03636363636363636
1 0.11529411764705882 0.6147727272727272 0.08705882352941176 0.03590909090909091
1 0.6708823529411765 0.9304545454545454 0.05823529411764706 0.038181818181818185
1 0.3297058823529412 0.8570454545454546 0.05823529411764706 0.04045454545454545
1 0.6811764705882353 0.6145454545454545 0.09647058823529411 0.03272727272727273
1 0.5497058823529412 0.6888636363636363 0.09823529411764706 0.03409090909090909
1 0.6158823529411764 0.6993181818181818 0.03176470588235294 0.025
1 0.6667647058823529 0.6929545454545455 0.060588235294117644 0.028636363636363637
1 0.7005882352941176 0.7272727272727273 0.036470588235294116 0.03363636363636364
1 0.5914705882352941 0.7818181818181819 0.028823529411764706 0.026363636363636363
1 0.15794117647058822 0.8577272727272728 0.07705882352941176 0.03636363636363636
1 0.6773529411764706 0.8629545454545454 0.07470588235294118 0.03772727272727273
1 0.586764705882353 0.9327272727272727 0.0688235294117647 0.03636363636363636