1 0.37970588235294117 0.6795454545454546 0.1535294117647059 0.038181818181818185
1 0.7567647058823529 0.8625 0.06411764705882353 0.03681818181818182
1 0.8355882352941176 0.93 0.06294117647058824 0.04
1 0.5841176470588235 0.5718181818181818 0.09411764705882353 0.03363636363636364
1 0.40176470588235297 0.9275 0.06 0.03772727272727273
1 0.8347058823529412 0.8677272727272727 0.05764705882352941 0.04
1 0.39176470588235296 0.6088636363636364 0.15294117647058825 0.03681818181818182
1 0.6747058823529412 0.7802272727272728 0.11411764705882353 0.03227272727272727
1 0.40794117647058825 0.4495454545454545 0.18176470588235294 0.038181818181818185
1 0.67 0.6825 0.10235294117647059 0.035
1 0.40352941176470586 0.7220454545454545 0.20705882352941177 0.03772727272727273
1 0.4202941176470588 0.4043181818181818 0.2076470588235294 0.03772727272727273
1 0.09294117647058824 0.6777272727272727 0.06941176470588235 0.03636363636363636
1 0.10529411764705883 0.4511363636363636 0.07647058823529412 0.03409090909090909
1 0.5188235294117647 0.7720454545454546 0.11764705882352941 0.03318181818181818
1 0.5873529411764706 0.7252272727272727 0.14882352941176472 0.03409090909090909
1 0.14205882352941177 0.9225 0.045294117647058825 0.038636363636363635
1 0.3261764705882353 0.925 0.06411764705882353 0.03727272727272727
1 0.5811764705882353 0.45454545454545453 0.11411764705882353 0.035454545454545454
1 0.4111764705882353 0.5279545454545455 0.19058823529411764 0.03954545454545454
1 0.09911764705882353 0.5222727272727272 0.07 0.034545454545454546
1 0.6767647058823529 0.7272727272727273 0.03235294117647059 0.03363636363636364
1 0.2311764705882353 0.9220454545454545 0.05058823529411765 0.03772727272727273
1 0.37 0.7681818181818182 0.14941176470588236 0.03636363636363636
1 0.7555882352941177 0.9275 0.06529411764705882 0.03954545454545454
1 0.09823529411764706 0.36613636363636365 0.07529411764705882 0.035
1 0.6488235294117647 0.3756818181818182 0.03058823529411765 0.03227272727272727
1 0.6038235294117648 0.4093181818181818 0.15 0.03681818181818182
1 0.4073529411764706 0.8597727272727272 0.057058823529411766 0.04045454545454545
1 0.58 0.9259090909090909 0.052941176470588235 0.038181818181818185
1 0.42764705882352944 0.5690909090909091 0.2235294117647059 0.03090909090909091
1 0.5776470588235294 0.5272727272727272 0.08470588235294117 0.034545454545454546
1 0.5758823529411765 0.8593181818181819 0.05176470588235294 0.03954545454545454
1 0.09441176470588235 0.40636363636363637 0.07470588235294118 0.034545454545454546
1 0.09588235294117647 0.5647727272727273 0.07294117647058823 0.03318181818181818
1 0.5655882352941176 0.04113636363636364 0.08529411764705883 0.025
1 0.7873529411764706 0.41909090909090907 0.13941176470588235 0.035454545454545454
1 0.7664705882352941 0.7254545454545455 0.15176470588235294 0.03636363636363636
1 0.4985294117647059 0.9272727272727272 0.0688235294117647 0.03909090909090909
1 0.6647058823529411 0.8613636363636363 0.05764705882352941 0.03909090909090909
1 0.57 0.3690909090909091 0.10941176470588235 0.03636363636363636
1 0.5320588235294118 0.6820454545454545 0.10764705882352942 0.03590909090909091
1 0.08941176470588236 0.7665909090909091 0.07176470588235294 0.035
1 0.7214705882352941 0.37545454545454543 0.10529411764705883 0.034545454545454546
1 0.5991176470588235 0.6865909090909091 0.028823529411764706 0.03318181818181818
1 0.4894117647058824 0.8602272727272727 0.047058823529411764 0.042272727272727274
1 0.6505882352941177 0.45840909090909093 0.03411764705882353 0.03318181818181818
1 0.4082352941176471 0.36477272727272725 0.17647058823529413 0.03954545454545454
1 0.518235294117647 0.6134090909090909 0.06352941176470588 0.03409090909090909
1 0.08823529411764706 0.6054545454545455 0.07176470588235294 0.034545454545454546
1 0.6638235294117647 0.9263636363636364 0.06294117647058824 0.038181818181818185
1 0.3170588235294118 0.8554545454545455 0.05058823529411765 0.03727272727272727
1 0.7347058823529412 0.4597727272727273 0.10705882352941176 0.03227272727272727
1 0.09294117647058824 0.7190909090909091 0.06823529411764706 0.034545454545454546
1 0.3288235294117647 0.03590909090909091 0.05058823529411765 0.02909090909090909
1 0.1411764705882353 0.8565909090909091 0.05411764705882353 0.03590909090909091
1 0.6035294117647059 0.7840909090909091 0.03529411764705882 0.03
1 0.6914705882352942 0.4193181818181818 0.03 0.03954545454545454