1 0.763235294117647 0.8629545454545454 0.0711764705882353 0.041363636363636366
1 0.8479411764705882 0.9295454545454546 0.07941176470588235 0.04181818181818182
1 0.5841176470588235 0.6138636363636364 0.15176470588235294 0.041363636363636366
1 0.4161764705882353 0.9243181818181818 0.07470588235294118 0.041363636363636366
1 0.8497058823529412 0.8604545454545455 0.07588235294117647 0.04363636363636364
1 0.39676470588235296 0.6118181818181818 0.20411764705882354 0.03909090909090909
1 0.4147058823529412 0.5263636363636364 0.2376470588235294 0.04181818181818182
1 0.6591176470588235 0.7784090909090909 0.03823529411764706 0.02772727272727273
1 0.3982352941176471 0.4531818181818182 0.2023529411764706 0.042727272727272725
1 0.3926470588235294 0.6822727272727273 0.19941176470588234 0.038181818181818185
1 0.8026470588235294 0.4159090909090909 0.033529411764705884 0.04090909090909091
1 0.45294117647058824 0.4088636363636364 0.3070588235294118 0.041363636363636366
1 0.09235294117647058 0.6797727272727273 0.08235294117647059 0.03772727272727273
1 0.08794117647058823 0.36227272727272725 0.08411764705882353 0.03727272727272727
1 0.09558823529411764 0.45045454545454544 0.08647058823529412 0.03636363636363636
1 0.1514705882352941 0.9215909090909091 0.06294117647058824 0.041363636363636366
1 0.32676470588235296 0.9225 0.0711764705882353 0.038636363636363635
1 0.1526470588235294 0.855909090909091 0.061764705882352944 0.04090909090909091
1 0.7611764705882353 0.7304545454545455 0.03764705882352941 0.034545454545454546
1 0.09441176470588235 0.5213636363636364 0.07941176470588235 0.03636363636363636
1 0.6494117647058824 0.7302272727272727 0.17411764705882352 0.03227272727272727
1 0.23676470588235293 0.8579545454545454 0.060588235294117644 0.04045454545454545
1 0.6335294117647059 0.5286363636363637 0.16588235294117648 0.04
1 0.24147058823529413 0.9213636363636364 0.06411764705882353 0.04
1 0.39323529411764707 0.7684090909090909 0.2088235294117647 0.041363636363636366
1 0.7555882352941177 0.9295454545454546 0.07235294117647059 0.04090909090909091
1 0.57 0.7725 0.13294117647058823 0.03590909090909091
1 0.6944117647058824 0.41363636363636364 0.1711764705882353 0.04090909090909091
1 0.67 0.37522727272727274 0.03882352941176471 0.03318181818181818
1 0.4102941176470588 0.8552272727272727 0.061764705882352944 0.041363636363636366
1 0.5858823529411765 0.9275 0.06823529411764706 0.038636363636363635
1 0.09558823529411764 0.5634090909090909 0.08529411764705883 0.03681818181818182
1 0.43941176470588234 0.5688636363636363 0.2741176470588235 0.04318181818181818
1 0.5832352941176471 0.8602272727272727 0.06647058823529411 0.03954545454545454
1 0.09676470588235295 0.40454545454545454 0.09352941176470589 0.035454545454545454
1 0.7132352941176471 0.4618181818181818 0.09941176470588235 0.031818181818181815
1 0.571764705882353 0.37 0.14588235294117646 0.038181818181818185
1 0.49970588235294117 0.9256818181818182 0.08058823529411764 0.04045454545454545
1 0.6726470588235294 0.8586363636363636 0.0688235294117647 0.042727272727272725
1 0.585 0.6856818181818182 0.14411764705882352 0.035
1 0.85 0.7313636363636363 0.13529411764705881 0.03636363636363636
1 0.08735294117647059 0.7625 0.08176470588235295 0.03681818181818182
1 0.7608823529411765 0.37454545454545457 0.11352941176470588 0.03363636363636364
1 0.5641176470588235 0.4565909090909091 0.13058823529411764 0.03590909090909091
1 0.49558823529411766 0.8581818181818182 0.05352941176470588 0.04090909090909091
1 0.8814705882352941 0.41613636363636364 0.12058823529411765 0.042272727272727274
1 0.395 0.3690909090909091 0.1723529411764706 0.03909090909090909
1 0.42617647058823527 0.7252272727272727 0.2688235294117647 0.038636363636363635
1 0.09470588235294118 0.6081818181818182 0.08588235294117647 0.038181818181818185
1 0.6676470588235294 0.9256818181818182 0.06941176470588235 0.042272727272727274
1 0.32235294117647056 0.8579545454545454 0.058823529411764705 0.041363636363636366
1 0.678235294117647 0.571590909090909 0.2023529411764706 0.04045454545454545
1 0.7576470588235295 0.6872727272727273 0.11529411764705882 0.034545454545454546
1 0.08941176470588236 0.7186363636363636 0.07882352941176471 0.035454545454545454
1 0.2861764705882353 0.028863636363636362 0.03470588235294118 0.02409090909090909
1 0.5417647058823529 0.03318181818181818 0.07176470588235294 0.02909090909090909
1 0.645 0.4656818181818182 0.033529411764705884 0.028636363636363637
1 0.6776470588235294 0.6922727272727273 0.03882352941176471 0.03636363636363636
1 0.7355882352941177 0.7734090909090909 0.10411764705882352 0.03681818181818182