1 0.4411764705882353 0.6884090909090909 0.23647058823529413 0.03772727272727273
1 0.5208823529411765 0.6188636363636364 0.10176470588235294 0.03318181818181818
1 0.4388235294117647 0.3759090909090909 0.2823529411764706 0.04090909090909091
1 0.7711764705882352 0.8670454545454546 0.06235294117647059 0.05409090909090909
1 0.8541176470588235 0.9259090909090909 0.06941176470588235 0.04
1 0.42264705882352943 0.9322727272727273 0.05 0.04181818181818182
1 0.38735294117647057 0.6161363636363636 0.16647058823529412 0.03681818181818182
1 0.6861764705882353 0.7295454545454545 0.22176470588235295 0.042727272727272725
1 0.4717647058823529 0.41795454545454547 0.34 0.03681818181818182
1 0.6573529411764706 0.6813636363636364 0.17 0.03636363636363636
1 0.435 0.7295454545454545 0.24176470588235294 0.042727272727272725
1 0.7870588235294118 0.37522727272727274 0.04 0.031363636363636364
1 0.1111764705882353 0.6918181818181818 0.08235294117647059 0.03636363636363636
1 0.10676470588235294 0.45636363636363636 0.08411764705882353 0.038181818181818185
1 0.1638235294117647 0.928409090909091 0.054705882352941174 0.03954545454545454
1 0.34558823529411764 0.9306818181818182 0.06529411764705882 0.038636363636363635
1 0.17411764705882352 0.8631818181818182 0.06823529411764706 0.03909090909090909
1 0.44323529411764706 0.5320454545454546 0.28058823529411764 0.03681818181818182
1 0.10441176470588236 0.5320454545454546 0.09352941176470589 0.03590909090909091
1 0.8673529411764705 0.37204545454545457 0.11352941176470588 0.035
1 0.24176470588235294 0.8606818181818182 0.05058823529411765 0.04045454545454545
1 0.6417647058823529 0.5275 0.11647058823529412 0.03409090909090909
1 0.25441176470588234 0.9281818181818182 0.06529411764705882 0.038181818181818185
1 0.3855882352941176 0.7763636363636364 0.14647058823529413 0.03909090909090909
1 0.775 0.9272727272727272 0.07235294117647059 0.03909090909090909
1 0.2726470588235294 0.038863636363636364 0.04058823529411765 0.02409090909090909
1 0.5355882352941177 0.7781818181818182 0.12294117647058823 0.03272727272727273
1 0.6758823529411765 0.3740909090909091 0.16588235294117648 0.031818181818181815
1 0.42058823529411765 0.8618181818181818 0.052941176470588235 0.04090909090909091
1 0.5947058823529412 0.9288636363636363 0.052941176470588235 0.04409090909090909
1 0.4414705882352941 0.5734090909090909 0.27 0.04045454545454545
1 0.5926470588235294 0.8595454545454545 0.060588235294117644 0.04090909090909091
1 0.11294117647058824 0.3743181818181818 0.09647058823529411 0.035
1 0.5729411764705883 0.037954545454545456 0.12941176470588237 0.022272727272727274
1 0.7385294117647059 0.4152272727272727 0.18058823529411766 0.03954545454545454
1 0.5041176470588236 0.9304545454545454 0.04823529411764706 0.04090909090909091
1 0.855 0.86 0.060588235294117644 0.03909090909090909
1 0.68 0.8606818181818182 0.05647058823529412 0.03954545454545454
1 0.9176470588235294 0.4152272727272727 0.1011764705882353 0.03772727272727273
1 0.39 0.4606818181818182 0.17411764705882352 0.03590909090909091
1 0.10676470588235294 0.7793181818181818 0.07941176470588235 0.03954545454545454
1 0.10970588235294118 0.7377272727272727 0.08058823529411764 0.035454545454545454
1 0.5429411764705883 0.4643181818181818 0.11647058823529412 0.030454545454545453
1 0.5029411764705882 0.8620454545454546 0.042352941176470586 0.04318181818181818
1 0.0976470588235294 0.5747727272727273 0.0811764705882353 0.03681818181818182
1 0.6844117647058824 0.9268181818181818 0.06411764705882353 0.03909090909090909
1 0.33852941176470586 0.8606818181818182 0.05235294117647059 0.03772727272727273
1 0.6717647058823529 0.5729545454545455 0.15294117647058825 0.03772727272727273
1 0.11382352941176471 0.41454545454545455 0.07941176470588235 0.03636363636363636
1 0.10529411764705883 0.6186363636363637 0.08235294117647059 0.03636363636363636
1 0.6255882352941177 0.47045454545454546 0.03 0.031818181818181815
1 0.7038235294117647 0.46545454545454545 0.09 0.028181818181818183
1 0.8520588235294118 0.4193181818181818 0.031176470588235295 0.03318181818181818