1 0.35823529411764704 0.6763636363636364 0.11764705882352941 0.03636363636363636
1 0.7520588235294118 0.8563636363636363 0.05235294117647059 0.038181818181818185
1 0.841764705882353 0.9238636363636363 0.06470588235294118 0.03772727272727273
1 0.40647058823529414 0.9197727272727273 0.052941176470588235 0.03772727272727273
1 0.48264705882352943 0.5636363636363636 0.03470588235294118 0.03363636363636364
1 0.7570588235294118 0.9202272727272728 0.058823529411764705 0.038636363636363635
1 0.3658823529411765 0.6031818181818182 0.12352941176470589 0.035454545454545454
1 0.4682352941176471 0.5165909090909091 0.04823529411764706 0.03409090909090909
1 0.37970588235294117 0.44522727272727275 0.14882352941176472 0.03590909090909091
1 0.4702941176470588 0.7629545454545454 0.10294117647058823 0.035
1 0.4041176470588235 0.40204545454545454 0.1988235294117647 0.03681818181818182
1 0.10764705882352942 0.6804545454545454 0.09411764705882353 0.03727272727272727
1 0.10676470588235294 0.44431818181818183 0.09352941176470589 0.03590909090909091
1 0.36764705882352944 0.7170454545454545 0.13411764705882354 0.035
1 0.6435294117647059 0.6806818181818182 0.10470588235294118 0.03318181818181818
1 0.105 0.3572727272727273 0.09235294117647058 0.035454545454545454
1 0.5973529411764706 0.7663636363636364 0.07 0.03363636363636364
1 0.15970588235294117 0.9168181818181819 0.05823529411764706 0.03727272727272727
1 0.3264705882352941 0.9188636363636363 0.058823529411764705 0.03772727272727273
1 0.15088235294117647 0.8511363636363637 0.05588235294117647 0.03681818181818182
1 0.6844117647058824 0.7247727272727272 0.09588235294117647 0.03318181818181818
1 0.3726470588235294 0.5152272727272728 0.13117647058823528 0.03681818181818182
1 0.10735294117647058 0.515 0.07588235294117647 0.035454545454545454
1 0.6182352941176471 0.7231818181818181 0.029411764705882353 0.034545454545454546
1 0.24382352941176472 0.8511363636363637 0.060588235294117644 0.03590909090909091
1 0.24441176470588236 0.9186363636363636 0.061764705882352944 0.03727272727272727
1 0.35323529411764704 0.76 0.10294117647058823 0.034545454545454546
1 0.3114705882352941 0.03272727272727273 0.03705882352941176 0.02
1 0.5441176470588235 0.7684090909090909 0.029411764705882353 0.035
1 0.6038235294117648 0.4043181818181818 0.18411764705882352 0.03590909090909091
1 0.4097058823529412 0.8536363636363636 0.054705882352941174 0.03727272727272727
1 0.5770588235294117 0.9209090909090909 0.04941176470588235 0.04
1 0.38 0.5602272727272727 0.14823529411764705 0.03590909090909091
1 0.5479411764705883 0.515 0.09705882352941177 0.035454545454545454
1 0.49823529411764705 0.605 0.07764705882352942 0.031818181818181815
1 0.44058823529411767 0.6079545454545454 0.03294117647058824 0.03409090909090909
1 0.586764705882353 0.8520454545454546 0.06529411764705882 0.041363636363636366
1 0.10470588235294118 0.3993181818181818 0.1011764705882353 0.03681818181818182
1 0.10588235294117647 0.5590909090909091 0.07647058823529412 0.03363636363636364
1 0.5741176470588235 0.5634090909090909 0.10352941176470588 0.03318181818181818
1 0.5379411764705883 0.36045454545454547 0.14647058823529413 0.03727272727272727
1 0.49205882352941177 0.92 0.051176470588235295 0.04
1 0.8447058823529412 0.8611363636363636 0.0611764705882353 0.04045454545454545
1 0.6741176470588235 0.8527272727272728 0.058823529411764705 0.03909090909090909
1 0.48705882352941177 0.678409090909091 0.11411764705882353 0.03681818181818182
1 0.08911764705882352 0.7588636363636364 0.09 0.03590909090909091
1 0.5385294117647059 0.44636363636363635 0.1511764705882353 0.034545454545454546
1 0.49941176470588233 0.8522727272727273 0.06 0.03909090909090909
1 0.5694117647058824 0.6863636363636364 0.03176470588235294 0.03272727272727273
1 0.38029411764705884 0.3577272727272727 0.14529411764705882 0.03636363636363636
1 0.5105882352941177 0.7190909090909091 0.15058823529411763 0.03636363636363636
1 0.10411764705882352 0.6038636363636364 0.09647058823529411 0.03681818181818182
1 0.6723529411764706 0.9220454545454545 0.0611764705882353 0.04045454545454545
1 0.32088235294117645 0.8504545454545455 0.0488235294117647 0.03636363636363636
1 0.09705882352941177 0.7175 0.10235294117647059 0.03590909090909091
1 0.5591176470588235 0.031818181818181815 0.07705882352941176 0.025454545454545455