1 0.7544117647058823 0.865 0.05235294117647059 0.03636363636363636
1 0.8532352941176471 0.9290909090909091 0.06411764705882353 0.04
1 0.5888235294117647 0.6209090909090909 0.058823529411764705 0.03363636363636364
1 0.41441176470588237 0.9290909090909091 0.051176470588235295 0.03727272727272727
1 0.57 0.5331818181818182 0.17294117647058824 0.03727272727272727
1 0.841764705882353 0.8636363636363636 0.05176470588235294 0.03909090909090909
1 0.34823529411764703 0.6202272727272727 0.1011764705882353 0.035
1 0.40852941176470586 0.37272727272727274 0.2288235294117647 0.04
1 0.735 0.7840909090909091 0.0711764705882353 0.031818181818181815
1 0.42264705882352943 0.4184090909090909 0.24176470588235294 0.03590909090909091
1 0.435 0.6902272727272727 0.23823529411764705 0.03772727272727273
1 0.6844117647058824 0.6888636363636363 0.20294117647058824 0.038636363636363635
1 0.41558823529411765 0.7297727272727272 0.2252941176470588 0.031363636363636364
1 0.31882352941176473 0.037954545454545456 0.042352941176470586 0.02590909090909091
1 0.7720588235294118 0.5343181818181818 0.10647058823529412 0.03681818181818182
1 0.11176470588235295 0.6804545454545454 0.0988235294117647 0.03727272727272727
1 0.10647058823529412 0.36954545454545457 0.09058823529411765 0.03727272727272727
1 0.11735294117647059 0.4547727272727273 0.08529411764705883 0.03954545454545454
1 0.6279411764705882 0.7365909090909091 0.20058823529411765 0.03409090909090909
1 0.15558823529411764 0.9288636363636363 0.05235294117647059 0.04045454545454545
1 0.7738235294117647 0.5790909090909091 0.08529411764705883 0.03363636363636364
1 0.3361764705882353 0.9286363636363636 0.06529411764705882 0.038181818181818185
1 0.16176470588235295 0.8586363636363636 0.06705882352941177 0.03909090909090909
1 0.7570588235294118 0.7379545454545454 0.036470588235294116 0.035
1 0.10558823529411765 0.5254545454545455 0.0688235294117647 0.03727272727272727
1 0.8747058823529412 0.37386363636363634 0.17176470588235293 0.04045454545454545
1 0.24382352941176472 0.8595454545454545 0.04764705882352941 0.038181818181818185
1 0.695 0.5456818181818182 0.033529411764705884 0.038636363636363635
1 0.24205882352941177 0.9295454545454546 0.05235294117647059 0.04090909090909091
1 0.39588235294117646 0.7788636363636363 0.16588235294117648 0.035
1 0.7567647058823529 0.9268181818181818 0.045294117647058825 0.03909090909090909
1 0.5741176470588235 0.7831818181818182 0.12823529411764706 0.03272727272727273
1 0.7376470588235294 0.4611363636363636 0.12588235294117647 0.038636363636363635
1 0.4147058823529412 0.860909090909091 0.052941176470588235 0.038181818181818185
1 0.5861764705882353 0.9318181818181818 0.054705882352941174 0.04
1 0.38588235294117645 0.5336363636363637 0.1635294117647059 0.04
1 0.5905882352941176 0.8638636363636364 0.05764705882352941 0.03954545454545454
1 0.11676470588235294 0.4134090909090909 0.0888235294117647 0.04045454545454545
1 0.5776470588235294 0.5779545454545455 0.1976470588235294 0.03227272727272727
1 0.5464705882352942 0.04431818181818182 0.08352941176470588 0.03318181818181818
1 0.65 0.4722727272727273 0.02823529411764706 0.03727272727272727
1 0.505 0.928409090909091 0.05823529411764706 0.038636363636363635
1 0.821764705882353 0.7002272727272727 0.04588235294117647 0.03318181818181818
1 0.675 0.8625 0.06294117647058824 0.03772727272727273
1 0.7620588235294118 0.375 0.04294117647058823 0.03636363636363636
1 0.8958823529411765 0.6915909090909091 0.1011764705882353 0.03681818181818182
1 0.3841176470588235 0.46295454545454545 0.17647058823529413 0.03954545454545454
1 0.1223529411764706 0.7706818181818181 0.09529411764705882 0.03772727272727273
1 0.11558823529411764 0.7272727272727273 0.0888235294117647 0.03909090909090909
1 0.7423529411764705 0.42113636363636364 0.041176470588235294 0.03590909090909091
1 0.5564705882352942 0.4647727272727273 0.13176470588235295 0.035
1 0.6717647058823529 0.7931818181818182 0.036470588235294116 0.034545454545454546
1 0.49558823529411766 0.8606818181818182 0.0488235294117647 0.03954545454545454
1 0.8405882352941176 0.41659090909090907 0.1223529411764706 0.03954545454545454
1 0.1188235294117647 0.6152272727272727 0.06823529411764706 0.038636363636363635
1 0.6720588235294118 0.9286363636363636 0.05823529411764706 0.03909090909090909
1 0.6302941176470588 0.37522727272727274 0.18411764705882352 0.03681818181818182
1 0.33676470588235297 0.86 0.057058823529411766 0.03909090909090909
1 0.7123529411764706 0.5852272727272727 0.04 0.038636363636363635
1 0.6314705882352941 0.4202272727272727 0.1711764705882353 0.041363636363636366
1 0.11294117647058824 0.5722727272727273 0.07647058823529412 0.03636363636363636
1 0.3835294117647059 0.5752272727272727 0.15529411764705883 0.03954545454545454
1 0.46441176470588236 0.6204545454545455 0.10764705882352942 0.03272727272727273
1 0.5467647058823529 0.6286363636363637 0.03470588235294118 0.02727272727272727
1 0.8276470588235294 0.7375 0.1 0.03227272727272727