1 0.3982352941176471 0.6779545454545455 0.18705882352941178 0.038636363636363635
1 0.5720588235294117 0.68 0.12058823529411765 0.03636363636363636
1 0.4211764705882353 0.40613636363636363 0.2164705882352941 0.03772727272727273
1 0.7573529411764706 0.8588636363636364 0.0488235294117647 0.04318181818181818
1 0.8408823529411765 0.9256818181818182 0.05352941176470588 0.04318181818181818
1 0.4152941176470588 0.9236363636363636 0.05058823529411765 0.04
1 0.8444117647058823 0.8613636363636363 0.054705882352941174 0.04454545454545455
1 0.40911764705882353 0.6134090909090909 0.21941176470588236 0.02772727272727273
1 0.6941176470588235 0.7684090909090909 0.08235294117647059 0.03318181818181818
1 0.3811764705882353 0.4486363636363636 0.15294117647058825 0.03727272727272727
1 0.6676470588235294 0.685 0.03529411764705882 0.035454545454545454
1 0.11 0.6793181818181818 0.07411764705882352 0.03590909090909091
1 0.09529411764705882 0.4445454545454545 0.07411764705882352 0.03636363636363636
1 0.4164705882352941 0.7240909090909091 0.23058823529411765 0.03909090909090909
1 0.09823529411764706 0.36204545454545456 0.07529411764705882 0.03590909090909091
1 0.1511764705882353 0.9215909090909091 0.052941176470588235 0.03954545454545454
1 0.7529411764705882 0.7252272727272727 0.03529411764705882 0.03681818181818182
1 0.32735294117647057 0.9222727272727272 0.05823529411764706 0.04
1 0.1588235294117647 0.8536363636363636 0.05411764705882353 0.03727272727272727
1 0.5558823529411765 0.4495454545454545 0.14588235294117646 0.035454545454545454
1 0.40088235294117647 0.5215909090909091 0.20411764705882354 0.04045454545454545
1 0.10647058823529412 0.5186363636363637 0.07882352941176471 0.035454545454545454
1 0.6373529411764706 0.7263636363636363 0.16647058823529412 0.02909090909090909
1 0.24323529411764705 0.8540909090909091 0.054705882352941174 0.038181818181818185
1 0.2388235294117647 0.9215909090909091 0.05529411764705883 0.03954545454545454
1 0.40088235294117647 0.7654545454545455 0.19705882352941176 0.03727272727272727
1 0.7567647058823529 0.9231818181818182 0.054705882352941174 0.042727272727272725
1 0.5670588235294117 0.7659090909090909 0.10470588235294118 0.035454545454545454
1 0.6573529411764706 0.4097727272727273 0.20294117647058824 0.038636363636363635
1 0.5882352941176471 0.36818181818181817 0.16941176470588235 0.03909090909090909
1 0.41294117647058826 0.8577272727272728 0.042352941176470586 0.04
1 0.5805882352941176 0.9229545454545455 0.047058823529411764 0.041363636363636366
1 0.45441176470588235 0.5663636363636364 0.30411764705882355 0.035454545454545454
1 0.5585294117647058 0.5220454545454546 0.07941176470588235 0.03409090909090909
1 0.5888235294117647 0.8575 0.05411764705882353 0.04045454545454545
1 0.09294117647058824 0.4031818181818182 0.06941176470588235 0.03636363636363636
1 0.10705882352941176 0.5643181818181818 0.08352941176470588 0.03590909090909091
1 0.5694117647058824 0.6090909090909091 0.07058823529411765 0.03272727272727273
1 0.5494117647058824 0.034545454545454546 0.0976470588235294 0.022727272727272728
1 0.5014705882352941 0.9236363636363636 0.05235294117647059 0.04181818181818182
1 0.6758823529411765 0.8579545454545454 0.04823529411764706 0.04045454545454545
1 0.8347058823529412 0.7236363636363636 0.13411764705882354 0.038181818181818185
1 0.10911764705882353 0.7611363636363636 0.0888235294117647 0.03590909090909091
1 0.11235294117647059 0.7197727272727272 0.0811764705882353 0.03590909090909091
1 0.6364705882352941 0.7822727272727272 0.02823529411764706 0.03
1 0.5032352941176471 0.8565909090909091 0.051176470588235295 0.041363636363636366
1 0.4023529411764706 0.3640909090909091 0.17294117647058824 0.038181818181818185
1 0.10705882352941176 0.6034090909090909 0.09058823529411765 0.03681818181818182
1 0.6694117647058824 0.9263636363636364 0.05411764705882353 0.04363636363636364
1 0.3285294117647059 0.8545454545454545 0.05235294117647059 0.038181818181818185
1 0.6779411764705883 0.5672727272727273 0.11941176470588236 0.03
1 0.7429411764705882 0.68 0.09058823529411765 0.035454545454545454
1 0.3173529411764706 0.03 0.04176470588235294 0.022727272727272728