1 0.38941176470588235 0.685 0.16941176470588235 0.03636363636363636
1 0.56 0.6852272727272727 0.12941176470588237 0.035
1 0.395 0.37318181818181817 0.17588235294117646 0.03636363636363636
1 0.768235294117647 0.86 0.07058823529411765 0.03727272727272727
1 0.8441176470588235 0.9272727272727272 0.052941176470588235 0.04090909090909091
1 0.5538235294117647 0.5725 0.1323529411764706 0.03318181818181818
1 0.41205882352941176 0.9270454545454545 0.05352941176470588 0.03681818181818182
1 0.5941176470588235 0.5272727272727272 0.13647058823529412 0.03636363636363636
1 0.37676470588235295 0.6084090909090909 0.14058823529411765 0.03590909090909091
1 0.653235294117647 0.7718181818181818 0.06764705882352941 0.031818181818181815
1 0.6614705882352941 0.6936363636363636 0.03588235294117647 0.03272727272727273
1 0.0976470588235294 0.6834090909090909 0.07058823529411765 0.035
1 0.09147058823529412 0.45431818181818184 0.06411764705882353 0.035
1 0.6494117647058824 0.5768181818181818 0.03294117647058824 0.031818181818181815
1 0.09470588235294118 0.36772727272727274 0.06941176470588235 0.034545454545454546
1 0.5085294117647059 0.7734090909090909 0.09352941176470589 0.03318181818181818
1 0.15823529411764706 0.928409090909091 0.05647058823529412 0.03772727272727273
1 0.7591176470588236 0.5322727272727272 0.08294117647058824 0.031818181818181815
1 0.3288235294117647 0.9279545454545455 0.05764705882352941 0.03772727272727273
1 0.15911764705882353 0.8602272727272727 0.05 0.03772727272727273
1 0.3861764705882353 0.5731818181818182 0.1688235294117647 0.02909090909090909
1 0.6485294117647059 0.615909090909091 0.06294117647058824 0.03090909090909091
1 0.24029411764705882 0.9290909090909091 0.05235294117647059 0.03727272727272727
1 0.3720588235294118 0.7725 0.14176470588235293 0.035
1 0.7591176470588236 0.925 0.051176470588235295 0.03909090909090909
1 0.6808823529411765 0.4106818181818182 0.0711764705882353 0.03409090909090909
1 0.6220588235294118 0.4093181818181818 0.028823529411764706 0.03409090909090909
1 0.4161764705882353 0.8627272727272727 0.0488235294117647 0.03909090909090909
1 0.5997058823529412 0.9281818181818182 0.05941176470588235 0.03727272727272727
1 0.39705882352941174 0.5277272727272727 0.18352941176470589 0.03727272727272727
1 0.5738235294117647 0.46545454545454545 0.028823529411764706 0.03272727272727273
1 0.5117647058823529 0.615909090909091 0.10235294117647059 0.03272727272727273
1 0.4935294117647059 0.45636363636363636 0.09529411764705882 0.035454545454545454
1 0.5923529411764706 0.8615909090909091 0.05176470588235294 0.03409090909090909
1 0.09235294117647058 0.5268181818181819 0.06705882352941177 0.03272727272727273
1 0.6276470588235294 0.4590909090909091 0.06 0.031818181818181815
1 0.5455882352941176 0.03659090909090909 0.08411764705882353 0.02409090909090909
1 0.7314705882352941 0.7281818181818182 0.08529411764705883 0.03272727272727273
1 0.5044117647058823 0.9265909090909091 0.05823529411764706 0.038636363636363635
1 0.673235294117647 0.8618181818181818 0.05823529411764706 0.03727272727272727
1 0.851764705882353 0.8618181818181818 0.06705882352941177 0.038181818181818185
1 0.3638235294117647 0.45295454545454544 0.12294117647058823 0.03681818181818182
1 0.09529411764705882 0.7695454545454545 0.07529411764705882 0.035454545454545454
1 0.09382352941176471 0.7263636363636363 0.07352941176470588 0.034545454545454546
1 0.7055882352941176 0.375 0.04294117647058823 0.03363636363636364
1 0.5305882352941177 0.4172727272727273 0.13058823529411764 0.03636363636363636
1 0.6526470588235294 0.7277272727272728 0.031176470588235295 0.03363636363636364
1 0.4985294117647059 0.8611363636363636 0.05 0.038636363636363635
1 0.6955882352941176 0.5368181818181819 0.031176470588235295 0.034545454545454546
1 0.78 0.3784090909090909 0.07058823529411765 0.03227272727272727
1 0.5902941176470589 0.62 0.028823529411764706 0.03272727272727273
1 0.5461764705882353 0.7252272727272727 0.12529411764705883 0.03409090909090909
1 0.09088235294117647 0.5706818181818182 0.060588235294117644 0.035
1 0.6785294117647059 0.925 0.06294117647058824 0.038181818181818185
1 0.5852941176470589 0.37068181818181817 0.16470588235294117 0.038636363636363635
1 0.33 0.8595454545454545 0.052941176470588235 0.03727272727272727
1 0.7164705882352941 0.5745454545454546 0.08588235294117647 0.03272727272727273
1 0.7523529411764706 0.6863636363636364 0.07882352941176471 0.034545454545454546
1 0.28088235294117647 0.03386363636363637 0.031176470588235295 0.031363636363636364
1 0.33647058823529413 0.03409090909090909 0.06705882352941177 0.02909090909090909
1 0.3785294117647059 0.4115909090909091 0.14882352941176472 0.03409090909090909
1 0.09323529411764706 0.4131818181818182 0.06411764705882353 0.03090909090909091
1 0.08911764705882352 0.6138636363636364 0.05588235294117647 0.038636363636363635
1 0.38588235294117645 0.7302272727272727 0.17294117647058824 0.03409090909090909
1 0.5885294117647059 0.7865909090909091 0.026470588235294117 0.04409090909090909
1 0.24676470588235294 0.8629545454545454 0.054705882352941174 0.03409090909090909