1 0.42911764705882355 0.7322727272727273 0.2641176470588235 0.03090909090909091
1 0.4229411764705882 0.37113636363636365 0.24352941176470588 0.03681818181818182
1 0.7452941176470588 0.8654545454545455 0.04352941176470588 0.03727272727272727
1 0.8347058823529412 0.9336363636363636 0.05176470588235294 0.03636363636363636
1 0.5344117647058824 0.6229545454545454 0.07823529411764706 0.031363636363636364
1 0.4067647058823529 0.9304545454545454 0.05235294117647059 0.035454545454545454
1 0.5270588235294118 0.5325 0.0611764705882353 0.025
1 0.7561764705882353 0.9304545454545454 0.057058823529411766 0.035454545454545454
1 0.39205882352941174 0.6197727272727273 0.19588235294117648 0.029545454545454545
1 0.6361764705882353 0.7343181818181819 0.12529411764705883 0.03590909090909091
1 0.38441176470588234 0.4602272727272727 0.1511764705882353 0.030454545454545453
1 0.08823529411764706 0.685 0.07882352941176471 0.03636363636363636
1 0.3723529411764706 0.6909090909090909 0.1564705882352941 0.026363636363636363
1 0.09794117647058824 0.36454545454545456 0.09117647058823529 0.035454545454545454
1 0.09823529411764706 0.44636363636363635 0.09176470588235294 0.03636363636363636
1 0.14794117647058824 0.9252272727272727 0.057058823529411766 0.03954545454545454
1 0.3205882352941177 0.9275 0.052941176470588235 0.03590909090909091
1 0.1538235294117647 0.8575 0.05352941176470588 0.03681818181818182
1 0.09735294117647059 0.5275 0.09117647058823529 0.03681818181818182
1 0.6102941176470589 0.5736363636363636 0.10294117647058823 0.03363636363636364
1 0.23647058823529413 0.8584090909090909 0.05647058823529412 0.03681818181818182
1 0.2411764705882353 0.9270454545454545 0.058823529411764705 0.03590909090909091
1 0.3788235294117647 0.7765909090909091 0.17411764705882352 0.03227272727272727
1 0.3014705882352941 0.038181818181818185 0.04294117647058823 0.023636363636363636
1 0.5117647058823529 0.7779545454545455 0.0811764705882353 0.030454545454545453
1 0.6567647058823529 0.4138636363636364 0.28647058823529414 0.038636363636363635
1 0.4023529411764706 0.8625 0.04470588235294118 0.03681818181818182
1 0.5805882352941176 0.8663636363636363 0.04588235294117647 0.03727272727272727
1 0.39588235294117646 0.5343181818181818 0.1952941176470588 0.029545454545454545
1 0.42323529411764704 0.5761363636363637 0.2605882352941176 0.03227272727272727
1 0.0961764705882353 0.4059090909090909 0.09117647058823529 0.035454545454545454
1 0.09676470588235295 0.5659090909090909 0.09235294117647058 0.035454545454545454
1 0.5611764705882353 0.04022727272727273 0.10588235294117647 0.021363636363636362
1 0.6388235294117647 0.3734090909090909 0.18588235294117647 0.030454545454545453
1 0.4908823529411765 0.9286363636363636 0.054705882352941174 0.03636363636363636
1 0.6652941176470588 0.8663636363636363 0.05058823529411765 0.038181818181818185
1 0.09264705882352942 0.769090909090909 0.08411764705882353 0.03636363636363636
1 0.09176470588235294 0.7275 0.08352941176470588 0.03772727272727273
1 0.4958823529411765 0.86 0.052941176470588235 0.03636363636363636
1 0.08764705882352941 0.6131818181818182 0.08352941176470588 0.038181818181818185
1 0.6661764705882353 0.9272727272727272 0.05352941176470588 0.03727272727272727
1 0.32029411764705884 0.8597727272727272 0.045294117647058825 0.03681818181818182
1 0.40088235294117647 0.41545454545454547 0.21352941176470588 0.031818181818181815
1 0.5423529411764706 0.4618181818181818 0.16 0.03090909090909091
1 0.48205882352941176 0.6929545454545455 0.07235294117647059 0.021363636363636362
1 0.5782352941176471 0.9338636363636363 0.05411764705882353 0.03227272727272727
1 0.8361764705882353 0.8622727272727273 0.054705882352941174 0.03636363636363636