1 0.42 0.40295454545454545 0.23176470588235293 0.031363636363636364
1 0.755 0.8543181818181819 0.061764705882352944 0.041363636363636366
1 0.8438235294117648 0.9215909090909091 0.07470588235294118 0.03954545454545454
1 0.40352941176470586 0.9202272727272728 0.06235294117647059 0.038636363636363635
1 0.5241176470588236 0.5197727272727273 0.10235294117647059 0.035
1 0.8438235294117648 0.8538636363636364 0.07470588235294118 0.042272727272727274
1 0.36 0.6040909090909091 0.11764705882352941 0.034545454545454546
1 0.43470588235294116 0.6752272727272727 0.07176470588235294 0.031363636363636364
1 0.4264705882352941 0.7611363636363636 0.06588235294117648 0.03409090909090909
1 0.38941176470588235 0.35863636363636364 0.1623529411764706 0.035454545454545454
1 0.10294117647058823 0.6731818181818182 0.07882352941176471 0.03909090909090909
1 0.10235294117647059 0.4431818181818182 0.08705882352941176 0.03636363636363636
1 0.37323529411764705 0.7177272727272728 0.14647058823529413 0.03
1 0.7344117647058823 0.4068181818181818 0.027647058823529413 0.031818181818181815
1 0.10588235294117647 0.3584090909090909 0.08705882352941176 0.03681818181818182
1 0.15058823529411763 0.9172727272727272 0.06 0.04
1 0.8111764705882353 0.4081818181818182 0.11411764705882353 0.03636363636363636
1 0.32441176470588234 0.918409090909091 0.06529411764705882 0.038636363636363635
1 0.1476470588235294 0.8488636363636364 0.06 0.038636363636363635
1 0.3820588235294118 0.5181818181818182 0.1476470588235294 0.035454545454545454
1 0.105 0.5161363636363636 0.09 0.03681818181818182
1 0.6120588235294118 0.5620454545454545 0.1323529411764706 0.03227272727272727
1 0.24147058823529413 0.8513636363636363 0.057058823529411766 0.03727272727272727
1 0.23852941176470588 0.9170454545454545 0.05235294117647059 0.038636363636363635
1 0.3397058823529412 0.7611363636363636 0.07941176470588235 0.03409090909090909
1 0.7576470588235295 0.9202272727272728 0.06470588235294118 0.03954545454545454
1 0.2773529411764706 0.0275 0.033529411764705884 0.020454545454545454
1 0.6288235294117647 0.3618181818181818 0.027058823529411764 0.031818181818181815
1 0.5408823529411765 0.36113636363636364 0.13352941176470587 0.03318181818181818
1 0.41558823529411765 0.8540909090909091 0.06294117647058824 0.03909090909090909
1 0.5844117647058824 0.9218181818181819 0.07588235294117647 0.03909090909090909
1 0.34705882352941175 0.6756818181818182 0.09176470588235294 0.03590909090909091
1 0.4591176470588235 0.6045454545454545 0.07470588235294118 0.03272727272727273
1 0.48323529411764704 0.44772727272727275 0.0888235294117647 0.034545454545454546
1 0.5873529411764706 0.8511363636363637 0.06411764705882353 0.041363636363636366
1 0.10676470588235294 0.3968181818181818 0.09117647058823529 0.03727272727272727
1 0.105 0.5577272727272727 0.09352941176470589 0.03363636363636364
1 0.5923529411764706 0.45 0.06235294117647059 0.03363636363636364
1 0.4970588235294118 0.9186363636363636 0.06705882352941177 0.03909090909090909
1 0.6729411764705883 0.8522727272727273 0.06823529411764706 0.03909090909090909
1 0.4176470588235294 0.5615909090909091 0.2223529411764706 0.029545454545454545
1 0.3644117647058824 0.4459090909090909 0.12411764705882353 0.035454545454545454
1 0.11352941176470588 0.7568181818181818 0.08588235294117647 0.03636363636363636
1 0.7038235294117647 0.36363636363636365 0.10176470588235294 0.02909090909090909
1 0.545 0.45045454545454544 0.026470588235294117 0.03363636363636364
1 0.4985294117647059 0.8529545454545454 0.06529411764705882 0.04045454545454545
1 0.6270588235294118 0.40545454545454546 0.15176470588235294 0.03363636363636364
1 0.5058823529411764 0.7161363636363637 0.10235294117647059 0.029545454545454545
1 0.10617647058823529 0.6015909090909091 0.09235294117647058 0.03318181818181818
1 0.6744117647058824 0.9197727272727273 0.06764705882352941 0.04045454545454545
1 0.32441176470588234 0.8520454545454546 0.06411764705882353 0.03954545454545454
1 0.11 0.7152272727272727 0.08588235294117647 0.03681818181818182
1 0.32529411764705884 0.03090909090909091 0.058823529411764705 0.022727272727272728
1 0.5676470588235294 0.03340909090909091 0.09176470588235294 0.021363636363636362