1 0.42970588235294116 0.7293181818181819 0.26294117647058823 0.03772727272727273
1 0.7591176470588236 0.8652272727272727 0.05235294117647059 0.038636363636363635
1 0.8447058823529412 0.9281818181818182 0.05176470588235294 0.038181818181818185
1 0.5555882352941176 0.6147727272727272 0.12529411764705883 0.03318181818181818
1 0.41794117647058826 0.9268181818181818 0.05941176470588235 0.035454545454545454
1 0.4323529411764706 0.5711363636363637 0.25882352941176473 0.03409090909090909
1 0.8455882352941176 0.8615909090909091 0.05352941176470588 0.03681818181818182
1 0.11411764705882353 0.5677272727272727 0.08941176470588236 0.035454545454545454
1 0.4214705882352941 0.4102272727272727 0.21823529411764706 0.038636363636363635
1 0.10705882352941176 0.6813636363636364 0.07764705882352942 0.034545454545454546
1 0.10588235294117647 0.36454545454545456 0.06352941176470588 0.03636363636363636
1 0.10970588235294118 0.44636363636363635 0.061764705882352944 0.035454545454545454
1 0.6038235294117648 0.7709090909090909 0.1652941176470588 0.03363636363636364
1 0.15411764705882353 0.9227272727272727 0.05411764705882353 0.03727272727272727
1 0.33088235294117646 0.9277272727272727 0.054705882352941174 0.03636363636363636
1 0.15176470588235294 0.8536363636363636 0.05176470588235294 0.03636363636363636
1 0.6882352941176471 0.7331818181818182 0.2164705882352941 0.03727272727272727
1 0.10617647058823529 0.5231818181818182 0.08294117647058824 0.034545454545454546
1 0.24441176470588236 0.8568181818181818 0.05235294117647059 0.03727272727272727
1 0.6441176470588236 0.6206818181818182 0.027058823529411764 0.03681818181818182
1 0.2447058823529412 0.9238636363636363 0.05411764705882353 0.03590909090909091
1 0.40147058823529413 0.7729545454545454 0.19705882352941176 0.031363636363636364
1 0.7691176470588236 0.9302272727272727 0.07 0.03681818181818182
1 0.6552941176470588 0.5729545454545455 0.16588235294117648 0.03590909090909091
1 0.41558823529411765 0.8595454545454545 0.045294117647058825 0.03727272727272727
1 0.5894117647058823 0.928409090909091 0.04823529411764706 0.038636363636363635
1 0.38441176470588234 0.6143181818181818 0.17 0.03681818181818182
1 0.5882352941176471 0.8597727272727272 0.04823529411764706 0.038636363636363635
1 0.10470588235294118 0.405 0.06823529411764706 0.035454545454545454
1 0.5620588235294117 0.04 0.08764705882352941 0.02090909090909091
1 0.7711764705882352 0.5759090909090909 0.03294117647058824 0.03090909090909091
1 0.5017647058823529 0.9263636363636364 0.05176470588235294 0.038181818181818185
1 0.67 0.8606818181818182 0.05058823529411765 0.03772727272727273
1 0.8644117647058823 0.5761363636363637 0.1264705882352941 0.03681818181818182
1 0.38 0.4506818181818182 0.14470588235294118 0.038636363636363635
1 0.1126470588235294 0.769090909090909 0.08764705882352941 0.035454545454545454
1 0.11088235294117647 0.7231818181818181 0.08176470588235295 0.035454545454545454
1 0.5041176470588236 0.8595454545454545 0.05764705882352941 0.03727272727272727
1 0.11058823529411765 0.6061363636363636 0.09058823529411765 0.03590909090909091
1 0.6714705882352942 0.928409090909091 0.05 0.03772727272727273
1 0.32941176470588235 0.8579545454545454 0.05058823529411765 0.03590909090909091
1 0.7182352941176471 0.6179545454545454 0.1011764705882353 0.030454545454545453
1 0.3205882352941177 0.034545454545454546 0.06941176470588235 0.02727272727272727