1 0.3870588235294118 0.6818181818181818 0.13529411764705881 0.038181818181818185
1 0.3764705882352941 0.5213636363636364 0.12117647058823529 0.03636363636363636
1 0.7552941176470588 0.8575 0.047058823529411764 0.04045454545454545
1 0.8376470588235294 0.9265909090909091 0.04823529411764706 0.03954545454545454
1 0.5564705882352942 0.5709090909090909 0.13176470588235295 0.03363636363636364
1 0.40911764705882353 0.9293181818181818 0.04176470588235294 0.035
1 0.4894117647058824 0.5243181818181818 0.08941176470588236 0.035
1 0.37411764705882355 0.6104545454545455 0.13176470588235295 0.034545454545454546
1 0.6538235294117647 0.775 0.051176470588235295 0.02909090909090909
1 0.40911764705882353 0.45340909090909093 0.1888235294117647 0.035
1 0.6405882352941177 0.6854545454545454 0.06352941176470588 0.031818181818181815
1 0.4108823529411765 0.7243181818181819 0.19470588235294117 0.03590909090909091
1 0.0688235294117647 0.6856818181818182 0.05058823529411765 0.035
1 0.09235294117647058 0.36454545454545456 0.07294117647058823 0.034545454545454546
1 0.09176470588235294 0.44681818181818184 0.06823529411764706 0.034545454545454546
1 0.6091176470588235 0.7254545454545455 0.17941176470588235 0.034545454545454546
1 0.15411764705882353 0.9281818181818182 0.047058823529411764 0.035454545454545454
1 0.7794117647058824 0.7265909090909091 0.07411764705882352 0.03318181818181818
1 0.33176470588235296 0.9295454545454546 0.06235294117647059 0.035454545454545454
1 0.15558823529411764 0.8534090909090909 0.05 0.038636363636363635
1 0.7170588235294117 0.7286363636363636 0.03058823529411765 0.034545454545454546
1 0.6264705882352941 0.61 0.05647058823529412 0.031818181818181815
1 0.24235294117647058 0.9297727272727273 0.052941176470588235 0.03590909090909091
1 0.3820588235294118 0.7731818181818182 0.14058823529411765 0.034545454545454546
1 0.7573529411764706 0.9256818181818182 0.04764705882352941 0.03772727272727273
1 0.5258823529411765 0.7729545454545454 0.10235294117647059 0.03318181818181818
1 0.4126470588235294 0.8568181818181818 0.04176470588235294 0.03727272727272727
1 0.575 0.9245454545454546 0.03705882352941176 0.03727272727272727
1 0.3991176470588235 0.5659090909090909 0.16176470588235295 0.042727272727272725
1 0.5544117647058824 0.5295454545454545 0.025294117647058825 0.03272727272727273
1 0.5835294117647059 0.8552272727272727 0.04588235294117647 0.03954545454545454
1 0.09 0.40545454545454546 0.07529411764705882 0.035454545454545454
1 0.09088235294117647 0.5270454545454546 0.06647058823529411 0.03227272727272727
1 0.5635294117647058 0.038636363636363635 0.12 0.022727272727272728
1 0.6891176470588235 0.5713636363636364 0.07352941176470588 0.031818181818181815
1 0.4961764705882353 0.9275 0.04294117647058823 0.03954545454545454
1 0.8338235294117647 0.8572727272727273 0.045294117647058825 0.03909090909090909
1 0.6729411764705883 0.8538636363636364 0.058823529411764705 0.03954545454545454
1 0.5226470588235295 0.6831818181818182 0.1288235294117647 0.035454545454545454
1 0.06911764705882353 0.7677272727272727 0.04764705882352941 0.03636363636363636
1 0.08735294117647059 0.6172727272727273 0.06411764705882353 0.03363636363636364
1 0.4758823529411765 0.4088636363636364 0.3235294117647059 0.03772727272727273
1 0.6020588235294118 0.7763636363636364 0.03 0.03090909090909091
1 0.5061764705882353 0.8563636363636363 0.054705882352941174 0.038181818181818185
1 0.6423529411764706 0.571590909090909 0.024705882352941175 0.031363636363636364
1 0.5773529411764706 0.6138636363636364 0.02411764705882353 0.031363636363636364
1 0.3773529411764706 0.3665909090909091 0.13470588235294118 0.03681818181818182
1 0.49823529411764705 0.6134090909090909 0.09176470588235294 0.03227272727272727
1 0.08794117647058823 0.5761363636363637 0.06294117647058824 0.03318181818181818
1 0.6691176470588235 0.9263636363636364 0.05588235294117647 0.03727272727272727
1 0.3220588235294118 0.8570454545454546 0.04176470588235294 0.03772727272727273
1 0.2911764705882353 0.03704545454545455 0.04470588235294118 0.02590909090909091
1 0.5929411764705882 0.5302272727272728 0.052941176470588235 0.026818181818181817
1 0.06323529411764706 0.7284090909090909 0.05235294117647059 0.031363636363636364
1 0.5976470588235294 0.6954545454545454 0.02 0.02727272727272727
1 0.2326470588235294 0.8597727272727272 0.039411764705882354 0.03772727272727273