1 0.4117647058823529 0.6847727272727273 0.22705882352941176 0.04409090909090909
1 0.3935294117647059 0.41113636363636363 0.17411764705882352 0.03681818181818182
1 0.7579411764705882 0.8688636363636364 0.05823529411764706 0.04681818181818182
1 0.8529411764705882 0.9265909090909091 0.06941176470588235 0.042272727272727274
1 0.41794117647058826 0.9252272727272727 0.05941176470588235 0.04045454545454545
1 0.85 0.8613636363636363 0.0611764705882353 0.042727272727272725
1 0.37941176470588234 0.61 0.1623529411764706 0.04
1 0.6614705882352941 0.7686363636363637 0.08058823529411764 0.028181818181818183
1 0.3864705882352941 0.4547727272727273 0.16470588235294117 0.035
1 0.39794117647058824 0.7272727272727273 0.19705882352941176 0.03636363636363636
1 0.3073529411764706 0.03977272727272727 0.039411764705882354 0.026818181818181817
1 0.3911764705882353 0.7686363636363637 0.1776470588235294 0.03909090909090909
1 0.11911764705882352 0.6804545454545454 0.08647058823529412 0.035454545454545454
1 0.11352941176470588 0.4134090909090909 0.10588235294117647 0.03681818181818182
1 0.74 0.5368181818181819 0.05058823529411765 0.031818181818181815
1 0.11735294117647059 0.3668181818181818 0.09941176470588235 0.03636363636363636
1 0.11088235294117647 0.4540909090909091 0.10294117647058823 0.038181818181818185
1 0.15705882352941178 0.9275 0.07529411764705882 0.042272727272727274
1 0.7817647058823529 0.5706818181818182 0.11294117647058824 0.031363636363636364
1 0.3352941176470588 0.9290909090909091 0.07176470588235294 0.03909090909090909
1 0.16029411764705884 0.8584090909090909 0.06647058823529411 0.038636363636363635
1 0.7202941176470589 0.7275 0.10882352941176471 0.03318181818181818
1 0.42205882352941176 0.5229545454545454 0.2252941176470588 0.03681818181818182
1 0.11470588235294117 0.5247727272727273 0.0976470588235294 0.035
1 0.6497058823529411 0.6140909090909091 0.09588235294117647 0.03
1 0.2447058823529412 0.8597727272727272 0.06352941176470588 0.03954545454545454
1 0.2485294117647059 0.9270454545454545 0.05352941176470588 0.03954545454545454
1 0.763235294117647 0.9297727272727273 0.06529411764705882 0.04681818181818182
1 0.5626470588235294 0.7281818181818182 0.11705882352941177 0.03272727272727273
1 0.6964705882352941 0.4527272727272727 0.08588235294117647 0.034545454545454546
1 0.7073529411764706 0.37454545454545457 0.03588235294117647 0.03090909090909091
1 0.5805882352941176 0.4131818181818182 0.14352941176470588 0.03636363636363636
1 0.415 0.8590909090909091 0.054705882352941174 0.03909090909090909
1 0.5861764705882353 0.9356818181818182 0.07352941176470588 0.05227272727272727
1 0.6323529411764706 0.5254545454545455 0.16 0.03727272727272727
1 0.42176470588235293 0.5713636363636364 0.22705882352941176 0.03363636363636364
1 0.5961764705882353 0.8590909090909091 0.05941176470588235 0.04090909090909091
1 0.11470588235294117 0.5706818181818182 0.09647058823529411 0.03590909090909091
1 0.6161764705882353 0.5729545454545455 0.13823529411764707 0.03409090909090909
1 0.5561764705882353 0.03931818181818182 0.09705882352941177 0.021363636363636362
1 0.7629411764705882 0.41545454545454547 0.1 0.034545454545454546
1 0.4988235294117647 0.9331818181818182 0.06 0.05454545454545454
1 0.6802941176470588 0.8586363636363636 0.06647058823529411 0.04
1 0.5958823529411764 0.37318181818181817 0.16941176470588235 0.035454545454545454
1 0.7970588235294118 0.37454545454545457 0.1388235294117647 0.035454545454545454
1 0.6220588235294118 0.6845454545454546 0.18176470588235294 0.034545454545454546
1 0.8264705882352941 0.6895454545454546 0.0988235294117647 0.03272727272727273
1 0.11588235294117646 0.7679545454545454 0.0811764705882353 0.035
1 0.11852941176470588 0.7247727272727272 0.08764705882352941 0.03590909090909091
1 0.6447058823529411 0.7275 0.02823529411764706 0.03227272727272727
1 0.49970588235294117 0.8656818181818182 0.05941176470588235 0.041363636363636366
1 0.8526470588235294 0.5281818181818182 0.13823529411764707 0.03363636363636364
1 0.5605882352941176 0.45386363636363636 0.11764705882352941 0.031363636363636364
1 0.5188235294117647 0.6134090909090909 0.10235294117647059 0.035
1 0.1111764705882353 0.6115909090909091 0.09647058823529411 0.03681818181818182
1 0.675 0.9363636363636364 0.054705882352941174 0.05272727272727273
1 0.3335294117647059 0.8634090909090909 0.05411764705882353 0.038636363636363635
1 0.3973529411764706 0.36772727272727274 0.18058823529411766 0.035454545454545454
1 0.7441176470588236 0.6934090909090909 0.04352941176470588 0.03227272727272727
1 0.6361764705882353 0.45590909090909093 0.025294117647058825 0.025454545454545455
1 0.6835294117647058 0.41954545454545455 0.02588235294117647 0.026363636363636363
1 0.5852941176470589 0.6154545454545455 0.02823529411764706 0.02727272727272727
1 0.7082352941176471 0.5704545454545454 0.023529411764705882 0.025454545454545455
1 0.5364705882352941 0.7702272727272728 0.10352941176470588 0.03409090909090909
1 0.6044117647058823 0.7706818181818181 0.026470588235294117 0.02409090909090909