1 0.3897058823529412 0.6822727272727273 0.19470588235294117 0.04
1 0.5644117647058824 0.6802272727272727 0.14411764705882352 0.03681818181818182
1 0.7576470588235295 0.8577272727272728 0.06941176470588235 0.04090909090909091
1 0.84 0.9268181818181818 0.07529411764705882 0.04090909090909091
1 0.40176470588235297 0.9240909090909091 0.058823529411764705 0.03909090909090909
1 0.8414705882352941 0.8688636363636364 0.07352941176470588 0.04045454545454545
1 0.3538235294117647 0.6170454545454546 0.13588235294117648 0.03772727272727273
1 0.48970588235294116 0.5236363636363637 0.05235294117647059 0.03727272727272727
1 0.691764705882353 0.7804545454545454 0.09176470588235294 0.03272727272727273
1 0.37970588235294117 0.45681818181818185 0.1711764705882353 0.03272727272727273
1 0.4455882352941177 0.6263636363636363 0.03235294117647059 0.03272727272727273
1 0.6788235294117647 0.6829545454545455 0.04470588235294118 0.03681818181818182
1 0.41705882352941176 0.7254545454545455 0.25058823529411767 0.04
1 0.42558823529411766 0.4113636363636364 0.2605882352941176 0.031818181818181815
1 0.09676470588235295 0.6788636363636363 0.07705882352941176 0.03681818181818182
1 0.09676470588235295 0.3643181818181818 0.08294117647058824 0.03590909090909091
1 0.10411764705882352 0.45636363636363636 0.09058823529411765 0.03727272727272727
1 0.14588235294117646 0.9227272727272727 0.06 0.04181818181818182
1 0.7552941176470588 0.7304545454545455 0.03764705882352941 0.034545454545454546
1 0.3211764705882353 0.9229545454545455 0.06 0.03954545454545454
1 0.15176470588235294 0.8545454545454545 0.07058823529411765 0.042727272727272725
1 0.37823529411764706 0.5275 0.14941176470588236 0.038636363636363635
1 0.09411764705882353 0.5270454545454546 0.06588235294117648 0.03681818181818182
1 0.6435294117647059 0.7318181818181818 0.1776470588235294 0.03727272727272727
1 0.23441176470588235 0.855 0.054705882352941174 0.04090909090909091
1 0.23323529411764707 0.9231818181818182 0.05823529411764706 0.04
1 0.37558823529411767 0.7738636363636363 0.1688235294117647 0.03681818181818182
1 0.7541176470588236 0.9263636363636364 0.0611764705882353 0.04181818181818182
1 0.5373529411764706 0.7745454545454545 0.12294117647058823 0.034545454545454546
1 0.6814705882352942 0.4156818181818182 0.24058823529411766 0.03772727272727273
1 0.6267647058823529 0.3654545454545455 0.19823529411764707 0.03909090909090909
1 0.41 0.855909090909091 0.06588235294117648 0.042727272727272725
1 0.5870588235294117 0.9252272727272727 0.06470588235294118 0.038636363636363635
1 0.37823529411764706 0.5713636363636364 0.16705882352941176 0.035454545454545454
1 0.49176470588235294 0.5756818181818182 0.04 0.03318181818181818
1 0.5802941176470588 0.8575 0.060588235294117644 0.042272727272727274
1 0.09558823529411764 0.40545454545454546 0.09 0.03636363636363636
1 0.5782352941176471 0.5736363636363636 0.12 0.035454545454545454
1 0.5835294117647059 0.5211363636363636 0.10588235294117647 0.03681818181818182
1 0.49205882352941177 0.9247727272727273 0.07 0.041363636363636366
1 0.6711764705882353 0.8568181818181818 0.06941176470588235 0.042727272727272725
1 0.8397058823529412 0.7279545454545454 0.12411764705882353 0.038636363636363635
1 0.09735294117647059 0.7636363636363637 0.07823529411764706 0.03636363636363636
1 0.09411764705882353 0.7231818181818181 0.08 0.03727272727272727
1 0.5488235294117647 0.45840909090909093 0.15764705882352942 0.03409090909090909
1 0.6141176470588235 0.7822727272727272 0.027058823529411764 0.034545454545454546
1 0.5014705882352941 0.8577272727272728 0.0688235294117647 0.04090909090909091
1 0.40558823529411764 0.36477272727272725 0.21 0.03954545454545454
1 0.5144117647058823 0.6213636363636363 0.08647058823529412 0.03363636363636364
1 0.09558823529411764 0.6127272727272727 0.0688235294117647 0.03727272727272727
1 0.6647058823529411 0.9261363636363636 0.06235294117647059 0.041363636363636366
1 0.3211764705882353 0.8547727272727272 0.06470588235294118 0.042272727272727274
1 0.7764705882352941 0.6815909090909091 0.11294117647058824 0.038636363636363635
1 0.5344117647058824 0.03704545454545455 0.06764705882352941 0.021363636363636362
1 0.30617647058823527 0.034545454545454546 0.03235294117647059 0.026363636363636363
1 0.09735294117647059 0.5695454545454546 0.061764705882352944 0.03