1 0.42970588235294116 0.7275 0.2676470588235294 0.03772727272727273
1 0.4076470588235294 0.4065909090909091 0.2 0.03590909090909091
1 0.7597058823529412 0.8590909090909091 0.05 0.035454545454545454
1 0.8494117647058823 0.9277272727272727 0.06 0.038181818181818185
1 0.5508823529411765 0.6086363636363636 0.1288235294117647 0.03363636363636364
1 0.41441176470588237 0.9268181818181818 0.054705882352941174 0.035454545454545454
1 0.8464705882352941 0.8586363636363636 0.06470588235294118 0.03727272727272727
1 0.3864705882352941 0.61 0.18235294117647058 0.03363636363636364
1 0.4052941176470588 0.44795454545454544 0.1952941176470588 0.03681818181818182
1 0.09647058823529411 0.6802272727272727 0.06941176470588235 0.03409090909090909
1 0.09852941176470588 0.4475 0.07 0.035
1 0.6388235294117647 0.7243181818181819 0.13411764705882354 0.029545454545454545
1 0.155 0.9256818181818182 0.05352941176470588 0.035
1 0.32794117647058824 0.9254545454545454 0.05941176470588235 0.035454545454545454
1 0.1564705882352941 0.8552272727272727 0.05764705882352941 0.03681818181818182
1 0.7305882352941176 0.769090909090909 0.11294117647058824 0.02909090909090909
1 0.10441176470588236 0.5222727272727272 0.0711764705882353 0.03272727272727273
1 0.2464705882352941 0.8595454545454545 0.05529411764705883 0.03636363636363636
1 0.24352941176470588 0.9254545454545454 0.05529411764705883 0.035454545454545454
1 0.40058823529411763 0.7693181818181818 0.20470588235294118 0.02772727272727273
1 0.7614705882352941 0.9265909090909091 0.057058823529411766 0.03681818181818182
1 0.09794117647058824 0.3675 0.06411764705882353 0.03318181818181818
1 0.41294117647058826 0.8581818181818182 0.04470588235294118 0.03727272727272727
1 0.5861764705882353 0.9256818181818182 0.05235294117647059 0.03681818181818182
1 0.10147058823529412 0.5690909090909091 0.07588235294117647 0.03363636363636364
1 0.4214705882352941 0.5670454545454545 0.2311764705882353 0.03590909090909091
1 0.6255882352941177 0.5663636363636364 0.1676470588235294 0.03636363636363636
1 0.5888235294117647 0.8586363636363636 0.05058823529411765 0.03727272727272727
1 0.0961764705882353 0.4072727272727273 0.07 0.034545454545454546
1 0.6435294117647059 0.6106818181818182 0.02823529411764706 0.03409090909090909
1 0.5597058823529412 0.03840909090909091 0.07588235294117647 0.021363636363636362
1 0.5755882352941176 0.4090909090909091 0.12176470588235294 0.034545454545454546
1 0.8211764705882353 0.5693181818181818 0.12470588235294118 0.03227272727272727
1 0.5061764705882353 0.9254545454545454 0.061764705882352944 0.03636363636363636
1 0.6697058823529412 0.8579545454545454 0.04764705882352941 0.03772727272727273
1 0.8155882352941176 0.7240909090909091 0.14176470588235293 0.03090909090909091
1 0.0976470588235294 0.7659090909090909 0.07058823529411765 0.034545454545454546
1 0.09588235294117647 0.7268181818181818 0.07058823529411765 0.035454545454545454
1 0.5708823529411765 0.4495454545454545 0.09588235294117647 0.035454545454545454
1 0.5 0.8593181818181819 0.05176470588235294 0.038636363636363635
1 0.0988235294117647 0.6047727272727272 0.07764705882352942 0.035
1 0.6720588235294118 0.9275 0.057058823529411766 0.03681818181818182
1 0.3285294117647059 0.8570454545454546 0.04647058823529412 0.03590909090909091
1 0.7055882352941176 0.6075 0.09235294117647058 0.03227272727272727
1 0.2938235294117647 0.03272727272727273 0.03235294117647059 0.02727272727272727
1 0.571764705882353 0.7670454545454546 0.12705882352941175 0.03227272727272727
1 0.6605882352941177 0.7781818181818182 0.03176470588235294 0.038181818181818185
1 0.7247058823529412 0.7270454545454546 0.02823529411764706 0.03318181818181818
1 0.7391176470588235 0.5720454545454545 0.03470588235294118 0.04045454545454545