1 0.3791176470588235 0.6922727272727273 0.1511764705882353 0.035454545454545454
1 0.5517647058823529 0.6940909090909091 0.14 0.031818181818181815
1 0.3952941176470588 0.37522727272727274 0.19294117647058823 0.03409090909090909
1 0.7623529411764706 0.8586363636363636 0.06823529411764706 0.03909090909090909
1 0.8429411764705882 0.9286363636363636 0.06823529411764706 0.03909090909090909
1 0.4147058823529412 0.9279545454545455 0.06 0.03681818181818182
1 0.5423529411764706 0.4581818181818182 0.024705882352941175 0.03272727272727273
1 0.375 0.6209090909090909 0.14647058823529413 0.034545454545454546
1 0.6647058823529411 0.7722727272727272 0.058823529411764705 0.03
1 0.6555882352941177 0.6947727272727273 0.033529411764705884 0.03318181818181818
1 0.38735294117647057 0.7325 0.1711764705882353 0.03590909090909091
1 0.2944117647058824 0.038863636363636364 0.039411764705882354 0.02409090909090909
1 0.10205882352941177 0.6856818181818182 0.07705882352941176 0.035
1 0.10823529411764705 0.4581818181818182 0.08352941176470588 0.035454545454545454
1 0.6908823529411765 0.5743181818181818 0.027647058823529413 0.029545454545454545
1 0.11176470588235295 0.37068181818181817 0.08941176470588236 0.035
1 0.5091176470588236 0.7806818181818181 0.10176470588235294 0.031363636363636364
1 0.5661764705882353 0.7306818181818182 0.14882352941176472 0.03409090909090909
1 0.15558823529411764 0.9309090909090909 0.054705882352941174 0.03727272727272727
1 0.7579411764705882 0.5722727272727273 0.08529411764705883 0.031818181818181815
1 0.3341176470588235 0.928409090909091 0.06705882352941177 0.03681818181818182
1 0.15941176470588236 0.8602272727272727 0.058823529411764705 0.035
1 0.7229411764705882 0.7265909090909091 0.07882352941176471 0.03227272727272727
1 0.10352941176470588 0.5281818181818182 0.07764705882352942 0.034545454545454546
1 0.6623529411764706 0.7306818181818182 0.02823529411764706 0.03227272727272727
1 0.24323529411764705 0.8629545454545454 0.05823529411764706 0.03590909090909091
1 0.24588235294117647 0.9277272727272727 0.058823529411764705 0.03636363636363636
1 0.36617647058823527 0.7813636363636364 0.12764705882352942 0.03272727272727273
1 0.7585294117647059 0.9259090909090909 0.06411764705882353 0.038181818181818185
1 0.6905882352941176 0.4152272727272727 0.09529411764705882 0.03409090909090909
1 0.6691176470588235 0.37545454545454543 0.03470588235294118 0.031818181818181815
1 0.6241176470588236 0.41704545454545455 0.027058823529411764 0.03318181818181818
1 0.525 0.4159090909090909 0.13352941176470587 0.03
1 0.41441176470588237 0.8627272727272727 0.05941176470588235 0.03636363636363636
1 0.5820588235294117 0.9263636363636364 0.05588235294117647 0.03909090909090909
1 0.3952941176470588 0.5329545454545455 0.1988235294117647 0.029545454545454545
1 0.5894117647058823 0.5270454545454546 0.1423529411764706 0.035
1 0.47323529411764703 0.46204545454545454 0.09588235294117647 0.025
1 0.5923529411764706 0.86 0.06352941176470588 0.03636363636363636
1 0.5920588235294117 0.5725 0.13941176470588235 0.03318181818181818
1 0.5558823529411765 0.04068181818181818 0.12 0.023181818181818182
1 0.5991176470588235 0.46045454545454545 0.07705882352941176 0.026363636363636363
1 0.5008823529411764 0.9311363636363637 0.06529411764705882 0.038636363636363635
1 0.8482352941176471 0.8590909090909091 0.06823529411764706 0.04090909090909091
1 0.6779411764705883 0.8611363636363636 0.06764705882352941 0.03681818181818182
1 0.5697058823529412 0.37454545454545457 0.1288235294117647 0.034545454545454546
1 0.3573529411764706 0.45681818181818185 0.11352941176470588 0.03636363636363636
1 0.105 0.7715909090909091 0.07941176470588235 0.03318181818181818
1 0.10088235294117646 0.7261363636363637 0.07823529411764706 0.03409090909090909
1 0.7470588235294118 0.37613636363636366 0.11058823529411765 0.03318181818181818
1 0.605 0.7806818181818181 0.03470588235294118 0.03409090909090909
1 0.5055882352941177 0.8613636363636363 0.06764705882352941 0.03727272727272727
1 0.6991176470588235 0.5304545454545454 0.03235294117647059 0.03090909090909091
1 0.7802941176470588 0.5263636363636364 0.10176470588235294 0.031818181818181815
1 0.6170588235294118 0.6172727272727273 0.024705882352941175 0.03
1 0.10617647058823529 0.5725 0.07470588235294118 0.03590909090909091
1 0.6738235294117647 0.9256818181818182 0.06529411764705882 0.038636363636363635
1 0.32941176470588235 0.8611363636363636 0.05647058823529412 0.03590909090909091
1 0.3726470588235294 0.4138636363636364 0.15588235294117647 0.03409090909090909
1 0.6867647058823529 0.6134090909090909 0.07470588235294118 0.030454545454545453
1 0.7282352941176471 0.6868181818181818 0.07176470588235294 0.031818181818181815
1 0.10235294117647059 0.415 0.07176470588235294 0.03727272727272727
1 0.1038235294117647 0.6175 0.07470588235294118 0.03318181818181818
1 0.5311764705882352 0.6238636363636364 0.11294117647058824 0.030454545454545453
1 0.40147058823529413 0.5734090909090909 0.2088235294117647 0.03318181818181818