1 0.3726470588235294 0.6856818181818182 0.1323529411764706 0.038636363636363635
1 0.37529411764705883 0.3715909090909091 0.1423529411764706 0.04045454545454545
1 0.7761764705882352 0.8570454545454546 0.0711764705882353 0.042272727272727274
1 0.8591176470588235 0.9288636363636363 0.07705882352941176 0.04318181818181818
1 0.5747058823529412 0.6220454545454546 0.1776470588235294 0.03772727272727273
1 0.42676470588235293 0.9306818181818182 0.06647058823529411 0.04409090909090909
1 0.85 0.8615909090909091 0.06 0.049545454545454545
1 0.3905882352941176 0.6186363636363637 0.17294117647058824 0.04090909090909091
1 0.695 0.7275 0.031176470588235295 0.03590909090909091
1 0.37411764705882355 0.7284090909090909 0.1376470588235294 0.03772727272727273
1 0.37676470588235295 0.4125 0.13941176470588235 0.03681818181818182
1 0.11735294117647059 0.69 0.09823529411764706 0.038181818181818185
1 0.10823529411764705 0.4561363636363636 0.08823529411764706 0.038636363636363635
1 0.10852941176470589 0.3693181818181818 0.08529411764705883 0.03681818181818182
1 0.17029411764705882 0.9318181818181818 0.06411764705882353 0.038181818181818185
1 0.7611764705882353 0.6204545454545455 0.11647058823529412 0.034545454545454546
1 0.345 0.9288636363636363 0.06294117647058824 0.038636363636363635
1 0.16911764705882354 0.8652272727272727 0.06647058823529411 0.038636363636363635
1 0.7044117647058824 0.7759090909090909 0.07705882352941176 0.04181818181818182
1 0.41441176470588237 0.5288636363636363 0.2088235294117647 0.04045454545454545
1 0.115 0.5297727272727273 0.09823529411764706 0.03681818181818182
1 0.6829411764705883 0.6268181818181818 0.027058823529411764 0.034545454545454546
1 0.8588235294117647 0.5284090909090909 0.15294117647058825 0.03772727272727273
1 0.2585294117647059 0.8665909090909091 0.05941176470588235 0.04318181818181818
1 0.2526470588235294 0.9315909090909091 0.0688235294117647 0.04318181818181818
1 0.3726470588235294 0.7806818181818181 0.12176470588235294 0.03954545454545454
1 0.7788235294117647 0.9295454545454546 0.07058823529411765 0.04181818181818182
1 0.295 0.04045454545454545 0.04411764705882353 0.024545454545454544
1 0.5352941176470588 0.7759090909090909 0.18470588235294116 0.04
1 0.5588235294117647 0.4115909090909091 0.21764705882352942 0.03954545454545454
1 0.4338235294117647 0.8634090909090909 0.06764705882352941 0.03772727272727273
1 0.6008823529411764 0.9302272727272727 0.0711764705882353 0.04045454545454545
1 0.5970588235294118 0.8593181818181819 0.0611764705882353 0.038636363636363635
1 0.6685294117647059 0.5702272727272727 0.23352941176470587 0.038636363636363635
1 0.5794117647058824 0.041363636363636366 0.16 0.02909090909090909
1 0.6285294117647059 0.5268181818181819 0.20411764705882354 0.04363636363636364
1 0.7755882352941177 0.7268181818181818 0.10882352941176471 0.04090909090909091
1 0.5141176470588236 0.9281818181818182 0.06823529411764706 0.03909090909090909
1 0.6823529411764706 0.8618181818181818 0.06941176470588235 0.045454545454545456
1 0.5567647058823529 0.6886363636363636 0.21941176470588236 0.03636363636363636
1 0.36470588235294116 0.45886363636363636 0.10941176470588235 0.03681818181818182
1 0.12382352941176471 0.7759090909090909 0.09 0.035454545454545454
1 0.11911764705882352 0.7311363636363636 0.09470588235294118 0.03772727272727273
1 0.7588235294117647 0.53 0.04 0.03727272727272727
1 0.5105882352941177 0.4581818181818182 0.16705882352941176 0.04090909090909091
1 0.65 0.7827272727272727 0.03058823529411765 0.03636363636363636
1 0.5141176470588236 0.8604545454545455 0.06588235294117648 0.03636363636363636
1 0.558235294117647 0.7272727272727273 0.22470588235294117 0.04454545454545455
1 0.11558823529411764 0.615909090909091 0.09823529411764706 0.03727272727272727
1 0.6876470588235294 0.9272727272727272 0.07411764705882352 0.042727272727272725
1 0.5547058823529412 0.3668181818181818 0.20941176470588235 0.04181818181818182
1 0.3411764705882353 0.8604545454545455 0.06352941176470588 0.04090909090909091
1 0.7817647058823529 0.6854545454545454 0.08470588235294117 0.03636363636363636
1 0.1038235294117647 0.415 0.08529411764705883 0.03909090909090909
1 0.11705882352941177 0.5747727272727273 0.11176470588235295 0.04045454545454545
1 0.425 0.5720454545454545 0.24411764705882352 0.03772727272727273
1 0.808235294117647 0.5693181818181818 0.04 0.04045454545454545
1 0.8908823529411765 0.5706818181818182 0.12764705882352942 0.03954545454545454
1 0.7061764705882353 0.695 0.04294117647058823 0.03090909090909091