1 0.7714705882352941 0.8643181818181818 0.0688235294117647 0.03681818181818182
1 0.8532352941176471 0.9306818181818182 0.07470588235294118 0.04045454545454545
1 0.5376470588235294 0.6115909090909091 0.07882352941176471 0.031363636363636364
1 0.4194117647058824 0.9290909090909091 0.06588235294117648 0.03727272727272727
1 0.44382352941176473 0.5197727272727273 0.28294117647058825 0.02772727272727273
1 0.40647058823529414 0.4484090909090909 0.1976470588235294 0.02772727272727273
1 0.3720588235294118 0.7252272727272727 0.13588235294117648 0.035
1 0.76 0.4075 0.02823529411764706 0.02772727272727273
1 0.12 0.40454545454545454 0.0976470588235294 0.035454545454545454
1 0.09235294117647058 0.6843181818181818 0.06352941176470588 0.03409090909090909
1 0.7238235294117648 0.5229545454545454 0.23588235294117646 0.030454545454545453
1 0.12147058823529412 0.36613636363636365 0.09352941176470589 0.03590909090909091
1 0.10911764705882353 0.45 0.09117647058823529 0.03636363636363636
1 0.44941176470588234 0.7768181818181819 0.03176470588235294 0.03363636363636364
1 0.553235294117647 0.7295454545454545 0.08529411764705883 0.03363636363636364
1 0.16088235294117648 0.9240909090909091 0.06764705882352941 0.03727272727272727
1 0.33676470588235297 0.9265909090909091 0.07235294117647059 0.03772727272727273
1 0.16588235294117648 0.8568181818181818 0.07411764705882352 0.04
1 0.7014705882352941 0.6831818181818182 0.14294117647058824 0.03636363636363636
1 0.4073529411764706 0.5672727272727273 0.21 0.03636363636363636
1 0.115 0.5231818181818182 0.08647058823529412 0.034545454545454546
1 0.8705882352941177 0.36477272727272725 0.052941176470588235 0.028636363636363637
1 0.2538235294117647 0.8575 0.07 0.041363636363636366
1 0.2488235294117647 0.9240909090909091 0.07058823529411765 0.038181818181818185
1 0.36 0.7709090909090909 0.10823529411764705 0.03363636363636364
1 0.7694117647058824 0.928409090909091 0.07176470588235294 0.049545454545454545
1 0.5144117647058823 0.77 0.08294117647058824 0.03272727272727273
1 0.6470588235294118 0.40386363636363637 0.18 0.029545454545454545
1 0.5829411764705882 0.4490909090909091 0.1388235294117647 0.028181818181818183
1 0.42558823529411766 0.86 0.0711764705882353 0.03909090909090909
1 0.5923529411764706 0.9295454545454546 0.058823529411764705 0.04454545454545455
1 0.46441176470588236 0.6170454545454546 0.03235294117647059 0.03409090909090909
1 0.11205882352941177 0.5665909090909091 0.0888235294117647 0.035
1 0.6108823529411764 0.5695454545454546 0.15 0.03727272727272727
1 0.5694117647058824 0.03931818181818182 0.12352941176470589 0.022272727272727274
1 0.7567647058823529 0.45022727272727275 0.09705882352941177 0.02772727272727273
1 0.5094117647058823 0.9295454545454546 0.06235294117647059 0.04454545454545455
1 0.8564705882352941 0.8636363636363636 0.07529411764705882 0.04
1 0.6847058823529412 0.8620454545454546 0.07411764705882352 0.04045454545454545
1 0.415 0.6777272727272727 0.2088235294117647 0.03363636363636364
1 0.3738235294117647 0.6131818181818182 0.1111764705882353 0.03090909090909091
1 0.10029411764705883 0.7675 0.06647058823529411 0.03409090909090909
1 0.10294117647058823 0.7277272727272728 0.06470588235294118 0.034545454545454546
1 0.6794117647058824 0.45045454545454544 0.03529411764705882 0.02727272727272727
1 0.5973529411764706 0.8620454545454546 0.07235294117647059 0.041363636363636366
1 0.5088235294117647 0.8602272727272727 0.06705882352941177 0.03954545454545454
1 0.8297058823529412 0.4034090909090909 0.10294117647058823 0.02590909090909091
1 0.571764705882353 0.6884090909090909 0.04 0.035
1 0.4611764705882353 0.35909090909090907 0.31411764705882356 0.022727272727272728
1 0.48970588235294116 0.7313636363636363 0.031176470588235295 0.03090909090909091
1 0.11588235294117646 0.6090909090909091 0.08823529411764706 0.03636363636363636
1 0.6761764705882353 0.9295454545454546 0.057058823529411766 0.04
1 0.34205882352941175 0.8604545454545455 0.07588235294117647 0.038181818181818185
1 0.31676470588235295 0.03681818181818182 0.0488235294117647 0.023636363636363636
1 0.4076470588235294 0.3765909090909091 0.1388235294117647 0.02590909090909091
1 0.7305882352941176 0.35909090909090907 0.20470588235294118 0.028181818181818183
1 0.43 0.4047727272727273 0.2447058823529412 0.030454545454545453