1 0.5326470588235294 0.6875 0.0688235294117647 0.026818181818181817
1 0.84 0.8602272727272727 0.04941176470588235 0.038636363636363635
1 0.8385294117647059 0.9261363636363636 0.05352941176470588 0.03681818181818182
1 0.4088235294117647 0.9261363636363636 0.06470588235294118 0.03681818181818182
1 0.37970588235294117 0.6065909090909091 0.14647058823529413 0.03409090909090909
1 0.4052941176470588 0.6843181818181818 0.18352941176470589 0.03590909090909091
1 0.4411764705882353 0.7275 0.26941176470588235 0.030454545454545453
1 0.3688235294117647 0.3675 0.09058823529411765 0.03681818181818182
1 0.726764705882353 0.5275 0.06764705882352941 0.031363636363636364
1 0.09558823529411764 0.6827272727272727 0.07588235294117647 0.035454545454545454
1 0.10676470588235294 0.365 0.07705882352941176 0.03363636363636364
1 0.10705882352941176 0.4531818181818182 0.08823529411764706 0.035454545454545454
1 0.6202941176470588 0.7225 0.10294117647058823 0.03409090909090909
1 0.14735294117647058 0.9236363636363636 0.054705882352941174 0.04090909090909091
1 0.8347058823529412 0.5720454545454545 0.08941176470588236 0.03409090909090909
1 0.3170588235294118 0.9247727272727273 0.05411764705882353 0.03772727272727273
1 0.14735294117647058 0.8556818181818182 0.05352941176470588 0.04045454545454545
1 0.40647058823529414 0.5204545454545455 0.1976470588235294 0.035454545454545454
1 0.10735294117647058 0.5222727272727272 0.07941176470588235 0.03363636363636364
1 0.6297058823529412 0.6104545454545455 0.06764705882352941 0.03363636363636364
1 0.23941176470588235 0.8565909090909091 0.05176470588235294 0.03954545454545454
1 0.23529411764705882 0.923409090909091 0.05529411764705883 0.03772727272727273
1 0.3938235294117647 0.774090909090909 0.18058823529411766 0.02727272727272727
1 0.7570588235294118 0.9297727272727273 0.05529411764705883 0.03772727272727273
1 0.29558823529411765 0.03704545454545455 0.03235294117647059 0.02409090909090909
1 0.5520588235294117 0.4113636363636364 0.19 0.04
1 0.47205882352941175 0.36886363636363634 0.11470588235294117 0.03681818181818182
1 0.40558823529411764 0.855909090909091 0.04647058823529412 0.03909090909090909
1 0.5797058823529412 0.9245454545454546 0.05588235294117647 0.03727272727272727
1 0.10794117647058823 0.5652272727272727 0.08764705882352941 0.035
1 0.43823529411764706 0.5690909090909091 0.26235294117647057 0.031818181818181815
1 0.5170588235294118 0.6077272727272728 0.1 0.03363636363636364
1 0.45588235294117646 0.45431818181818184 0.10823529411764705 0.03590909090909091
1 0.5755882352941176 0.860909090909091 0.04294117647058823 0.04
1 0.1111764705882353 0.4084090909090909 0.08941176470588236 0.03590909090909091
1 0.5497058823529412 0.03727272727272727 0.09235294117647058 0.023636363636363636
1 0.5820588235294117 0.5213636363636364 0.12764705882352942 0.03636363636363636
1 0.78 0.5745454545454546 0.02823529411764706 0.03272727272727273
1 0.4961764705882353 0.9256818181818182 0.05941176470588235 0.03681818181818182
1 0.6658823529411765 0.8625 0.04941176470588235 0.04045454545454545
1 0.35558823529411765 0.45386363636363636 0.09705882352941177 0.03318181818181818
1 0.10323529411764706 0.7670454545454546 0.09 0.03590909090909091
1 0.09705882352941177 0.7243181818181819 0.08352941176470588 0.035
1 0.49264705882352944 0.8606818181818182 0.039411764705882354 0.038636363636363635
1 0.6705882352941176 0.5297727272727273 0.027058823529411764 0.03409090909090909
1 0.5826470588235294 0.6120454545454546 0.022941176470588236 0.03590909090909091
1 0.10617647058823529 0.6143181818181818 0.09352941176470589 0.03590909090909091
1 0.6658823529411765 0.9252272727272727 0.05411764705882353 0.038636363636363635
1 0.31941176470588234 0.8556818181818182 0.04941176470588235 0.04045454545454545
1 0.6691176470588235 0.5679545454545455 0.16058823529411764 0.03590909090909091
1 0.3870588235294118 0.41045454545454546 0.14 0.03909090909090909
1 0.7505882352941177 0.8638636363636364 0.05411764705882353 0.03590909090909091
1 0.5223529411764706 0.7761363636363636 0.07294117647058823 0.031363636363636364