1 0.41147058823529414 0.7231818181818181 0.19941176470588234 0.03636363636363636
1 0.7620588235294118 0.8593181818181819 0.054705882352941174 0.03590909090909091
1 0.8461764705882353 0.9238636363636363 0.06647058823529411 0.03772727272727273
1 0.4152941176470588 0.9256818181818182 0.05529411764705883 0.035
1 0.85 0.8606818181818182 0.06 0.04045454545454545
1 0.3788235294117647 0.6077272727272728 0.1411764705882353 0.034545454545454546
1 0.4244117647058824 0.4065909090909091 0.23 0.03772727272727273
1 0.38323529411764706 0.45 0.1535294117647059 0.03636363636363636
1 0.10294117647058823 0.6806818181818182 0.07176470588235294 0.03409090909090909
1 0.09 0.36454545454545456 0.08705882352941176 0.03636363636363636
1 0.0976470588235294 0.44772727272727275 0.08470588235294117 0.035454545454545454
1 0.5017647058823529 0.8563636363636363 0.05176470588235294 0.03727272727272727
1 0.6082352941176471 0.7236363636363636 0.14470588235294118 0.034545454545454546
1 0.1535294117647059 0.925 0.05411764705882353 0.03727272727272727
1 0.785 0.5636363636363636 0.08294117647058824 0.03363636363636364
1 0.32588235294117646 0.9240909090909091 0.05411764705882353 0.035454545454545454
1 0.1588235294117647 0.8570454545454546 0.05764705882352941 0.03681818181818182
1 0.7055882352941176 0.7338636363636364 0.03235294117647059 0.03227272727272727
1 0.4073529411764706 0.5654545454545454 0.1935294117647059 0.03636363636363636
1 0.09382352941176471 0.5222727272727272 0.0711764705882353 0.03272727272727273
1 0.2485294117647059 0.8575 0.05823529411764706 0.03681818181818182
1 0.24441176470588236 0.9225 0.054705882352941174 0.03681818181818182
1 0.39588235294117646 0.7759090909090909 0.16823529411764707 0.03363636363636364
1 0.7629411764705882 0.9240909090909091 0.05411764705882353 0.03727272727272727
1 0.2994117647058824 0.034545454545454546 0.04 0.024545454545454544
1 0.5558823529411765 0.7734090909090909 0.1223529411764706 0.03409090909090909
1 0.7029411764705882 0.4525 0.11176470588235295 0.03409090909090909
1 0.6335294117647059 0.4072727272727273 0.18705882352941178 0.038181818181818185
1 0.6267647058823529 0.45295454545454544 0.03235294117647059 0.035
1 0.41852941176470587 0.8570454545454546 0.06647058823529411 0.03681818181818182
1 0.09205882352941176 0.5652272727272727 0.07352941176470588 0.03227272727272727
1 0.5994117647058823 0.5665909090909091 0.17176470588235293 0.03681818181818182
1 0.5417647058823529 0.6134090909090909 0.1376470588235294 0.029545454545454545
1 0.5952941176470589 0.8570454545454546 0.06352941176470588 0.03681818181818182
1 0.08970588235294118 0.40613636363636363 0.08529411764705883 0.035
1 0.5523529411764706 0.03977272727272727 0.1011764705882353 0.025
1 0.7767647058823529 0.7238636363636364 0.09705882352941177 0.03409090909090909
1 0.4976470588235294 0.9245454545454546 0.04588235294117647 0.03727272727272727
1 0.6773529411764706 0.8563636363636363 0.05941176470588235 0.03727272727272727
1 0.09823529411764706 0.7659090909090909 0.07529411764705882 0.034545454545454546
1 0.1011764705882353 0.7268181818181818 0.08 0.034545454545454546
1 0.7467647058823529 0.40613636363636363 0.045294117647058825 0.03409090909090909
1 0.5355882352941177 0.45204545454545453 0.12058823529411765 0.035
1 0.6511764705882352 0.7804545454545454 0.03882352941176471 0.031818181818181815
1 0.7179411764705882 0.5693181818181818 0.031176470588235295 0.03227272727272727
1 0.8338235294117647 0.40613636363636363 0.13 0.03772727272727273
1 0.09205882352941176 0.6054545454545455 0.07470588235294118 0.035454545454545454
1 0.6744117647058824 0.9245454545454546 0.060588235294117644 0.03636363636363636
1 0.33441176470588235 0.8572727272727273 0.06647058823529411 0.03636363636363636
1 0.6935294117647058 0.6163636363636363 0.07411764705882352 0.023636363636363636
1 0.6391176470588236 0.6190909090909091 0.03235294117647059 0.026363636363636363
1 0.7132352941176471 0.7768181818181819 0.07352941176470588 0.02909090909090909
1 0.5876470588235294 0.9275 0.06352941176470588 0.03681818181818182