1 0.48058823529411765 0.7261363636363637 0.28352941176470586 0.035
1 0.7552941176470588 0.8638636363636364 0.04823529411764706 0.042272727272727274
1 0.8423529411764706 0.9302272727272727 0.06823529411764706 0.03772727272727273
1 0.5791176470588235 0.5731818181818182 0.13823529411764707 0.034545454545454546
1 0.41441176470588237 0.9272727272727272 0.05941176470588235 0.03909090909090909
1 0.5814705882352941 0.5309090909090909 0.13588235294117648 0.03636363636363636
1 0.625 0.7743181818181818 0.1264705882352941 0.031363636363636364
1 0.41411764705882353 0.4527272727272727 0.1635294117647059 0.03727272727272727
1 0.41558823529411765 0.6820454545454545 0.20411764705882354 0.03590909090909091
1 0.7526470588235294 0.5309090909090909 0.11588235294117646 0.035454545454545454
1 0.10235294117647059 0.6820454545454545 0.08588235294117647 0.03681818181818182
1 0.10970588235294118 0.44886363636363635 0.08294117647058824 0.03590909090909091
1 0.6785294117647059 0.5754545454545454 0.031176470588235295 0.03272727272727273
1 0.15323529411764705 0.9261363636363636 0.05235294117647059 0.042272727272727274
1 0.7720588235294118 0.5752272727272727 0.14058823529411765 0.03681818181818182
1 0.33088235294117646 0.9281818181818182 0.06647058823529411 0.04
1 0.15558823529411764 0.8597727272727272 0.05 0.04045454545454545
1 0.7258823529411764 0.7345454545454545 0.17647058823529413 0.03636363636363636
1 0.11147058823529411 0.5236363636363637 0.0888235294117647 0.035454545454545454
1 0.665 0.6136363636363636 0.03235294117647059 0.031818181818181815
1 0.7738235294117647 0.3734090909090909 0.09705882352941177 0.038636363636363635
1 0.24382352941176472 0.8611363636363636 0.05823529411764706 0.03954545454545454
1 0.6723529411764706 0.5327272727272727 0.03411764705882353 0.03272727272727273
1 0.24058823529411766 0.9268181818181818 0.05411764705882353 0.04
1 0.44588235294117645 0.7727272727272727 0.1952941176470588 0.03090909090909091
1 0.7579411764705882 0.9295454545454546 0.054705882352941174 0.03909090909090909
1 0.11294117647058824 0.3679545454545455 0.0988235294117647 0.03772727272727273
1 0.6973529411764706 0.3743181818181818 0.03235294117647059 0.03318181818181818
1 0.5794117647058824 0.4122727272727273 0.14705882352941177 0.03727272727272727
1 0.4158823529411765 0.8638636363636364 0.05058823529411765 0.03772727272727273
1 0.5926470588235294 0.9279545454545455 0.06764705882352941 0.03954545454545454
1 0.40852941176470586 0.5311363636363636 0.16647058823529412 0.038636363636363635
1 0.5902941176470589 0.8638636363636364 0.06294117647058824 0.03954545454545454
1 0.5744117647058824 0.038636363636363635 0.11941176470588236 0.022727272727272728
1 0.6611764705882353 0.4552272727272727 0.02823529411764706 0.03409090909090909
1 0.7311764705882353 0.4618181818181818 0.09647058823529411 0.03363636363636364
1 0.4973529411764706 0.9286363636363636 0.05235294117647059 0.03909090909090909
1 0.8382352941176471 0.8615909090909091 0.05529411764705883 0.041363636363636366
1 0.6697058823529412 0.8654545454545455 0.05352941176470588 0.04090909090909091
1 0.6038235294117648 0.37454545454545457 0.13941176470588235 0.03727272727272727
1 0.4073529411764706 0.5711363636363637 0.17588235294117646 0.03681818181818182
1 0.10176470588235294 0.7695454545454545 0.07647058823529412 0.034545454545454546
1 0.10323529411764706 0.7238636363636364 0.08764705882352941 0.03590909090909091
1 0.5691176470588235 0.4565909090909091 0.12294117647058823 0.035
1 0.6191176470588236 0.6840909090909091 0.15 0.03636363636363636
1 0.5008823529411764 0.8645454545454545 0.05823529411764706 0.04090909090909091
1 0.763235294117647 0.4125 0.13588235294117648 0.03954545454545454
1 0.5764705882352941 0.6156818181818182 0.13647058823529412 0.04409090909090909
1 0.4273529411764706 0.3679545454545455 0.19705882352941176 0.038636363636363635
1 0.11235294117647059 0.5713636363636364 0.08470588235294117 0.03727272727272727
1 0.6755882352941176 0.9295454545454546 0.05588235294117647 0.03909090909090909
1 0.33147058823529413 0.8618181818181818 0.06411764705882353 0.038181818181818185
1 0.295 0.03636363636363636 0.03705882352941176 0.01818181818181818
1 0.6726470588235294 0.41704545454545455 0.03470588235294118 0.03681818181818182
1 0.40705882352941175 0.6206818181818182 0.16941176470588235 0.038636363636363635
1 0.7517647058823529 0.6195454545454545 0.12823529411764706 0.03090909090909091
1 0.4076470588235294 0.4156818181818182 0.17647058823529413 0.03409090909090909
1 0.10941176470588235 0.6156818181818182 0.08352941176470588 0.028636363636363637
1 0.11352941176470588 0.4143181818181818 0.08941176470588236 0.041363636363636366