1 0.44735294117647056 0.6877272727272727 0.29 0.03636363636363636
1 0.7547058823529412 0.8618181818181818 0.05764705882352941 0.04
1 0.846764705882353 0.9265909090909091 0.07235294117647059 0.04045454545454545
1 0.40794117647058825 0.9263636363636364 0.05941176470588235 0.038181818181818185
1 0.4082352941176471 0.6136363636363636 0.21529411764705883 0.03090909090909091
1 0.6861764705882353 0.7279545454545454 0.13117647058823528 0.035
1 0.6770588235294117 0.685 0.11058823529411765 0.035454545454545454
1 0.45088235294117646 0.7288636363636364 0.30058823529411766 0.035
1 0.40058823529411763 0.36863636363636365 0.1988235294117647 0.03636363636363636
1 0.8138235294117647 0.5331818181818182 0.10294117647058823 0.031818181818181815
1 0.415 0.4127272727272727 0.22764705882352942 0.03272727272727273
1 0.09941176470588235 0.6790909090909091 0.08352941176470588 0.03636363636363636
1 0.7476470588235294 0.5725 0.03176470588235294 0.03227272727272727
1 0.09235294117647058 0.44545454545454544 0.08235294117647059 0.03636363636363636
1 0.5991176470588235 0.6147727272727272 0.12058823529411765 0.03227272727272727
1 0.1561764705882353 0.9231818181818182 0.0688235294117647 0.04
1 0.32676470588235296 0.9256818181818182 0.061764705882352944 0.038636363636363635
1 0.15294117647058825 0.8572727272727273 0.052941176470588235 0.03909090909090909
1 0.4194117647058824 0.5268181818181819 0.23647058823529413 0.03727272727272727
1 0.0976470588235294 0.5209090909090909 0.08470588235294117 0.034545454545454546
1 0.24235294117647058 0.8588636363636364 0.06352941176470588 0.038636363636363635
1 0.6273529411764706 0.5281818181818182 0.13823529411764707 0.035454545454545454
1 0.2426470588235294 0.923409090909091 0.06294117647058824 0.03954545454545454
1 0.4164705882352941 0.7720454545454546 0.22705882352941176 0.03409090909090909
1 0.7597058823529412 0.9265909090909091 0.0688235294117647 0.03954545454545454
1 0.1 0.36477272727272725 0.08941176470588236 0.035
1 0.6847058823529412 0.4581818181818182 0.08588235294117647 0.031818181818181815
1 0.685 0.37681818181818183 0.03588235294117647 0.03363636363636364
1 0.6144117647058823 0.4134090909090909 0.1535294117647059 0.03681818181818182
1 0.4138235294117647 0.8602272727272727 0.0688235294117647 0.03954545454545454
1 0.5832352941176471 0.9259090909090909 0.060588235294117644 0.04181818181818182
1 0.095 0.5656818181818182 0.08529411764705883 0.03590909090909091
1 0.6223529411764706 0.4643181818181818 0.024705882352941175 0.03227272727272727
1 0.5820588235294117 0.7743181818181818 0.07588235294117647 0.03318181818181818
1 0.09588235294117647 0.4047727272727273 0.09058823529411765 0.03590909090909091
1 0.6358823529411765 0.5713636363636364 0.15764705882352942 0.03636363636363636
1 0.5555882352941176 0.03977272727272727 0.07705882352941176 0.023181818181818182
1 0.8020588235294117 0.41704545454545455 0.11588235294117646 0.035
1 0.7817647058823529 0.6184090909090909 0.09176470588235294 0.031363636363636364
1 0.5029411764705882 0.9256818181818182 0.07294117647058823 0.04045454545454545
1 0.8458823529411764 0.860909090909091 0.06470588235294118 0.042727272727272725
1 0.6744117647058824 0.8611363636363636 0.06529411764705882 0.03772727272727273
1 0.5802941176470588 0.37272727272727274 0.13705882352941176 0.03636363636363636
1 0.7729411764705882 0.37636363636363634 0.1 0.03272727272727273
1 0.8314705882352941 0.5731818181818182 0.10294117647058823 0.035454545454545454
1 0.10029411764705883 0.7636363636363637 0.0888235294117647 0.03636363636363636
1 0.0988235294117647 0.7231818181818181 0.08823529411764706 0.03727272727272727
1 0.5311764705882352 0.4561363636363636 0.11647058823529412 0.03409090909090909
1 0.49911764705882355 0.8595454545454545 0.06294117647058824 0.03909090909090909
1 0.09411764705882353 0.6047727272727272 0.08352941176470588 0.03590909090909091
1 0.6741176470588235 0.9268181818181818 0.06823529411764706 0.03909090909090909
1 0.32794117647058824 0.8588636363636364 0.06529411764705882 0.03954545454545454
1 0.2979411764705882 0.03409090909090909 0.04294117647058823 0.02
1 0.721764705882353 0.4156818181818182 0.02823529411764706 0.03409090909090909
1 0.38382352941176473 0.45636363636363636 0.1676470588235294 0.03636363636363636
1 0.7332352941176471 0.5406818181818182 0.031176470588235295 0.02772727272727273
1 0.4167647058823529 0.5702272727272727 0.23705882352941177 0.03590909090909091
1 0.7138235294117647 0.6304545454545455 0.03 0.031818181818181815
1 0.586764705882353 0.86 0.07235294117647059 0.035454545454545454