1 0.39705882352941174 0.6865909090909091 0.18 0.03590909090909091
1 0.5494117647058824 0.6843181818181818 0.08588235294117647 0.03227272727272727
1 0.37676470588235295 0.36954545454545457 0.16058823529411764 0.035454545454545454
1 0.7570588235294118 0.8613636363636363 0.06352941176470588 0.038181818181818185
1 0.8441176470588235 0.9388636363636363 0.0611764705882353 0.055
1 0.41 0.9288636363636363 0.06352941176470588 0.038636363636363635
1 0.5097058823529412 0.5320454545454546 0.10411764705882352 0.03409090909090909
1 0.8464705882352941 0.8620454545454546 0.06705882352941177 0.03954545454545454
1 0.35764705882352943 0.6163636363636363 0.12352941176470589 0.03272727272727273
1 0.6126470588235294 0.7743181818181818 0.07941176470588235 0.030454545454545453
1 0.4041176470588235 0.4143181818181818 0.20823529411764705 0.041363636363636366
1 0.673235294117647 0.6872727272727273 0.07705882352941176 0.03272727272727273
1 0.41323529411764703 0.7313636363636363 0.23470588235294118 0.035454545454545454
1 0.1011764705882353 0.6879545454545455 0.06941176470588235 0.035
1 0.10529411764705883 0.45295454545454544 0.08352941176470588 0.03590909090909091
1 0.10882352941176471 0.3690909090909091 0.07529411764705882 0.03363636363636364
1 0.49323529411764705 0.7718181818181818 0.08764705882352941 0.03272727272727273
1 0.15441176470588236 0.9275 0.05235294117647059 0.031363636363636364
1 0.785 0.7325 0.11352941176470588 0.03590909090909091
1 0.3261764705882353 0.9313636363636364 0.06294117647058824 0.03636363636363636
1 0.1588235294117647 0.8590909090909091 0.06823529411764706 0.03727272727272727
1 0.7044117647058824 0.7306818181818182 0.03235294117647059 0.03681818181818182
1 0.10647058823529412 0.53 0.07764705882352942 0.034545454545454546
1 0.6091176470588235 0.7281818181818182 0.1535294117647059 0.034545454545454546
1 0.2361764705882353 0.8615909090909091 0.05352941176470588 0.03590909090909091
1 0.6129411764705882 0.6877272727272727 0.02823529411764706 0.031818181818181815
1 0.24058823529411766 0.9297727272727273 0.06235294117647059 0.03590909090909091
1 0.36970588235294116 0.7695454545454545 0.14058823529411765 0.034545454545454546
1 0.7567647058823529 0.9286363636363636 0.05588235294117647 0.04
1 0.2973529411764706 0.03681818181818182 0.033529411764705884 0.016363636363636365
1 0.555 0.7738636363636363 0.02411764705882353 0.03409090909090909
1 0.6070588235294118 0.4156818181818182 0.1811764705882353 0.03772727272727273
1 0.6485294117647059 0.37136363636363634 0.05 0.031818181818181815
1 0.41058823529411764 0.8622727272727273 0.058823529411764705 0.03636363636363636
1 0.5811764705882353 0.9281818181818182 0.05529411764705883 0.038181818181818185
1 0.3708823529411765 0.53 0.13941176470588235 0.03636363636363636
1 0.3552941176470588 0.4561363636363636 0.11647058823529412 0.030454545454545453
1 0.581764705882353 0.8645454545454545 0.05411764705882353 0.04181818181818182
1 0.10470588235294118 0.41295454545454546 0.08235294117647059 0.03681818181818182
1 0.5991176470588235 0.5702272727272727 0.17 0.03681818181818182
1 0.5470588235294118 0.038181818181818185 0.08352941176470588 0.02090909090909091
1 0.7211764705882353 0.41704545454545455 0.021176470588235293 0.03590909090909091
1 0.5011764705882353 0.9413636363636364 0.05647058823529412 0.057272727272727274
1 0.6714705882352942 0.8615909090909091 0.060588235294117644 0.038636363636363635
1 0.5317647058823529 0.37136363636363634 0.1223529411764706 0.034545454545454546
1 0.10617647058823529 0.7704545454545455 0.07705882352941176 0.03363636363636364
1 0.10235294117647059 0.7265909090909091 0.07882352941176471 0.035
1 0.5326470588235294 0.46454545454545454 0.017058823529411765 0.019090909090909092
1 0.4929411764705882 0.8613636363636363 0.052941176470588235 0.03727272727272727
1 0.48558823529411765 0.6165909090909091 0.10764705882352942 0.03318181818181818
1 0.10235294117647059 0.6163636363636363 0.08235294117647059 0.03636363636363636
1 0.6702941176470588 0.9318181818181818 0.05235294117647059 0.04
1 0.325 0.8604545454545455 0.05941176470588235 0.03636363636363636
1 0.6091176470588235 0.3765909090909091 0.017058823529411765 0.017727272727272727
1 0.7770588235294118 0.4193181818181818 0.07411764705882352 0.030454545454545453
1 0.4682352941176471 0.4572727272727273 0.1 0.03
1 0.5691176470588235 0.4581818181818182 0.04647058823529412 0.03363636363636364
1 0.105 0.5731818181818182 0.0711764705882353 0.03363636363636364
1 0.3976470588235294 0.5740909090909091 0.20705882352941177 0.02909090909090909
1 0.07205882352941176 0.9881818181818182 0.14294117647058824 0.02909090909090909