1 0.44735294117647056 0.6761363636363636 0.27588235294117647 0.041363636363636366
1 0.7555882352941177 0.8602272727272727 0.06647058823529411 0.045909090909090906
1 0.8464705882352941 0.9288636363636363 0.07411764705882352 0.04772727272727273
1 0.5691176470588235 0.6195454545454545 0.13117647058823528 0.035454545454545454
1 0.4111764705882353 0.9227272727272727 0.06470588235294118 0.038181818181818185
1 0.8432352941176471 0.8577272727272728 0.07352941176470588 0.04181818181818182
1 0.39647058823529413 0.610909090909091 0.18352941176470589 0.03
1 0.4244117647058824 0.41045454545454546 0.22058823529411764 0.03727272727272727
1 0.6826470588235294 0.7768181818181819 0.03470588235294118 0.03909090909090909
1 0.40294117647058825 0.45386363636363636 0.18941176470588236 0.03681818181818182
1 0.6941176470588235 0.6863636363636364 0.18823529411764706 0.02727272727272727
1 0.11088235294117647 0.6738636363636363 0.10529411764705883 0.038636363636363635
1 0.10911764705882353 0.44363636363636366 0.10647058823529412 0.03727272727272727
1 0.6491176470588236 0.7313636363636363 0.18176470588235294 0.025454545454545455
1 0.15529411764705883 0.9181818181818182 0.06705882352941177 0.04181818181818182
1 0.335 0.9190909090909091 0.08058823529411764 0.04
1 0.1588235294117647 0.8504545454545455 0.07058823529411765 0.04
1 0.7605882352941177 0.7277272727272728 0.036470588235294116 0.03272727272727273
1 0.40588235294117647 0.52 0.1988235294117647 0.04
1 0.10970588235294118 0.5145454545454545 0.10764705882352942 0.03727272727272727
1 0.8505882352941176 0.3734090909090909 0.15058823529411763 0.03590909090909091
1 0.24235294117647058 0.8543181818181819 0.07176470588235294 0.04045454545454545
1 0.23941176470588235 0.9195454545454546 0.0611764705882353 0.03909090909090909
1 0.4161764705882353 0.77 0.22764705882352942 0.03636363636363636
1 0.7594117647058823 0.9231818181818182 0.07176470588235294 0.04090909090909091
1 0.10941176470588235 0.3588636363636364 0.09294117647058824 0.038636363636363635
1 0.5991176470588235 0.77 0.1288235294117647 0.03363636363636364
1 0.6444117647058824 0.3663636363636364 0.1723529411764706 0.03727272727272727
1 0.6276470588235294 0.41045454545454546 0.1564705882352941 0.03727272727272727
1 0.4158823529411765 0.8536363636363636 0.06941176470588235 0.04
1 0.5832352941176471 0.9277272727272727 0.061764705882352944 0.042727272727272725
1 0.40911764705882353 0.5668181818181818 0.2088235294117647 0.031818181818181815
1 0.58 0.5202272727272728 0.13294117647058823 0.03681818181818182
1 0.5864705882352941 0.855 0.06588235294117648 0.04363636363636364
1 0.11029411764705882 0.4 0.10764705882352942 0.038181818181818185
1 0.10617647058823529 0.5604545454545454 0.10529411764705883 0.03727272727272727
1 0.6085294117647059 0.5679545454545455 0.15588235294117647 0.03590909090909091
1 0.76 0.774090909090909 0.10235294117647059 0.02909090909090909
1 0.5038235294117647 0.9252272727272727 0.0688235294117647 0.04409090909090909
1 0.8791176470588236 0.6881818181818182 0.08529411764705883 0.03
1 0.6744117647058824 0.8584090909090909 0.0711764705882353 0.04318181818181818
1 0.8464705882352941 0.7304545454545455 0.10823529411764705 0.03363636363636364
1 0.10882352941176471 0.7545454545454545 0.10705882352941176 0.03727272727272727
1 0.5726470588235294 0.4565909090909091 0.13470588235294118 0.026818181818181817
1 0.4935294117647059 0.8534090909090909 0.05058823529411765 0.045
1 0.7311764705882353 0.4113636363636364 0.03882352941176471 0.03636363636363636
1 0.8320588235294117 0.4113636363636364 0.13470588235294118 0.03636363636363636
1 0.43558823529411766 0.3613636363636364 0.24411764705882352 0.03909090909090909
1 0.42764705882352944 0.725 0.26 0.028181818181818183
1 0.10588235294117647 0.6018181818181818 0.1 0.03727272727272727
1 0.6708823529411765 0.9336363636363636 0.057058823529411766 0.05
1 0.33176470588235296 0.8522727272727273 0.07058823529411765 0.04090909090909091
1 0.7479411764705882 0.4547727272727273 0.1264705882352941 0.035
1 0.11029411764705882 0.7156818181818182 0.10764705882352942 0.03772727272727273
1 0.7523529411764706 0.38136363636363635 0.04352941176470588 0.035454545454545454
1 0.6611764705882353 0.465 0.03294117647058824 0.035454545454545454
1 0.8158823529411765 0.6943181818181818 0.03529411764705882 0.03590909090909091