1 0.5423529411764706 0.6263636363636363 0.07647058823529412 0.03
1 0.3770588235294118 0.36954545454545457 0.13176470588235295 0.03727272727272727
1 0.7570588235294118 0.8636363636363636 0.05647058823529412 0.034545454545454546
1 0.845 0.9288636363636363 0.06411764705882353 0.03681818181818182
1 0.5614705882352942 0.5727272727272728 0.08411764705882353 0.031818181818181815
1 0.4126470588235294 0.9286363636363636 0.05235294117647059 0.03363636363636364
1 0.48705882352941177 0.5331818181818182 0.06352941176470588 0.031818181818181815
1 0.8485294117647059 0.8654545454545455 0.06764705882352941 0.035454545454545454
1 0.3991176470588235 0.6218181818181818 0.18764705882352942 0.02909090909090909
1 0.3926470588235294 0.7268181818181818 0.16647058823529412 0.03363636363636364
1 0.09852941176470588 0.6840909090909091 0.07705882352941176 0.035454545454545454
1 0.10176470588235294 0.4606818181818182 0.06470588235294118 0.023181818181818182
1 0.36676470588235294 0.6856818181818182 0.12176470588235294 0.03954545454545454
1 0.7061764705882353 0.4681818181818182 0.06294117647058824 0.031818181818181815
1 0.1585294117647059 0.9259090909090909 0.06411764705882353 0.035454545454545454
1 0.32529411764705884 0.9281818181818182 0.05647058823529412 0.035454545454545454
1 0.15411764705882353 0.8597727272727272 0.06 0.03681818181818182
1 0.5614705882352942 0.4647727272727273 0.12176470588235294 0.028636363636363637
1 0.6429411764705882 0.7313636363636363 0.06941176470588235 0.02909090909090909
1 0.2511764705882353 0.8606818181818182 0.058823529411764705 0.03590909090909091
1 0.6508823529411765 0.4702272727272727 0.03470588235294118 0.03318181818181818
1 0.24352941176470588 0.9263636363636364 0.06470588235294118 0.035454545454545454
1 0.38441176470588234 0.7793181818181818 0.14176470588235293 0.03227272727272727
1 0.76 0.928409090909091 0.06 0.03590909090909091
1 0.30676470588235294 0.03681818181818182 0.03588235294117647 0.024545454545454544
1 0.6238235294117647 0.4168181818181818 0.15588235294117647 0.03636363636363636
1 0.4138235294117647 0.8602272727272727 0.054705882352941174 0.03772727272727273
1 0.5864705882352941 0.9272727272727272 0.06470588235294118 0.03636363636363636
1 0.09852941176470588 0.3663636363636364 0.07470588235294118 0.034545454545454546
1 0.38029411764705884 0.5290909090909091 0.14058823529411765 0.03727272727272727
1 0.5844117647058824 0.8613636363636363 0.057058823529411766 0.03727272727272727
1 0.09676470588235295 0.5288636363636363 0.07 0.03409090909090909
1 0.5602941176470588 0.042272727272727274 0.10529411764705883 0.02
1 0.5973529411764706 0.3740909090909091 0.04058823529411765 0.03272727272727273
1 0.7870588235294118 0.42159090909090907 0.09647058823529411 0.03590909090909091
1 0.49941176470588233 0.9275 0.05529411764705883 0.03590909090909091
1 0.6735294117647059 0.8627272727272727 0.05647058823529412 0.034545454545454546
1 0.5155882352941177 0.37227272727272726 0.11941176470588236 0.03636363636363636
1 0.39794117647058824 0.4643181818181818 0.17352941176470588 0.028636363636363637
1 0.09647058823529411 0.77 0.07294117647058823 0.03363636363636364
1 0.0961764705882353 0.7240909090909091 0.07823529411764706 0.03363636363636364
1 0.4258823529411765 0.4168181818181818 0.23529411764705882 0.03636363636363636
1 0.6314705882352941 0.7840909090909091 0.05823529411764706 0.022727272727272728
1 0.4985294117647059 0.8618181818181818 0.05235294117647059 0.03636363636363636
1 0.09970588235294117 0.615 0.05588235294117647 0.03
1 0.6711764705882353 0.9272727272727272 0.06235294117647059 0.03727272727272727
1 0.32735294117647057 0.8615909090909091 0.05823529411764706 0.03772727272727273
1 0.09941176470588235 0.4106818181818182 0.07882352941176471 0.03590909090909091
1 0.6455882352941177 0.37022727272727274 0.060588235294117644 0.03227272727272727
1 0.7194117647058823 0.41795454545454547 0.03411764705882353 0.03681818181818182
1 0.09911764705882353 0.5697727272727273 0.07 0.035
1 0.40911764705882353 0.5722727272727273 0.21588235294117647 0.03727272727272727
1 0.47441176470588237 0.6945454545454546 0.09117647058823529 0.028181818181818183
1 0.535 0.6977272727272728 0.03 0.035454545454545454
1 0.5758823529411765 0.6927272727272727 0.05176470588235294 0.02727272727272727
1 0.5288235294117647 0.730909090909091 0.10941176470588235 0.031818181818181815
1 0.5955882352941176 0.7297727272727272 0.025294117647058825 0.030454545454545453
1 0.5194117647058824 0.7818181818181819 0.1011764705882353 0.026363636363636363
1 0.5923529411764706 0.7834090909090909 0.02823529411764706 0.02772727272727273