1 0.4176470588235294 0.6856818181818182 0.2447058823529412 0.04045454545454545
1 0.7570588235294118 0.8615909090909091 0.06352941176470588 0.04045454545454545
1 0.8429411764705882 0.9261363636363636 0.06941176470588235 0.041363636363636366
1 0.5682352941176471 0.5809090909090909 0.12705882352941175 0.03363636363636364
1 0.4061764705882353 0.9268181818181818 0.05823529411764706 0.03909090909090909
1 0.8420588235294117 0.8629545454545454 0.07235294117647059 0.042272727272727274
1 0.40647058823529414 0.7302272727272727 0.23294117647058823 0.038636363636363635
1 0.758235294117647 0.5336363636363637 0.09176470588235294 0.03272727272727273
1 0.09 0.6831818181818182 0.08 0.03636363636363636
1 0.0838235294117647 0.4552272727272727 0.08176470588235295 0.03681818181818182
1 0.09029411764705883 0.3668181818181818 0.08764705882352941 0.03636363636363636
1 0.14588235294117646 0.9270454545454545 0.05647058823529412 0.038636363636363635
1 0.7858823529411765 0.7345454545454545 0.11647058823529412 0.03363636363636364
1 0.3191176470588235 0.9297727272727273 0.054705882352941174 0.038636363636363635
1 0.15323529411764705 0.8590909090909091 0.054705882352941174 0.03909090909090909
1 0.6970588235294117 0.7868181818181819 0.027058823529411764 0.03727272727272727
1 0.09676470588235295 0.5293181818181818 0.09117647058823529 0.035
1 0.6402941176470588 0.6243181818181818 0.025294117647058825 0.03227272727272727
1 0.23294117647058823 0.9272727272727272 0.05764705882352941 0.04
1 0.3941176470588235 0.774090909090909 0.20588235294117646 0.034545454545454546
1 0.7558823529411764 0.9268181818181818 0.058823529411764705 0.04
1 0.5947058823529412 0.7772727272727272 0.15176470588235294 0.03363636363636364
1 0.6376470588235295 0.3770454545454546 0.1223529411764706 0.03227272727272727
1 0.5541176470588235 0.4213636363636364 0.0976470588235294 0.022727272727272728
1 0.4047058823529412 0.86 0.05529411764705883 0.04
1 0.5844117647058824 0.5268181818181819 0.1323529411764706 0.035454545454545454
1 0.55 0.6186363636363637 0.11647058823529412 0.03272727272727273
1 0.5788235294117647 0.8618181818181818 0.05176470588235294 0.04090909090909091
1 0.08411764705882353 0.4097727272727273 0.09058823529411765 0.03772727272727273
1 0.5426470588235294 0.03659090909090909 0.08764705882352941 0.023181818181818182
1 0.7238235294117648 0.5747727272727273 0.0888235294117647 0.031363636363636364
1 0.7794117647058824 0.7777272727272727 0.11294117647058824 0.03272727272727273
1 0.4970588235294118 0.9259090909090909 0.06352941176470588 0.042727272727272725
1 0.7885294117647059 0.6877272727272727 0.11588235294117646 0.03363636363636364
1 0.6673529411764706 0.8611363636363636 0.054705882352941174 0.041363636363636366
1 0.09294117647058824 0.7677272727272727 0.09294117647058824 0.038181818181818185
1 0.09941176470588235 0.7252272727272727 0.08705882352941176 0.038636363636363635
1 0.6894117647058824 0.5329545454545455 0.03764705882352941 0.03227272727272727
1 0.5367647058823529 0.45886363636363636 0.09352941176470589 0.03227272727272727
1 0.5002941176470588 0.8670454545454546 0.07235294117647059 0.053181818181818184
1 0.6558823529411765 0.5738636363636364 0.02823529411764706 0.029545454545454545
1 0.6161764705882353 0.6831818181818182 0.1288235294117647 0.034545454545454546
1 0.6029411764705882 0.7347727272727272 0.1411764705882353 0.03409090909090909
1 0.09794117647058824 0.61 0.10529411764705883 0.03727272727272727
1 0.6673529411764706 0.925 0.060588235294117644 0.04090909090909091
1 0.3220588235294118 0.8590909090909091 0.061764705882352944 0.04090909090909091
1 0.701764705882353 0.6134090909090909 0.08588235294117647 0.03227272727272727
1 0.7070588235294117 0.6859090909090909 0.03529411764705882 0.03272727272727273
1 0.2791176470588235 0.03386363636363637 0.05352941176470588 0.028636363636363637
1 0.08705882352941176 0.5720454545454545 0.09294117647058824 0.028636363636363637
1 0.7005882352941176 0.7386363636363636 0.021176470588235293 0.02
1 0.2288235294117647 0.865 0.05411764705882353 0.03272727272727273
1 0.5761764705882353 0.9272727272727272 0.057058823529411766 0.03363636363636364
1 0.4273529411764706 0.36704545454545456 0.2723529411764706 0.04772727272727273
1 0.39205882352941174 0.4106818181818182 0.21235294117647058 0.04772727272727273
1 0.38088235294117645 0.45681818181818185 0.18411764705882352 0.042727272727272725
1 0.39794117647058824 0.5227272727272727 0.23352941176470587 0.046363636363636364
1 0.39088235294117646 0.5720454545454545 0.21235294117647058 0.04863636363636364
1 0.38294117647058823 0.6138636363636364 0.20588235294117646 0.04863636363636364