1 0.41970588235294115 0.6845454545454546 0.23 0.03909090909090909
1 0.6226470588235294 0.6915909090909091 0.15235294117647058 0.03590909090909091
1 0.755 0.865909090909091 0.06529411764705882 0.03909090909090909
1 0.8458823529411764 0.9302272727272727 0.06823529411764706 0.038636363636363635
1 0.40558823529411764 0.9263636363636364 0.05352941176470588 0.038181818181818185
1 0.8429411764705882 0.8593181818181819 0.06 0.03954545454545454
1 0.38029411764705884 0.6170454545454546 0.1511764705882353 0.035
1 0.3973529411764706 0.4618181818181818 0.19117647058823528 0.03272727272727273
1 0.7338235294117647 0.6995454545454546 0.03705882352941176 0.03363636363636364
1 0.44676470588235295 0.7277272727272728 0.28058823529411764 0.03727272727272727
1 0.7885294117647059 0.5406818181818182 0.07705882352941176 0.02590909090909091
1 0.455 0.4177272727272727 0.28647058823529414 0.034545454545454546
1 0.10735294117647058 0.6838636363636363 0.10411764705882352 0.03681818181818182
1 0.10794117647058823 0.45431818181818184 0.09352941176470589 0.038636363636363635
1 0.6841176470588235 0.7361363636363636 0.20588235294117646 0.03227272727272727
1 0.1476470588235294 0.9238636363636363 0.05764705882352941 0.04045454545454545
1 0.3261764705882353 0.9245454545454546 0.05823529411764706 0.04
1 0.14823529411764705 0.8586363636363636 0.0611764705882353 0.038181818181818185
1 0.7358823529411764 0.7804545454545454 0.1011764705882353 0.03090909090909091
1 0.4158823529411765 0.5311363636363636 0.21176470588235294 0.03318181818181818
1 0.10676470588235294 0.5297727272727273 0.0888235294117647 0.03590909090909091
1 0.2338235294117647 0.8568181818181818 0.05588235294117647 0.04
1 0.2373529411764706 0.9229545454545455 0.05352941176470588 0.038636363636363635
1 0.40058823529411763 0.7729545454545454 0.20470588235294118 0.028636363636363637
1 0.7535294117647059 0.928409090909091 0.06235294117647059 0.03772727272727273
1 0.11235294117647059 0.36272727272727273 0.09411764705882353 0.03636363636363636
1 0.5723529411764706 0.7752272727272728 0.13058823529411764 0.035
1 0.675 0.4209090909090909 0.11235294117647059 0.035454545454545454
1 0.595 0.3784090909090909 0.09941176470588235 0.030454545454545453
1 0.40588235294117647 0.8579545454545454 0.05058823529411765 0.038636363636363635
1 0.5820588235294117 0.9270454545454545 0.06647058823529411 0.038636363636363635
1 0.10264705882352941 0.5709090909090909 0.09588235294117647 0.03363636363636364
1 0.61 0.5338636363636363 0.1564705882352941 0.03590909090909091
1 0.5326470588235294 0.6229545454545454 0.13117647058823528 0.029545454545454545
1 0.4329411764705882 0.5722727272727273 0.2529411764705882 0.03727272727272727
1 0.5823529411764706 0.8631818181818182 0.06235294117647059 0.04
1 0.11029411764705882 0.41113636363636363 0.10058823529411764 0.03681818181818182
1 0.6585294117647059 0.5779545454545455 0.18294117647058825 0.03409090909090909
1 0.5844117647058824 0.03840909090909091 0.09470588235294118 0.022272727272727274
1 0.7767647058823529 0.5781818181818181 0.03823529411764706 0.031818181818181815
1 0.4985294117647059 0.928409090909091 0.057058823529411766 0.045
1 0.8152941176470588 0.6918181818181818 0.11764705882352941 0.035454545454545454
1 0.6594117647058824 0.8631818181818182 0.052941176470588235 0.03636363636363636
1 0.8779411764705882 0.7377272727272727 0.12411764705882353 0.034545454545454546
1 0.10323529411764706 0.7668181818181818 0.10058823529411764 0.031818181818181815
1 0.5511764705882353 0.4634090909090909 0.08 0.03318181818181818
1 0.6688235294117647 0.7822727272727272 0.03176470588235294 0.03272727272727273
1 0.49470588235294116 0.8586363636363636 0.06352941176470588 0.04
1 0.7170588235294117 0.5443181818181818 0.05529411764705883 0.03227272727272727
1 0.8379411764705882 0.5797727272727272 0.07823529411764706 0.035
1 0.6197058823529412 0.6259090909090909 0.02411764705882353 0.03272727272727273
1 0.42176470588235293 0.3665909090909091 0.2164705882352941 0.03954545454545454
1 0.09705882352941177 0.6127272727272727 0.10352941176470588 0.038181818181818185
1 0.6673529411764706 0.9295454545454546 0.06529411764705882 0.04
1 0.31941176470588234 0.8625 0.05647058823529412 0.03681818181818182
1 0.6694117647058824 0.6234090909090909 0.06588235294117648 0.030454545454545453
1 0.10941176470588235 0.7263636363636363 0.10470588235294118 0.03909090909090909
1 0.31441176470588234 0.03386363636363637 0.05235294117647059 0.02409090909090909
1 0.7985294117647059 0.7370454545454546 0.028823529411764706 0.03590909090909091