1 0.41352941176470587 0.6825 0.22470588235294117 0.038636363636363635
1 0.7558823529411764 0.860909090909091 0.05176470588235294 0.04
1 0.8382352941176471 0.9272727272727272 0.05176470588235294 0.03909090909090909
1 0.59 0.5738636363636364 0.15058823529411763 0.035
1 0.8373529411764706 0.8629545454545454 0.04764705882352941 0.03681818181818182
1 0.39205882352941174 0.615 0.18411764705882352 0.03636363636363636
1 0.731764705882353 0.7784090909090909 0.11411764705882353 0.03227272727272727
1 0.38941176470588235 0.4484090909090909 0.1635294117647059 0.03772727272727273
1 0.6911764705882353 0.7311363636363636 0.03058823529411765 0.029545454545454545
1 0.4061764705882353 0.7254545454545455 0.22176470588235295 0.038181818181818185
1 0.7676470588235295 0.5306818181818181 0.09411764705882353 0.03409090909090909
1 0.3891176470588235 0.4109090909090909 0.17705882352941177 0.03727272727272727
1 0.07882352941176471 0.6840909090909091 0.07882352941176471 0.035454545454545454
1 0.09382352941176471 0.3643181818181818 0.07470588235294118 0.035
1 0.09029411764705883 0.445 0.07235294117647059 0.035454545454545454
1 0.5955882352941176 0.7238636363636364 0.15470588235294117 0.035
1 0.14823529411764705 0.9247727272727273 0.052941176470588235 0.04045454545454545
1 0.7579411764705882 0.5729545454545455 0.09705882352941177 0.035
1 0.41058823529411764 0.9272727272727272 0.06 0.03727272727272727
1 0.15235294117647058 0.8570454545454546 0.052941176470588235 0.038636363636363635
1 0.4126470588235294 0.5297727272727273 0.21588235294117647 0.03772727272727273
1 0.09441176470588235 0.5243181818181818 0.07470588235294118 0.03409090909090909
1 0.7005882352941176 0.6184090909090909 0.08352941176470588 0.03227272727272727
1 0.6429411764705882 0.6281818181818182 0.02823529411764706 0.02727272727272727
1 0.23470588235294118 0.9240909090909091 0.05411764705882353 0.03727272727272727
1 0.3841176470588235 0.7709090909090909 0.16588235294117648 0.03636363636363636
1 0.7544117647058823 0.9270454545454545 0.05588235294117647 0.03954545454545454
1 0.2888235294117647 0.03636363636363636 0.04823529411764706 0.023636363636363636
1 0.5544117647058824 0.774090909090909 0.14882352941176472 0.03363636363636364
1 0.6958823529411765 0.45340909090909093 0.06941176470588235 0.02590909090909091
1 0.6982352941176471 0.37204545454545457 0.03294117647058824 0.03318181818181818
1 0.5938235294117648 0.37204545454545457 0.15588235294117647 0.03772727272727273
1 0.40705882352941175 0.8597727272727272 0.05411764705882353 0.03772727272727273
1 0.5991176470588235 0.5261363636363636 0.13470588235294118 0.03681818181818182
1 0.5841176470588235 0.8595454545454545 0.06 0.038181818181818185
1 0.08970588235294118 0.4059090909090909 0.07470588235294118 0.03636363636363636
1 0.09294117647058824 0.5697727272727273 0.07529411764705882 0.035
1 0.5476470588235294 0.038636363636363635 0.08470588235294117 0.022727272727272728
1 0.7379411764705882 0.4125 0.08294117647058824 0.029545454545454545
1 0.7702941176470588 0.7320454545454546 0.1323529411764706 0.03409090909090909
1 0.5873529411764706 0.9263636363636364 0.06411764705882353 0.038181818181818185
1 0.6705882352941176 0.8631818181818182 0.05529411764705883 0.04090909090909091
1 0.7705882352941177 0.3715909090909091 0.08352941176470588 0.03227272727272727
1 0.615 0.6822727272727273 0.17 0.03727272727272727
1 0.8108823529411765 0.6920454545454545 0.12411764705882353 0.035
1 0.09558823529411764 0.7654545454545455 0.08058823529411764 0.035454545454545454
1 0.0976470588235294 0.7254545454545455 0.08470588235294117 0.03636363636363636
1 0.5538235294117647 0.4527272727272727 0.14882352941176472 0.038181818181818185
1 0.6520588235294118 0.7811363636363636 0.03 0.03318181818181818
1 0.4964705882352941 0.8602272727272727 0.04941176470588235 0.03772727272727273
1 0.691764705882353 0.5370454545454545 0.03529411764705882 0.03409090909090909
1 0.4076470588235294 0.3654545454545455 0.2 0.038181818181818185
1 0.56 0.6140909090909091 0.13176470588235295 0.03272727272727273
1 0.08441176470588235 0.6127272727272727 0.07588235294117647 0.035454545454545454
1 0.6735294117647059 0.9256818181818182 0.06705882352941177 0.038636363636363635
1 0.32382352941176473 0.8575 0.054705882352941174 0.03772727272727273
1 0.7226470588235294 0.6963636363636364 0.03823529411764706 0.03272727272727273
1 0.5685294117647058 0.4109090909090909 0.16411764705882353 0.03363636363636364
1 0.6735294117647059 0.4122727272727273 0.03058823529411765 0.02727272727272727
1 0.6438235294117647 0.4575 0.027647058823529413 0.031363636363636364
1 0.4038235294117647 0.5713636363636364 0.2111764705882353 0.031818181818181815
1 0.6882352941176471 0.5713636363636364 0.02588235294117647 0.03
1 0.22970588235294118 0.8618181818181818 0.045294117647058825 0.03
1 0.3270588235294118 0.928409090909091 0.06470588235294118 0.030454545454545453
1 0.49205882352941177 0.9261363636363636 0.0488235294117647 0.029545454545454545