1 0.36176470588235293 0.7247727272727272 0.11176470588235295 0.03681818181818182
1 0.49176470588235294 0.6868181818181818 0.08352941176470588 0.031818181818181815
1 0.7561764705882353 0.8613636363636363 0.045294117647058825 0.034545454545454546
1 0.8455882352941176 0.9277272727272727 0.05352941176470588 0.038181818181818185
1 0.41970588235294115 0.9290909090909091 0.04647058823529412 0.03636363636363636
1 0.48176470588235293 0.4656818181818182 0.027058823529411764 0.031363636363636364
1 0.763235294117647 0.9263636363636364 0.045294117647058825 0.03727272727272727
1 0.40941176470588236 0.6170454545454546 0.21058823529411766 0.03681818181818182
1 0.4335294117647059 0.6881818181818182 0.03176470588235294 0.034545454545454546
1 0.3247058823529412 0.0375 0.06352941176470588 0.022272727272727274
1 0.09058823529411765 0.6865909090909091 0.07058823529411765 0.04045454545454545
1 0.10176470588235294 0.45204545454545453 0.07647058823529412 0.038636363636363635
1 0.3629411764705882 0.6909090909090909 0.12 0.034545454545454546
1 0.10088235294117646 0.37 0.08058823529411764 0.03636363636363636
1 0.45529411764705885 0.7745454545454545 0.08705882352941176 0.031818181818181815
1 0.1585294117647059 0.93 0.051176470588235295 0.03727272727272727
1 0.10323529411764706 0.5677272727272727 0.09235294117647058 0.035454545454545454
1 0.33441176470588235 0.9288636363636363 0.05235294117647059 0.03681818181818182
1 0.1588235294117647 0.8604545454545455 0.04588235294117647 0.03727272727272727
1 0.6729411764705883 0.8602272727272727 0.04352941176470588 0.03590909090909091
1 0.5305882352941177 0.4597727272727273 0.06823529411764706 0.03227272727272727
1 0.5585294117647058 0.6184090909090909 0.07235294117647059 0.029545454545454545
1 0.2447058823529412 0.8597727272727272 0.04470588235294118 0.03772727272727273
1 0.24705882352941178 0.9290909090909091 0.05176470588235294 0.03727272727272727
1 0.3558823529411765 0.7743181818181818 0.10941176470588235 0.03590909090909091
1 0.6338235294117647 0.41454545454545455 0.1111764705882353 0.03727272727272727
1 0.5567647058823529 0.41659090909090907 0.027647058823529413 0.03590909090909091
1 0.4738235294117647 0.4097727272727273 0.11588235294117646 0.03681818181818182
1 0.4164705882352941 0.8625 0.04941176470588235 0.03772727272727273
1 0.5888235294117647 0.9272727272727272 0.05176470588235294 0.03727272727272727
1 0.3914705882352941 0.53 0.16058823529411764 0.04727272727272727
1 0.5155882352941177 0.5322727272727272 0.07705882352941176 0.03090909090909091
1 0.41205882352941176 0.5740909090909091 0.21588235294117647 0.038181818181818185
1 0.5052941176470588 0.8618181818181818 0.047058823529411764 0.03727272727272727
1 0.0988235294117647 0.5306818181818181 0.08470588235294117 0.03772727272727273
1 0.5702941176470588 0.5743181818181818 0.09352941176470589 0.03227272727272727
1 0.5652941176470588 0.03954545454545454 0.11294117647058824 0.02181818181818182
1 0.5011764705882353 0.9288636363636363 0.04352941176470588 0.038636363636363635
1 0.8488235294117648 0.8597727272727272 0.04941176470588235 0.035
1 0.5044117647058823 0.37363636363636366 0.09588235294117647 0.035454545454545454
1 0.34352941176470586 0.45431818181818184 0.08235294117647059 0.03590909090909091
1 0.09411764705882353 0.7704545454545455 0.06941176470588235 0.03636363636363636
1 0.09941176470588235 0.6140909090909091 0.08235294117647059 0.03636363636363636
1 0.5905882352941176 0.8611363636363636 0.05764705882352941 0.03772727272727273
1 0.34 0.3715909090909091 0.08470588235294117 0.03409090909090909
1 0.4929411764705882 0.7284090909090909 0.10941176470588235 0.03318181818181818
1 0.6679411764705883 0.9270454545454545 0.04764705882352941 0.038636363636363635
1 0.32794117647058824 0.8606818181818182 0.045294117647058825 0.03681818181818182
1 0.35823529411764704 0.4113636363636364 0.11176470588235295 0.038181818181818185
1 0.27 0.03681818181818182 0.04 0.023636363636363636
1 0.10441176470588236 0.41363636363636364 0.09235294117647058 0.04181818181818182
1 0.41911764705882354 0.37318181818181817 0.06764705882352941 0.035454545454545454
1 0.42764705882352944 0.46 0.07647058823529412 0.03272727272727273
1 0.4258823529411765 0.7345454545454545 0.018823529411764704 0.035454545454545454
1 0.09029411764705883 0.7297727272727272 0.06529411764705882 0.03772727272727273