1 0.46941176470588236 0.7218181818181818 0.3411764705882353 0.03727272727272727
1 0.76 0.8579545454545454 0.06588235294117648 0.038636363636363635
1 0.8476470588235294 0.9268181818181818 0.07529411764705882 0.04
1 0.9247058823529412 0.7265909090909091 0.09529411764705882 0.03954545454545454
1 0.40647058823529414 0.925 0.05647058823529412 0.03727272727272727
1 0.841764705882353 0.7720454545454546 0.10588235294117647 0.03409090909090909
1 0.6552941176470588 0.7702272727272728 0.2023529411764706 0.035
1 0.40088235294117647 0.45704545454545453 0.2111764705882353 0.029545454545454545
1 0.29352941176470587 0.03409090909090909 0.04823529411764706 0.024545454545454544
1 0.09382352941176471 0.6788636363636363 0.08411764705882353 0.03681818181818182
1 0.10352941176470588 0.36363636363636365 0.0988235294117647 0.03727272727272727
1 0.10529411764705883 0.45 0.07882352941176471 0.03727272727272727
1 0.14882352941176472 0.9240909090909091 0.05529411764705883 0.04
1 0.7561764705882353 0.7256818181818182 0.23823529411764705 0.04409090909090909
1 0.32088235294117645 0.9261363636363636 0.060588235294117644 0.03772727272727273
1 0.1511764705882353 0.8597727272727272 0.06 0.03954545454545454
1 0.4323529411764706 0.5684090909090909 0.27647058823529413 0.03954545454545454
1 0.105 0.5209090909090909 0.08529411764705883 0.035454545454545454
1 0.645 0.6118181818181818 0.16176470588235295 0.03636363636363636
1 0.23823529411764705 0.8606818181818182 0.052941176470588235 0.03772727272727273
1 0.2388235294117647 0.925 0.058823529411764705 0.03727272727272727
1 0.41147058823529414 0.7693181818181818 0.24176470588235294 0.03681818181818182
1 0.7611764705882353 0.9263636363636364 0.06705882352941177 0.038181818181818185
1 0.47823529411764704 0.4113636363636364 0.3458823529411765 0.03363636363636364
1 0.40911764705882353 0.8606818181818182 0.054705882352941174 0.03681818181818182
1 0.5897058823529412 0.9265909090909091 0.06764705882352941 0.03681818181818182
1 0.5776470588235294 0.8595454545454545 0.052941176470588235 0.03909090909090909
1 0.11588235294117646 0.4081818181818182 0.08352941176470588 0.038181818181818185
1 0.12117647058823529 0.5672727272727273 0.09294117647058824 0.03909090909090909
1 0.5570588235294117 0.038863636363636364 0.11764705882352941 0.025
1 0.7282352941176471 0.4540909090909091 0.12823529411764706 0.035454545454545454
1 0.49970588235294117 0.9247727272727273 0.061764705882352944 0.03772727272727273
1 0.6685294117647059 0.8577272727272728 0.06411764705882353 0.04090909090909091
1 0.11558823529411764 0.7634090909090909 0.09705882352941177 0.03772727272727273
1 0.10617647058823529 0.7225 0.09 0.03772727272727273
1 0.741764705882353 0.4115909090909091 0.18823529411764706 0.04045454545454545
1 0.5829411764705882 0.45454545454545453 0.13411764705882354 0.03636363636363636
1 0.49970588235294117 0.8604545454545455 0.06411764705882353 0.03636363636363636
1 0.6797058823529412 0.5679545454545455 0.20411764705882354 0.041363636363636366
1 0.8908823529411765 0.4172727272727273 0.09705882352941177 0.03727272727272727
1 0.4167647058823529 0.6125 0.2511764705882353 0.03681818181818182
1 0.11294117647058824 0.6077272727272728 0.09294117647058824 0.038181818181818185
1 0.668235294117647 0.9265909090909091 0.06352941176470588 0.038636363636363635
1 0.32794117647058824 0.8590909090909091 0.06294117647058824 0.038181818181818185
1 0.8391176470588235 0.8606818181818182 0.061764705882352944 0.03590909090909091