1 0.4320588235294118 0.40545454545454546 0.2641176470588235 0.031818181818181815
1 0.7579411764705882 0.855909090909091 0.060588235294117644 0.04090909090909091
1 0.8414705882352941 0.9261363636363636 0.06647058823529411 0.03954545454545454
1 0.8170588235294117 0.5225 0.11764705882352941 0.03590909090909091
1 0.4032352941176471 0.9209090909090909 0.05352941176470588 0.03909090909090909
1 0.8394117647058823 0.86 0.05764705882352941 0.045454545454545456
1 0.39441176470588235 0.6088636363636364 0.1864705882352941 0.03409090909090909
1 0.6744117647058824 0.8565909090909091 0.05352941176470588 0.041363636363636366
1 0.43 0.6856818181818182 0.04 0.035
1 0.735 0.5665909090909091 0.03470588235294118 0.035
1 0.741764705882353 0.5288636363636363 0.03411764705882353 0.030454545454545453
1 0.10441176470588236 0.6756818181818182 0.06411764705882353 0.03681818181818182
1 0.10823529411764705 0.44636363636363635 0.09294117647058824 0.03636363636363636
1 0.3476470588235294 0.7204545454545455 0.09529411764705882 0.034545454545454546
1 0.1 0.3577272727272727 0.08470588235294117 0.035454545454545454
1 0.495 0.7652272727272728 0.08764705882352941 0.03772727272727273
1 0.5588235294117647 0.6106818181818182 0.1188235294117647 0.03681818181818182
1 0.15088235294117647 0.9181818181818182 0.057058823529411766 0.04090909090909091
1 0.8129411764705883 0.5686363636363636 0.10823529411764705 0.035454545454545454
1 0.3270588235294118 0.9193181818181818 0.06470588235294118 0.03954545454545454
1 0.15411764705882353 0.8506818181818182 0.06470588235294118 0.038636363636363635
1 0.7120588235294117 0.6125 0.09235294117647058 0.03318181818181818
1 0.42970588235294116 0.5188636363636364 0.25470588235294117 0.03681818181818182
1 0.10176470588235294 0.5118181818181818 0.08705882352941176 0.03636363636363636
1 0.6405882352941177 0.6136363636363636 0.03176470588235294 0.03272727272727273
1 0.6394117647058823 0.5213636363636364 0.15529411764705883 0.03727272727272727
1 0.2376470588235294 0.9197727272727273 0.06 0.041363636363636366
1 0.34558823529411764 0.7647727272727273 0.08764705882352941 0.03772727272727273
1 0.7564705882352941 0.9243181818181818 0.06 0.041363636363636366
1 0.5044117647058823 0.725 0.12176470588235294 0.035454545454545454
1 0.7152941176470589 0.4615909090909091 0.027058823529411764 0.029545454545454545
1 0.7152941176470589 0.37636363636363634 0.04 0.035454545454545454
1 0.4161764705882353 0.8561363636363636 0.05588235294117647 0.041363636363636366
1 0.5876470588235294 0.9227272727272727 0.07176470588235294 0.03909090909090909
1 0.34705882352941175 0.6770454545454545 0.09647058823529411 0.038636363636363635
1 0.5879411764705882 0.8552272727272727 0.06529411764705882 0.04045454545454545
1 0.10647058823529412 0.40045454545454545 0.09294117647058824 0.035454545454545454
1 0.10470588235294118 0.5575 0.09058823529411765 0.035
1 0.6229411764705882 0.455 0.14 0.023636363636363636
1 0.6479411764705882 0.40795454545454546 0.16176470588235295 0.03409090909090909
1 0.7838235294117647 0.45636363636363636 0.08294117647058824 0.031818181818181815
1 0.5014705882352941 0.9213636363636364 0.061764705882352944 0.04090909090909091
1 0.6035294117647059 0.3643181818181818 0.1635294117647059 0.038636363636363635
1 0.7941176470588235 0.37 0.10235294117647059 0.034545454545454546
1 0.10852941176470589 0.7613636363636364 0.06411764705882353 0.035454545454545454
1 0.74 0.40795454545454546 0.02588235294117647 0.03590909090909091
1 0.5020588235294118 0.855 0.06647058823529411 0.04090909090909091
1 0.6258823529411764 0.5668181818181818 0.16117647058823528 0.035454545454545454
1 0.40794117647058825 0.3613636363636364 0.2111764705882353 0.03272727272727273
1 0.10617647058823529 0.6015909090909091 0.09235294117647058 0.03590909090909091
1 0.6614705882352941 0.9218181818181819 0.045294117647058825 0.04181818181818182
1 0.32029411764705884 0.8531818181818182 0.054705882352941174 0.03909090909090909
1 0.42058823529411765 0.45181818181818184 0.2388235294117647 0.028181818181818183
1 0.10058823529411764 0.7184090909090909 0.06470588235294118 0.03409090909090909
1 0.31176470588235294 0.02590909090909091 0.03529411764705882 0.02727272727272727
1 0.3635294117647059 0.027954545454545454 0.06470588235294118 0.02590909090909091
1 0.5723529411764706 0.03340909090909091 0.10588235294117647 0.02409090909090909
1 0.8120588235294117 0.4118181818181818 0.10411764705882352 0.035454545454545454
1 0.42205882352941176 0.5647727272727273 0.24176470588235294 0.04045454545454545
1 0.5020588235294118 0.6838636363636363 0.09 0.029545454545454545
1 0.42470588235294116 0.7236363636363636 0.03294117647058824 0.035454545454545454
1 0.4202941176470588 0.7752272727272728 0.04058823529411765 0.03772727272727273
1 0.24294117647058824 0.8518181818181818 0.06235294117647059 0.035454545454545454