1 0.4423529411764706 0.5675 0.24705882352941178 0.03772727272727273
1 0.6920588235294117 0.6822727272727273 0.18058823529411766 0.03909090909090909
1 0.5138235294117647 0.4065909090909091 0.03705882352941176 0.03772727272727273
1 0.38323529411764706 0.6056818181818182 0.13352941176470587 0.03409090909090909
1 0.39205882352941174 0.40545454545454546 0.15470588235294117 0.03636363636363636
1 0.4082352941176471 0.7693181818181818 0.18470588235294116 0.03681818181818182
1 0.10323529411764706 0.6811363636363637 0.07352941176470588 0.035
1 0.11029411764705882 0.3690909090909091 0.06764705882352941 0.035454545454545454
1 0.10764705882352942 0.4490909090909091 0.06588235294117648 0.035454545454545454
1 0.44882352941176473 0.7254545454545455 0.2635294117647059 0.038181818181818185
1 0.1 0.7247727272727272 0.07647058823529412 0.03681818181818182
1 0.7055882352941176 0.725909090909091 0.19823529411764707 0.03636363636363636
1 0.43058823529411766 0.5181818181818182 0.22705882352941176 0.04
1 0.10323529411764706 0.5261363636363636 0.07941176470588235 0.035
1 0.6555882352941177 0.5643181818181818 0.15941176470588236 0.03590909090909091
1 0.29294117647058826 0.03636363636363636 0.041176470588235294 0.025454545454545455
1 0.6414705882352941 0.4077272727272727 0.14647058823529413 0.03636363636363636
1 0.5441176470588235 0.36772727272727274 0.04352941176470588 0.03727272727272727
1 0.4547058823529412 0.6877272727272727 0.25058823529411767 0.03727272727272727
1 0.6102941176470589 0.765 0.12294117647058823 0.026363636363636363
1 0.4373529411764706 0.45181818181818184 0.03588235294117647 0.034545454545454546
1 0.11058823529411765 0.40454545454545454 0.06941176470588235 0.03727272727272727
1 0.5476470588235294 0.03386363636363637 0.07529411764705882 0.025
1 0.3714705882352941 0.44727272727272727 0.09823529411764706 0.035454545454545454
1 0.10676470588235294 0.7684090909090909 0.08294117647058824 0.03681818181818182
1 0.09970588235294117 0.5727272727272728 0.0711764705882353 0.03363636363636364
1 0.6617647058823529 0.36363636363636365 0.1588235294117647 0.038181818181818185
1 0.5105882352941177 0.44681818181818184 0.07176470588235294 0.03272727272727273
1 0.6447058823529411 0.5193181818181818 0.1635294117647059 0.038636363636363635
1 0.4023529411764706 0.3643181818181818 0.17529411764705882 0.03772727272727273
1 0.5185294117647059 0.6052272727272727 0.11 0.03409090909090909
1 0.09852941176470588 0.6090909090909091 0.0711764705882353 0.03636363636363636