1 0.4176470588235294 0.6834090909090909 0.23176470588235293 0.038636363636363635
1 0.7602941176470588 0.8643181818181818 0.06529411764705882 0.042272727272727274
1 0.8502941176470589 0.9315909090909091 0.0711764705882353 0.04045454545454545
1 0.5626470588235294 0.6134090909090909 0.10058823529411764 0.03590909090909091
1 0.41705882352941176 0.9293181818181818 0.06588235294117648 0.03681818181818182
1 0.39323529411764707 0.6127272727272727 0.18411764705882352 0.03363636363636364
1 0.41558823529411765 0.37136363636363634 0.23352941176470587 0.04090909090909091
1 0.653235294117647 0.7340909090909091 0.18176470588235294 0.034545454545454546
1 0.38294117647058823 0.4540909090909091 0.1635294117647059 0.031818181818181815
1 0.6626470588235294 0.6879545454545455 0.22058823529411764 0.04318181818181818
1 0.4244117647058824 0.73 0.2535294117647059 0.03909090909090909
1 0.7770588235294118 0.5386363636363637 0.04588235294117647 0.035454545454545454
1 0.09441176470588235 0.6822727272727273 0.07941176470588235 0.03636363636363636
1 0.105 0.36704545454545456 0.09352941176470589 0.03590909090909091
1 0.11029411764705882 0.45386363636363636 0.09705882352941177 0.03772727272727273
1 0.15735294117647058 0.9265909090909091 0.07 0.03772727272727273
1 0.8161764705882353 0.575 0.07823529411764706 0.03272727272727273
1 0.3311764705882353 0.9295454545454546 0.06 0.03727272727272727
1 0.16441176470588234 0.8595454545454545 0.07 0.04
1 0.10558823529411765 0.5256818181818181 0.08764705882352941 0.03409090909090909
1 0.6391176470588236 0.6227272727272727 0.03 0.034545454545454546
1 0.24441176470588236 0.8629545454545454 0.0711764705882353 0.03954545454545454
1 0.2411764705882353 0.9275 0.05764705882352941 0.038636363636363635
1 0.3847058823529412 0.7688636363636364 0.1588235294117647 0.03227272727272727
1 0.7608823529411765 0.9329545454545455 0.07 0.03954545454545454
1 0.553235294117647 0.7702272727272728 0.14529411764705882 0.031363636363636364
1 0.6223529411764706 0.4131818181818182 0.2211764705882353 0.03363636363636364
1 0.4111764705882353 0.8631818181818182 0.06 0.04
1 0.585 0.9345454545454546 0.05941176470588235 0.038181818181818185
1 0.4323529411764706 0.5288636363636363 0.2529411764705882 0.038636363636363635
1 0.4173529411764706 0.5702272727272727 0.23 0.030454545454545453
1 0.5911764705882353 0.8613636363636363 0.07882352941176471 0.04181818181818182
1 0.10676470588235294 0.4084090909090909 0.08529411764705883 0.03409090909090909
1 0.10205882352941177 0.5670454545454545 0.09117647058823529 0.03590909090909091
1 0.6208823529411764 0.5729545454545455 0.14294117647058824 0.035
1 0.5591176470588235 0.04068181818181818 0.10882352941176471 0.022272727272727274
1 0.7461764705882353 0.5797727272727272 0.039411764705882354 0.030454545454545453
1 0.4923529411764706 0.9270454545454545 0.05411764705882353 0.03772727272727273
1 0.8491176470588235 0.8654545454545455 0.08058823529411764 0.042727272727272725
1 0.68 0.8627272727272727 0.07529411764705882 0.04090909090909091
1 0.09264705882352942 0.7709090909090909 0.07705882352941176 0.035454545454545454
1 0.09205882352941176 0.7252272727272727 0.07823529411764706 0.03590909090909091
1 0.6876470588235294 0.3734090909090909 0.21529411764705883 0.03590909090909091
1 0.5538235294117647 0.45340909090909093 0.1476470588235294 0.035
1 0.5002941176470588 0.8629545454545454 0.06647058823529411 0.03954545454545454
1 0.6608823529411765 0.5293181818181818 0.18529411764705883 0.03772727272727273
1 0.8511764705882353 0.5295454545454545 0.08705882352941176 0.03363636363636364
1 0.09970588235294117 0.6115909090909091 0.09117647058823529 0.03590909090909091
1 0.6764705882352942 0.9343181818181818 0.07411764705882352 0.04045454545454545
1 0.3341176470588235 0.8615909090909091 0.07764705882352942 0.03954545454545454
1 0.6985294117647058 0.6131818181818182 0.05823529411764706 0.03363636363636364
1 0.30823529411764705 0.03772727272727273 0.03764705882352941 0.02090909090909091
1 0.4038235294117647 0.4122727272727273 0.19117647058823528 0.038181818181818185