1 0.35705882352941176 0.7288636363636364 0.12470588235294118 0.03681818181818182
1 0.7517647058823529 0.860909090909091 0.06352941176470588 0.03909090909090909
1 0.8402941176470589 0.9359090909090909 0.07705882352941176 0.042727272727272725
1 0.4052941176470588 0.9275 0.05764705882352941 0.04045454545454545
1 0.8405882352941176 0.8684090909090909 0.06 0.041363636363636366
1 0.37411764705882355 0.6163636363636363 0.1411764705882353 0.03636363636363636
1 0.40558823529411764 0.41863636363636364 0.21470588235294116 0.038181818181818185
1 0.49205882352941177 0.6831818181818182 0.12764705882352942 0.03727272727272727
1 0.6061764705882353 0.6284090909090909 0.031176470588235295 0.031363636363636364
1 0.7567647058823529 0.535 0.10176470588235294 0.03363636363636364
1 0.09705882352941177 0.6775 0.07058823529411765 0.03772727272727273
1 0.09235294117647058 0.4461363636363636 0.07647058823529412 0.03590909090909091
1 0.35970588235294115 0.6852272727272727 0.1264705882352941 0.03409090909090909
1 0.701764705882353 0.5777272727272728 0.024705882352941175 0.031818181818181815
1 0.09588235294117647 0.36272727272727273 0.08352941176470588 0.03727272727272727
1 0.4708823529411765 0.7745454545454545 0.10294117647058823 0.03363636363636364
1 0.1535294117647059 0.9265909090909091 0.06705882352941177 0.04318181818181818
1 0.7861764705882353 0.5747727272727273 0.1323529411764706 0.03681818181818182
1 0.3220588235294118 0.9343181818181818 0.05352941176470588 0.04409090909090909
1 0.16029411764705884 0.8556818181818182 0.06411764705882353 0.03772727272727273
1 0.09147058823529412 0.52 0.07588235294117647 0.035454545454545454
1 0.6788235294117647 0.6227272727272727 0.07529411764705882 0.03272727272727273
1 0.23705882352941177 0.8572727272727273 0.05647058823529412 0.03727272727272727
1 0.23970588235294119 0.9270454545454545 0.06294117647058824 0.03954545454545454
1 0.35558823529411765 0.7729545454545454 0.09705882352941177 0.026818181818181817
1 0.7597058823529412 0.9381818181818182 0.07705882352941176 0.05454545454545454
1 0.2952941176470588 0.03340909090909091 0.047058823529411764 0.02590909090909091
1 0.4976470588235294 0.7290909090909091 0.12470588235294118 0.035454545454545454
1 0.6002941176470589 0.41295454545454546 0.14058823529411765 0.03681818181818182
1 0.4076470588235294 0.8595454545454545 0.05411764705882353 0.04181818181818182
1 0.5794117647058824 0.9270454545454545 0.06823529411764706 0.04045454545454545
1 0.08235294117647059 0.5645454545454546 0.07411764705882352 0.034545454545454546
1 0.39088235294117646 0.5293181818181818 0.18764705882352942 0.03954545454545454
1 0.5702941176470588 0.5343181818181818 0.14411764705882352 0.03590909090909091
1 0.5211764705882352 0.6220454545454546 0.1223529411764706 0.02590909090909091
1 0.40558823529411764 0.5718181818181818 0.2088235294117647 0.03727272727272727
1 0.5897058823529412 0.8690909090909091 0.07352941176470588 0.053636363636363635
1 0.09411764705882353 0.4036363636363636 0.08352941176470588 0.03636363636363636
1 0.5979411764705882 0.5779545454545455 0.14647058823529413 0.03590909090909091
1 0.5620588235294117 0.03931818181818182 0.08176470588235295 0.022272727272727274
1 0.6038235294117648 0.375 0.1535294117647059 0.038181818181818185
1 0.4885294117647059 0.9304545454545454 0.060588235294117644 0.04181818181818182
1 0.663235294117647 0.8636363636363636 0.05941176470588235 0.04090909090909091
1 0.37941176470588234 0.4627272727272727 0.1623529411764706 0.023636363636363636
1 0.09147058823529412 0.7643181818181818 0.07705882352941176 0.03590909090909091
1 0.09382352941176471 0.7209090909090909 0.07588235294117647 0.03636363636363636
1 0.5264705882352941 0.4634090909090909 0.10352941176470588 0.021363636363636362
1 0.4902941176470588 0.8643181818181818 0.05941176470588235 0.03954545454545454
1 0.6752941176470588 0.5436363636363636 0.036470588235294116 0.031818181818181815
1 0.405 0.3709090909090909 0.22058823529411764 0.03909090909090909
1 0.09205882352941176 0.6079545454545454 0.07588235294117647 0.03590909090909091
1 0.6652941176470588 0.9268181818181818 0.06352941176470588 0.042727272727272725
1 0.32176470588235295 0.8568181818181818 0.05529411764705883 0.04