1 0.3685294117647059 0.6793181818181818 0.12176470588235294 0.038636363636363635
1 0.5155882352941177 0.6847727272727273 0.0888235294117647 0.03590909090909091
1 0.7505882352941177 0.8620454545454546 0.05411764705882353 0.03590909090909091
1 0.8423529411764706 0.9347727272727273 0.06470588235294118 0.03772727272727273
1 0.49823529411764705 0.5718181818181818 0.10352941176470588 0.04090909090909091
1 0.40794117647058825 0.9259090909090909 0.057058823529411766 0.03636363636363636
1 0.5076470588235295 0.5315909090909091 0.09058823529411765 0.03590909090909091
1 0.8455882352941176 0.8665909090909091 0.06294117647058824 0.03681818181818182
1 0.3376470588235294 0.6154545454545455 0.07294117647058823 0.035454545454545454
1 0.3526470588235294 0.7263636363636363 0.11 0.03636363636363636
1 0.3629411764705882 0.37022727272727274 0.10235294117647059 0.03681818181818182
1 0.35205882352941176 0.4152272727272727 0.07941176470588235 0.035
1 0.09117647058823529 0.6795454545454546 0.09176470588235294 0.038181818181818185
1 0.11352941176470588 0.4506818181818182 0.1 0.03681818181818182
1 0.46441176470588236 0.7693181818181818 0.07470588235294118 0.035
1 0.15411764705882353 0.9225 0.05529411764705883 0.03772727272727273
1 0.3197058823529412 0.9229545454545455 0.05352941176470588 0.03681818181818182
1 0.15941176470588236 0.8534090909090909 0.06470588235294118 0.04045454545454545
1 0.3664705882352941 0.5259090909090909 0.12117647058823529 0.03727272727272727
1 0.11676470588235294 0.5220454545454546 0.10764705882352942 0.03590909090909091
1 0.24147058823529413 0.855909090909091 0.06529411764705882 0.04
1 0.23794117647058824 0.9236363636363636 0.05235294117647059 0.03727272727272727
1 0.3476470588235294 0.7695454545454545 0.09176470588235294 0.034545454545454546
1 0.7547058823529412 0.9279545454545455 0.05411764705882353 0.03681818181818182
1 0.10941176470588235 0.3643181818181818 0.0976470588235294 0.03590909090909091
1 0.4758823529411765 0.7270454545454546 0.08705882352941176 0.035
1 0.6038235294117648 0.4202272727272727 0.37 0.038636363636363635
1 0.41147058823529414 0.8597727272727272 0.05823529411764706 0.03681818181818182
1 0.5841176470588235 0.9265909090909091 0.05647058823529412 0.03681818181818182
1 0.4852941176470588 0.6156818181818182 0.08588235294117647 0.03409090909090909
1 0.5535294117647059 0.4631818181818182 0.2741176470588235 0.03272727272727273
1 0.5911764705882353 0.8618181818181818 0.07411764705882352 0.03909090909090909
1 0.11852941176470588 0.405 0.09823529411764706 0.035454545454545454
1 0.12 0.5668181818181818 0.1188235294117647 0.03727272727272727
1 0.5529411764705883 0.04022727272727273 0.07764705882352942 0.019545454545454546
1 0.5835294117647059 0.3725 0.29764705882352943 0.038636363636363635
1 0.6741176470588235 0.865 0.06 0.038181818181818185
1 0.34794117647058825 0.4606818181818182 0.08411764705882353 0.035
1 0.10852941176470589 0.7661363636363636 0.10529411764705883 0.03681818181818182
1 0.105 0.7215909090909091 0.10411764705882352 0.03681818181818182
1 0.4935294117647059 0.86 0.04823529411764706 0.03909090909090909
1 0.13 0.6093181818181819 0.11176470588235295 0.03772727272727273
1 0.6705882352941176 0.9265909090909091 0.06 0.03681818181818182
1 0.3291176470588235 0.8581818181818182 0.061764705882352944 0.03727272727272727
1 0.2782352941176471 0.03431818181818182 0.029411764705882353 0.022272727272727274
1 0.3523529411764706 0.5681818181818182 0.10352941176470588 0.03909090909090909