1 0.3891176470588235 0.6909090909090909 0.19 0.035454545454545454
1 0.7505882352941177 0.8631818181818182 0.047058823529411764 0.042727272727272725
1 0.84 0.9277272727272727 0.05058823529411765 0.04090909090909091
1 0.6079411764705882 0.6131818181818182 0.15470588235294117 0.028181818181818183
1 0.4108823529411765 0.9286363636363636 0.05941176470588235 0.03727272727272727
1 0.5676470588235294 0.5329545454545455 0.14 0.03227272727272727
1 0.805 0.7713636363636364 0.11705882352941177 0.03363636363636364
1 0.3926470588235294 0.6102272727272727 0.19705882352941176 0.035
1 0.3897058823529412 0.37318181818181817 0.21235294117647058 0.03363636363636364
1 0.7502941176470588 0.5295454545454545 0.13117647058823528 0.03636363636363636
1 0.435 0.4163636363636364 0.2688235294117647 0.04
1 0.3988235294117647 0.7697727272727273 0.21294117647058824 0.03409090909090909
1 0.08058823529411764 0.6863636363636364 0.07294117647058823 0.03727272727272727
1 0.7282352941176471 0.5754545454545454 0.03294117647058824 0.03363636363636364
1 0.11588235294117646 0.36318181818181816 0.07882352941176471 0.03727272727272727
1 0.1264705882352941 0.44772727272727275 0.07529411764705882 0.03636363636363636
1 0.6341176470588236 0.7295454545454545 0.19058823529411764 0.034545454545454546
1 0.1476470588235294 0.9245454545454546 0.05058823529411765 0.04090909090909091
1 0.8161764705882353 0.5713636363636364 0.13941176470588235 0.03727272727272727
1 0.3264705882352941 0.9245454545454546 0.05411764705882353 0.03909090909090909
1 0.15176470588235294 0.8581818181818182 0.05176470588235294 0.038181818181818185
1 0.09676470588235295 0.5238636363636363 0.07588235294117647 0.035
1 0.235 0.9247727272727273 0.051176470588235295 0.038636363636363635
1 0.41294117647058826 0.730909090909091 0.23294117647058823 0.034545454545454546
1 0.7597058823529412 0.9275 0.05588235294117647 0.03772727272727273
1 0.6729411764705883 0.41704545454545455 0.18823529411764706 0.04409090909090909
1 0.4047058823529412 0.8590909090909091 0.04588235294117647 0.03909090909090909
1 0.5797058823529412 0.8645454545454545 0.04647058823529412 0.03636363636363636
1 0.3961764705882353 0.5293181818181818 0.19941176470588234 0.04318181818181818
1 0.6 0.4615909090909091 0.029411764705882353 0.031363636363636364
1 0.415 0.57 0.23705882352941177 0.03909090909090909
1 0.5220588235294118 0.45590909090909093 0.11 0.03363636363636364
1 0.6135294117647059 0.7704545454545455 0.16588235294117648 0.031818181818181815
1 0.11911764705882352 0.4047727272727273 0.08058823529411764 0.03681818181818182
1 0.09147058823529412 0.5636363636363636 0.0711764705882353 0.035454545454545454
1 0.6247058823529412 0.5690909090909091 0.15176470588235294 0.03727272727272727
1 0.5670588235294117 0.04 0.11176470588235295 0.02181818181818182
1 0.7841176470588235 0.41704545454545455 0.03529411764705882 0.03590909090909091
1 0.5011764705882353 0.9281818181818182 0.05529411764705883 0.038181818181818185
1 0.7152941176470589 0.7718181818181818 0.03176470588235294 0.03363636363636364
1 0.6011764705882353 0.37363636363636366 0.18470588235294116 0.03909090909090909
1 0.8108823529411765 0.3775 0.12529411764705883 0.03409090909090909
1 0.5979411764705882 0.6911363636363637 0.17705882352941177 0.03772727272727273
1 0.8373529411764706 0.7243181818181819 0.10764705882352942 0.035
1 0.37823529411764706 0.4627272727272727 0.17882352941176471 0.03363636363636364
1 0.0861764705882353 0.7672727272727272 0.08294117647058824 0.03636363636363636
1 0.08852941176470588 0.7236363636363636 0.07941176470588235 0.03727272727272727
1 0.725 0.3815909090909091 0.03470588235294118 0.035
1 0.4964705882352941 0.8602272727272727 0.04588235294117647 0.03681818181818182
1 0.8588235294117647 0.4163636363636364 0.11411764705882353 0.038181818181818185
1 0.09088235294117647 0.6093181818181819 0.07235294117647059 0.03681818181818182
1 0.6679411764705883 0.9272727272727272 0.04764705882352941 0.04
1 0.32735294117647057 0.8572727272727273 0.05823529411764706 0.03727272727272727
1 0.6858823529411765 0.46386363636363637 0.10588235294117647 0.03318181818181818
1 0.755 0.7245454545454545 0.033529411764705884 0.03272727272727273
1 0.3114705882352941 0.031363636363636364 0.045294117647058825 0.02909090909090909
1 0.6558823529411765 0.5411363636363636 0.023529411764705882 0.03318181818181818
1 0.7191176470588235 0.6165909090909091 0.04058823529411765 0.03409090909090909
1 0.8332352941176471 0.6115909090909091 0.13705882352941176 0.030454545454545453
1 0.6697058823529412 0.8654545454545455 0.05941176470588235 0.038181818181818185
1 0.5811764705882353 0.9306818181818182 0.06 0.03772727272727273
1 0.8411764705882353 0.8711363636363636 0.05058823529411765 0.03772727272727273
1 0.235 0.8590909090909091 0.060588235294117644 0.03909090909090909