1 0.5602941176470588 0.6845454545454546 0.10294117647058823 0.03363636363636364
1 0.39323529411764707 0.405 0.18294117647058825 0.03727272727272727
1 0.7670588235294118 0.8584090909090909 0.06352941176470588 0.03590909090909091
1 0.8405882352941176 0.9263636363636364 0.05529411764705883 0.03727272727272727
1 0.41794117647058826 0.9281818181818182 0.05352941176470588 0.035454545454545454
1 0.375 0.6115909090909091 0.14294117647058824 0.03409090909090909
1 0.3761764705882353 0.4511363636363636 0.1476470588235294 0.03681818181818182
1 0.39088235294117646 0.6831818181818182 0.1723529411764706 0.03636363636363636
1 0.4082352941176471 0.7261363636363637 0.21411764705882352 0.03772727272727273
1 0.09558823529411764 0.6845454545454546 0.0688235294117647 0.035454545454545454
1 0.0961764705882353 0.3684090909090909 0.07352941176470588 0.03409090909090909
1 0.10352941176470588 0.44931818181818184 0.08235294117647059 0.03681818181818182
1 0.6011764705882353 0.7254545454545455 0.13647058823529412 0.035454545454545454
1 0.15705882352941178 0.9275 0.05764705882352941 0.03681818181818182
1 0.33 0.93 0.05647058823529412 0.035454545454545454
1 0.15558823529411764 0.8611363636363636 0.05 0.03681818181818182
1 0.09382352941176471 0.5256818181818181 0.07470588235294118 0.035
1 0.24029411764705882 0.8588636363636364 0.04294117647058823 0.03681818181818182
1 0.24235294117647058 0.9277272727272727 0.05411764705882353 0.03636363636363636
1 0.38676470588235295 0.7713636363636364 0.1676470588235294 0.034545454545454546
1 0.7605882352941177 0.9268181818181818 0.05529411764705883 0.03636363636363636
1 0.5355882352941177 0.7722727272727272 0.09117647058823529 0.03090909090909091
1 0.665 0.45386363636363636 0.06411764705882353 0.03318181818181818
1 0.5805882352941176 0.405 0.13294117647058823 0.03636363636363636
1 0.4194117647058824 0.8606818181818182 0.05529411764705883 0.03772727272727273
1 0.5847058823529412 0.9286363636363636 0.05058823529411765 0.03636363636363636
1 0.39647058823529413 0.5275 0.17411764705882352 0.03590909090909091
1 0.5614705882352942 0.5229545454545454 0.09705882352941177 0.03318181818181818
1 0.5270588235294118 0.6145454545454545 0.08 0.03090909090909091
1 0.5844117647058824 0.8575 0.04647058823529412 0.038636363636363635
1 0.10029411764705883 0.4077272727272727 0.07941176470588235 0.03636363636363636
1 0.58 0.5704545454545454 0.11176470588235295 0.03363636363636364
1 0.5629411764705883 0.3668181818181818 0.12352941176470589 0.03727272727272727
1 0.5023529411764706 0.9286363636363636 0.04823529411764706 0.03363636363636364
1 0.8508823529411764 0.860909090909091 0.06294117647058824 0.03636363636363636
1 0.6729411764705883 0.8572727272727273 0.05411764705882353 0.03727272727272727
1 0.7085294117647059 0.36227272727272725 0.07823529411764706 0.03363636363636364
1 0.4038235294117647 0.5702272727272727 0.19823529411764707 0.03590909090909091
1 0.09588235294117647 0.7713636363636364 0.06823529411764706 0.03363636363636364
1 0.09735294117647059 0.7225 0.0711764705882353 0.035
1 0.6785294117647059 0.4047727272727273 0.031176470588235295 0.03681818181818182
1 0.5279411764705882 0.4515909090909091 0.09823529411764706 0.035
1 0.5026470588235294 0.86 0.04764705882352941 0.038181818181818185
1 0.6082352941176471 0.45681818181818185 0.027058823529411764 0.034545454545454546
1 0.7461764705882353 0.4056818181818182 0.08764705882352941 0.035
1 0.09852941176470588 0.6115909090909091 0.08176470588235295 0.03681818181818182
1 0.673235294117647 0.9268181818181818 0.05823529411764706 0.03727272727272727
1 0.3291176470588235 0.8613636363636363 0.05588235294117647 0.03636363636363636
1 0.3073529411764706 0.03931818181818182 0.04058823529411765 0.020454545454545454
1 0.5497058823529412 0.038636363636363635 0.10529411764705883 0.02181818181818182
1 0.3911764705882353 0.36613636363636365 0.19294117647058823 0.038636363636363635
1 0.6470588235294118 0.365 0.03294117647058824 0.03636363636363636
1 0.10029411764705883 0.5679545454545455 0.08058823529411764 0.03409090909090909