1 0.37470588235294117 0.6863636363636364 0.15411764705882353 0.04090909090909091
1 0.5402941176470588 0.6875 0.11588235294117646 0.03954545454545454
1 0.3638235294117647 0.5288636363636363 0.14176470588235293 0.042272727272727274
1 0.7502941176470588 0.8615909090909091 0.05823529411764706 0.042272727272727274
1 0.4002941176470588 0.9259090909090909 0.04764705882352941 0.038181818181818185
1 0.5105882352941177 0.5327272727272727 0.09529411764705882 0.035454545454545454
1 0.8464705882352941 0.8631818181818182 0.07411764705882352 0.04
1 0.37 0.6161363636363636 0.15176470588235294 0.03954545454545454
1 0.4164705882352941 0.4131818181818182 0.24705882352941178 0.042727272727272725
1 0.6720588235294118 0.7806818181818181 0.0888235294117647 0.03590909090909091
1 0.40294117647058825 0.7311363636363636 0.22 0.03318181818181818
1 0.3517647058823529 0.36977272727272725 0.11411764705882353 0.04681818181818182
1 0.09382352941176471 0.6815909090909091 0.07941176470588235 0.042272727272727274
1 0.7402941176470588 0.5854545454545454 0.028823529411764706 0.03636363636363636
1 0.08735294117647059 0.3654545454545455 0.08294117647058824 0.03636363636363636
1 0.09852941176470588 0.4475 0.09352941176470589 0.03681818181818182
1 0.5085294117647059 0.7772727272727272 0.09588235294117647 0.034545454545454546
1 0.6108823529411764 0.7347727272727272 0.1711764705882353 0.03590909090909091
1 0.14088235294117646 0.9252272727272727 0.04647058823529412 0.04045454545454545
1 0.82 0.5761363636363637 0.10705882352941176 0.03681818181818182
1 0.1461764705882353 0.8584090909090909 0.0488235294117647 0.03954545454545454
1 0.7220588235294118 0.7447727272727273 0.028823529411764706 0.03681818181818182
1 0.09323529411764706 0.5227272727272727 0.09 0.035454545454545454
1 0.6605882352941177 0.6236363636363637 0.07411764705882352 0.031818181818181815
1 0.2326470588235294 0.8584090909090909 0.057058823529411766 0.03954545454545454
1 0.2252941176470588 0.9252272727272727 0.04470588235294118 0.03954545454545454
1 0.36676470588235294 0.775 0.1535294117647059 0.04
1 0.7435294117647059 0.9261363636363636 0.04470588235294118 0.03954545454545454
1 0.678235294117647 0.45954545454545453 0.06 0.03363636363636364
1 0.6294117647058823 0.3734090909090909 0.06941176470588235 0.03409090909090909
1 0.6355882352941177 0.41659090909090907 0.16647058823529412 0.038636363636363635
1 0.40441176470588236 0.8586363636363636 0.05352941176470588 0.04090909090909091
1 0.09264705882352942 0.5652272727272727 0.09235294117647058 0.03772727272727273
1 0.41411764705882353 0.5706818181818182 0.24588235294117647 0.04681818181818182
1 0.5861764705882353 0.5411363636363636 0.03705882352941176 0.03318181818181818
1 0.5826470588235294 0.8575 0.04764705882352941 0.038636363636363635
1 0.08676470588235294 0.4065909090909091 0.08647058823529412 0.03590909090909091
1 0.6220588235294118 0.5768181818181818 0.1688235294117647 0.04090909090909091
1 0.5388235294117647 0.038181818181818185 0.06470588235294118 0.022727272727272728
1 0.6214705882352941 0.4661363636363636 0.026470588235294117 0.03409090909090909
1 0.8176470588235294 0.7331818181818182 0.14705882352941177 0.038181818181818185
1 0.48823529411764705 0.9263636363636364 0.052941176470588235 0.038181818181818185
1 0.6641176470588235 0.8627272727272727 0.05647058823529412 0.04909090909090909
1 0.5564705882352942 0.3784090909090909 0.036470588235294116 0.03681818181818182
1 0.3738235294117647 0.4586363636363636 0.15823529411764706 0.038181818181818185
1 0.09470588235294118 0.7675 0.09176470588235294 0.045909090909090906
1 0.10088235294117646 0.725 0.08529411764705883 0.03909090909090909
1 0.7455882352941177 0.42045454545454547 0.03235294117647059 0.03727272727272727
1 0.5252941176470588 0.4668181818181818 0.1188235294117647 0.035454545454545454
1 0.6347058823529412 0.6984090909090909 0.03411764705882353 0.03318181818181818
1 0.4902941176470588 0.86 0.04764705882352941 0.04090909090909091
1 0.6685294117647059 0.5315909090909091 0.07941176470588235 0.03590909090909091
1 0.8188235294117647 0.41545454545454547 0.08941176470588236 0.03636363636363636
1 0.596764705882353 0.6238636363636364 0.027647058823529413 0.03409090909090909
1 0.4764705882352941 0.3725 0.08352941176470588 0.03590909090909091
1 0.5102941176470588 0.6197727272727273 0.10294117647058823 0.03409090909090909
1 0.09705882352941177 0.6088636363636364 0.11058823529411765 0.045
1 0.6591176470588235 0.9277272727272727 0.04411764705882353 0.03909090909090909
1 0.32088235294117645 0.8575 0.057058823529411766 0.03954545454545454
1 0.7152941176470589 0.6911363636363637 0.08705882352941176 0.03590909090909091
1 0.30323529411764705 0.03409090909090909 0.03588235294117647 0.03272727272727273
1 0.5941176470588235 0.7861363636363636 0.03411764705882353 0.03409090909090909
1 0.31558823529411767 0.9259090909090909 0.054705882352941174 0.04090909090909091
1 0.5729411764705883 0.9277272727272727 0.05529411764705883 0.04