1 0.36911764705882355 0.678409090909091 0.13117647058823528 0.03318181818181818
1 0.41441176470588237 0.4025 0.21 0.03590909090909091
1 0.7558823529411764 0.8581818181818182 0.06470588235294118 0.04181818181818182
1 0.8455882352941176 0.9240909090909091 0.06764705882352941 0.04090909090909091
1 0.5617647058823529 0.5654545454545454 0.12117647058823529 0.034545454545454546
1 0.41294117647058826 0.9227272727272727 0.07176470588235294 0.04
1 0.8482352941176471 0.8579545454545454 0.07529411764705882 0.03681818181818182
1 0.36705882352941177 0.6072727272727273 0.12117647058823529 0.02727272727272727
1 0.5147058823529411 0.6790909090909091 0.13294117647058823 0.03727272727272727
1 0.658235294117647 0.6815909090909091 0.08 0.03227272727272727
1 0.41147058823529414 0.7206818181818182 0.22294117647058823 0.03772727272727273
1 0.2838235294117647 0.027045454545454546 0.04411764705882353 0.020454545454545454
1 0.10735294117647058 0.6727272727272727 0.09 0.03727272727272727
1 0.10264705882352941 0.44363636363636366 0.0888235294117647 0.03636363636363636
1 0.10529411764705883 0.36 0.08823529411764706 0.038181818181818185
1 0.5017647058823529 0.7654545454545455 0.08823529411764706 0.03636363636363636
1 0.5938235294117648 0.7231818181818181 0.13117647058823528 0.034545454545454546
1 0.14441176470588235 0.9188636363636363 0.054705882352941174 0.042272727272727274
1 0.31882352941176473 0.92 0.05647058823529412 0.03909090909090909
1 0.15323529411764705 0.8511363636363637 0.06294117647058824 0.04045454545454545
1 0.4076470588235294 0.52 0.18823529411764706 0.031818181818181815
1 0.10029411764705883 0.5115909090909091 0.07941176470588235 0.03772727272727273
1 0.6797058823529412 0.7268181818181818 0.03 0.03272727272727273
1 0.846764705882353 0.36954545454545457 0.10882352941176471 0.034545454545454546
1 0.2376470588235294 0.8529545454545454 0.05411764705882353 0.04045454545454545
1 0.23823529411764705 0.9202272727272728 0.06235294117647059 0.038636363636363635
1 0.7617647058823529 0.925 0.07411764705882352 0.04
1 0.5788235294117647 0.7704545454545455 0.03882352941176471 0.03727272727272727
1 0.6288235294117647 0.40863636363636363 0.2 0.038181818181818185
1 0.6638235294117647 0.3654545454545455 0.15470588235294117 0.03727272727272727
1 0.4117647058823529 0.8529545454545454 0.06588235294117648 0.042272727272727274
1 0.5832352941176471 0.9218181818181819 0.06294117647058824 0.04181818181818182
1 0.4 0.5629545454545455 0.19176470588235295 0.03681818181818182
1 0.4788235294117647 0.6093181818181819 0.08470588235294117 0.03409090909090909
1 0.5005882352941177 0.44727272727272727 0.10588235294117647 0.034545454545454546
1 0.5814705882352941 0.8572727272727273 0.06411764705882353 0.03727272727272727
1 0.10352941176470588 0.3986363636363636 0.08705882352941176 0.038181818181818185
1 0.10088235294117646 0.5581818181818182 0.08411764705882353 0.03636363636363636
1 0.6417647058823529 0.565 0.02823529411764706 0.03272727272727273
1 0.7532352941176471 0.4102272727272727 0.03470588235294118 0.03772727272727273
1 0.7376470588235294 0.7261363636363637 0.07647058823529412 0.03227272727272727
1 0.5038235294117647 0.9215909090909091 0.07823529411764706 0.04045454545454545
1 0.6767647058823529 0.8570454545454546 0.07 0.035
1 0.11029411764705882 0.7568181818181818 0.09235294117647058 0.035454545454545454
1 0.10764705882352942 0.7154545454545455 0.09411764705882353 0.03636363636363636
1 0.7652941176470588 0.3690909090909091 0.041176470588235294 0.034545454545454546
1 0.6026470588235294 0.45 0.039411764705882354 0.035454545454545454
1 0.4985294117647059 0.8556818181818182 0.06764705882352941 0.041363636363636366
1 0.6541176470588236 0.525 0.07294117647058823 0.02727272727272727
1 0.8194117647058824 0.4118181818181818 0.07764705882352942 0.035454545454545454
1 0.5841176470588235 0.6088636363636364 0.05647058823529412 0.030454545454545453
1 0.4323529411764706 0.36363636363636365 0.24941176470588236 0.03090909090909091
1 0.5423529411764706 0.6090909090909091 0.02235294117647059 0.03272727272727273
1 0.0988235294117647 0.6006818181818182 0.08352941176470588 0.03681818181818182
1 0.6694117647058824 0.9240909090909091 0.06588235294117648 0.04090909090909091
1 0.31823529411764706 0.8518181818181818 0.05529411764705883 0.038181818181818185
1 0.3791176470588235 0.44727272727272727 0.1323529411764706 0.035454545454545454
1 0.6976470588235294 0.5668181818181818 0.07176470588235294 0.031818181818181815
1 0.5570588235294117 0.03409090909090909 0.08235294117647059 0.016363636363636365
1 0.5688235294117647 0.4581818181818182 0.021176470588235293 0.031818181818181815
1 0.5470588235294118 0.5256818181818181 0.08235294117647059 0.030454545454545453
1 0.5994117647058823 0.5331818181818182 0.01411764705882353 0.031818181818181815
1 0.6002941176470589 0.6954545454545454 0.027647058823529413 0.03363636363636364
1 0.6314705882352941 0.7704545454545455 0.06411764705882353 0.03272727272727273
1 0.37029411764705883 0.7672727272727272 0.15235294117647058 0.03090909090909091