1 0.35676470588235293 0.6815909090909091 0.12529411764705883 0.03772727272727273
1 0.5702941176470588 0.68 0.07823529411764706 0.03636363636363636
1 0.7544117647058823 0.8579545454545454 0.05352941176470588 0.03954545454545454
1 0.8464705882352941 0.9265909090909091 0.0611764705882353 0.03681818181818182
1 0.565 0.571590909090909 0.13470588235294118 0.03590909090909091
1 0.4088235294117647 0.9272727272727272 0.05411764705882353 0.035454545454545454
1 0.5111764705882353 0.5247727272727273 0.1 0.03590909090909091
1 0.39588235294117646 0.5695454545454546 0.2 0.03727272727272727
1 0.6735294117647059 0.7284090909090909 0.09411764705882353 0.03318181818181818
1 0.37441176470588233 0.4552272727272727 0.15470588235294117 0.042272727272727274
1 0.3814705882352941 0.725 0.1723529411764706 0.035454545454545454
1 0.48411764705882354 0.36568181818181816 0.1376470588235294 0.03681818181818182
1 0.37058823529411766 0.41 0.14823529411764705 0.034545454545454546
1 0.09411764705882353 0.6815909090909091 0.07647058823529412 0.035
1 0.09 0.4531818181818182 0.06352941176470588 0.03272727272727273
1 0.6520588235294118 0.5770454545454545 0.031176470588235295 0.03590909090909091
1 0.08735294117647059 0.3634090909090909 0.0711764705882353 0.03590909090909091
1 0.45441176470588235 0.7661363636363636 0.08529411764705883 0.029545454545454545
1 0.14676470588235294 0.9252272727272727 0.045294117647058825 0.038636363636363635
1 0.3197058823529412 0.9247727272727273 0.0488235294117647 0.03772727272727273
1 0.09029411764705883 0.5268181818181819 0.07470588235294118 0.03727272727272727
1 0.5994117647058823 0.615909090909091 0.03176470588235294 0.034545454545454546
1 0.23941176470588235 0.9229545454545455 0.05529411764705883 0.038636363636363635
1 0.35294117647058826 0.7688636363636364 0.11294117647058824 0.03409090909090909
1 0.7555882352941177 0.9261363636363636 0.057058823529411766 0.03681818181818182
1 0.2914705882352941 0.03568181818181818 0.039411764705882354 0.021363636363636362
1 0.4647058823529412 0.6809090909090909 0.09294117647058824 0.045454545454545456
1 0.6579411764705883 0.6115909090909091 0.07941176470588235 0.02772727272727273
1 0.4147058823529412 0.8579545454545454 0.052941176470588235 0.038636363636363635
1 0.5852941176470589 0.9263636363636364 0.04352941176470588 0.034545454545454546
1 0.08352941176470588 0.5679545454545455 0.07764705882352942 0.03681818181818182
1 0.3764705882352941 0.5252272727272728 0.16470588235294117 0.03681818181818182
1 0.5844117647058824 0.5304545454545454 0.031176470588235295 0.03272727272727273
1 0.5597058823529412 0.7693181818181818 0.06764705882352941 0.02772727272727273
1 0.10088235294117646 0.4088636363636364 0.08176470588235295 0.03590909090909091
1 0.5414705882352941 0.038863636363636364 0.07588235294117647 0.030454545454545453
1 0.7370588235294118 0.571590909090909 0.11411764705882353 0.03409090909090909
1 0.49529411764705883 0.9261363636363636 0.047058823529411764 0.03681818181818182
1 0.8320588235294117 0.8586363636363636 0.051176470588235295 0.04
1 0.6697058823529412 0.8584090909090909 0.05352941176470588 0.03954545454545454
1 0.5426470588235294 0.4077272727272727 0.18176470588235294 0.03727272727272727
1 0.5297058823529411 0.6093181818181819 0.10529411764705883 0.03318181818181818
1 0.08 0.7659090909090909 0.07058823529411765 0.034545454545454546
1 0.08411764705882353 0.7268181818181818 0.07764705882352942 0.035454545454545454
1 0.5358823529411765 0.45136363636363636 0.15411764705882353 0.035454545454545454
1 0.6073529411764705 0.7345454545454545 0.027647058823529413 0.034545454545454546
1 0.6497058823529411 0.525 0.08647058823529412 0.03363636363636364
1 0.3826470588235294 0.6113636363636363 0.17588235294117646 0.03727272727272727
1 0.3561764705882353 0.36727272727272725 0.11705882352941177 0.038181818181818185
1 0.5341176470588235 0.7279545454545454 0.12 0.03318181818181818
1 0.07823529411764706 0.6115909090909091 0.06941176470588235 0.03590909090909091
1 0.6691176470588235 0.9245454545454546 0.05352941176470588 0.04090909090909091
1 0.32529411764705884 0.8570454545454546 0.05058823529411765 0.038636363636363635
1 0.5211764705882352 0.6856818181818182 0.021176470588235293 0.030454545454545453
1 0.5067647058823529 0.7770454545454546 0.028823529411764706 0.025
1 0.1423529411764706 0.8593181818181819 0.04823529411764706 0.04045454545454545
1 0.23470588235294118 0.8581818181818182 0.05529411764705883 0.038181818181818185
1 0.4923529411764706 0.8593181818181819 0.05529411764705883 0.03772727272727273
1 0.581764705882353 0.8618181818181818 0.0611764705882353 0.038181818181818185