1 0.40352941176470586 0.6779545454545455 0.18352941176470589 0.03772727272727273
1 0.3997058823529412 0.5177272727272727 0.18294117647058825 0.03727272727272727
1 0.7711764705882352 0.8536363636363636 0.06941176470588235 0.04090909090909091
1 0.8573529411764705 0.9218181818181819 0.07 0.04
1 0.5508823529411765 0.605909090909091 0.08529411764705883 0.03272727272727273
1 0.425 0.9218181818181819 0.06764705882352941 0.03909090909090909
1 0.43470588235294116 0.4475 0.25176470588235295 0.03681818181818182
1 0.40352941176470586 0.7645454545454545 0.19411764705882353 0.03636363636363636
1 0.4194117647058824 0.3640909090909091 0.21411764705882352 0.04454545454545455
1 0.11735294117647059 0.6804545454545454 0.07941176470588235 0.03272727272727273
1 0.10911764705882353 0.4461363636363636 0.09 0.03590909090909091
1 0.6438235294117647 0.7697727272727273 0.23588235294117646 0.042272727272727274
1 0.16058823529411764 0.9206818181818182 0.06235294117647059 0.03954545454545454
1 0.7147058823529412 0.7238636363636364 0.27058823529411763 0.042272727272727274
1 0.34088235294117647 0.9209090909090909 0.0688235294117647 0.04
1 0.16176470588235295 0.8531818181818182 0.0611764705882353 0.038181818181818185
1 0.11352941176470588 0.5179545454545454 0.08941176470588236 0.035
1 0.24911764705882353 0.8520454545454546 0.06294117647058824 0.038636363636363635
1 0.25323529411764706 0.92 0.06764705882352941 0.03909090909090909
1 0.7735294117647059 0.9206818181818182 0.06588235294117648 0.03954545454545454
1 0.11058823529411765 0.36045454545454547 0.08235294117647059 0.034545454545454546
1 0.616764705882353 0.44886363636363635 0.09470588235294118 0.03409090909090909
1 0.591764705882353 0.3659090909090909 0.07882352941176471 0.03272727272727273
1 0.42205882352941176 0.8525 0.060588235294117644 0.03954545454545454
1 0.5941176470588235 0.9197727272727273 0.06470588235294118 0.03954545454545454
1 0.11705882352941177 0.5634090909090909 0.09647058823529411 0.035
1 0.43 0.5627272727272727 0.24352941176470588 0.038181818181818185
1 0.55 0.5325 0.07647058823529412 0.03227272727272727
1 0.5964705882352941 0.855 0.06352941176470588 0.04181818181818182
1 0.11147058823529411 0.4025 0.09352941176470589 0.03409090909090909
1 0.5673529411764706 0.03 0.08176470588235295 0.024545454545454544
1 0.47823529411764704 0.405 0.35411764705882354 0.03909090909090909
1 0.7382352941176471 0.4047727272727273 0.13294117647058823 0.03772727272727273
1 0.5052941176470588 0.9211363636363636 0.05058823529411765 0.04045454545454545
1 0.8588235294117647 0.8536363636363636 0.07058823529411765 0.04
1 0.6752941176470588 0.8538636363636364 0.05529411764705883 0.038636363636363635
1 0.4023529411764706 0.6029545454545454 0.1811764705882353 0.03681818181818182
1 0.10852941176470589 0.7613636363636364 0.08411764705882353 0.035454545454545454
1 0.10529411764705883 0.7220454545454545 0.08352941176470588 0.029545454545454545
1 0.5076470588235295 0.8529545454545454 0.0611764705882353 0.03681818181818182
1 0.633235294117647 0.6831818181818182 0.2111764705882353 0.042727272727272725
1 0.11352941176470588 0.6031818181818182 0.09647058823529411 0.03636363636363636
1 0.6820588235294117 0.9204545454545454 0.061764705882352944 0.038181818181818185
1 0.33794117647058824 0.8527272727272728 0.0688235294117647 0.03727272727272727
1 0.6329411764705882 0.5647727272727273 0.11176470588235295 0.035
1 0.31470588235294117 0.03068181818181818 0.052941176470588235 0.02772727272727273
1 0.4335294117647059 0.7238636363636364 0.2564705882352941 0.03590909090909091