1 0.39323529411764707 0.6809090909090909 0.18529411764705883 0.03727272727272727
1 0.43411764705882355 0.405 0.27294117647058824 0.03909090909090909
1 0.7576470588235295 0.8618181818181818 0.05764705882352941 0.03727272727272727
1 0.8435294117647059 0.9281818181818182 0.06470588235294118 0.038181818181818185
1 0.5591176470588235 0.615909090909091 0.13117647058823528 0.03363636363636364
1 0.41294117647058826 0.928409090909091 0.06705882352941177 0.03772727272727273
1 0.8408823529411765 0.8627272727272727 0.06411764705882353 0.04090909090909091
1 0.3870588235294118 0.6115909090909091 0.1776470588235294 0.03590909090909091
1 0.6538235294117647 0.7275 0.2535294117647059 0.031363636363636364
1 0.4002941176470588 0.45022727272727275 0.19 0.03772727272727273
1 0.658235294117647 0.6172727272727273 0.02823529411764706 0.03
1 0.40558823529411764 0.7256818181818182 0.21235294117647058 0.03681818181818182
1 0.7652941176470588 0.4102272727272727 0.03294117647058824 0.035
1 0.7420588235294118 0.5722727272727273 0.031176470588235295 0.03090909090909091
1 0.0976470588235294 0.4470454545454545 0.08588235294117647 0.03681818181818182
1 0.1538235294117647 0.9261363636363636 0.061764705882352944 0.03681818181818182
1 0.8226470588235294 0.5747727272727273 0.10058823529411764 0.035
1 0.32529411764705884 0.925 0.06 0.03727272727272727
1 0.15088235294117647 0.8570454545454546 0.05588235294117647 0.038636363636363635
1 0.0988235294117647 0.5231818181818182 0.08705882352941176 0.035454545454545454
1 0.8558823529411764 0.37 0.08235294117647059 0.03272727272727273
1 0.23852941176470588 0.8581818181818182 0.061764705882352944 0.038181818181818185
1 0.6952941176470588 0.5277272727272727 0.036470588235294116 0.03363636363636364
1 0.22852941176470587 0.9252272727272727 0.05 0.038636363636363635
1 0.3723529411764706 0.7697727272727273 0.14823529411764705 0.035
1 0.755 0.9270454545454545 0.061764705882352944 0.038636363636363635
1 0.10147058823529412 0.36772727272727274 0.10294117647058823 0.031818181818181815
1 0.5541176470588235 0.7697727272727273 0.1588235294117647 0.035
1 0.6647058823529411 0.4127272727272727 0.15294117647058825 0.03636363636363636
1 0.6788235294117647 0.37113636363636365 0.17529411764705882 0.03772727272727273
1 0.4526470588235294 0.3659090909090909 0.28411764705882353 0.038181818181818185
1 0.40911764705882353 0.8590909090909091 0.04647058823529412 0.03727272727272727
1 0.5823529411764706 0.9290909090909091 0.05647058823529412 0.03909090909090909
1 0.4076470588235294 0.5297727272727273 0.21529411764705883 0.038636363636363635
1 0.5979411764705882 0.5231818181818182 0.15 0.03727272727272727
1 0.4223529411764706 0.5693181818181818 0.2529411764705882 0.035
1 0.5779411764705882 0.86 0.05352941176470588 0.03727272727272727
1 0.09852941176470588 0.4059090909090909 0.09470588235294118 0.03727272727272727
1 0.09941176470588235 0.5684090909090909 0.0811764705882353 0.03590909090909091
1 0.6388235294117647 0.5720454545454545 0.15294117647058825 0.035
1 0.5591176470588235 0.03272727272727273 0.054705882352941174 0.025454545454545455
1 0.7444117647058823 0.45340909090909093 0.06647058823529411 0.03318181818181818
1 0.7332352941176471 0.6136363636363636 0.07941176470588235 0.03090909090909091
1 0.49470588235294116 0.9288636363636363 0.05647058823529412 0.03954545454545454
1 0.6726470588235294 0.8615909090909091 0.06647058823529411 0.03409090909090909
1 0.6020588235294118 0.6797727272727273 0.21588235294117647 0.03772727272727273
1 0.09147058823529412 0.7665909090909091 0.08058823529411764 0.035
1 0.09058823529411765 0.6836363636363636 0.08470588235294117 0.03727272727272727
1 0.5855882352941176 0.455 0.11941176470588236 0.035454545454545454
1 0.49411764705882355 0.86 0.06470588235294118 0.03727272727272727
1 0.6773529411764706 0.4631818181818182 0.03470588235294118 0.034545454545454546
1 0.84 0.4118181818181818 0.08235294117647059 0.034545454545454546
1 0.10235294117647059 0.6045454545454545 0.08941176470588236 0.038181818181818185
1 0.6679411764705883 0.9259090909090909 0.060588235294117644 0.03909090909090909
1 0.3288235294117647 0.8577272727272728 0.06588235294117648 0.038181818181818185
1 0.3058823529411765 0.03568181818181818 0.058823529411764705 0.02590909090909091
1 0.7891176470588235 0.3679545454545455 0.027647058823529413 0.03772727272727273
1 0.785 0.5265909090909091 0.12176470588235294 0.035
1 0.09588235294117647 0.7231818181818181 0.09647058823529411 0.02909090909090909