1 0.37029411764705883 0.6838636363636363 0.11705882352941177 0.03590909090909091
1 0.39647058823529413 0.37 0.17882352941176471 0.03727272727272727
1 0.7623529411764706 0.8588636363636364 0.05647058823529412 0.04045454545454545
1 0.8491176470588235 0.9229545454545455 0.061764705882352944 0.04045454545454545
1 0.42676470588235293 0.9263636363636364 0.061764705882352944 0.03636363636363636
1 0.8482352941176471 0.8577272727272728 0.05647058823529412 0.04090909090909091
1 0.39205882352941174 0.6138636363636364 0.16294117647058823 0.035
1 0.68 0.860909090909091 0.06352941176470588 0.04090909090909091
1 0.683235294117647 0.5670454545454545 0.031176470588235295 0.03409090909090909
1 0.39647058823529413 0.41659090909090907 0.1776470588235294 0.03772727272727273
1 0.09735294117647059 0.6893181818181818 0.05352941176470588 0.03409090909090909
1 0.08647058823529412 0.4625 0.0611764705882353 0.035
1 0.095 0.5363636363636364 0.06411764705882353 0.035454545454545454
1 0.08441176470588235 0.41863636363636364 0.05941176470588235 0.034545454545454546
1 0.15441176470588236 0.9290909090909091 0.0488235294117647 0.038181818181818185
1 0.8035294117647059 0.5277272727272727 0.13058823529411764 0.03363636363636364
1 0.33088235294117646 0.9281818181818182 0.05588235294117647 0.03636363636363636
1 0.16117647058823528 0.8625 0.05764705882352941 0.03681818181818182
1 0.6494117647058824 0.6086363636363636 0.08941176470588236 0.02909090909090909
1 0.24441176470588236 0.8604545454545455 0.05 0.03727272727272727
1 0.2464705882352941 0.9261363636363636 0.05647058823529412 0.03772727272727273
1 0.36941176470588233 0.7318181818181818 0.12705882352941175 0.03636363636363636
1 0.7635294117647059 0.9243181818181818 0.06 0.04045454545454545
1 0.2635294117647059 0.03977272727272727 0.036470588235294116 0.025
1 0.5379411764705883 0.725 0.19470588235294117 0.03636363636363636
1 0.553235294117647 0.37454545454545457 0.10882352941176471 0.03636363636363636
1 0.4229411764705882 0.8565909090909091 0.052941176470588235 0.03954545454545454
1 0.5926470588235294 0.925 0.05941176470588235 0.04
1 0.4308823529411765 0.5297727272727273 0.23588235294117646 0.03681818181818182
1 0.5497058823529412 0.4159090909090909 0.09588235294117647 0.035454545454545454
1 0.5870588235294117 0.8581818181818182 0.05529411764705883 0.04181818181818182
1 0.08970588235294118 0.37477272727272726 0.06411764705882353 0.03318181818181818
1 0.5526470588235294 0.03772727272727273 0.09235294117647058 0.022727272727272728
1 0.7447058823529412 0.5647727272727273 0.08941176470588236 0.03318181818181818
1 0.5079411764705882 0.9279545454545455 0.061764705882352944 0.04045454545454545
1 0.375 0.455 0.13705882352941176 0.03636363636363636
1 0.09470588235294118 0.7720454545454546 0.05764705882352941 0.03409090909090909
1 0.7214705882352941 0.5327272727272727 0.033529411764705884 0.035454545454545454
1 0.5226470588235295 0.4577272727272727 0.09117647058823529 0.034545454545454546
1 0.5073529411764706 0.8563636363636363 0.05588235294117647 0.04181818181818182
1 0.625 0.5252272727272728 0.13588235294117648 0.03681818181818182
1 0.5385294117647059 0.6802272727272727 0.19588235294117648 0.03681818181818182
1 0.09352941176470589 0.6204545454545455 0.07176470588235294 0.034545454545454546
1 0.6785294117647059 0.9238636363636363 0.060588235294117644 0.038636363636363635
1 0.3338235294117647 0.86 0.057058823529411766 0.03727272727272727
1 0.09529411764705882 0.5802272727272727 0.07294117647058823 0.029545454545454545
1 0.4167647058823529 0.5702272727272727 0.22294117647058823 0.030454545454545453
1 0.6 0.5686363636363636 0.13529411764705881 0.03090909090909091
1 0.5908823529411765 0.6065909090909091 0.026470588235294117 0.02772727272727273
1 0.5297058823529411 0.6106818181818182 0.09588235294117647 0.031363636363636364
1 0.09323529411764706 0.7322727272727273 0.05588235294117647 0.03
1 0.3561764705882353 0.7718181818181818 0.10882352941176471 0.031818181818181815
1 0.5085294117647059 0.7695454545454545 0.17588235294117646 0.04