1 0.42979351032448376 0.7043280182232347 0.2377581120943953 0.03917995444191344
1 0.3882005899705015 0.43394077448747154 0.1392330383480826 0.03416856492027335
1 0.7672566371681416 0.8760820045558086 0.07374631268436578 0.03826879271070615
1 0.852212389380531 0.9416856492027335 0.07492625368731563 0.04100227790432802
1 0.42389380530973453 0.9425968109339408 0.06784660766961652 0.03735763097949886
1 0.5073746312684366 0.5931662870159453 0.02831858407079646 0.03189066059225513
1 0.40707964601769914 0.6337129840546697 0.15575221238938053 0.03462414578587699
1 0.3920353982300885 0.47676537585421414 0.13392330383480827 0.03507972665148064
1 0.6799410029498525 0.7482915717539863 0.03008849557522124 0.03234624145785877
1 0.4374631268436578 0.7872437357630979 0.23067846607669618 0.03462414578587699
1 0.12743362831858407 0.7041002277904328 0.08495575221238938 0.03599088838268793
1 0.1215339233038348 0.4765375854214123 0.07079646017699115 0.0337129840546697
1 0.42625368731563423 0.7457858769931663 0.22831858407079647 0.0337129840546697
1 0.6958702064896756 0.7082004555808656 0.0359882005899705 0.03781321184510251
1 0.6138643067846608 0.7867881548974943 0.11622418879056047 0.03280182232346242
1 0.16430678466076695 0.9430523917995444 0.05368731563421829 0.03735763097949886
1 0.7696165191740413 0.7047835990888383 0.09616519174041298 0.03189066059225513
1 0.33539823008849556 0.9430523917995444 0.06666666666666667 0.03826879271070615
1 0.1672566371681416 0.8749430523917996 0.06312684365781711 0.03781321184510251
1 0.1191740412979351 0.5485193621867882 0.071976401179941 0.03462414578587699
1 0.6899705014749262 0.7888382687927107 0.03126843657817109 0.03143507972665148
1 0.25722713864306784 0.8763097949886105 0.06725663716814159 0.03781321184510251
1 0.6126843657817109 0.7056947608200456 0.12094395280235988 0.03462414578587699
1 0.25663716814159293 0.9423690205011389 0.0696165191740413 0.0387243735763098
1 0.7581120943952803 0.9451025056947608 0.05781710914454277 0.04328018223234624
1 0.11946902654867257 0.3906605922551253 0.06784660766961652 0.03507972665148064
1 0.6563421828908554 0.5455580865603644 0.12212389380530973 0.0387243735763098
1 0.5707964601769911 0.5503416856492027 0.04424778761061947 0.03462414578587699
1 0.3938053097345133 0.3927107061503417 0.15162241887905606 0.04100227790432802
1 0.42684365781710915 0.876993166287016 0.06784660766961652 0.03917995444191344
1 0.5926253687315635 0.9414578587699317 0.0607669616519174 0.04054669703872437
1 0.40412979351032446 0.5913439635535308 0.1663716814159292 0.03553530751708428
1 0.5790560471976401 0.5895216400911162 0.09852507374631268 0.03280182232346242
1 0.515339233038348 0.6355353075170843 0.03126843657817109 0.03189066059225513
1 0.4294985250737463 0.5457858769931663 0.22654867256637168 0.04009111617312073
1 0.5932153392330384 0.8772209567198178 0.06784660766961652 0.03963553530751709
1 0.11799410029498525 0.4330296127562642 0.07079646017699115 0.03325740318906606
1 0.12448377581120944 0.5927107061503417 0.0743362831858407 0.0337129840546697
1 0.5823008849557522 0.6325740318906606 0.09557522123893805 0.03234624145785877
1 0.7457227138643068 0.7906605922551253 0.08259587020648967 0.029612756264236904
1 0.515339233038348 0.9414578587699317 0.07374631268436578 0.04054669703872437
1 0.8474926253687316 0.8785876993166287 0.07020648967551622 0.04236902050113895
1 0.6823008849557523 0.8760820045558086 0.07256637168141593 0.03826879271070615
1 0.13156342182890857 0.7863325740318906 0.08495575221238938 0.03462414578587699
1 0.13126843657817108 0.7444191343963553 0.08436578171091445 0.03462414578587699
1 0.6041297935103245 0.7455580865603645 0.11327433628318584 0.03143507972665148
1 0.5100294985250737 0.8767653758542141 0.06784660766961652 0.0387243735763098
1 0.12595870206489676 0.6328018223234624 0.07492625368731563 0.03462414578587699
1 0.672566371681416 0.9425968109339408 0.06017699115044248 0.04100227790432802
1 0.3424778761061947 0.8772209567198178 0.07138643067846608 0.03690205011389522
1 0.731858407079646 0.747380410022779 0.07492625368731563 0.03052391799544419