1 0.4052941176470588 0.6838636363636363 0.19647058823529412 0.03772727272727273
1 0.595 0.6886363636363636 0.14058823529411765 0.034545454545454546
1 0.7685294117647059 0.8615909090909091 0.06411764705882353 0.03954545454545454
1 0.8476470588235294 0.9295454545454546 0.05529411764705883 0.04090909090909091
1 0.5779411764705882 0.5731818181818182 0.15470588235294117 0.03090909090909091
1 0.4208823529411765 0.9295454545454546 0.054705882352941174 0.03636363636363636
1 0.3864705882352941 0.6170454545454546 0.17058823529411765 0.05409090909090909
1 0.7291176470588235 0.7718181818181818 0.09941176470588235 0.031818181818181815
1 0.4123529411764706 0.7252272727272727 0.21411764705882352 0.03590909090909091
1 0.7714705882352941 0.5281818181818182 0.13352941176470587 0.03363636363636364
1 0.10882352941176471 0.6838636363636363 0.08588235294117647 0.035
1 0.11411764705882353 0.44977272727272727 0.08588235294117647 0.03681818181818182
1 0.6905882352941176 0.5752272727272727 0.03058823529411765 0.030454545454545453
1 0.10794117647058823 0.3675 0.08411764705882353 0.035
1 0.11529411764705882 0.4125 0.08823529411764706 0.03590909090909091
1 0.6173529411764705 0.7286363636363636 0.18529411764705883 0.04
1 0.16470588235294117 0.9329545454545455 0.05647058823529412 0.03954545454545454
1 0.7667647058823529 0.5736363636363636 0.11352941176470588 0.03272727272727273
1 0.3291176470588235 0.9302272727272727 0.05588235294117647 0.03590909090909091
1 0.1623529411764706 0.8584090909090909 0.05058823529411765 0.03772727272727273
1 0.7335294117647059 0.7272727272727273 0.03176470588235294 0.031818181818181815
1 0.5947058823529412 0.4556818181818182 0.12352941176470589 0.03409090909090909
1 0.10823529411764705 0.5245454545454545 0.08588235294117647 0.03363636363636364
1 0.6970588235294117 0.6163636363636363 0.09411764705882353 0.031818181818181815
1 0.24970588235294117 0.8588636363636364 0.051176470588235295 0.03954545454545454
1 0.6902941176470588 0.5352272727272728 0.03 0.03227272727272727
1 0.24411764705882352 0.9297727272727273 0.04823529411764706 0.03681818181818182
1 0.39558823529411763 0.775 0.18176470588235294 0.04454545454545455
1 0.7635294117647059 0.9281818181818182 0.058823529411764705 0.03909090909090909
1 0.2994117647058824 0.031363636363636364 0.041176470588235294 0.024545454545454544
1 0.558235294117647 0.7702272727272728 0.12823529411764706 0.03318181818181818
1 0.6847058823529412 0.46045454545454545 0.024705882352941175 0.03272727272727273
1 0.69 0.4175 0.04470588235294118 0.03409090909090909
1 0.5976470588235294 0.4147727272727273 0.1423529411764706 0.038636363636363635
1 0.42264705882352943 0.8590909090909091 0.05352941176470588 0.03909090909090909
1 0.5935294117647059 0.9268181818181818 0.058823529411764705 0.03727272727272727
1 0.40558823529411764 0.5295454545454545 0.18764705882352942 0.035454545454545454
1 0.5944117647058823 0.5270454545454546 0.13117647058823528 0.035
1 0.5429411764705883 0.6184090909090909 0.12 0.035
1 0.5838235294117647 0.8588636363636364 0.0488235294117647 0.038636363636363635
1 0.5679411764705883 0.03840909090909091 0.11941176470588236 0.023181818181818182
1 0.7629411764705882 0.4525 0.12823529411764706 0.035
1 0.5055882352941177 0.9322727272727273 0.05588235294117647 0.038181818181818185
1 0.6764705882352942 0.8595454545454545 0.05411764705882353 0.04
1 0.773235294117647 0.37386363636363634 0.12529411764705883 0.03590909090909091
1 0.8164705882352942 0.7277272727272728 0.12352941176470589 0.034545454545454546
1 0.4147058823529412 0.4602272727272727 0.22 0.04681818181818182
1 0.10794117647058823 0.7684090909090909 0.08176470588235295 0.035
1 0.10882352941176471 0.7261363636363637 0.08470588235294117 0.035
1 0.6570588235294118 0.7754545454545455 0.023529411764705882 0.034545454545454546
1 0.508235294117647 0.8579545454545454 0.0611764705882353 0.038636363636363635
1 0.6276470588235294 0.6168181818181818 0.027058823529411764 0.03090909090909091
1 0.4102941176470588 0.37022727272727274 0.21235294117647058 0.03772727272727273
1 0.11647058823529412 0.5695454545454546 0.08705882352941176 0.03636363636363636
1 0.6791176470588235 0.9290909090909091 0.05352941176470588 0.038181818181818185
1 0.5970588235294118 0.37477272727272726 0.14470588235294118 0.03954545454545454
1 0.33205882352941174 0.8597727272727272 0.05235294117647059 0.038636363636363635
1 0.7673529411764706 0.69 0.09705882352941177 0.03363636363636364
1 0.4088235294117647 0.41704545454545455 0.2164705882352941 0.03954545454545454
1 0.7844117647058824 0.4188636363636364 0.12529411764705883 0.031363636363636364
1 0.6964705882352941 0.3743181818181818 0.027058823529411764 0.042272727272727274
1 0.40058823529411763 0.5736363636363636 0.19647058823529412 0.042727272727272725
1 0.11941176470588236 0.6175 0.11411764705882353 0.042272727272727274
1 0.6976470588235294 0.6952272727272727 0.03882352941176471 0.03318181818181818
1 0.8491176470588235 0.8604545454545455 0.06647058823529411 0.03636363636363636