1 0.3861764705882353 0.69 0.15823529411764706 0.03636363636363636
1 0.7511764705882353 0.8627272727272727 0.05176470588235294 0.03727272727272727
1 0.8429411764705882 0.9318181818181818 0.06352941176470588 0.03909090909090909
1 0.5729411764705883 0.5729545454545455 0.11647058823529412 0.03590909090909091
1 0.40941176470588236 0.9259090909090909 0.052941176470588235 0.038181818181818185
1 0.4576470588235294 0.5347727272727273 0.07647058823529412 0.03409090909090909
1 0.8414705882352941 0.8629545454545454 0.05823529411764706 0.03681818181818182
1 0.35764705882352943 0.6229545454545454 0.11764705882352941 0.03227272727272727
1 0.5991176470588235 0.7815909090909091 0.0688235294117647 0.030454545454545453
1 0.4026470588235294 0.41204545454545455 0.17352941176470588 0.035
1 0.4561764705882353 0.6225 0.0711764705882353 0.030454545454545453
1 0.40588235294117647 0.7306818181818182 0.21176470588235294 0.03590909090909091
1 0.08529411764705883 0.6838636363636363 0.09058823529411765 0.03409090909090909
1 0.09558823529411764 0.45545454545454545 0.08411764705882353 0.03727272727272727
1 0.46941176470588236 0.7795454545454545 0.08823529411764706 0.034545454545454546
1 0.5873529411764706 0.7334090909090909 0.13823529411764707 0.03409090909090909
1 0.14441176470588235 0.9261363636363636 0.0488235294117647 0.042272727272727274
1 0.3191176470588235 0.9272727272727272 0.05 0.038181818181818185
1 0.13852941176470587 0.8645454545454545 0.045294117647058825 0.04090909090909091
1 0.6858823529411765 0.7354545454545455 0.03764705882352941 0.03272727272727273
1 0.09294117647058824 0.5304545454545454 0.07764705882352942 0.04090909090909091
1 0.63 0.6979545454545455 0.03529411764705882 0.031363636363636364
1 0.23470588235294118 0.9265909090909091 0.047058823529411764 0.03772727272727273
1 0.3638235294117647 0.7806818181818181 0.11470588235294117 0.03318181818181818
1 0.7502941176470588 0.9347727272727273 0.054705882352941174 0.03954545454545454
1 0.1038235294117647 0.3709090909090909 0.08176470588235295 0.03363636363636364
1 0.5376470588235294 0.7852272727272728 0.03176470588235294 0.03409090909090909
1 0.6255882352941177 0.37 0.07705882352941176 0.031818181818181815
1 0.5688235294117647 0.41113636363636363 0.1223529411764706 0.035
1 0.40294117647058825 0.8588636363636364 0.047058823529411764 0.03954545454545454
1 0.5770588235294117 0.93 0.047058823529411764 0.038181818181818185
1 0.08147058823529411 0.5713636363636364 0.06764705882352941 0.03909090909090909
1 0.3561764705882353 0.5334090909090909 0.13117647058823528 0.031363636363636364
1 0.49411764705882355 0.4661363636363636 0.09647058823529411 0.028636363636363637
1 0.5758823529411765 0.8622727272727273 0.05176470588235294 0.04
1 0.09411764705882353 0.41363636363636364 0.08470588235294117 0.03636363636363636
1 0.6102941176470589 0.46386363636363637 0.06764705882352941 0.030454545454545453
1 0.5620588235294117 0.038181818181818185 0.06764705882352941 0.02090909090909091
1 0.7408823529411764 0.41204545454545455 0.10529411764705883 0.035
1 0.7629411764705882 0.7372727272727273 0.10588235294117647 0.034545454545454546
1 0.4964705882352941 0.9268181818181818 0.05529411764705883 0.04
1 0.6629411764705883 0.8618181818181818 0.04823529411764706 0.03909090909090909
1 0.49941176470588233 0.37318181818181817 0.10823529411764705 0.03636363636363636
1 0.5467647058823529 0.6856818181818182 0.09470588235294118 0.03409090909090909
1 0.36470588235294116 0.46204545454545454 0.11647058823529412 0.03681818181818182
1 0.08647058823529412 0.7706818181818181 0.07411764705882352 0.035
1 0.08235294117647059 0.7256818181818182 0.07294117647058823 0.03590909090909091
1 0.4894117647058824 0.8611363636363636 0.042352941176470586 0.03954545454545454
1 0.6588235294117647 0.4113636363636364 0.02823529411764706 0.03636363636363636
1 0.3770588235294118 0.3684090909090909 0.11294117647058824 0.03590909090909091
1 0.6705882352941176 0.9279545454545455 0.058823529411764705 0.03772727272727273
1 0.31558823529411767 0.8584090909090909 0.05 0.04045454545454545
1 0.69 0.6940909090909091 0.07529411764705882 0.031818181818181815
1 0.30470588235294116 0.03681818181818182 0.03764705882352941 0.025454545454545455
1 0.07852941176470589 0.6134090909090909 0.0688235294117647 0.03409090909090909
1 0.5664705882352942 0.37772727272727274 0.03411764705882353 0.03
1 0.5597058823529412 0.4727272727272727 0.022941176470588236 0.028181818181818183
1 0.38823529411764707 0.5761363636363637 0.19176470588235295 0.038636363636363635
1 0.22764705882352942 0.860909090909091 0.05647058823529412 0.042727272727272725