1 0.4320588235294118 0.6827272727272727 0.23470588235294118 0.03727272727272727
1 0.40352941176470586 0.37068181818181817 0.19411764705882353 0.03681818181818182
1 0.7608823529411765 0.8593181818181819 0.060588235294117644 0.03681818181818182
1 0.8444117647058823 0.928409090909091 0.05823529411764706 0.038636363636363635
1 0.5644117647058824 0.5720454545454545 0.14058823529411765 0.03318181818181818
1 0.4167647058823529 0.9297727272727273 0.07 0.03772727272727273
1 0.42617647058823527 0.5259090909090909 0.2464705882352941 0.03
1 0.395 0.5720454545454545 0.17352941176470588 0.03681818181818182
1 0.3997058823529412 0.41204545454545455 0.1923529411764706 0.03409090909090909
1 0.4229411764705882 0.7254545454545455 0.2235294117647059 0.035454545454545454
1 0.7320588235294118 0.5306818181818181 0.03470588235294118 0.03318181818181818
1 0.09735294117647059 0.6806818181818182 0.07941176470588235 0.03681818181818182
1 0.1 0.3668181818181818 0.08352941176470588 0.035454545454545454
1 0.09970588235294117 0.4470454545454545 0.08058823529411764 0.03590909090909091
1 0.6197058823529412 0.7263636363636363 0.14647058823529413 0.034545454545454546
1 0.15558823529411764 0.9247727272727273 0.060588235294117644 0.041363636363636366
1 0.7976470588235294 0.5297727272727273 0.08 0.031363636363636364
1 0.3261764705882353 0.9281818181818182 0.05941176470588235 0.03727272727272727
1 0.15941176470588236 0.8588636363636364 0.06588235294117648 0.038636363636363635
1 0.0961764705882353 0.5238636363636363 0.07588235294117647 0.03318181818181818
1 0.6579411764705883 0.6122727272727273 0.06647058823529411 0.031818181818181815
1 0.2488235294117647 0.8590909090909091 0.06823529411764706 0.038181818181818185
1 0.23941176470588235 0.9279545454545455 0.052941176470588235 0.038636363636363635
1 0.38235294117647056 0.7706818181818181 0.15529411764705883 0.03409090909090909
1 0.7638235294117647 0.9275 0.06294117647058824 0.038636363636363635
1 0.5355882352941177 0.7711363636363636 0.12529411764705883 0.03318181818181818
1 0.6417647058823529 0.4561363636363636 0.03764705882352941 0.035
1 0.6767647058823529 0.37113636363636365 0.03470588235294118 0.031363636363636364
1 0.4194117647058824 0.8604545454545455 0.06235294117647059 0.038181818181818185
1 0.5891176470588235 0.9279545454545455 0.06294117647058824 0.03772727272727273
1 0.6291176470588236 0.5286363636363637 0.15 0.028181818181818183
1 0.5902941176470589 0.860909090909091 0.0688235294117647 0.03909090909090909
1 0.09470588235294118 0.4084090909090909 0.07764705882352942 0.03590909090909091
1 0.5529411764705883 0.03727272727272727 0.09647058823529411 0.02181818181818182
1 0.7347058823529412 0.4118181818181818 0.12117647058823529 0.03727272727272727
1 0.5055882352941177 0.9279545454545455 0.057058823529411766 0.038636363636363635
1 0.8544117647058823 0.8604545454545455 0.07705882352941176 0.03909090909090909
1 0.6735294117647059 0.8606818181818182 0.05411764705882353 0.03772727272727273
1 0.5855882352941176 0.37136363636363634 0.13823529411764707 0.035454545454545454
1 0.09705882352941177 0.7675 0.07764705882352942 0.035
1 0.09588235294117647 0.7236363636363636 0.07882352941176471 0.035454545454545454
1 0.765 0.37272727272727274 0.1288235294117647 0.03636363636363636
1 0.5555882352941176 0.455 0.12176470588235294 0.034545454545454546
1 0.6311764705882353 0.6859090909090909 0.14 0.035454545454545454
1 0.5023529411764706 0.860909090909091 0.07176470588235294 0.038181818181818185
1 0.6602941176470588 0.5713636363636364 0.028823529411764706 0.03
1 0.5970588235294118 0.6131818181818182 0.03294117647058824 0.031818181818181815
1 0.5235294117647059 0.6125 0.10588235294117647 0.03318181818181818
1 0.0976470588235294 0.605909090909091 0.08352941176470588 0.035454545454545454
1 0.6729411764705883 0.9279545454545455 0.06588235294117648 0.03772727272727273
1 0.3261764705882353 0.8593181818181819 0.054705882352941174 0.03772727272727273
1 0.7252941176470589 0.5747727272727273 0.09294117647058824 0.03227272727272727
1 0.2979411764705882 0.03636363636363636 0.039411764705882354 0.02727272727272727
1 0.5708823529411765 0.4134090909090909 0.13352941176470587 0.030454545454545453
1 0.6555882352941177 0.4143181818181818 0.03470588235294118 0.03409090909090909
1 0.7152941176470589 0.4552272727272727 0.1011764705882353 0.035
1 0.39029411764705885 0.45545454545454545 0.17705882352941177 0.035454545454545454
1 0.3847058823529412 0.615 0.1588235294117647 0.03090909090909091
1 0.09470588235294118 0.571590909090909 0.07411764705882352 0.029545454545454545