1 0.37323529411764705 0.6822727272727273 0.12058823529411765 0.035454545454545454
1 0.5311764705882352 0.685 0.02823529411764706 0.035454545454545454
1 0.7741176470588236 0.8552272727272727 0.06470588235294118 0.04045454545454545
1 0.8591176470588235 0.9245454545454546 0.07 0.03909090909090909
1 0.5302941176470588 0.5711363636363637 0.11705882352941177 0.03318181818181818
1 0.4279411764705882 0.9275 0.05941176470588235 0.03954545454545454
1 0.48470588235294115 0.5261363636363636 0.10235294117647059 0.03409090909090909
1 0.3635294117647059 0.6125 0.1188235294117647 0.03409090909090909
1 0.47323529411764703 0.6813636363636364 0.08764705882352941 0.035454545454545454
1 0.5852941176470589 0.6834090909090909 0.0611764705882353 0.03318181818181818
1 0.3973529411764706 0.7243181818181819 0.1652941176470588 0.03590909090909091
1 0.37058823529411766 0.4109090909090909 0.12470588235294118 0.034545454545454546
1 0.09941176470588235 0.6872727272727273 0.05764705882352941 0.034545454545454546
1 0.09941176470588235 0.4556818181818182 0.06823529411764706 0.03681818181818182
1 0.4588235294117647 0.7715909090909091 0.08705882352941176 0.03318181818181818
1 0.5479411764705883 0.7268181818181818 0.11470588235294117 0.03272727272727273
1 0.16588235294117648 0.9281818181818182 0.05411764705882353 0.04
1 0.3388235294117647 0.9254545454545454 0.06470588235294118 0.04090909090909091
1 0.1688235294117647 0.8586363636363636 0.05529411764705883 0.038181818181818185
1 0.6752941176470588 0.7245454545454545 0.09058823529411765 0.03363636363636364
1 0.10676470588235294 0.5288636363636363 0.060588235294117644 0.03409090909090909
1 0.6226470588235294 0.7256818181818182 0.027647058823529413 0.03318181818181818
1 0.2538235294117647 0.8575 0.060588235294117644 0.04045454545454545
1 0.25470588235294117 0.9247727272727273 0.0611764705882353 0.04045454545454545
1 0.3679411764705882 0.7720454545454546 0.10647058823529412 0.03318181818181818
1 0.7758823529411765 0.9265909090909091 0.07058823529411765 0.04045454545454545
1 0.2726470588235294 0.04045454545454545 0.03588235294117647 0.024545454545454544
1 0.6111764705882353 0.4102272727272727 0.0811764705882353 0.03227272727272727
1 0.5547058823529412 0.36704545454545456 0.0611764705882353 0.03227272727272727
1 0.4894117647058824 0.4109090909090909 0.10941176470588235 0.034545454545454546
1 0.4308823529411765 0.8575 0.06647058823529411 0.041363636363636366
1 0.5985294117647059 0.9231818181818182 0.057058823529411766 0.04181818181818182
1 0.09647058823529411 0.37204545454545457 0.06470588235294118 0.038636363636363635
1 0.36911764705882355 0.5252272727272728 0.11823529411764706 0.03590909090909091
1 0.5517647058823529 0.5275 0.027058823529411764 0.03409090909090909
1 0.46558823529411764 0.6127272727272727 0.08764705882352941 0.03272727272727273
1 0.44882352941176473 0.4618181818181818 0.07764705882352942 0.025454545454545455
1 0.5982352941176471 0.8586363636363636 0.05411764705882353 0.04090909090909091
1 0.6061764705882353 0.57 0.026470588235294117 0.031818181818181815
1 0.558235294117647 0.03840909090909091 0.09647058823529411 0.023181818181818182
1 0.5088235294117647 0.9243181818181818 0.06352941176470588 0.042272727272727274
1 0.6864705882352942 0.8545454545454545 0.06352941176470588 0.04090909090909091
1 0.861764705882353 0.8563636363636363 0.07882352941176471 0.04090909090909091
1 0.10352941176470588 0.7688636363636364 0.06470588235294118 0.031363636363636364
1 0.0988235294117647 0.725909090909091 0.06352941176470588 0.03272727272727273
1 0.5117647058823529 0.8572727272727273 0.0611764705882353 0.04
1 0.601764705882353 0.5263636363636364 0.06941176470588235 0.03727272727272727
1 0.5297058823529411 0.6118181818181818 0.026470588235294117 0.031818181818181815
1 0.36 0.36977272727272725 0.11294117647058824 0.035
1 0.09823529411764706 0.5713636363636364 0.06 0.03272727272727273
1 0.6947058823529412 0.9265909090909091 0.07529411764705882 0.042272727272727274
1 0.34294117647058825 0.8568181818181818 0.0611764705882353 0.04
1 0.6591176470588235 0.5688636363636363 0.07470588235294118 0.03227272727272727
1 0.09647058823529411 0.41454545454545455 0.07058823529411765 0.04090909090909091
1 0.4573529411764706 0.36954545454545457 0.07588235294117647 0.03727272727272727
1 0.5102941176470588 0.36886363636363634 0.020588235294117647 0.035
1 0.555 0.41363636363636364 0.02176470588235294 0.03272727272727273
1 0.3573529411764706 0.4556818181818182 0.10176470588235294 0.03318181818181818
1 0.5473529411764706 0.4552272727272727 0.07 0.03590909090909091
1 0.3876470588235294 0.5702272727272727 0.16117647058823528 0.031363636363636364
1 0.5802941176470588 0.6125 0.06529411764705882 0.031363636363636364
1 0.5670588235294117 0.7709090909090909 0.07647058823529412 0.04090909090909091
1 0.5185294117647059 0.7720454545454546 0.020588235294117647 0.038636363636363635
1 0.5011764705882353 0.46454545454545454 0.02823529411764706 0.03090909090909091