1 0.4038235294117647 0.6829545454545455 0.21588235294117647 0.041363636363636366
1 0.3938235294117647 0.4093181818181818 0.19823529411764707 0.03772727272727273
1 0.7558823529411764 0.8618181818181818 0.06 0.03727272727272727
1 0.8432352941176471 0.9377272727272727 0.060588235294117644 0.05454545454545454
1 0.5426470588235294 0.5675 0.10764705882352942 0.031363636363636364
1 0.41323529411764703 0.9272727272727272 0.06411764705882353 0.03727272727272727
1 0.8461764705882353 0.860909090909091 0.061764705882352944 0.03727272727272727
1 0.3914705882352941 0.5693181818181818 0.19705882352941176 0.03772727272727273
1 0.6626470588235294 0.8634090909090909 0.04647058823529412 0.03954545454545454
1 0.3770588235294118 0.4525 0.16941176470588235 0.03681818181818182
1 0.3941176470588235 0.7243181818181819 0.18235294117647058 0.03590909090909091
1 0.08794117647058823 0.6788636363636363 0.0711764705882353 0.035
1 0.095 0.44931818181818184 0.07823529411764706 0.03590909090909091
1 0.49 0.7684090909090909 0.0976470588235294 0.035
1 0.14823529411764705 0.9236363636363636 0.05647058823529412 0.03909090909090909
1 0.7608823529411765 0.5265909090909091 0.14058823529411765 0.03318181818181818
1 0.3297058823529412 0.925 0.0711764705882353 0.038181818181818185
1 0.1497058823529412 0.8556818181818182 0.05 0.03772727272727273
1 0.5579411764705883 0.4109090909090909 0.12764705882352942 0.03363636363636364
1 0.4052941176470588 0.5247727272727273 0.22588235294117648 0.038636363636363635
1 0.09558823529411764 0.5220454545454546 0.0688235294117647 0.03409090909090909
1 0.6464705882352941 0.6129545454545454 0.1011764705882353 0.031363636363636364
1 0.2426470588235294 0.8563636363636363 0.05588235294117647 0.038181818181818185
1 0.6673529411764706 0.5334090909090909 0.027647058823529413 0.03227272727272727
1 0.23823529411764705 0.923409090909091 0.0611764705882353 0.03772727272727273
1 0.7561764705882353 0.9259090909090909 0.061764705882352944 0.04
1 0.1011764705882353 0.365 0.08352941176470588 0.035454545454545454
1 0.5585294117647058 0.7245454545454545 0.13470588235294118 0.03363636363636364
1 0.691764705882353 0.4127272727272727 0.07764705882352942 0.028181818181818183
1 0.6485294117647059 0.3693181818181818 0.1688235294117647 0.03590909090909091
1 0.595 0.4597727272727273 0.03470588235294118 0.03681818181818182
1 0.4326470588235294 0.3679545454545455 0.26529411764705885 0.03954545454545454
1 0.415 0.8572727272727273 0.060588235294117644 0.038181818181818185
1 0.58 0.9279545454545455 0.05411764705882353 0.03772727272727273
1 0.5861764705882353 0.5261363636363636 0.13117647058823528 0.03590909090909091
1 0.5794117647058824 0.8620454545454546 0.05176470588235294 0.03954545454545454
1 0.09911764705882353 0.4043181818181818 0.08294117647058824 0.035
1 0.10294117647058823 0.5686363636363636 0.07176470588235294 0.034545454545454546
1 0.5494117647058824 0.038863636363636364 0.09176470588235294 0.025
1 0.5020588235294118 0.9265909090909091 0.06764705882352941 0.03772727272727273
1 0.5791176470588235 0.6820454545454545 0.12176470588235294 0.03590909090909091
1 0.1 0.7622727272727273 0.07529411764705882 0.034545454545454546
1 0.10058823529411764 0.7209090909090909 0.07764705882352942 0.035454545454545454
1 0.7452941176470588 0.37727272727272726 0.03529411764705882 0.038181818181818185
1 0.49941176470588233 0.8581818181818182 0.06 0.04
1 0.8152941176470588 0.3729545454545454 0.1011764705882353 0.03409090909090909
1 0.10294117647058823 0.6029545454545454 0.07294117647058823 0.035
1 0.6655882352941176 0.9309090909090909 0.05823529411764706 0.03727272727272727
1 0.33029411764705885 0.8563636363636363 0.06529411764705882 0.038181818181818185
1 0.6835294117647058 0.5697727272727273 0.1188235294117647 0.031363636363636364
1 0.3088235294117647 0.03272727272727273 0.041176470588235294 0.03272727272727273
1 0.6385294117647059 0.4115909090909091 0.031176470588235295 0.03409090909090909
1 0.5229411764705882 0.4515909090909091 0.12117647058823529 0.03318181818181818
1 0.6411764705882353 0.4527272727272727 0.06823529411764706 0.031818181818181815
1 0.6114705882352941 0.5695454545454546 0.03 0.03272727272727273
1 0.37676470588235295 0.6086363636363636 0.1688235294117647 0.03272727272727273
1 0.515 0.6072727272727273 0.10764705882352942 0.02909090909090909
1 0.5832352941176471 0.615909090909091 0.028823529411764706 0.03636363636363636
1 0.3658823529411765 0.7679545454545454 0.15058823529411763 0.03772727272727273