1 0.3938235294117647 0.6181818181818182 0.19470588235294117 0.034545454545454546
1 0.805 0.735 0.04294117647058823 0.03636363636363636
1 0.5964705882352941 0.5740909090909091 0.14470588235294118 0.03727272727272727
1 0.7047058823529412 0.6252272727272727 0.0811764705882353 0.031363636363636364
1 0.4338235294117647 0.7322727272727273 0.2664705882352941 0.038181818181818185
1 0.10088235294117646 0.6836363636363636 0.07705882352941176 0.034545454545454546
1 0.09088235294117647 0.45431818181818184 0.0711764705882353 0.035
1 0.6941176470588235 0.5754545454545454 0.03882352941176471 0.034545454545454546
1 0.6426470588235295 0.6270454545454546 0.04411764705882353 0.031363636363636364
1 0.7620588235294118 0.5779545454545455 0.09117647058823529 0.03318181818181818
1 0.39205882352941174 0.7781818181818182 0.18764705882352942 0.035454545454545454
1 0.10029411764705883 0.7265909090909091 0.08058823529411764 0.03590909090909091
1 0.10470588235294118 0.5268181818181819 0.08352941176470588 0.034545454545454546
1 0.7105882352941176 0.7806818181818181 0.09294117647058824 0.035
1 0.10235294117647059 0.37068181818181817 0.08470588235294117 0.03409090909090909
1 0.6747058823529412 0.4625 0.08470588235294117 0.03227272727272727
1 0.6120588235294118 0.4138636363636364 0.16647058823529412 0.038636363636363635
1 0.5620588235294117 0.7795454545454545 0.1264705882352941 0.034545454545454546
1 0.40647058823529414 0.5734090909090909 0.21294117647058824 0.04045454545454545
1 0.6111764705882353 0.4652272727272727 0.02823529411764706 0.035
1 0.09470588235294118 0.41295454545454546 0.0811764705882353 0.03227272727272727
1 0.553235294117647 0.038636363636363635 0.07 0.02181818181818182
1 0.8002941176470588 0.41818181818181815 0.11941176470588236 0.03636363636363636
1 0.5647058823529412 0.6213636363636363 0.11176470588235295 0.035454545454545454
1 0.8773529411764706 0.7365909090909091 0.10058823529411764 0.03590909090909091
1 0.38294117647058823 0.46045454545454545 0.16117647058823528 0.03636363636363636
1 0.10205882352941177 0.7661363636363636 0.08294117647058824 0.03681818181818182
1 0.7223529411764706 0.4188636363636364 0.03882352941176471 0.03772727272727273
1 0.5317647058823529 0.46090909090909093 0.11529411764705882 0.035454545454545454
1 0.6814705882352942 0.7311363636363636 0.19705882352941176 0.042272727272727274
1 0.10647058823529412 0.6120454545454546 0.09058823529411765 0.03590909090909091
1 0.4088235294117647 0.4143181818181818 0.21411764705882352 0.03772727272727273
1 0.3073529411764706 0.03636363636363636 0.04411764705882353 0.028181818181818183
1 0.1038235294117647 0.5675 0.09117647058823529 0.03681818181818182
1 0.6470588235294118 0.7818181818181819 0.03764705882352941 0.03272727272727273