1 0.39294117647058824 0.7236363636363636 0.18941176470588236 0.03090909090909091
1 0.3708823529411765 0.4059090909090909 0.15235294117647058 0.03
1 0.7570588235294118 0.8579545454545454 0.04470588235294118 0.035
1 0.8397058823529412 0.9268181818181818 0.051176470588235295 0.03636363636363636
1 0.4126470588235294 0.9259090909090909 0.04647058823529412 0.034545454545454546
1 0.36764705882352944 0.6140909090909091 0.14705882352941177 0.025454545454545455
1 0.6323529411764706 0.7684090909090909 0.09647058823529411 0.03227272727272727
1 0.6664705882352941 0.7295454545454545 0.03058823529411765 0.031818181818181815
1 0.3126470588235294 0.03590909090909091 0.031176470588235295 0.022727272727272728
1 0.095 0.68 0.060588235294117644 0.03363636363636364
1 0.10058823529411764 0.4459090909090909 0.07058823529411765 0.035454545454545454
1 0.5747058823529412 0.7268181818181818 0.12823529411764706 0.03363636363636364
1 0.15 0.9222727272727272 0.04941176470588235 0.038181818181818185
1 0.7441176470588236 0.7297727272727272 0.10705882352941176 0.03318181818181818
1 0.32823529411764707 0.9247727272727273 0.05058823529411765 0.03681818181818182
1 0.1564705882352941 0.8568181818181818 0.047058823529411764 0.035454545454545454
1 0.09911764705882353 0.5213636363636364 0.061764705882352944 0.034545454545454546
1 0.24235294117647058 0.8577272727272728 0.04470588235294118 0.03636363636363636
1 0.24205882352941177 0.9222727272727272 0.04764705882352941 0.03636363636363636
1 0.3720588235294118 0.7677272727272727 0.14411764705882352 0.035454545454545454
1 0.7594117647058823 0.925 0.05058823529411765 0.03636363636363636
1 0.105 0.37 0.07352941176470588 0.03272727272727273
1 0.5 0.7665909090909091 0.09294117647058824 0.03227272727272727
1 0.5991176470588235 0.45181818181818184 0.0688235294117647 0.03272727272727273
1 0.4111764705882353 0.8581818181818182 0.04588235294117647 0.03636363636363636
1 0.5847058823529412 0.9247727272727273 0.05176470588235294 0.03681818181818182
1 0.39941176470588236 0.5686363636363636 0.20470588235294118 0.03636363636363636
1 0.48911764705882355 0.6134090909090909 0.0711764705882353 0.03227272727272727
1 0.581764705882353 0.8575 0.042352941176470586 0.03681818181818182
1 0.10441176470588236 0.40636363636363637 0.0711764705882353 0.035454545454545454
1 0.10323529411764706 0.5656818181818182 0.06647058823529411 0.03409090909090909
1 0.5626470588235294 0.5693181818181818 0.09941176470588235 0.03227272727272727
1 0.5676470588235294 0.035 0.10235294117647059 0.026363636363636363
1 0.596764705882353 0.4081818181818182 0.027647058823529413 0.034545454545454546
1 0.5005882352941177 0.925 0.05411764705882353 0.03727272727272727
1 0.8447058823529412 0.8561363636363636 0.047058823529411764 0.03681818181818182
1 0.6761764705882353 0.8563636363636363 0.05235294117647059 0.03636363636363636
1 0.5164705882352941 0.4072727272727273 0.12352941176470589 0.02909090909090909
1 0.10147058823529412 0.7625 0.0688235294117647 0.03409090909090909
1 0.4823529411764706 0.4511363636363636 0.09529411764705882 0.03409090909090909
1 0.5708823529411765 0.7718181818181818 0.026470588235294117 0.03272727272727273
1 0.5011764705882353 0.8584090909090909 0.047058823529411764 0.03681818181818182
1 0.6552941176470588 0.4090909090909091 0.08823529411764706 0.034545454545454546
1 0.1038235294117647 0.6068181818181818 0.07 0.035454545454545454
1 0.6708823529411765 0.9256818181818182 0.05588235294117647 0.03681818181818182
1 0.3305882352941176 0.8579545454545454 0.04470588235294118 0.03590909090909091
1 0.36 0.4547727272727273 0.12941176470588237 0.025
1 0.09794117647058824 0.7193181818181819 0.05823529411764706 0.03409090909090909
1 0.5508823529411765 0.4590909090909091 0.028823529411764706 0.03090909090909091