1 0.3594117647058824 0.6790909090909091 0.08235294117647059 0.035454545454545454
1 0.44058823529411767 0.5677272727272727 0.2611764705882353 0.035454545454545454
1 0.42470588235294116 0.40954545454545455 0.2235294117647059 0.034545454545454546
1 0.7591176470588236 0.8581818181818182 0.05235294117647059 0.04
1 0.8494117647058823 0.9259090909090909 0.06588235294117648 0.038181818181818185
1 0.42558823529411766 0.923409090909091 0.06647058823529411 0.038636363636363635
1 0.84 0.8579545454545454 0.04941176470588235 0.04045454545454545
1 0.6788235294117647 0.8563636363636363 0.06 0.03909090909090909
1 0.4 0.6079545454545454 0.18352941176470589 0.03772727272727273
1 0.30058823529411766 0.034545454545454546 0.04941176470588235 0.024545454545454544
1 0.10941176470588235 0.6772727272727272 0.07529411764705882 0.03636363636363636
1 0.35764705882352943 0.7238636363636364 0.1 0.03590909090909091
1 0.7332352941176471 0.5281818181818182 0.03705882352941176 0.03272727272727273
1 0.11 0.36522727272727273 0.08235294117647059 0.038636363636363635
1 0.1161764705882353 0.44772727272727275 0.08764705882352941 0.03636363636363636
1 0.5761764705882353 0.6129545454545454 0.15470588235294117 0.031363636363636364
1 0.15558823529411764 0.9211363636363636 0.057058823529411766 0.03954545454545454
1 0.33 0.9218181818181819 0.05647058823529412 0.03727272727272727
1 0.15558823529411764 0.8552272727272727 0.051176470588235295 0.03772727272727273
1 0.7376470588235294 0.6131818181818182 0.06470588235294118 0.03363636363636364
1 0.4111764705882353 0.52 0.19294117647058823 0.038181818181818185
1 0.11147058823529411 0.5220454545454546 0.10411764705882352 0.03772727272727273
1 0.6894117647058824 0.571590909090909 0.20941176470588235 0.03954545454545454
1 0.2464705882352941 0.8572727272727273 0.05647058823529412 0.03909090909090909
1 0.6279411764705882 0.5236363636363637 0.1864705882352941 0.038181818181818185
1 0.24823529411764705 0.9209090909090909 0.06235294117647059 0.038181818181818185
1 0.35352941176470587 0.7670454545454546 0.08941176470588236 0.035
1 0.7602941176470588 0.923409090909091 0.060588235294117644 0.03954545454545454
1 0.4244117647058824 0.8565909090909091 0.060588235294117644 0.038636363636363635
1 0.5914705882352941 0.9218181818181819 0.061764705882352944 0.03909090909090909
1 0.11235294117647059 0.5661363636363637 0.10235294117647059 0.03681818181818182
1 0.5864705882352941 0.8584090909090909 0.05411764705882353 0.03954545454545454
1 0.10941176470588235 0.4075 0.10352941176470588 0.038636363636363635
1 0.68 0.45340909090909093 0.10352941176470588 0.03954545454545454
1 0.5755882352941176 0.03954545454545454 0.12058823529411765 0.022727272727272728
1 0.5058823529411764 0.9256818181818182 0.05764705882352941 0.038636363636363635
1 0.5438235294117647 0.37022727272727274 0.1323529411764706 0.04045454545454545
1 0.8885294117647059 0.5695454545454546 0.07823529411764706 0.038181818181818185
1 0.3864705882352941 0.45 0.15294117647058825 0.042727272727272725
1 0.12147058823529412 0.7627272727272727 0.06764705882352941 0.03636363636363636
1 0.1223529411764706 0.7215909090909091 0.07529411764705882 0.038636363636363635
1 0.7164705882352941 0.36977272727272725 0.12705882352941175 0.03409090909090909
1 0.505 0.8579545454545454 0.05352941176470588 0.03954545454545454
1 0.8670588235294118 0.41113636363636363 0.1423529411764706 0.038636363636363635
1 0.38676470588235295 0.3654545454545455 0.15470588235294117 0.04
1 0.10941176470588235 0.6072727272727273 0.08941176470588236 0.03727272727272727
1 0.675 0.9259090909090909 0.05588235294117647 0.03727272727272727
1 0.33205882352941174 0.8565909090909091 0.05588235294117647 0.03772727272727273
1 0.8026470588235294 0.5270454545454546 0.09823529411764706 0.03227272727272727
1 0.6323529411764706 0.37227272727272726 0.02823529411764706 0.03636363636363636
1 0.6461764705882352 0.40795454545454546 0.1723529411764706 0.030454545454545453
1 0.7679411764705882 0.4090909090909091 0.03 0.03272727272727273
1 0.6079411764705882 0.4552272727272727 0.031176470588235295 0.03227272727272727
1 0.5291176470588236 0.4561363636363636 0.12176470588235294 0.03409090909090909
1 0.826764705882353 0.5706818181818182 0.03 0.041363636363636366
1 0.678235294117647 0.6113636363636363 0.03411764705882353 0.03363636363636364