1 0.3864705882352941 0.6795454545454546 0.1564705882352941 0.03272727272727273
1 0.566764705882353 0.6811363636363637 0.17352941176470588 0.038636363636363635
1 0.35764705882352943 0.5234090909090909 0.0976470588235294 0.03772727272727273
1 0.7688235294117647 0.8554545454545455 0.047058823529411764 0.03909090909090909
1 0.855 0.923409090909091 0.06529411764705882 0.038636363636363635
1 0.5544117647058824 0.6088636363636364 0.033529411764705884 0.03772727272727273
1 0.4258823529411765 0.9243181818181818 0.05647058823529412 0.03772727272727273
1 0.4761764705882353 0.5231818181818182 0.10529411764705883 0.03636363636363636
1 0.7697058823529411 0.9213636363636364 0.061764705882352944 0.042727272727272725
1 0.35205882352941176 0.6097727272727272 0.09352941176470589 0.03318181818181818
1 0.3973529411764706 0.7231818181818181 0.18058823529411766 0.03272727272727273
1 0.11294117647058824 0.6802272727272727 0.07882352941176471 0.03409090909090909
1 0.11823529411764706 0.4456818181818182 0.08941176470588236 0.035
1 0.5964705882352941 0.7238636363636364 0.16823529411764707 0.03681818181818182
1 0.16823529411764707 0.9209090909090909 0.0611764705882353 0.038181818181818185
1 0.7076470588235294 0.5652272727272727 0.10470588235294118 0.03318181818181818
1 0.3411764705882353 0.9227272727272727 0.06235294117647059 0.03909090909090909
1 0.16705882352941176 0.8565909090909091 0.05764705882352941 0.03681818181818182
1 0.10794117647058823 0.5211363636363636 0.07235294117647059 0.035
1 0.2535294117647059 0.8554545454545455 0.05529411764705883 0.03727272727272727
1 0.6185294117647059 0.5645454545454546 0.03 0.031818181818181815
1 0.2523529411764706 0.9213636363636364 0.05764705882352941 0.038181818181818185
1 0.6835294117647058 0.9225 0.0611764705882353 0.03772727272727273
1 0.11764705882352941 0.3663636363636364 0.07764705882352942 0.035454545454545454
1 0.6244117647058823 0.45227272727272727 0.07 0.034545454545454546
1 0.4326470588235294 0.36363636363636365 0.2323529411764706 0.03727272727272727
1 0.42676470588235293 0.8563636363636363 0.05941176470588235 0.04090909090909091
1 0.3644117647058824 0.5665909090909091 0.11588235294117646 0.03590909090909091
1 0.4673529411764706 0.6104545454545455 0.1111764705882353 0.034545454545454546
1 0.5091176470588236 0.5661363636363637 0.14294117647058824 0.03590909090909091
1 0.5102941176470588 0.8554545454545455 0.05352941176470588 0.04
1 0.11794117647058823 0.4040909090909091 0.09470588235294118 0.034545454545454546
1 0.10911764705882353 0.5640909090909091 0.07588235294117647 0.034545454545454546
1 0.6235294117647059 0.6072727272727273 0.08235294117647059 0.031818181818181815
1 0.5585294117647058 0.03727272727272727 0.06411764705882353 0.022727272727272728
1 0.5670588235294117 0.4552272727272727 0.03294117647058824 0.029545454545454545
1 0.7329411764705882 0.4047727272727273 0.07882352941176471 0.031363636363636364
1 0.5105882352941177 0.923409090909091 0.06 0.03954545454545454
1 0.8532352941176471 0.8561363636363636 0.05588235294117647 0.042272727272727274
1 0.5958823529411764 0.8556818181818182 0.052941176470588235 0.038636363636363635
1 0.37029411764705883 0.45545454545454545 0.1288235294117647 0.03090909090909091
1 0.1188235294117647 0.7656818181818181 0.08470588235294117 0.035
1 0.11588235294117646 0.7222727272727273 0.07882352941176471 0.034545454545454546
1 0.49441176470588233 0.45545454545454545 0.09588235294117647 0.03
1 0.105 0.6063636363636363 0.0711764705882353 0.03636363636363636
1 0.5976470588235294 0.9231818181818182 0.06470588235294118 0.038181818181818185
1 0.34441176470588236 0.8554545454545455 0.057058823529411766 0.038181818181818185
1 0.2747058823529412 0.034772727272727275 0.03529411764705882 0.015
1 0.3285294117647059 0.03636363636363636 0.0488235294117647 0.01818181818181818
1 0.6555882352941177 0.3640909090909091 0.12058823529411765 0.031818181818181815
1 0.7423529411764705 0.37 0.021176470588235293 0.02181818181818182
1 0.81 0.36568181818181816 0.07647058823529412 0.03318181818181818
1 0.6644117647058824 0.405 0.03 0.03090909090909091
1 0.4011764705882353 0.4081818181818182 0.18588235294117647 0.03090909090909091
1 0.5676470588235294 0.4077272727272727 0.13529411764705881 0.031818181818181815
1 0.5623529411764706 0.5275 0.02588235294117647 0.02772727272727273
1 0.6385294117647059 0.5220454545454546 0.10058823529411764 0.031363636363636364
1 0.35352941176470587 0.7679545454545454 0.09411764705882353 0.02772727272727273
1 0.4576470588235294 0.7668181818181818 0.10235294117647059 0.025454545454545455
1 0.6914705882352942 0.8575 0.06529411764705882 0.03590909090909091