1 0.3685294117647059 0.6840909090909091 0.13 0.038181818181818185
1 0.36705882352941177 0.3665909090909091 0.11764705882352941 0.03409090909090909
1 0.7611764705882353 0.8581818181818182 0.04352941176470588 0.03909090909090909
1 0.8397058823529412 0.9270454545454545 0.0488235294117647 0.03954545454545454
1 0.5579411764705883 0.6118181818181818 0.026470588235294117 0.035454545454545454
1 0.415 0.9281818181818182 0.04764705882352941 0.03636363636363636
1 0.36058823529411765 0.6113636363636363 0.11411764705882353 0.03363636363636364
1 0.6258823529411764 0.7686363636363637 0.05764705882352941 0.03636363636363636
1 0.49176470588235294 0.5270454545454546 0.11764705882352941 0.03318181818181818
1 0.6438235294117647 0.6831818181818182 0.04764705882352941 0.03363636363636364
1 0.3897058823529412 0.7261363636363637 0.17352941176470588 0.035
1 0.39588235294117646 0.4134090909090909 0.17058823529411765 0.03772727272727273
1 0.11764705882352941 0.6797727272727273 0.06470588235294118 0.03409090909090909
1 0.1161764705882353 0.45454545454545453 0.06764705882352941 0.03363636363636364
1 0.653235294117647 0.5263636363636364 0.07352941176470588 0.03272727272727273
1 0.15794117647058822 0.9265909090909091 0.04294117647058823 0.03954545454545454
1 0.32735294117647057 0.9281818181818182 0.045294117647058825 0.03909090909090909
1 0.1538235294117647 0.8588636363636364 0.05588235294117647 0.03954545454545454
1 0.665 0.725 0.031176470588235295 0.031818181818181815
1 0.1111764705882353 0.5259090909090909 0.06705882352941177 0.031818181818181815
1 0.6235294117647059 0.6084090909090909 0.06941176470588235 0.03227272727272727
1 0.5973529411764706 0.5281818181818182 0.028823529411764706 0.031818181818181815
1 0.24352941176470588 0.9270454545454545 0.041176470588235294 0.03772727272727273
1 0.7641176470588236 0.9265909090909091 0.06470588235294118 0.03681818181818182
1 0.2958823529411765 0.03772727272727273 0.03764705882352941 0.02181818181818182
1 0.5644117647058824 0.7238636363636364 0.15588235294117647 0.035
1 0.5773529411764706 0.37363636363636366 0.028823529411764706 0.03363636363636364
1 0.4864705882352941 0.3690909090909091 0.08823529411764706 0.03363636363636364
1 0.4126470588235294 0.8586363636363636 0.05 0.03909090909090909
1 0.5885294117647059 0.9263636363636364 0.05 0.038181818181818185
1 0.115 0.37136363636363634 0.06411764705882353 0.031818181818181815
1 0.36411764705882355 0.5306818181818181 0.10941176470588235 0.035
1 0.5138235294117647 0.5711363636363637 0.1323529411764706 0.03318181818181818
1 0.48 0.45045454545454544 0.0811764705882353 0.03727272727272727
1 0.5873529411764706 0.8588636363636364 0.05235294117647059 0.03954545454545454
1 0.6305882352941177 0.4495454545454545 0.07764705882352942 0.034545454545454546
1 0.5370588235294118 0.037954545454545456 0.07882352941176471 0.020454545454545454
1 0.5508823529411765 0.4088636363636364 0.10764705882352942 0.03772727272727273
1 0.7073529411764706 0.4090909090909091 0.10529411764705883 0.034545454545454546
1 0.7297058823529412 0.7256818181818182 0.08529411764705883 0.03409090909090909
1 0.5 0.9272727272727272 0.04470588235294118 0.038181818181818185
1 0.8488235294117648 0.8577272727272728 0.05529411764705883 0.03727272727272727
1 0.6726470588235294 0.8575 0.057058823529411766 0.03954545454545454
1 0.5161764705882353 0.6838636363636363 0.11 0.03318181818181818
1 0.3685294117647059 0.44977272727272727 0.1288235294117647 0.04045454545454545
1 0.11794117647058823 0.7652272727272728 0.07470588235294118 0.03409090909090909
1 0.11735294117647059 0.7252272727272727 0.0688235294117647 0.03227272727272727
1 0.6458823529411765 0.37113636363636365 0.08 0.03227272727272727
1 0.56 0.455 0.03294117647058824 0.034545454545454546
1 0.5020588235294118 0.8586363636363636 0.0488235294117647 0.038181818181818185
1 0.6255882352941177 0.40954545454545455 0.03235294117647059 0.03272727272727273
1 0.47705882352941176 0.6097727272727272 0.10235294117647059 0.035
1 0.11764705882352941 0.5720454545454545 0.07294117647058823 0.035
1 0.673235294117647 0.9240909090909091 0.05235294117647059 0.038181818181818185
1 0.32676470588235296 0.8579545454545454 0.03823529411764706 0.038636363636363635
1 0.6808823529411765 0.5688636363636363 0.10058823529411764 0.03318181818181818
1 0.11323529411764706 0.4115909090909091 0.07588235294117647 0.03590909090909091
1 0.12058823529411765 0.6113636363636363 0.07058823529411765 0.03363636363636364
1 0.37323529411764705 0.5679545454545455 0.14058823529411765 0.03227272727272727
1 0.6123529411764705 0.571590909090909 0.03176470588235294 0.02772727272727273
1 0.6 0.6893181818181818 0.03058823529411765 0.022272727272727274
1 0.36058823529411765 0.7695454545454545 0.11764705882352941 0.03
1 0.48911764705882355 0.7679545454545454 0.10411764705882352 0.031363636363636364
1 0.5714705882352941 0.7747727272727273 0.022941176470588236 0.020454545454545454
1 0.24205882352941177 0.8604545454545455 0.0488235294117647 0.034545454545454546