1 0.39176470588235296 0.6779545454545455 0.18823529411764706 0.038636363636363635
1 0.7555882352941177 0.8572727272727273 0.054705882352941174 0.04090909090909091
1 0.8491176470588235 0.9252272727272727 0.07705882352941176 0.03954545454545454
1 0.40558823529411764 0.9220454545454545 0.06411764705882353 0.038636363636363635
1 0.37470588235294117 0.6086363636363636 0.14470588235294118 0.03636363636363636
1 0.6479411764705882 0.7661363636363636 0.0888235294117647 0.030454545454545453
1 0.6455882352941177 0.7243181818181819 0.03235294117647059 0.03409090909090909
1 0.385 0.4047727272727273 0.1652941176470588 0.03227272727272727
1 0.09705882352941177 0.6718181818181819 0.07294117647058823 0.03636363636363636
1 0.09470588235294118 0.44363636363636366 0.07882352941176471 0.03636363636363636
1 0.3841176470588235 0.7206818181818182 0.17411764705882352 0.03681818181818182
1 0.1011764705882353 0.35795454545454547 0.08352941176470588 0.035
1 0.4985294117647059 0.765 0.10764705882352942 0.03272727272727273
1 0.5808823529411765 0.7672727272727272 0.027647058823529413 0.034545454545454546
1 0.14647058823529413 0.9186363636363636 0.05764705882352941 0.04
1 0.7814705882352941 0.6854545454545454 0.12176470588235294 0.03636363636363636
1 0.32088235294117645 0.9209090909090909 0.057058823529411766 0.038181818181818185
1 0.15235294117647058 0.8531818181818182 0.06705882352941177 0.042727272727272725
1 0.4067647058823529 0.5209090909090909 0.21235294117647058 0.031818181818181815
1 0.08970588235294118 0.5127272727272727 0.0711764705882353 0.035454545454545454
1 0.23941176470588235 0.8531818181818182 0.06235294117647059 0.04
1 0.5923529411764706 0.5238636363636363 0.13294117647058823 0.028636363636363637
1 0.23970588235294119 0.9195454545454546 0.06411764705882353 0.04
1 0.3629411764705882 0.7597727272727273 0.1411764705882353 0.03681818181818182
1 0.7588235294117647 0.9238636363636363 0.07058823529411765 0.03772727272727273
1 0.5494117647058824 0.7236363636363636 0.14 0.035454545454545454
1 0.6870588235294117 0.4090909090909091 0.1 0.03363636363636364
1 0.6826470588235294 0.3654545454545455 0.03588235294117647 0.034545454545454546
1 0.6114705882352941 0.4536363636363636 0.06647058823529411 0.03363636363636364
1 0.41294117647058826 0.8547727272727272 0.06941176470588235 0.041363636363636366
1 0.5823529411764706 0.9218181818181819 0.06470588235294118 0.04090909090909091
1 0.0888235294117647 0.56 0.06705882352941177 0.03363636363636364
1 0.41147058823529414 0.5606818181818182 0.22294117647058823 0.03772727272727273
1 0.5052941176470588 0.6075 0.10705882352941176 0.03318181818181818
1 0.48294117647058826 0.4506818181818182 0.10235294117647059 0.03409090909090909
1 0.58 0.8575 0.05529411764705883 0.03409090909090909
1 0.10735294117647058 0.4011363636363636 0.06764705882352941 0.03590909090909091
1 0.6158823529411764 0.5638636363636363 0.15764705882352942 0.03227272727272727
1 0.5758823529411765 0.3663636363636364 0.1635294117647059 0.03636363636363636
1 0.6188235294117647 0.40863636363636363 0.024705882352941175 0.03636363636363636
1 0.7297058823529412 0.7231818181818181 0.11 0.03363636363636364
1 0.49470588235294116 0.9215909090909091 0.06588235294117648 0.03954545454545454
1 0.8414705882352941 0.855909090909091 0.05588235294117647 0.03727272727272727
1 0.6685294117647059 0.8554545454545455 0.061764705882352944 0.042727272727272725
1 0.5352941176470588 0.4065909090909091 0.11529411764705882 0.03590909090909091
1 0.5729411764705883 0.6793181818181818 0.1564705882352941 0.03772727272727273
1 0.3638235294117647 0.4490909090909091 0.1264705882352941 0.03636363636363636
1 0.10205882352941177 0.7581818181818182 0.08176470588235295 0.034545454545454546
1 0.10323529411764706 0.7265909090909091 0.08294117647058824 0.035
1 0.5055882352941177 0.8563636363636363 0.07352941176470588 0.034545454545454546
1 0.7679411764705882 0.3668181818181818 0.12294117647058823 0.03272727272727273
1 0.0888235294117647 0.6034090909090909 0.06705882352941177 0.035
1 0.665 0.9245454545454546 0.05235294117647059 0.04181818181818182
1 0.32029411764705884 0.8513636363636363 0.054705882352941174 0.038181818181818185
1 0.6814705882352942 0.6865909090909091 0.03470588235294118 0.03318181818181818
1 0.3176470588235294 0.028863636363636362 0.05058823529411765 0.021363636363636362
1 0.5655882352941176 0.0325 0.10411764705882352 0.02590909090909091
1 0.38941176470588235 0.3618181818181818 0.18705882352941178 0.03636363636363636
1 0.5579411764705883 0.4659090909090909 0.02411764705882353 0.025454545454545455