1 0.41205882352941176 0.7277272727272728 0.24058823529411766 0.03727272727272727
1 0.3988235294117647 0.4106818181818182 0.21176470588235294 0.03954545454545454
1 0.758235294117647 0.8575 0.058823529411764705 0.04045454545454545
1 0.8435294117647059 0.9254545454545454 0.06823529411764706 0.04090909090909091
1 0.4152941176470588 0.9256818181818182 0.06352941176470588 0.03590909090909091
1 0.5364705882352941 0.5706818181818182 0.17647058823529413 0.04409090909090909
1 0.8108823529411765 0.7754545454545455 0.12764705882352942 0.034545454545454546
1 0.3588235294117647 0.6127272727272727 0.13176470588235295 0.03909090909090909
1 0.6870588235294117 0.7731818181818182 0.03294117647058824 0.03363636363636364
1 0.39794117647058824 0.4572727272727273 0.20411764705882354 0.04090909090909091
1 0.7876470588235294 0.5702272727272727 0.14941176470588236 0.038636363636363635
1 0.12294117647058823 0.6809090909090909 0.11294117647058824 0.03909090909090909
1 0.11411764705882353 0.45454545454545453 0.11058823529411765 0.04181818181818182
1 0.5055882352941177 0.8570454545454546 0.05941176470588235 0.038636363636363635
1 0.6120588235294118 0.7254545454545455 0.15 0.038181818181818185
1 0.1588235294117647 0.9256818181818182 0.06 0.03681818181818182
1 0.7791176470588236 0.6136363636363636 0.13352941176470587 0.03636363636363636
1 0.33294117647058824 0.9238636363636363 0.07058823529411765 0.038636363636363635
1 0.15441176470588236 0.8584090909090909 0.054705882352941174 0.038636363636363635
1 0.7126470588235294 0.7272727272727273 0.04294117647058823 0.03636363636363636
1 0.6735294117647059 0.4611363636363636 0.3211764705882353 0.035
1 0.11852941176470588 0.5277272727272727 0.08411764705882353 0.038181818181818185
1 0.2461764705882353 0.8581818181818182 0.06529411764705882 0.03909090909090909
1 0.6488235294117647 0.6240909090909091 0.036470588235294116 0.03090909090909091
1 0.2411764705882353 0.9254545454545454 0.05058823529411765 0.038181818181818185
1 0.3891176470588235 0.7736363636363637 0.18764705882352942 0.038181818181818185
1 0.7605882352941177 0.9252272727272727 0.05647058823529412 0.038636363636363635
1 0.10970588235294118 0.3679545454545455 0.10529411764705883 0.03772727272727273
1 0.5808823529411765 0.7731818181818182 0.14176470588235293 0.038181818181818185
1 0.6847058823529412 0.4115909090909091 0.3411764705882353 0.042272727272727274
1 0.41411764705882353 0.8577272727272728 0.05176470588235294 0.038181818181818185
1 0.59 0.9252272727272727 0.0611764705882353 0.03772727272727273
1 0.3614705882352941 0.5688636363636363 0.1323529411764706 0.038636363636363635
1 0.5335294117647059 0.6134090909090909 0.17176470588235293 0.04045454545454545
1 0.5873529411764706 0.8570454545454546 0.054705882352941174 0.038636363636363635
1 0.11735294117647059 0.41 0.11705882352941177 0.042727272727272725
1 0.5576470588235294 0.03840909090909091 0.08823529411764706 0.021363636363636362
1 0.6552941176470588 0.5736363636363636 0.04470588235294118 0.04
1 0.5017647058823529 0.9265909090909091 0.06588235294117648 0.038636363636363635
1 0.6714705882352942 0.860909090909091 0.05 0.04181818181818182
1 0.8235294117647058 0.7270454545454546 0.15176470588235294 0.04045454545454545
1 0.12382352941176471 0.7665909090909091 0.09588235294117647 0.03681818181818182
1 0.12294117647058823 0.7247727272727272 0.10352941176470588 0.038636363636363635
1 0.11970588235294118 0.6156818181818182 0.09588235294117647 0.03954545454545454
1 0.68 0.9256818181818182 0.06470588235294118 0.03772727272727273
1 0.33029411764705885 0.8586363636363636 0.05823529411764706 0.038181818181818185
1 0.30558823529411766 0.03431818181818182 0.03705882352941176 0.02409090909090909
1 0.12147058823529412 0.5697727272727273 0.0888235294117647 0.042272727272727274
1 0.8432352941176471 0.8643181818181818 0.06647058823529411 0.04045454545454545