1 0.4323529411764706 0.6809090909090909 0.25176470588235295 0.034545454545454546
1 0.5502941176470588 0.6131818181818182 0.026470588235294117 0.03636363636363636
1 0.7667647058823529 0.8554545454545455 0.06529411764705882 0.03909090909090909
1 0.8511764705882353 0.9236363636363636 0.07294117647058823 0.04181818181818182
1 0.4252941176470588 0.9245454545454546 0.06705882352941177 0.038181818181818185
1 0.34794117647058825 0.6097727272727272 0.09705882352941177 0.03409090909090909
1 0.36558823529411766 0.5215909090909091 0.12764705882352942 0.03681818181818182
1 0.6673529411764706 0.7243181818181819 0.1711764705882353 0.03590909090909091
1 0.395 0.4511363636363636 0.17823529411764705 0.03681818181818182
1 0.6526470588235294 0.6797727272727273 0.15705882352941178 0.03772727272727273
1 0.4376470588235294 0.7215909090909091 0.2647058823529412 0.03772727272727273
1 0.7344117647058823 0.5215909090909091 0.09 0.03409090909090909
1 0.10852941176470589 0.6809090909090909 0.08176470588235295 0.035454545454545454
1 0.0961764705882353 0.4506818181818182 0.0711764705882353 0.03590909090909091
1 0.1661764705882353 0.9225 0.0711764705882353 0.03954545454545454
1 0.33558823529411763 0.9227272727272727 0.0688235294117647 0.04
1 0.16088235294117648 0.8556818181818182 0.051176470588235295 0.038636363636363635
1 0.10558823529411765 0.5225 0.08058823529411764 0.03318181818181818
1 0.6079411764705882 0.6093181818181819 0.06411764705882353 0.03227272727272727
1 0.8276470588235294 0.3668181818181818 0.13411764705882354 0.035454545454545454
1 0.2485294117647059 0.8570454545454546 0.06294117647058824 0.03954545454545454
1 0.2526470588235294 0.9225 0.07235294117647059 0.03954545454545454
1 0.3952941176470588 0.77 0.17647058823529413 0.031818181818181815
1 0.7685294117647059 0.9238636363636363 0.07470588235294118 0.038636363636363635
1 0.10882352941176471 0.36454545454545456 0.07882352941176471 0.034545454545454546
1 0.5476470588235294 0.7672727272727272 0.11764705882352941 0.035454545454545454
1 0.7076470588235294 0.4525 0.09058823529411765 0.03318181818181818
1 0.6405882352941177 0.3663636363636364 0.15764705882352942 0.03363636363636364
1 0.43323529411764705 0.4043181818181818 0.2535294117647059 0.04045454545454545
1 0.41823529411764704 0.8572727272727273 0.0611764705882353 0.04090909090909091
1 0.5944117647058823 0.9252272727272727 0.06647058823529411 0.03409090909090909
1 0.09970588235294117 0.5647727272727273 0.07823529411764706 0.03409090909090909
1 0.3594117647058824 0.5643181818181818 0.11294117647058824 0.03681818181818182
1 0.5944117647058823 0.8540909090909091 0.07 0.03636363636363636
1 0.10352941176470588 0.40704545454545454 0.08823529411764706 0.03590909090909091
1 0.6358823529411765 0.45340909090909093 0.027058823529411764 0.03772727272727273
1 0.5073529411764706 0.9252272727272727 0.07470588235294118 0.03590909090909091
1 0.8526470588235294 0.8556818181818182 0.06294117647058824 0.038636363636363635
1 0.6779411764705883 0.855 0.06529411764705882 0.04090909090909091
1 0.09911764705882353 0.7665909090909091 0.07470588235294118 0.03590909090909091
1 0.10411764705882352 0.7231818181818181 0.08 0.03636363636363636
1 0.5591176470588235 0.45181818181818184 0.10764705882352942 0.03272727272727273
1 0.5088235294117647 0.8556818181818182 0.06588235294117648 0.04045454545454545
1 0.655 0.5268181818181819 0.03470588235294118 0.034545454545454546
1 0.8173529411764706 0.4081818181818182 0.13588235294117648 0.034545454545454546
1 0.4335294117647059 0.3640909090909091 0.25529411764705884 0.034545454545454546
1 0.09970588235294117 0.605909090909091 0.08176470588235295 0.03636363636363636
1 0.68 0.9240909090909091 0.07294117647058823 0.038181818181818185
1 0.33676470588235297 0.8563636363636363 0.06411764705882353 0.038181818181818185
1 0.7073529411764706 0.5636363636363636 0.09941176470588235 0.034545454545454546
1 0.3058823529411765 0.03727272727272727 0.04470588235294118 0.02090909090909091
1 0.5655882352941176 0.038181818181818185 0.11470588235294117 0.026363636363636363
1 0.7405882352941177 0.36954545454545457 0.03529411764705882 0.035454545454545454
1 0.7326470588235294 0.4077272727272727 0.02411764705882353 0.034545454545454546
1 0.6405882352941177 0.40863636363636363 0.15529411764705883 0.03636363636363636
1 0.6414705882352941 0.5677272727272727 0.03470588235294118 0.03909090909090909
1 0.528235294117647 0.5256818181818181 0.19176470588235295 0.03318181818181818
1 0.5155882352941177 0.5686363636363636 0.1923529411764706 0.03727272727272727
1 0.46147058823529413 0.6118181818181818 0.1323529411764706 0.03363636363636364