1 0.3779411764705882 0.6825 0.16647058823529412 0.03590909090909091
1 0.49941176470588233 0.37022727272727274 0.4082352941176471 0.04409090909090909
1 0.7585294117647059 0.8629545454545454 0.06411764705882353 0.035
1 0.8382352941176471 0.93 0.05764705882352941 0.03727272727272727
1 0.4102941176470588 0.928409090909091 0.060588235294117644 0.03590909090909091
1 0.8485294117647059 0.8634090909090909 0.07823529411764706 0.035
1 0.35558823529411765 0.5636363636363636 0.12058823529411765 0.03090909090909091
1 0.41911764705882354 0.4593181818181818 0.2488235294117647 0.03681818181818182
1 0.3905882352941176 0.7186363636363636 0.1952941176470588 0.025454545454545455
1 0.08676470588235294 0.6827272727272727 0.07588235294117647 0.03636363636363636
1 0.08823529411764706 0.45636363636363636 0.08705882352941176 0.038181818181818185
1 0.6705882352941176 0.5613636363636364 0.10705882352941176 0.026363636363636363
1 0.09529411764705882 0.3704545454545455 0.08352941176470588 0.034545454545454546
1 0.4879411764705882 0.7772727272727272 0.11941176470588236 0.022727272727272728
1 0.5747058823529412 0.7315909090909091 0.17647058823529413 0.026818181818181817
1 0.15029411764705883 0.928409090909091 0.054705882352941174 0.03590909090909091
1 0.325 0.9272727272727272 0.060588235294117644 0.03636363636363636
1 0.15058823529411763 0.8611363636363636 0.05176470588235294 0.03590909090909091
1 0.08823529411764706 0.5272727272727272 0.06941176470588235 0.034545454545454546
1 0.23852941176470588 0.8606818181818182 0.05823529411764706 0.03590909090909091
1 0.5994117647058823 0.5256818181818181 0.11294117647058824 0.031363636363636364
1 0.23823529411764705 0.9270454545454545 0.058823529411764705 0.03681818181818182
1 0.7502941176470588 0.93 0.05588235294117647 0.03727272727272727
1 0.2911764705882353 0.03704545454545455 0.03294117647058824 0.021363636363636362
1 0.46941176470588236 0.4156818181818182 0.34823529411764703 0.041363636363636366
1 0.4061764705882353 0.860909090909091 0.05352941176470588 0.03909090909090909
1 0.5914705882352941 0.9279545454545455 0.06647058823529411 0.03590909090909091
1 0.34411764705882353 0.5236363636363637 0.0976470588235294 0.03090909090909091
1 0.5870588235294117 0.8613636363636363 0.06823529411764706 0.03727272727272727
1 0.09088235294117647 0.4115909090909091 0.09235294117647058 0.03954545454545454
1 0.5444117647058824 0.04090909090909091 0.08176470588235295 0.023636363636363636
1 0.4958823529411765 0.9293181818181818 0.0611764705882353 0.03772727272727273
1 0.6755882352941176 0.865 0.06647058823529411 0.04090909090909091
1 0.5673529411764706 0.6822727272727273 0.1888235294117647 0.03636363636363636
1 0.08735294117647059 0.7670454545454546 0.07941176470588235 0.035
1 0.08823529411764706 0.7229545454545454 0.07882352941176471 0.03590909090909091
1 0.4970588235294118 0.8606818181818182 0.06 0.038636363636363635
1 0.08529411764705883 0.6115909090909091 0.06823529411764706 0.03590909090909091
1 0.6694117647058824 0.9272727272727272 0.05529411764705883 0.03727272727272727
1 0.32088235294117645 0.860909090909091 0.0488235294117647 0.03727272727272727
1 0.08441176470588235 0.5693181818181818 0.0688235294117647 0.03772727272727273
1 0.45294117647058824 0.5227272727272727 0.1223529411764706 0.031818181818181815
1 0.528235294117647 0.5320454545454546 0.03058823529411765 0.026818181818181817
1 0.49941176470588233 0.5588636363636363 0.15411764705882353 0.02590909090909091
1 0.5988235294117648 0.5613636363636364 0.03294117647058824 0.026363636363636363
1 0.3432352941176471 0.6034090909090909 0.09588235294117647 0.02409090909090909
1 0.44176470588235295 0.6025 0.0988235294117647 0.025
1 0.5029411764705882 0.6088636363636364 0.024705882352941175 0.029545454545454545
1 0.5626470588235294 0.6043181818181819 0.08294117647058824 0.022272727272727274
1 0.3602941176470588 0.7631818181818182 0.13470588235294118 0.025454545454545455