1 0.3776470588235294 0.6772727272727272 0.1564705882352941 0.03909090909090909
1 0.7602941176470588 0.8554545454545455 0.07 0.03909090909090909
1 0.8461764705882353 0.9240909090909091 0.07235294117647059 0.04090909090909091
1 0.4152941176470588 0.9220454545454545 0.07058823529411765 0.038636363636363635
1 0.8358823529411765 0.8556818181818182 0.05058823529411765 0.04045454545454545
1 0.36 0.6052272727272727 0.12117647058823529 0.03590909090909091
1 0.4435294117647059 0.405 0.29764705882352943 0.04
1 0.40794117647058825 0.4475 0.21705882352941178 0.03772727272727273
1 0.7894117647058824 0.5275 0.12 0.030454545454545453
1 0.09029411764705883 0.6761363636363636 0.08647058823529412 0.04045454545454545
1 0.09029411764705883 0.4511363636363636 0.08647058823529412 0.031363636363636364
1 0.3988235294117647 0.7202272727272727 0.1976470588235294 0.038636363636363635
1 0.08852941176470588 0.5188636363636364 0.08176470588235295 0.03681818181818182
1 0.7641176470588236 0.5684090909090909 0.03058823529411765 0.035
1 0.15529411764705883 0.92 0.06 0.038181818181818185
1 0.8561764705882353 0.5677272727272727 0.16176470588235295 0.04
1 0.3270588235294118 0.9197727272727273 0.06352941176470588 0.038636363636363635
1 0.1476470588235294 0.8502272727272727 0.05411764705882353 0.03954545454545454
1 0.7355882352941177 0.7663636363636364 0.08764705882352941 0.03363636363636364
1 0.3764705882352941 0.5206818181818181 0.14705882352941177 0.03227272727272727
1 0.8779411764705882 0.41045454545454546 0.1323529411764706 0.03363636363636364
1 0.24029411764705882 0.8554545454545455 0.060588235294117644 0.042727272727272725
1 0.6073529411764705 0.5640909090909091 0.2570588235294118 0.04090909090909091
1 0.23794117647058824 0.9195454545454546 0.05588235294117647 0.03727272727272727
1 0.3688235294117647 0.7627272727272727 0.14705882352941177 0.03636363636363636
1 0.7585294117647059 0.9222727272727272 0.06647058823529411 0.03909090909090909
1 0.10029411764705883 0.36227272727272725 0.09235294117647058 0.034545454545454546
1 0.5502941176470588 0.7656818181818181 0.18176470588235294 0.03227272727272727
1 0.6938235294117647 0.4552272727272727 0.033529411764705884 0.035
1 0.7335294117647059 0.3640909090909091 0.09647058823529411 0.035454545454545454
1 0.41294117647058826 0.8529545454545454 0.06235294117647059 0.038636363636363635
1 0.5791176470588235 0.9252272727272727 0.05823529411764706 0.038636363636363635
1 0.09588235294117647 0.4088636363636364 0.1 0.028636363636363637
1 0.08294117647058824 0.5611363636363637 0.07411764705882352 0.03590909090909091
1 0.3926470588235294 0.5620454545454545 0.17705882352941177 0.03772727272727273
1 0.5688235294117647 0.5215909090909091 0.2223529411764706 0.03318181818181818
1 0.5091176470588236 0.6134090909090909 0.15705882352941178 0.023181818181818182
1 0.5897058823529412 0.855909090909091 0.0688235294117647 0.04
1 0.5785294117647058 0.3634090909090909 0.14058823529411765 0.038636363636363635
1 0.7588235294117647 0.4515909090909091 0.08705882352941176 0.03409090909090909
1 0.5058823529411764 0.9220454545454545 0.07882352941176471 0.04045454545454545
1 0.8258823529411765 0.6815909090909091 0.10705882352941176 0.03681818181818182
1 0.6670588235294118 0.8543181818181819 0.05411764705882353 0.041363636363636366
1 0.591764705882353 0.6777272727272727 0.26588235294117646 0.04090909090909091
1 0.8767647058823529 0.7275 0.11588235294117646 0.03772727272727273
1 0.08970588235294118 0.7595454545454545 0.0888235294117647 0.03636363636363636
1 0.09323529411764706 0.7175 0.09352941176470589 0.035
1 0.5870588235294117 0.45204545454545453 0.15529411764705883 0.028636363636363637
1 0.6652941176470588 0.7672727272727272 0.03882352941176471 0.03636363636363636
1 0.5026470588235294 0.8543181818181819 0.07352941176470588 0.03681818181818182
1 0.7085294117647059 0.5275 0.03588235294117647 0.035
1 0.6138235294117647 0.6081818181818182 0.033529411764705884 0.034545454545454546
1 0.40647058823529414 0.36477272727272725 0.2023529411764706 0.03227272727272727
1 0.6388235294117647 0.725 0.2788235294117647 0.03
1 0.08352941176470588 0.6031818181818182 0.07764705882352942 0.035454545454545454
1 0.6694117647058824 0.9218181818181819 0.06823529411764706 0.04
1 0.3311764705882353 0.8538636363636364 0.07058823529411765 0.04045454545454545
1 0.6982352941176471 0.6118181818181818 0.11058823529411765 0.026363636363636363
1 0.7523529411764706 0.6820454545454545 0.041176470588235294 0.035
1 0.2647058823529412 0.02931818181818182 0.027058823529411764 0.023181818181818182
1 0.32941176470588235 0.031136363636363636 0.09058823529411765 0.025
1 0.5591176470588235 0.0325 0.12058823529411765 0.023181818181818182
1 0.663235294117647 0.37227272727272726 0.031176470588235295 0.026363636363636363
1 0.7929411764705883 0.4127272727272727 0.03529411764705882 0.03090909090909091
1 0.6870588235294117 0.4118181818181818 0.17529411764705882 0.035454545454545454
1 0.8029411764705883 0.7293181818181819 0.02588235294117647 0.030454545454545453