1 0.42058823529411765 0.7206818181818182 0.22588235294117648 0.03772727272727273
1 0.4126470588235294 0.4052272727272727 0.21 0.03590909090909091
1 0.7635294117647059 0.860909090909091 0.04941176470588235 0.03909090909090909
1 0.8576470588235294 0.9277272727272727 0.07058823529411765 0.04
1 0.5914705882352941 0.6102272727272727 0.14647058823529413 0.03590909090909091
1 0.42264705882352943 0.9272727272727272 0.05235294117647059 0.03727272727272727
1 0.8535294117647059 0.8618181818181818 0.05529411764705883 0.038181818181818185
1 0.3991176470588235 0.6111363636363636 0.17705882352941177 0.035
1 0.4002941176470588 0.4490909090909091 0.18294117647058825 0.03727272727272727
1 0.11294117647058824 0.678409090909091 0.08352941176470588 0.035
1 0.10588235294117647 0.44727272727272727 0.08470588235294117 0.035454545454545454
1 0.5973529411764706 0.7672727272727272 0.10058823529411764 0.034545454545454546
1 0.16058823529411764 0.9272727272727272 0.05529411764705883 0.03636363636363636
1 0.34 0.9263636363636364 0.06352941176470588 0.03727272727272727
1 0.15323529411764705 0.8595454545454545 0.04764705882352941 0.03909090909090909
1 0.7852941176470588 0.6118181818181818 0.10588235294117647 0.03363636363636364
1 0.41352941176470587 0.5675 0.20823529411764705 0.03772727272727273
1 0.11205882352941177 0.5229545454545454 0.09352941176470589 0.03409090909090909
1 0.2411764705882353 0.8584090909090909 0.04352941176470588 0.03681818181818182
1 0.6217647058823529 0.5679545454545455 0.16705882352941176 0.03681818181818182
1 0.24529411764705883 0.9245454545454546 0.04941176470588235 0.038181818181818185
1 0.4138235294117647 0.77 0.21235294117647058 0.035454545454545454
1 0.7667647058823529 0.9281818181818182 0.060588235294117644 0.03727272727272727
1 0.11088235294117647 0.3679545454545455 0.07705882352941176 0.03409090909090909
1 0.41558823529411765 0.8606818181818182 0.05 0.038636363636363635
1 0.5923529411764706 0.9272727272727272 0.047058823529411764 0.038181818181818185
1 0.11205882352941177 0.5656818181818182 0.08647058823529412 0.03409090909090909
1 0.5885294117647059 0.8597727272727272 0.054705882352941174 0.03954545454545454
1 0.10676470588235294 0.40636363636363637 0.08176470588235295 0.035454545454545454
1 0.581764705882353 0.03568181818181818 0.09058823529411765 0.023181818181818182
1 0.6102941176470589 0.41 0.16647058823529412 0.038181818181818185
1 0.7264705882352941 0.45340909090909093 0.07882352941176471 0.03227272727272727
1 0.5041176470588236 0.9279545454545455 0.047058823529411764 0.041363636363636366
1 0.6785294117647059 0.8590909090909091 0.05823529411764706 0.03636363636363636
1 0.8194117647058824 0.4097727272727273 0.10235294117647059 0.035
1 0.841764705882353 0.5706818181818182 0.12941176470588237 0.035
1 0.1161764705882353 0.7663636363636364 0.08058823529411764 0.034545454545454546
1 0.11588235294117646 0.7247727272727272 0.08352941176470588 0.035
1 0.7297058823529412 0.4065909090909091 0.03470588235294118 0.035
1 0.5723529411764706 0.44977272727272727 0.12588235294117647 0.03590909090909091
1 0.6155882352941177 0.7206818181818182 0.09705882352941177 0.03318181818181818
1 0.5052941176470588 0.8586363636363636 0.05764705882352941 0.038181818181818185
1 0.10735294117647058 0.6056818181818182 0.08411764705882353 0.03590909090909091
1 0.678235294117647 0.9279545454545455 0.06705882352941177 0.03681818181818182
1 0.3288235294117647 0.8579545454545454 0.05058823529411765 0.03681818181818182
1 0.7038235294117647 0.6077272727272728 0.028823529411764706 0.035454545454545454
1 0.7494117647058823 0.5661363636363637 0.03176470588235294 0.035
1 0.32 0.03386363636363637 0.06235294117647059 0.02409090909090909
1 0.6605882352941177 0.45022727272727275 0.02823529411764706 0.042272727272727274