1 0.3982352941176471 0.6854545454545454 0.19647058823529412 0.04363636363636364
1 0.7620588235294118 0.8643181818181818 0.061764705882352944 0.04772727272727273
1 0.8444117647058823 0.9286363636363636 0.0488235294117647 0.038181818181818185
1 0.5605882352941176 0.5709090909090909 0.2188235294117647 0.038181818181818185
1 0.41411764705882353 0.9315909090909091 0.04470588235294118 0.03590909090909091
1 0.4814705882352941 0.5311363636363636 0.13941176470588235 0.03681818181818182
1 0.8520588235294118 0.8577272727272728 0.07352941176470588 0.04181818181818182
1 0.3417647058823529 0.6170454545454546 0.08941176470588236 0.03409090909090909
1 0.3914705882352941 0.45840909090909093 0.1723529411764706 0.038636363636363635
1 0.47705882352941176 0.41295454545454546 0.34352941176470586 0.041363636363636366
1 0.10852941176470589 0.678409090909091 0.07352941176470588 0.03590909090909091
1 0.09852941176470588 0.4481818181818182 0.0711764705882353 0.03636363636363636
1 0.10323529411764706 0.3618181818181818 0.07352941176470588 0.035454545454545454
1 0.5094117647058823 0.7738636363636363 0.10352941176470588 0.038636363636363635
1 0.1588235294117647 0.9334090909090909 0.05529411764705883 0.04318181818181818
1 0.32941176470588235 0.9320454545454545 0.05058823529411765 0.03954545454545454
1 0.15294117647058825 0.8581818181818182 0.04941176470588235 0.04363636363636364
1 0.10411764705882352 0.5213636363636364 0.07176470588235294 0.034545454545454546
1 0.6491176470588236 0.73 0.15705882352941178 0.035454545454545454
1 0.24088235294117646 0.8586363636363636 0.05235294117647059 0.046363636363636364
1 0.24735294117647058 0.9313636363636364 0.06294117647058824 0.04
1 0.3788235294117647 0.7725 0.14705882352941177 0.038636363636363635
1 0.7617647058823529 0.9397727272727273 0.05647058823529412 0.05409090909090909
1 0.29470588235294115 0.031818181818181815 0.04588235294117647 0.028181818181818183
1 0.6358823529411765 0.4611363636363636 0.06470588235294118 0.03318181818181818
1 0.5714705882352941 0.3663636363636364 0.11470588235294117 0.03272727272727273
1 0.4208823529411765 0.8604545454545455 0.07352941176470588 0.042727272727272725
1 0.5914705882352941 0.9327272727272727 0.07470588235294118 0.03727272727272727
1 0.3720588235294118 0.5711363636363637 0.15235294117647058 0.03772727272727273
1 0.4641176470588235 0.6168181818181818 0.14 0.034545454545454546
1 0.09705882352941177 0.4031818181818182 0.07411764705882352 0.035454545454545454
1 0.10970588235294118 0.5622727272727273 0.06764705882352941 0.03636363636363636
1 0.745 0.4159090909090909 0.18411764705882352 0.038181818181818185
1 0.5026470588235294 0.9281818181818182 0.05588235294117647 0.042727272727272725
1 0.6708823529411765 0.8611363636363636 0.060588235294117644 0.045909090909090906
1 0.548235294117647 0.03613636363636363 0.09411764705882353 0.02590909090909091
1 0.10705882352941176 0.7634090909090909 0.07647058823529412 0.03681818181818182
1 0.10705882352941176 0.7225 0.08 0.03681818181818182
1 0.6955882352941176 0.3643181818181818 0.06529411764705882 0.03318181818181818
1 0.5302941176470588 0.4606818181818182 0.09 0.03681818181818182
1 0.5929411764705882 0.8597727272727272 0.05764705882352941 0.04772727272727273
1 0.508235294117647 0.8611363636363636 0.06941176470588235 0.045
1 0.5679411764705883 0.685 0.13117647058823528 0.035454545454545454
1 0.4088235294117647 0.3613636363636364 0.19411764705882353 0.038181818181818185
1 0.42823529411764705 0.7284090909090909 0.2564705882352941 0.03590909090909091
1 0.10941176470588235 0.6052272727272727 0.07882352941176471 0.03681818181818182
1 0.6764705882352942 0.9343181818181818 0.05176470588235294 0.03772727272727273
1 0.3291176470588235 0.8611363636363636 0.05352941176470588 0.041363636363636366
1 0.6458823529411765 0.37318181818181817 0.027058823529411764 0.03272727272727273
1 0.8523529411764705 0.41863636363636364 0.03294117647058824 0.03636363636363636
1 0.9079411764705883 0.4184090909090909 0.07823529411764706 0.038636363636363635
1 0.5902941176470589 0.4661363636363636 0.025294117647058825 0.03318181818181818
1 0.35294117647058826 0.5245454545454545 0.11647058823529412 0.042727272727272725