1 0.3773529411764706 0.7684090909090909 0.15823529411764706 0.03681818181818182
1 0.52 0.7697727272727273 0.12 0.03590909090909091
1 0.3594117647058824 0.6129545454545454 0.1223529411764706 0.03954545454545454
1 0.1 0.5247727272727273 0.08352941176470588 0.03681818181818182
1 0.09911764705882353 0.5686363636363636 0.08176470588235295 0.03727272727272727
1 0.8497058823529412 0.8611363636363636 0.0688235294117647 0.041363636363636366
1 0.3552941176470588 0.5259090909090909 0.10352941176470588 0.04
1 0.7552941176470588 0.8615909090909091 0.06235294117647059 0.03954545454545454
1 0.3814705882352941 0.45681818181818185 0.16176470588235295 0.03909090909090909
1 0.3585294117647059 0.5709090909090909 0.11705882352941177 0.03727272727272727
1 0.4123529411764706 0.9263636363636364 0.0611764705882353 0.03909090909090909
1 0.09058823529411765 0.7659090909090909 0.08352941176470588 0.03727272727272727
1 0.09147058823529412 0.68 0.08176470588235295 0.03727272727272727
1 0.4176470588235294 0.8593181818181819 0.06235294117647059 0.04045454545454545
1 0.09205882352941176 0.3640909090909091 0.08529411764705883 0.03727272727272727
1 0.5 0.8593181818181819 0.0611764705882353 0.04045454545454545
1 0.6676470588235294 0.7240909090909091 0.08588235294117647 0.02727272727272727
1 0.32941176470588235 0.9256818181818182 0.06235294117647059 0.03772727272727273
1 0.10205882352941177 0.4088636363636364 0.08764705882352941 0.038636363636363635
1 0.24088235294117646 0.9240909090909091 0.057058823529411766 0.038181818181818185
1 0.6623529411764706 0.7727272727272727 0.07647058823529412 0.03727272727272727
1 0.15735294117647058 0.9245454545454546 0.061764705882352944 0.03909090909090909
1 0.3288235294117647 0.8588636363636364 0.0611764705882353 0.03954545454545454
1 0.29764705882352943 0.03727272727272727 0.047058823529411764 0.026363636363636363
1 0.38676470588235295 0.41113636363636363 0.17470588235294118 0.03772727272727273
1 0.67 0.9265909090909091 0.06235294117647059 0.03954545454545454
1 0.10058823529411764 0.45227272727272727 0.08470588235294117 0.038181818181818185
1 0.5876470588235294 0.8597727272727272 0.06705882352941177 0.04045454545454545
1 0.095 0.7195454545454546 0.08294117647058824 0.03727272727272727
1 0.5761764705882353 0.03977272727272727 0.14058823529411765 0.022272727272727274
1 0.5247058823529411 0.4561363636363636 0.1188235294117647 0.03772727272727273
1 0.5841176470588235 0.9263636363636364 0.06235294117647059 0.03909090909090909
1 0.8414705882352941 0.9277272727272727 0.06411764705882353 0.03909090909090909
1 0.3761764705882353 0.6840909090909091 0.15 0.03272727272727273
1 0.1526470588235294 0.8575 0.05823529411764706 0.03954545454545454
1 0.5323529411764706 0.4115909090909091 0.09294117647058824 0.038636363636363635
1 0.6758823529411765 0.8590909090909091 0.06470588235294118 0.04090909090909091
1 0.10058823529411764 0.6127272727272727 0.08588235294117647 0.038181818181818185
1 0.5002941176470588 0.9259090909090909 0.06294117647058824 0.04
1 0.533235294117647 0.6865909090909091 0.13588235294117648 0.038636363636363635
1 0.39029411764705885 0.37022727272727274 0.17705882352941177 0.03954545454545454
1 0.7576470588235295 0.9272727272727272 0.06470588235294118 0.04
1 0.5238235294117647 0.37 0.09705882352941177 0.03727272727272727
1 0.2426470588235294 0.8590909090909091 0.05941176470588235 0.03909090909090909
1 0.63 0.685 0.047058823529411764 0.03909090909090909
1 0.696764705882353 0.6859090909090909 0.08058823529411764 0.038181818181818185
1 0.6008823529411764 0.7256818181818182 0.028823529411764706 0.04772727272727273
1 0.37558823529411767 0.7252272727272727 0.15823529411764706 0.03681818181818182
1 0.5197058823529411 0.7279545454545454 0.12176470588235294 0.029545454545454545
1 0.6008823529411764 0.7711363636363636 0.028823529411764706 0.035