1 0.4011764705882353 0.6786363636363636 0.1811764705882353 0.03636363636363636
1 0.3785294117647059 0.5209090909090909 0.13117647058823528 0.03727272727272727
1 0.7591176470588236 0.8581818181818182 0.05235294117647059 0.04090909090909091
1 0.8476470588235294 0.9270454545454545 0.0611764705882353 0.03954545454545454
1 0.5311764705882352 0.5638636363636363 0.07294117647058823 0.031363636363636364
1 0.4102941176470588 0.9220454545454545 0.04764705882352941 0.03772727272727273
1 0.5067647058823529 0.5225 0.054705882352941174 0.03318181818181818
1 0.37176470588235294 0.6061363636363636 0.11764705882352941 0.03318181818181818
1 0.46058823529411763 0.5227272727272727 0.024705882352941175 0.031818181818181815
1 0.6202941176470588 0.7686363636363637 0.07235294117647059 0.031818181818181815
1 0.3897058823529412 0.4486363636363636 0.16647058823529412 0.035454545454545454
1 0.6485294117647059 0.6813636363636364 0.028823529411764706 0.035454545454545454
1 0.10705882352941176 0.6709090909090909 0.07882352941176471 0.035454545454545454
1 0.11794117647058823 0.44386363636363635 0.08647058823529412 0.03590909090909091
1 0.3911764705882353 0.7220454545454545 0.1811764705882353 0.03681818181818182
1 0.11588235294117646 0.3572727272727273 0.08705882352941176 0.03727272727272727
1 0.15176470588235294 0.9204545454545454 0.05647058823529412 0.04090909090909091
1 0.32294117647058823 0.9209090909090909 0.05764705882352941 0.03909090909090909
1 0.1564705882352941 0.8527272727272728 0.0611764705882353 0.038181818181818185
1 0.7073529411764706 0.7238636363636364 0.10294117647058823 0.03318181818181818
1 0.10558823529411765 0.5186363636363637 0.05352941176470588 0.035454545454545454
1 0.6373529411764706 0.7238636363636364 0.027647058823529413 0.03409090909090909
1 0.23823529411764705 0.9193181818181818 0.05176470588235294 0.038636363636363635
1 0.3788235294117647 0.7636363636363637 0.1564705882352941 0.031818181818181815
1 0.7594117647058823 0.9243181818181818 0.0611764705882353 0.04045454545454545
1 0.3008823529411765 0.028863636363636362 0.04294117647058823 0.02590909090909091
1 0.5102941176470588 0.7670454545454546 0.09470588235294118 0.028636363636363637
1 0.6523529411764706 0.45431818181818184 0.05647058823529412 0.029545454545454545
1 0.6626470588235294 0.3638636363636364 0.061764705882352944 0.03227272727272727
1 0.5458823529411765 0.3640909090909091 0.11411764705882353 0.03272727272727273
1 0.41411764705882353 0.8538636363636364 0.052941176470588235 0.03772727272727273
1 0.5888235294117647 0.9206818181818182 0.05647058823529412 0.03954545454545454
1 0.10411764705882352 0.6036363636363636 0.04588235294117647 0.03363636363636364
1 0.38088235294117645 0.5629545454545455 0.14058823529411765 0.03409090909090909
1 0.5061764705882353 0.6077272727272728 0.061764705882352944 0.03272727272727273
1 0.4520588235294118 0.6065909090909091 0.02411764705882353 0.031363636363636364
1 0.5894117647058823 0.8556818181818182 0.06588235294117648 0.041363636363636366
1 0.11588235294117646 0.3997727272727273 0.09058823529411765 0.03681818181818182
1 0.10529411764705883 0.5597727272727273 0.05058823529411765 0.03590909090909091
1 0.5735294117647058 0.031818181818181815 0.11529411764705882 0.025454545454545455
1 0.4152941176470588 0.40545454545454546 0.22 0.035454545454545454
1 0.77 0.4075 0.08235294117647059 0.035
1 0.5 0.9211363636363636 0.06823529411764706 0.041363636363636366
1 0.8508823529411764 0.8554545454545455 0.0711764705882353 0.04363636363636364
1 0.67 0.8565909090909091 0.05058823529411765 0.041363636363636366
1 0.11235294117647059 0.7588636363636364 0.08705882352941176 0.035
1 0.1111764705882353 0.7154545454545455 0.08470588235294117 0.035454545454545454
1 0.7064705882352941 0.4065909090909091 0.027058823529411764 0.03590909090909091
1 0.5364705882352941 0.44886363636363635 0.11058823529411765 0.03409090909090909
1 0.4938235294117647 0.855 0.04764705882352941 0.04
1 0.5588235294117647 0.6795454545454546 0.12470588235294118 0.03636363636363636
1 0.39294117647058824 0.3625 0.17294117647058824 0.03227272727272727
1 0.558235294117647 0.7225 0.12 0.03590909090909091
1 0.6705882352941176 0.925 0.05176470588235294 0.04090909090909091
1 0.32529411764705884 0.8525 0.058823529411764705 0.038636363636363635
1 0.716764705882353 0.6806818181818182 0.09823529411764706 0.035
1 0.6188235294117647 0.37022727272727274 0.018823529411764704 0.030454545454545453
1 0.6097058823529412 0.40704545454545454 0.1511764705882353 0.03590909090909091
1 0.6097058823529412 0.45545454545454545 0.020588235294117647 0.03
1 0.47823529411764704 0.5659090909090909 0.018823529411764704 0.03
1 0.5726470588235294 0.7743181818181818 0.018235294117647058 0.03227272727272727
1 0.2611764705882353 0.8536363636363636 0.04470588235294118 0.035454545454545454