1 0.4738235294117647 0.40613636363636363 0.34294117647058825 0.045909090909090906
1 0.5614705882352942 0.6106818181818182 0.19941176470588234 0.03409090909090909
1 0.3885294117647059 0.5645454545454546 0.19117647058823528 0.035454545454545454
1 0.3788235294117647 0.6079545454545454 0.1376470588235294 0.035
1 0.3008823529411765 0.027954545454545454 0.04058823529411765 0.02590909090909091
1 0.4188235294117647 0.769090909090909 0.22705882352941176 0.03636363636363636
1 0.10647058823529412 0.6772727272727272 0.0811764705882353 0.03727272727272727
1 0.11941176470588236 0.445 0.1011764705882353 0.03727272727272727
1 0.11441176470588235 0.36068181818181816 0.10058823529411764 0.038636363636363635
1 0.11058823529411765 0.7222727272727273 0.08823529411764706 0.038181818181818185
1 0.7532352941176471 0.6115909090909091 0.08176470588235295 0.03227272727272727
1 0.10647058823529412 0.5247727272727273 0.08470588235294117 0.03772727272727273
1 0.6861764705882353 0.6179545454545454 0.025294117647058825 0.03772727272727273
1 0.9044117647058824 0.4077272727272727 0.11823529411764706 0.03636363636363636
1 0.678235294117647 0.44931818181818184 0.16117647058823528 0.03409090909090909
1 0.4476470588235294 0.7181818181818181 0.29294117647058826 0.038181818181818185
1 0.6338235294117647 0.77 0.17588235294117646 0.03727272727272727
1 0.11529411764705882 0.4015909090909091 0.10588235294117647 0.038636363636363635
1 0.11058823529411765 0.5638636363636363 0.07411764705882352 0.03681818181818182
1 0.543235294117647 0.027954545454545454 0.03470588235294118 0.02590909090909091
1 0.7320588235294118 0.4065909090909091 0.16058823529411764 0.03772727272727273
1 0.7814705882352941 0.4565909090909091 0.028823529411764706 0.035
1 0.7194117647058823 0.7179545454545454 0.23294117647058823 0.041363636363636366
1 0.8779411764705882 0.5647727272727273 0.10647058823529412 0.03681818181818182
1 0.44529411764705884 0.4511363636363636 0.2858823529411765 0.030454545454545453
1 0.11676470588235294 0.7634090909090909 0.08764705882352941 0.038636363636363635
1 0.10882352941176471 0.6077272727272728 0.08 0.03636363636363636
1 0.8661764705882353 0.45340909090909093 0.1264705882352941 0.03590909090909091
1 0.6288235294117647 0.5618181818181818 0.28 0.03727272727272727
1 0.7958823529411765 0.5627272727272727 0.03882352941176471 0.03909090909090909
1 0.835 0.4088636363636364 0.03705882352941176 0.038636363636363635
1 0.3891176470588235 0.5177272727272727 0.18764705882352942 0.042727272727272725