1 0.7553003533568905 0.8767060964513194 0.05830388692579505 0.0373066424021838
1 0.8439340400471143 0.9426751592356688 0.06478209658421673 0.0373066424021838
1 0.5768551236749117 0.631255686988171 0.14664310954063603 0.034121929026387623
1 0.4119552414605418 0.9426751592356688 0.05712603062426384 0.03548680618744313
1 0.839811542991755 0.8776160145586898 0.0636042402826855 0.036396724294813464
1 0.4045936395759717 0.632393084622384 0.18138987043580684 0.034576888080072796
1 0.681095406360424 0.7857142857142857 0.23380447585394581 0.034576888080072796
1 0.43521790341578326 0.7020018198362148 0.24381625441696114 0.03821656050955414
1 0.681095406360424 0.7099636032757052 0.19493521790341578 0.03867151956323931
1 0.4287396937573616 0.7882165605095541 0.23674911660777384 0.034121929026387623
1 0.7585394581861012 0.5907643312101911 0.0353356890459364 0.03139217470427662
1 0.3630742049469965 0.4353958143767061 0.09363957597173145 0.03275705186533212
1 0.1163133097762073 0.7038216560509554 0.08068315665488811 0.03366696997270246
1 0.11219081272084806 0.4783894449499545 0.04299175500588928 0.030482256596906277
1 0.45141342756183744 0.7459053685168335 0.28916372202591284 0.034121929026387623
1 0.11484098939929328 0.39262966333030025 0.04240282685512368 0.03366696997270246
1 0.16136631330977622 0.9429026387625113 0.05418138987043581 0.0359417652411283
1 0.7517667844522968 0.632393084622384 0.11955241460541814 0.03184713375796178
1 0.33451118963486454 0.9422202001819836 0.06831566548881036 0.036396724294813464
1 0.16489988221436985 0.8755686988171064 0.05771495877502945 0.0359417652411283
1 0.732037691401649 0.7470427661510464 0.2697290930506478 0.036396724294813464
1 0.12131919905771496 0.5489080982711556 0.0812720848056537 0.034121929026387623
1 0.24352179034157834 0.8773885350318471 0.05123674911660778 0.0359417652411283
1 0.6537102473498233 0.5900818926296634 0.16725559481743227 0.034576888080072796
1 0.23881036513545348 0.9435850773430391 0.05123674911660778 0.03548680618744313
1 0.7517667844522968 0.9426751592356688 0.05712603062426384 0.0373066424021838
1 0.2959363957597173 0.06437670609645132 0.05830388692579505 0.028662420382165606
1 0.6637220259128387 0.5511828935395814 0.04004711425206125 0.03230209281164695
1 0.41431095406360424 0.8789808917197452 0.06065959952885748 0.03548680618744313
1 0.588339222614841 0.9424476797088263 0.0706713780918728 0.0359417652411283
1 0.4366902237926973 0.5896269335759782 0.25265017667844525 0.03548680618744313
1 0.4010600706713781 0.5495905368516834 0.18021201413427562 0.03821656050955414
1 0.5830388692579506 0.8778434940855323 0.06478209658421673 0.036851683348498636
1 0.11425206124852769 0.43630573248407645 0.038869257950530034 0.03184713375796178
1 0.11955241460541814 0.5907643312101911 0.08598351001177856 0.033212010919017286
1 0.6704946996466431 0.6337579617834395 0.03356890459363958 0.030937215650591446
1 0.5886336866902238 0.06687898089171974 0.17608951707891637 0.02456778889899909
1 0.4991166077738516 0.943130118289354 0.06065959952885748 0.036396724294813464
1 0.675206124852768 0.8757961783439491 0.07008244994110718 0.0373066424021838
1 0.7461719670200235 0.5500454959053686 0.10482921083627797 0.03275705186533212
1 0.8371613663133097 0.5905368516833485 0.1254416961130742 0.03275705186533212
1 0.36012956419316844 0.477024567788899 0.08657243816254417 0.03230209281164695
1 0.1154299175500589 0.7882165605095541 0.08362779740871613 0.033212010919017286
1 0.5727326266195524 0.5495905368516834 0.12897526501766785 0.034576888080072796
1 0.498527679623086 0.8782984531392175 0.05123674911660778 0.0359417652411283
1 0.36837455830388693 0.39467697907188354 0.08892815076560659 0.0359417652411283
1 0.11837455830388692 0.6319381255686988 0.07773851590106007 0.03184713375796178
1 0.6713780918727915 0.9422202001819836 0.05771495877502945 0.0373066424021838
1 0.33127208480565373 0.8778434940855323 0.05594817432273263 0.03503184713375796
1 0.1163133097762073 0.7452229299363057 0.08186101295641932 0.03184713375796178