1 0.40852941176470586 0.685 0.17941176470588235 0.038181818181818185
1 0.7605882352941177 0.8575 0.058823529411764705 0.038636363636363635
1 0.85 0.9272727272727272 0.06470588235294118 0.04
1 0.5929411764705882 0.5727272727272728 0.13294117647058823 0.03363636363636364
1 0.4164705882352941 0.9263636363636364 0.06352941176470588 0.03636363636363636
1 0.846764705882353 0.8584090909090909 0.06529411764705882 0.03954545454545454
1 0.3991176470588235 0.6147727272727272 0.13352941176470587 0.03590909090909091
1 0.6947058823529412 0.7761363636363636 0.06 0.031363636363636364
1 0.4208823529411765 0.45795454545454545 0.17588235294117646 0.03227272727272727
1 0.6776470588235294 0.7295454545454545 0.03058823529411765 0.034545454545454546
1 0.3952941176470588 0.7272727272727273 0.1588235294117647 0.035454545454545454
1 0.7523529411764706 0.5297727272727273 0.11529411764705882 0.02590909090909091
1 0.10617647058823529 0.6809090909090909 0.07235294117647059 0.03363636363636364
1 0.6805882352941176 0.5734090909090909 0.02823529411764706 0.030454545454545453
1 0.11147058823529411 0.3663636363636364 0.05941176470588235 0.03363636363636364
1 0.11088235294117647 0.4495454545454545 0.061764705882352944 0.035454545454545454
1 0.5820588235294117 0.7272727272727273 0.11941176470588236 0.03272727272727273
1 0.15176470588235294 0.923409090909091 0.05647058823529412 0.038636363636363635
1 0.7485294117647059 0.5734090909090909 0.09235294117647058 0.03318181818181818
1 0.3326470588235294 0.9247727272727273 0.061764705882352944 0.03772727272727273
1 0.15411764705882353 0.8554545454545455 0.06 0.04090909090909091
1 0.5861764705882353 0.45840909090909093 0.09470588235294118 0.02772727272727273
1 0.09794117647058824 0.5254545454545455 0.0688235294117647 0.034545454545454546
1 0.6764705882352942 0.6152272727272727 0.08 0.031363636363636364
1 0.2464705882352941 0.8575 0.058823529411764705 0.03772727272727273
1 0.6761764705882353 0.5315909090909091 0.027647058823529413 0.025
1 0.24441176470588236 0.9243181818181818 0.05941176470588235 0.03681818181818182
1 0.38676470588235295 0.7711363636363636 0.13705882352941176 0.035
1 0.763235294117647 0.9259090909090909 0.0711764705882353 0.038181818181818185
1 0.5544117647058824 0.7709090909090909 0.09941176470588235 0.03363636363636364
1 0.6835294117647058 0.3718181818181818 0.029411764705882353 0.031818181818181815
1 0.6297058823529412 0.415 0.13117647058823528 0.02909090909090909
1 0.4097058823529412 0.8597727272727272 0.057058823529411766 0.03772727272727273
1 0.5914705882352941 0.9259090909090909 0.0688235294117647 0.03636363636363636
1 0.4173529411764706 0.5309090909090909 0.15941176470588236 0.034545454545454546
1 0.5902941176470589 0.5281818181818182 0.12411764705882353 0.03090909090909091
1 0.5847058823529412 0.8597727272727272 0.058823529411764705 0.038636363636363635
1 0.11058823529411765 0.4075 0.0611764705882353 0.03590909090909091
1 0.5379411764705883 0.037954545454545456 0.07235294117647059 0.021363636363636362
1 0.7229411764705882 0.45636363636363636 0.07411764705882352 0.03272727272727273
1 0.7452941176470588 0.7284090909090909 0.07294117647058823 0.03227272727272727
1 0.5047058823529412 0.9247727272727273 0.0611764705882353 0.038636363636363635
1 0.6711764705882353 0.8588636363636364 0.05647058823529412 0.03954545454545454
1 0.7438235294117647 0.36886363636363634 0.08176470588235295 0.03318181818181818
1 0.11205882352941177 0.7656818181818181 0.07470588235294118 0.035
1 0.10823529411764705 0.7247727272727272 0.07176470588235294 0.03409090909090909
1 0.7152941176470589 0.4168181818181818 0.029411764705882353 0.034545454545454546
1 0.6141176470588235 0.6840909090909091 0.1188235294117647 0.035454545454545454
1 0.5058823529411764 0.8584090909090909 0.07058823529411765 0.038636363636363635
1 0.6667647058823529 0.4627272727272727 0.026470588235294117 0.03272727272727273
1 0.7802941176470588 0.4159090909090909 0.08411764705882353 0.03272727272727273
1 0.6182352941176471 0.6243181818181818 0.023529411764705882 0.029545454545454545
1 0.43558823529411766 0.36704545454545456 0.2111764705882353 0.038636363636363635
1 0.545 0.6168181818181818 0.10176470588235294 0.03272727272727273
1 0.11441176470588235 0.6140909090909091 0.07235294117647059 0.031818181818181815
1 0.6744117647058824 0.9265909090909091 0.06411764705882353 0.03772727272727273
1 0.33147058823529413 0.8575 0.05823529411764706 0.03772727272727273
1 0.7720588235294118 0.6872727272727273 0.09588235294117647 0.034545454545454546
1 0.2752941176470588 0.034545454545454546 0.027058823529411764 0.02090909090909091
1 0.3276470588235294 0.034545454545454546 0.06588235294117648 0.022727272727272728
1 0.10441176470588236 0.5713636363636364 0.060588235294117644 0.03
1 0.4211764705882353 0.5745454545454546 0.18 0.031818181818181815
1 0.4361764705882353 0.41545454545454547 0.21588235294117647 0.03
1 0.611764705882353 0.36727272727272725 0.10352941176470588 0.03363636363636364
1 0.6970588235294117 0.6993181818181818 0.027058823529411764 0.03318181818181818
1 0.6470588235294118 0.7886363636363637 0.027058823529411764 0.03636363636363636