1 0.3847058823529412 0.6870454545454545 0.17294117647058824 0.03681818181818182
1 0.7508823529411764 0.8606818181818182 0.051176470588235295 0.038636363636363635
1 0.8344117647058824 0.9329545454545455 0.06764705882352941 0.04045454545454545
1 0.4061764705882353 0.9265909090909091 0.05588235294117647 0.038636363636363635
1 0.8379411764705882 0.8625 0.054705882352941174 0.03954545454545454
1 0.3611764705882353 0.6195454545454545 0.1388235294117647 0.024545454545454544
1 0.678235294117647 0.7797727272727273 0.08588235294117647 0.030454545454545453
1 0.4138235294117647 0.4138636363636364 0.23470588235294118 0.038636363636363635
1 0.4702941176470588 0.6202272727272727 0.08176470588235295 0.030454545454545453
1 0.6947058823529412 0.6890909090909091 0.041176470588235294 0.03363636363636364
1 0.40852941176470586 0.7311363636363636 0.24176470588235294 0.038636363636363635
1 0.38735294117647057 0.36886363636363634 0.18529411764705883 0.03318181818181818
1 0.08529411764705883 0.6822727272727273 0.08588235294117647 0.03636363636363636
1 0.7070588235294117 0.7379545454545454 0.03176470588235294 0.03590909090909091
1 0.08911764705882352 0.36363636363636365 0.07823529411764706 0.03636363636363636
1 0.07823529411764706 0.45045454545454544 0.07647058823529412 0.03636363636363636
1 0.14647058823529413 0.9240909090909091 0.05411764705882353 0.04090909090909091
1 0.32294117647058823 0.9281818181818182 0.06 0.038181818181818185
1 0.14 0.8581818181818182 0.04941176470588235 0.04090909090909091
1 0.581764705882353 0.5770454545454545 0.11411764705882353 0.035
1 0.3726470588235294 0.5302272727272728 0.15470588235294117 0.035
1 0.08911764705882352 0.525 0.08647058823529412 0.03363636363636364
1 0.6161764705882353 0.7304545454545455 0.15235294117647058 0.035454545454545454
1 0.23852941176470588 0.9261363636363636 0.06294117647058824 0.03681818181818182
1 0.37058823529411766 0.7763636363636364 0.1623529411764706 0.031818181818181815
1 0.7455882352941177 0.9286363636363636 0.05235294117647059 0.04090909090909091
1 0.27441176470588236 0.03613636363636363 0.045294117647058825 0.026818181818181817
1 0.5226470588235295 0.7738636363636363 0.11 0.031363636363636364
1 0.6738235294117647 0.37613636363636366 0.09117647058823529 0.03318181818181818
1 0.6182352941176471 0.4193181818181818 0.17058823529411765 0.028636363636363637
1 0.4067647058823529 0.8602272727272727 0.05352941176470588 0.03772727272727273
1 0.5752941176470588 0.9352272727272727 0.047058823529411764 0.03681818181818182
1 0.5923529411764706 0.4615909090909091 0.03529411764705882 0.03227272727272727
1 0.4032352941176471 0.5738636363636364 0.21705882352941178 0.03590909090909091
1 0.5802941176470588 0.860909090909091 0.060588235294117644 0.03909090909090909
1 0.07882352941176471 0.4068181818181818 0.07647058823529412 0.03636363636363636
1 0.08823529411764706 0.5654545454545454 0.0811764705882353 0.035454545454545454
1 0.7102941176470589 0.4193181818181818 0.025294117647058825 0.028636363636363637
1 0.7955882352941176 0.7286363636363636 0.1323529411764706 0.03636363636363636
1 0.49117647058823527 0.928409090909091 0.05764705882352941 0.03954545454545454
1 0.6655882352941176 0.8643181818181818 0.05588235294117647 0.038636363636363635
1 0.5708823529411765 0.6847727272727273 0.17941176470588235 0.038636363636363635
1 0.0826470588235294 0.7679545454545454 0.08411764705882353 0.03590909090909091
1 0.08588235294117647 0.7279545454545454 0.08235294117647059 0.03772727272727273
1 0.3708823529411765 0.4602272727272727 0.1535294117647059 0.028636363636363637
1 0.6055882352941176 0.78 0.033529411764705884 0.034545454545454546
1 0.4914705882352941 0.860909090909091 0.05 0.04363636363636364
1 0.8020588235294117 0.41818181818181815 0.15823529411764706 0.03
1 0.09147058823529412 0.6102272727272727 0.09117647058823529 0.03590909090909091
1 0.6655882352941176 0.9293181818181818 0.05823529411764706 0.04045454545454545
1 0.32323529411764707 0.8627272727272727 0.060588235294117644 0.04454545454545455
1 0.6705882352941176 0.46454545454545454 0.09529411764705882 0.031818181818181815
1 0.7885294117647059 0.6870454545454545 0.12058823529411765 0.03681818181818182
1 0.5561764705882353 0.04 0.10058823529411764 0.02090909090909091
1 0.548235294117647 0.3784090909090909 0.14823529411764705 0.03409090909090909
1 0.5155882352941177 0.4643181818181818 0.11588235294117646 0.026818181818181817
1 0.4914705882352941 0.5365909090909091 0.07941176470588235 0.028636363636363637
1 0.24235294117647058 0.8638636363636364 0.07529411764705882 0.04409090909090909