1 0.4361764705882353 0.40613636363636363 0.27941176470588236 0.03772727272727273
1 0.115 0.40204545454545454 0.11823529411764706 0.03681818181818182
1 0.4902941176470588 0.52 0.28647058823529414 0.04
1 0.11352941176470588 0.44386363636363635 0.11529411764705882 0.035
1 0.6523529411764706 0.7275 0.19294117647058823 0.03590909090909091
1 0.4673529411764706 0.6065909090909091 0.1688235294117647 0.03318181818181818
1 0.3076470588235294 0.027954545454545454 0.047058823529411764 0.019545454545454546
1 0.7979411764705883 0.41295454545454546 0.03 0.04045454545454545
1 0.6817647058823529 0.41204545454545455 0.19294117647058823 0.038636363636363635
1 0.10705882352941176 0.3588636363636364 0.1011764705882353 0.035
1 0.5161764705882353 0.5645454545454546 0.2711764705882353 0.038181818181818185
1 0.37441176470588233 0.7681818181818182 0.16058823529411764 0.035454545454545454
1 0.4697058823529412 0.36272727272727273 0.35 0.03909090909090909
1 0.41911764705882354 0.7240909090909091 0.24411764705882352 0.034545454545454546
1 0.09147058823529412 0.6015909090909091 0.03470588235294118 0.03681818181818182
1 0.09558823529411764 0.5586363636363636 0.04176470588235294 0.03636363636363636
1 0.6197058823529412 0.4556818181818182 0.027647058823529413 0.03318181818181818
1 0.575 0.030227272727272728 0.12058823529411765 0.025
1 0.5267647058823529 0.769090909090909 0.12176470588235294 0.03363636363636364
1 0.8770588235294118 0.41295454545454546 0.11176470588235295 0.035
1 0.37558823529411767 0.44795454545454544 0.15 0.035
1 0.11029411764705882 0.7618181818181818 0.10294117647058823 0.035454545454545454
1 0.10970588235294118 0.7145454545454546 0.10176470588235294 0.03636363636363636
1 0.5238235294117647 0.45136363636363636 0.12411764705882353 0.03363636363636364
1 0.6894117647058824 0.45181818181818184 0.09294117647058824 0.03272727272727273