1 0.3564705882352941 0.6954545454545454 0.13411764705882354 0.025454545454545455
1 0.36 0.37545454545454543 0.12352941176470589 0.03636363636363636
1 0.745 0.8672727272727273 0.04764705882352941 0.03909090909090909
1 0.8347058823529412 0.9318181818181818 0.05058823529411765 0.03727272727272727
1 0.5735294117647058 0.5793181818181818 0.02588235294117647 0.03227272727272727
1 0.4023529411764706 0.9309090909090909 0.05058823529411765 0.03727272727272727
1 0.4797058823529412 0.5368181818181819 0.09235294117647058 0.03363636363636364
1 0.8276470588235294 0.8652272727272727 0.04823529411764706 0.04318181818181818
1 0.33852941176470586 0.5786363636363636 0.10058823529411764 0.034545454545454546
1 0.6620588235294118 0.8652272727272727 0.05235294117647059 0.038636363636363635
1 0.3688235294117647 0.4197727272727273 0.16823529411764707 0.038636363636363635
1 0.06529411764705882 0.6884090909090909 0.05647058823529412 0.035
1 0.08 0.4593181818181818 0.1011764705882353 0.03590909090909091
1 0.07647058823529412 0.3729545454545454 0.07764705882352942 0.03409090909090909
1 0.5047058823529412 0.7843181818181818 0.1588235294117647 0.031363636363636364
1 0.5670588235294117 0.6243181818181818 0.06588235294117648 0.028636363636363637
1 0.14529411764705882 0.9302272727272727 0.052941176470588235 0.03954545454545454
1 0.325 0.9313636363636364 0.05823529411764706 0.038181818181818185
1 0.13441176470588234 0.865909090909091 0.045294117647058825 0.03909090909090909
1 0.07294117647058823 0.5270454545454546 0.05411764705882353 0.035
1 0.6155882352941177 0.5377272727272727 0.06529411764705882 0.03090909090909091
1 0.235 0.9320454545454545 0.05352941176470588 0.03681818181818182
1 0.365 0.7313636363636363 0.1535294117647059 0.03636363636363636
1 0.75 0.9304545454545454 0.05176470588235294 0.038181818181818185
1 0.28941176470588237 0.03568181818181818 0.04 0.02409090909090909
1 0.5414705882352941 0.7377272727272727 0.16176470588235295 0.03727272727272727
1 0.638235294117647 0.4177272727272727 0.03058823529411765 0.034545454545454546
1 0.638235294117647 0.3790909090909091 0.03764705882352941 0.034545454545454546
1 0.5426470588235294 0.4225 0.14294117647058824 0.035
1 0.40352941176470586 0.865909090909091 0.05411764705882353 0.038181818181818185
1 0.5735294117647058 0.9293181818181818 0.05058823529411765 0.03590909090909091
1 0.3402941176470588 0.5361363636363636 0.09823529411764706 0.035
1 0.5594117647058824 0.5356818181818181 0.02823529411764706 0.030454545454545453
1 0.4697058823529412 0.5777272727272728 0.10529411764705883 0.03272727272727273
1 0.4726470588235294 0.4652272727272727 0.09352941176470589 0.03227272727272727
1 0.5664705882352942 0.8656818181818182 0.04352941176470588 0.03772727272727273
1 0.06911764705882353 0.5772727272727273 0.05235294117647059 0.035454545454545454
1 0.6173529411764705 0.46295454545454545 0.06529411764705882 0.030454545454545453
1 0.575 0.04022727272727273 0.1264705882352941 0.025
1 0.7064705882352941 0.4193181818181818 0.08470588235294117 0.035
1 0.49205882352941177 0.93 0.06411764705882353 0.03909090909090909
1 0.53 0.37863636363636366 0.12470588235294118 0.03727272727272727
1 0.06264705882352942 0.7765909090909091 0.061764705882352944 0.038636363636363635
1 0.06823529411764706 0.7338636363636364 0.06352941176470588 0.035
1 0.7044117647058824 0.38136363636363635 0.06647058823529411 0.034545454545454546
1 0.5185294117647059 0.6986363636363636 0.15588235294117647 0.03
1 0.48323529411764704 0.8652272727272727 0.04294117647058823 0.038636363636363635
1 0.4938235294117647 0.6225 0.033529411764705884 0.030454545454545453
1 0.06764705882352941 0.6129545454545454 0.05411764705882353 0.04045454545454545
1 0.6597058823529411 0.9281818181818182 0.05941176470588235 0.038181818181818185
1 0.3191176470588235 0.8597727272727272 0.051176470588235295 0.035
1 0.6361764705882353 0.576590909090909 0.07705882352941176 0.03227272727272727
1 0.07764705882352942 0.4143181818181818 0.08941176470588236 0.03409090909090909
1 0.32029411764705884 0.6263636363636363 0.07235294117647059 0.031818181818181815
1 0.42470588235294116 0.6238636363636364 0.08588235294117647 0.03409090909090909
1 0.3458823529411765 0.7779545454545455 0.10941176470588235 0.03318181818181818
1 0.3311764705882353 0.465 0.09411764705882353 0.031818181818181815
1 0.22558823529411764 0.8695454545454545 0.06529411764705882 0.03090909090909091
1 0.5605882352941176 0.4715909090909091 0.029411764705882353 0.02772727272727273