1 0.3776470588235294 0.6772727272727272 0.1564705882352941 0.03909090909090909
1 0.7602941176470588 0.8554545454545455 0.07 0.03909090909090909
1 0.8461764705882353 0.9240909090909091 0.07235294117647059 0.04090909090909091
1 0.4152941176470588 0.9220454545454545 0.07058823529411765 0.038636363636363635
1 0.8358823529411765 0.8556818181818182 0.05058823529411765 0.04045454545454545
1 0.36 0.6052272727272727 0.12117647058823529 0.03590909090909091
1 0.445 0.4065909090909091 0.30058823529411766 0.03590909090909091
1 0.40794117647058825 0.4475 0.21705882352941178 0.03772727272727273
1 0.7847058823529411 0.5220454545454546 0.12470588235294118 0.03772727272727273
1 0.0976470588235294 0.6756818181818182 0.0988235294117647 0.045
1 0.09235294117647058 0.4484090909090909 0.08823529411764706 0.028636363636363637
1 0.3988235294117647 0.7202272727272727 0.1976470588235294 0.038636363636363635
1 0.09029411764705883 0.5175 0.08176470588235295 0.03681818181818182
1 0.7641176470588236 0.5684090909090909 0.03058823529411765 0.035
1 0.15529411764705883 0.92 0.06 0.038181818181818185
1 0.8561764705882353 0.5677272727272727 0.16176470588235295 0.04
1 0.3270588235294118 0.9197727272727273 0.06352941176470588 0.038636363636363635
1 0.1476470588235294 0.8502272727272727 0.05411764705882353 0.03954545454545454
1 0.7355882352941177 0.7663636363636364 0.08764705882352941 0.03363636363636364
1 0.3785294117647059 0.5168181818181818 0.1511764705882353 0.04
1 0.875 0.41 0.12764705882352942 0.035454545454545454
1 0.24029411764705882 0.8554545454545455 0.060588235294117644 0.042727272727272725
1 0.6073529411764705 0.5640909090909091 0.2570588235294118 0.04090909090909091
1 0.23794117647058824 0.9195454545454546 0.05588235294117647 0.03727272727272727
1 0.3688235294117647 0.7627272727272727 0.14705882352941177 0.03636363636363636
1 0.7585294117647059 0.9222727272727272 0.06647058823529411 0.03909090909090909
1 0.10147058823529412 0.36318181818181816 0.09705882352941177 0.035454545454545454
1 0.5511764705882353 0.7684090909090909 0.18470588235294116 0.023181818181818182
1 0.6938235294117647 0.4552272727272727 0.033529411764705884 0.035
1 0.74 0.3668181818181818 0.09647058823529411 0.035454545454545454
1 0.41294117647058826 0.8529545454545454 0.06235294117647059 0.038636363636363635
1 0.5820588235294117 0.925 0.05823529411764706 0.03909090909090909
1 0.09088235294117647 0.41045454545454546 0.09352941176470589 0.026363636363636363
1 0.08294117647058824 0.5609090909090909 0.08705882352941176 0.03
1 0.3926470588235294 0.5620454545454545 0.17705882352941177 0.03772727272727273
1 0.5611764705882353 0.5163636363636364 0.23529411764705882 0.042727272727272725
1 0.5117647058823529 0.6131818181818182 0.1623529411764706 0.023636363636363636
1 0.5897058823529412 0.855909090909091 0.0688235294117647 0.04
1 0.5785294117647058 0.3634090909090909 0.14058823529411765 0.038636363636363635
1 0.7588235294117647 0.4515909090909091 0.08705882352941176 0.03409090909090909
1 0.5058823529411764 0.9220454545454545 0.07882352941176471 0.04045454545454545
1 0.8258823529411765 0.6815909090909091 0.10705882352941176 0.03681818181818182
1 0.6670588235294118 0.8543181818181819 0.05411764705882353 0.041363636363636366
1 0.581764705882353 0.6765909090909091 0.2611764705882353 0.04409090909090909
1 0.8694117647058823 0.7256818181818182 0.11529411764705882 0.03772727272727273
1 0.09794117647058824 0.7572727272727273 0.0888235294117647 0.03636363636363636
1 0.09323529411764706 0.7227272727272728 0.09941176470588235 0.04454545454545455
1 0.5855882352941176 0.4540909090909091 0.15235294117647058 0.024545454545454544
1 0.6641176470588235 0.7684090909090909 0.02823529411764706 0.028636363636363637
1 0.5026470588235294 0.8543181818181819 0.07352941176470588 0.03681818181818182
1 0.7085294117647059 0.5229545454545454 0.03588235294117647 0.035
1 0.6138235294117647 0.6081818181818182 0.033529411764705884 0.034545454545454546
1 0.4097058823529412 0.3613636363636364 0.19588235294117648 0.03909090909090909
1 0.6405882352941177 0.7254545454545455 0.2823529411764706 0.02909090909090909
1 0.08823529411764706 0.6020454545454546 0.07764705882352942 0.03590909090909091
1 0.6694117647058824 0.9218181818181819 0.06823529411764706 0.04
1 0.3311764705882353 0.8538636363636364 0.07058823529411765 0.04045454545454545
1 0.6958823529411765 0.6138636363636364 0.11529411764705882 0.022272727272727274
1 0.7523529411764706 0.6820454545454545 0.041176470588235294 0.035
1 0.566764705882353 0.029772727272727274 0.11941176470588236 0.02772727272727273
1 0.265 0.030454545454545453 0.025294117647058825 0.024545454545454544
1 0.33088235294117646 0.032045454545454544 0.09823529411764706 0.020454545454545454
1 0.6611764705882353 0.3743181818181818 0.02823529411764706 0.031363636363636364
1 0.7885294117647059 0.4134090909090909 0.033529411764705884 0.03590909090909091
1 0.6897058823529412 0.40954545454545455 0.1723529411764706 0.031818181818181815
1 0.803235294117647 0.730909090909091 0.03 0.03272727272727273