1 0.43470588235294116 0.7222727272727273 0.26823529411764707 0.035454545454545454
1 0.45676470588235296 0.40454545454545454 0.3076470588235294 0.034545454545454546
1 0.7661764705882353 0.8590909090909091 0.061764705882352944 0.038181818181818185
1 0.8476470588235294 0.93 0.05411764705882353 0.04
1 0.5267647058823529 0.6111363636363636 0.09705882352941177 0.03318181818181818
1 0.4126470588235294 0.9254545454545454 0.04764705882352941 0.03727272727272727
1 0.8488235294117648 0.8593181818181819 0.05764705882352941 0.038636363636363635
1 0.37029411764705883 0.6102272727272727 0.1264705882352941 0.035
1 0.39794117647058824 0.4490909090909091 0.19 0.038181818181818185
1 0.7935294117647059 0.4047727272727273 0.036470588235294116 0.04045454545454545
1 0.09794117647058824 0.6790909090909091 0.0888235294117647 0.03727272727272727
1 0.10558823529411765 0.4440909090909091 0.09235294117647058 0.038181818181818185
1 0.5067647058823529 0.8570454545454546 0.061764705882352944 0.04045454545454545
1 0.14852941176470588 0.9238636363636363 0.0488235294117647 0.04045454545454545
1 0.3305882352941176 0.9240909090909091 0.06352941176470588 0.03909090909090909
1 0.15676470588235294 0.8556818181818182 0.05352941176470588 0.03954545454545454
1 0.7094117647058824 0.7713636363636364 0.06941176470588235 0.03090909090909091
1 0.105 0.5193181818181818 0.07235294117647059 0.04045454545454545
1 0.2461764705882353 0.8568181818181818 0.05823529411764706 0.03909090909090909
1 0.24411764705882352 0.9236363636363636 0.05647058823529412 0.038181818181818185
1 0.3988235294117647 0.7693181818181818 0.18941176470588236 0.03590909090909091
1 0.7679411764705882 0.9265909090909091 0.0688235294117647 0.03772727272727273
1 0.10470588235294118 0.3640909090909091 0.08235294117647059 0.03727272727272727
1 0.57 0.7686363636363637 0.11647058823529412 0.03363636363636364
1 0.6691176470588235 0.4661363636363636 0.031176470588235295 0.035
1 0.6914705882352942 0.4077272727272727 0.16058823529411764 0.038181818181818185
1 0.41852941176470587 0.8590909090909091 0.05941176470588235 0.03909090909090909
1 0.5935294117647059 0.9254545454545454 0.05529411764705883 0.03727272727272727
1 0.4194117647058824 0.5652272727272727 0.2211764705882353 0.03681818181818182
1 0.571764705882353 0.5672727272727273 0.03058823529411765 0.03727272727272727
1 0.4561764705882353 0.6179545454545454 0.027647058823529413 0.03954545454545454
1 0.5914705882352941 0.8572727272727273 0.05823529411764706 0.038181818181818185
1 0.10558823529411765 0.40204545454545454 0.09823529411764706 0.038636363636363635
1 0.10205882352941177 0.5631818181818182 0.07235294117647059 0.04
1 0.7214705882352941 0.4597727272727273 0.061764705882352944 0.03227272727272727
1 0.5 0.9256818181818182 0.06352941176470588 0.03772727272727273
1 0.6770588235294117 0.8575 0.05647058823529412 0.03954545454545454
1 0.87 0.7227272727272728 0.09529411764705882 0.04
1 0.10647058823529412 0.7625 0.08941176470588236 0.03681818181818182
1 0.10235294117647059 0.7256818181818182 0.08941176470588236 0.038636363636363635
1 0.5720588235294117 0.4511363636363636 0.12529411764705883 0.03772727272727273
1 0.6579411764705883 0.7763636363636364 0.03235294117647059 0.03909090909090909
1 0.8794117647058823 0.4090909090909091 0.1188235294117647 0.04090909090909091
1 0.6785294117647059 0.7222727272727273 0.2076470588235294 0.03909090909090909
1 0.09823529411764706 0.6052272727272727 0.06941176470588235 0.03954545454545454
1 0.6735294117647059 0.9277272727272727 0.05058823529411765 0.04
1 0.3332352941176471 0.8579545454545454 0.057058823529411766 0.03954545454545454
1 0.6705882352941176 0.5654545454545454 0.15058823529411763 0.038181818181818185
1 0.30323529411764705 0.035227272727272725 0.04058823529411765 0.02409090909090909
1 0.5658823529411765 0.04159090909090909 0.08941176470588236 0.03954545454545454
1 0.808235294117647 0.7295454545454545 0.03764705882352941 0.04818181818181818