1 0.40058823529411763 0.6811363636363637 0.16 0.03227272727272727
1 0.758235294117647 0.8634090909090909 0.0611764705882353 0.03772727272727273
1 0.8423529411764706 0.93 0.058823529411764705 0.03272727272727273
1 0.5438235294117647 0.5665909090909091 0.060588235294117644 0.02772727272727273
1 0.4061764705882353 0.9245454545454546 0.04176470588235294 0.03363636363636364
1 0.37029411764705883 0.6111363636363636 0.09823529411764706 0.02772727272727273
1 0.455 0.5277272727272727 0.03470588235294118 0.025454545454545455
1 0.48558823529411765 0.5665909090909091 0.025294117647058825 0.028636363636363637
1 0.3773529411764706 0.4077272727272727 0.12529411764705883 0.02727272727272727
1 0.10970588235294118 0.68 0.07941176470588235 0.034545454545454546
1 0.09970588235294117 0.4461363636363636 0.07470588235294118 0.035
1 0.4370588235294118 0.725909090909091 0.23058823529411765 0.03272727272727273
1 0.10058823529411764 0.36318181818181816 0.08352941176470588 0.03727272727272727
1 0.15235294117647058 0.9231818181818182 0.05058823529411765 0.03636363636363636
1 0.32088235294117645 0.9231818181818182 0.04764705882352941 0.031818181818181815
1 0.1538235294117647 0.855909090909091 0.04764705882352941 0.038181818181818185
1 0.5588235294117647 0.45681818181818185 0.029411764705882353 0.02727272727272727
1 0.3714705882352941 0.5222727272727272 0.10647058823529412 0.03
1 0.11147058823529411 0.5179545454545454 0.061764705882352944 0.03318181818181818
1 0.6341176470588236 0.7227272727272728 0.1411764705882353 0.035454545454545454
1 0.23823529411764705 0.8556818181818182 0.04470588235294118 0.038636363636363635
1 0.24058823529411766 0.9218181818181819 0.047058823529411764 0.031818181818181815
1 0.3976470588235294 0.7659090909090909 0.16117647058823528 0.03636363636363636
1 0.763235294117647 0.9281818181818182 0.06647058823529411 0.031818181818181815
1 0.32294117647058823 0.03 0.05058823529411765 0.016363636363636365
1 0.54 0.7702272727272728 0.10588235294117647 0.03409090909090909
1 0.57 0.36863636363636365 0.03411764705882353 0.03090909090909091
1 0.48411764705882354 0.3675 0.10823529411764705 0.031363636363636364
1 0.41147058823529414 0.8584090909090909 0.05235294117647059 0.03590909090909091
1 0.3911764705882353 0.5661363636363637 0.13294117647058823 0.02772727272727273
1 0.545 0.524090909090909 0.09823529411764706 0.028181818181818183
1 0.4902941176470588 0.6120454545454546 0.0711764705882353 0.02772727272727273
1 0.48264705882352943 0.4547727272727273 0.10411764705882352 0.02772727272727273
1 0.5838235294117647 0.8604545454545455 0.04647058823529412 0.03272727272727273
1 0.10147058823529412 0.4034090909090909 0.07941176470588235 0.03590909090909091
1 0.10676470588235294 0.5609090909090909 0.060588235294117644 0.034545454545454546
1 0.5808823529411765 0.038863636363636364 0.11823529411764706 0.023181818181818182
1 0.6841176470588235 0.41113636363636363 0.08470588235294117 0.026818181818181817
1 0.5008823529411764 0.9240909090909091 0.0488235294117647 0.038181818181818185
1 0.8438235294117648 0.8606818181818182 0.057058823529411766 0.030454545454545453
1 0.6664705882352941 0.860909090909091 0.04823529411764706 0.03272727272727273
1 0.37029411764705883 0.45340909090909093 0.10058823529411764 0.026818181818181817
1 0.10764705882352942 0.7611363636363636 0.07647058823529412 0.03409090909090909
1 0.11205882352941177 0.7186363636363636 0.08764705882352941 0.035454545454545454
1 0.6376470588235295 0.3704545454545455 0.08352941176470588 0.03272727272727273
1 0.5164705882352941 0.4081818181818182 0.1388235294117647 0.031818181818181815
1 0.5505882352941176 0.6827272727272727 0.09411764705882353 0.034545454545454546
1 0.495 0.8590909090909091 0.051176470588235295 0.03272727272727273
1 0.6097058823529412 0.4106818181818182 0.022941176470588236 0.029545454545454545
1 0.37676470588235295 0.36522727272727273 0.10882352941176471 0.03681818181818182
1 0.11088235294117647 0.605 0.060588235294117644 0.034545454545454546
1 0.6726470588235294 0.9286363636363636 0.0488235294117647 0.03
1 0.3247058823529412 0.8565909090909091 0.047058823529411764 0.03772727272727273
1 0.6173529411764705 0.45386363636363636 0.07235294117647059 0.026818181818181817
1 0.435 0.6113636363636363 0.02176470588235294 0.024545454545454544
1 0.5870588235294117 0.9270454545454545 0.04823529411764706 0.03409090909090909