1 0.7679411764705882 0.8622727272727273 0.07705882352941176 0.04
1 0.8558823529411764 0.9261363636363636 0.07764705882352942 0.03954545454545454
1 0.665 0.5690909090909091 0.19588235294117648 0.034545454545454546
1 0.5579411764705883 0.6179545454545454 0.13705882352941176 0.03227272727272727
1 0.42058823529411765 0.9240909090909091 0.06470588235294118 0.031818181818181815
1 0.10323529411764706 0.4109090909090909 0.10058823529411764 0.038181818181818185
1 0.3952941176470588 0.6195454545454545 0.16470588235294117 0.03090909090909091
1 0.4361764705882353 0.37386363636363634 0.23823529411764705 0.03681818181818182
1 0.41558823529411765 0.4172727272727273 0.20647058823529413 0.035454545454545454
1 0.6785294117647059 0.6915909090909091 0.04058823529411765 0.03681818181818182
1 0.11235294117647059 0.6838636363636363 0.08588235294117647 0.03590909090909091
1 0.43 0.6836363636363636 0.25882352941176473 0.038181818181818185
1 0.11029411764705882 0.45431818181818184 0.09588235294117647 0.038636363636363635
1 0.606764705882353 0.7293181818181819 0.10764705882352942 0.03409090909090909
1 0.15941176470588236 0.9265909090909091 0.06705882352941177 0.03681818181818182
1 0.33205882352941174 0.9252272727272727 0.07 0.03681818181818182
1 0.16147058823529412 0.8577272727272728 0.06764705882352941 0.038181818181818185
1 0.6835294117647058 0.7325 0.036470588235294116 0.03409090909090909
1 0.2461764705882353 0.8590909090909091 0.06411764705882353 0.038181818181818185
1 0.6026470588235294 0.5338636363636363 0.1676470588235294 0.03409090909090909
1 0.24764705882352941 0.9256818181818182 0.06705882352941177 0.03681818181818182
1 0.4026470588235294 0.7695454545454545 0.2088235294117647 0.034545454545454546
1 0.7626470588235295 0.9320454545454545 0.06764705882352941 0.038636363636363635
1 0.28911764705882353 0.03704545454545455 0.04176470588235294 0.022272727272727274
1 0.5679411764705883 0.7697727272727273 0.09823529411764706 0.03409090909090909
1 0.6841176470588235 0.46454545454545454 0.08352941176470588 0.02909090909090909
1 0.6379411764705882 0.37363636363636366 0.1711764705882353 0.03636363636363636
1 0.6026470588235294 0.41545454545454547 0.16176470588235295 0.038181818181818185
1 0.42470588235294116 0.8590909090909091 0.07529411764705882 0.03909090909090909
1 0.5870588235294117 0.9279545454545455 0.05647058823529412 0.03681818181818182
1 0.11147058823529411 0.37136363636363634 0.10294117647058823 0.03636363636363636
1 0.4067647058823529 0.5336363636363637 0.20176470588235293 0.03090909090909091
1 0.5985294117647059 0.8636363636363636 0.07705882352941176 0.04181818181818182
1 0.1188235294117647 0.5281818181818182 0.10470588235294118 0.03636363636363636
1 0.5438235294117647 0.04113636363636364 0.07588235294117647 0.022272727272727274
1 0.6194117647058823 0.4661363636363636 0.03058823529411765 0.029545454545454545
1 0.7864705882352941 0.4159090909090909 0.11647058823529412 0.03636363636363636
1 0.7738235294117647 0.7327272727272728 0.12529411764705883 0.03636363636363636
1 0.5038235294117647 0.9259090909090909 0.05941176470588235 0.038181818181818185
1 0.6823529411764706 0.8620454545454546 0.07294117647058823 0.038636363636363635
1 0.3991176470588235 0.4618181818181818 0.17941176470588235 0.02909090909090909
1 0.11352941176470588 0.7661363636363636 0.07764705882352942 0.035
1 0.7517647058823529 0.3765909090909091 0.05529411764705883 0.035
1 0.5479411764705883 0.4640909090909091 0.10882352941176471 0.025454545454545455
1 0.6097058823529412 0.6859090909090909 0.08411764705882353 0.034545454545454546
1 0.5047058823529412 0.8606818181818182 0.07058823529411765 0.03954545454545454
1 0.7032352941176471 0.4172727272727273 0.03470588235294118 0.038181818181818185
1 0.8523529411764705 0.3743181818181818 0.12588235294117647 0.03590909090909091
1 0.4223529411764706 0.7290909090909091 0.23529411764705882 0.03909090909090909
1 0.11823529411764706 0.6097727272727272 0.09176470588235294 0.035
1 0.6708823529411765 0.9293181818181818 0.06294117647058824 0.03954545454545454
1 0.3397058823529412 0.8604545454545455 0.0711764705882353 0.038181818181818185
1 0.7626470588235295 0.6856818181818182 0.11588235294117646 0.03681818181818182
1 0.3447058823529412 0.03704545454545455 0.06823529411764706 0.02409090909090909
1 0.12058823529411765 0.5711363636363637 0.08823529411764706 0.03772727272727273
1 0.43470588235294116 0.5704545454545454 0.2576470588235294 0.034545454545454546
1 0.11176470588235295 0.7227272727272728 0.07882352941176471 0.031818181818181815
1 0.6338235294117647 0.7704545454545455 0.03705882352941176 0.038181818181818185
1 0.7061764705882353 0.7702272727272728 0.10294117647058823 0.03318181818181818
1 0.8538235294117648 0.8622727272727273 0.08529411764705883 0.042727272727272725