1 0.4970588235294118 0.4090909090909091 0.39176470588235296 0.034545454545454546
1 0.7588235294117647 0.8606818181818182 0.058823529411764705 0.038636363636363635
1 0.8461764705882353 0.9275 0.05941176470588235 0.041363636363636366
1 0.9097058823529411 0.40136363636363637 0.04294117647058823 0.03909090909090909
1 0.4176470588235294 0.9247727272727273 0.0611764705882353 0.03954545454545454
1 0.553235294117647 0.525 0.12529411764705883 0.034545454545454546
1 0.8476470588235294 0.8584090909090909 0.058823529411764705 0.04045454545454545
1 0.43558823529411766 0.5663636363636364 0.25823529411764706 0.034545454545454546
1 0.6597058823529411 0.765 0.10411764705882352 0.034545454545454546
1 0.695 0.6804545454545454 0.11 0.034545454545454546
1 0.10294117647058823 0.6804545454545454 0.07176470588235294 0.035454545454545454
1 0.09852941176470588 0.44886363636363635 0.07588235294117647 0.03681818181818182
1 0.4320588235294118 0.7234090909090909 0.26294117647058823 0.041363636363636366
1 0.5197058823529411 0.7636363636363637 0.11470588235294117 0.035454545454545454
1 0.5929411764705882 0.7670454545454546 0.03294117647058824 0.03681818181818182
1 0.16176470588235295 0.9231818181818182 0.05764705882352941 0.038181818181818185
1 0.8155882352941176 0.5631818181818182 0.08294117647058824 0.03727272727272727
1 0.3341176470588235 0.9256818181818182 0.07058823529411765 0.038636363636363635
1 0.15676470588235294 0.8588636363636364 0.05235294117647059 0.04045454545454545
1 0.11470588235294117 0.5247727272727273 0.08470588235294117 0.03318181818181818
1 0.6470588235294118 0.5652272727272727 0.15176470588235294 0.03681818181818182
1 0.24352941176470588 0.8581818181818182 0.05529411764705883 0.03727272727272727
1 0.24441176470588236 0.9240909090909091 0.05941176470588235 0.038181818181818185
1 0.38176470588235295 0.7652272727272728 0.14941176470588236 0.03590909090909091
1 0.7644117647058823 0.9265909090909091 0.06411764705882353 0.03772727272727273
1 0.10676470588235294 0.3634090909090909 0.07470588235294118 0.03681818181818182
1 0.6326470588235295 0.42113636363636364 0.13 0.025
1 0.6435294117647059 0.36818181818181817 0.14 0.034545454545454546
1 0.42058823529411765 0.8572727272727273 0.0611764705882353 0.038181818181818185
1 0.5902941176470589 0.9254545454545454 0.060588235294117644 0.038181818181818185
1 0.38058823529411767 0.6806818181818182 0.14705882352941177 0.038636363636363635
1 0.6347058823529412 0.5227272727272727 0.02823529411764706 0.03636363636363636
1 0.5902941176470589 0.8556818181818182 0.05941176470588235 0.038636363636363635
1 0.1011764705882353 0.4047727272727273 0.08823529411764706 0.03681818181818182
1 0.10970588235294118 0.5704545454545454 0.08058823529411764 0.034545454545454546
1 0.5752941176470588 0.04 0.11411764705882353 0.023636363636363636
1 0.7858823529411765 0.40545454545454546 0.18470588235294116 0.038181818181818185
1 0.5044117647058823 0.9268181818181818 0.06529411764705882 0.038181818181818185
1 0.6802941176470588 0.8595454545454545 0.06647058823529411 0.04
1 0.5235294117647059 0.6768181818181818 0.13411764705882354 0.03636363636363636
1 0.8402941176470589 0.7245454545454545 0.10647058823529412 0.03727272727272727
1 0.3985294117647059 0.44727272727272727 0.17470588235294118 0.038181818181818185
1 0.11088235294117647 0.7625 0.08529411764705883 0.035
1 0.10588235294117647 0.7231818181818181 0.07176470588235294 0.035454545454545454
1 0.7323529411764705 0.3693181818181818 0.03058823529411765 0.031363636363636364
1 0.5341176470588235 0.4515909090909091 0.07647058823529412 0.03409090909090909
1 0.6561764705882352 0.7229545454545454 0.17352941176470588 0.03772727272727273
1 0.51 0.8579545454545454 0.06823529411764706 0.03772727272727273
1 0.6808823529411765 0.5202272727272728 0.0711764705882353 0.03318181818181818
1 0.6164705882352941 0.6802272727272727 0.03411764705882353 0.03409090909090909
1 0.43058823529411766 0.3659090909090909 0.24588235294117647 0.03909090909090909
1 0.10911764705882353 0.605909090909091 0.08529411764705883 0.035454545454545454
1 0.6726470588235294 0.9277272727272727 0.051176470588235295 0.03909090909090909
1 0.3270588235294118 0.8581818181818182 0.05411764705882353 0.038181818181818185
1 0.27852941176470586 0.0325 0.031176470588235295 0.02590909090909091
1 0.3305882352941176 0.03636363636363636 0.06470588235294118 0.024545454545454544
1 0.815 0.3693181818181818 0.1288235294117647 0.035
1 0.5908823529411765 0.4572727272727273 0.025294117647058825 0.03
1 0.6394117647058823 0.4561363636363636 0.06352941176470588 0.03590909090909091
1 0.39705882352941174 0.5231818181818182 0.18470588235294116 0.04363636363636364
1 0.7523529411764706 0.5609090909090909 0.03882352941176471 0.04
1 0.36705882352941177 0.6088636363636364 0.12705882352941175 0.03318181818181818
1 0.47558823529411764 0.61 0.07823529411764706 0.03090909090909091
1 0.5602941176470588 0.6095454545454545 0.045294117647058825 0.031818181818181815
1 0.7647058823529411 0.7234090909090909 0.024705882352941175 0.03954545454545454