1 0.3708823529411765 0.6852272727272727 0.10411764705882352 0.03590909090909091
1 0.5205882352941177 0.6179545454545454 0.11176470588235295 0.03590909090909091
1 0.38588235294117645 0.36954545454545457 0.14 0.03636363636363636
1 0.7688235294117647 0.8625 0.06235294117647059 0.03772727272727273
1 0.8491176470588235 0.9304545454545454 0.057058823529411766 0.04
1 0.4455882352941177 0.5731818181818182 0.2664705882352941 0.03909090909090909
1 0.42558823529411766 0.9256818181818182 0.06411764705882353 0.03681818181818182
1 0.5126470588235295 0.5295454545454545 0.11470588235294117 0.035454545454545454
1 0.8494117647058823 0.8636363636363636 0.05764705882352941 0.04181818181818182
1 0.3861764705882353 0.6163636363636363 0.15235294117647058 0.034545454545454546
1 0.3870588235294118 0.7281818181818182 0.11529411764705882 0.034545454545454546
1 0.3264705882352941 0.03977272727272727 0.06235294117647059 0.018636363636363635
1 0.7502941176470588 0.41409090909090907 0.04176470588235294 0.03363636363636364
1 0.10735294117647058 0.6838636363636363 0.0488235294117647 0.03409090909090909
1 0.09970588235294117 0.45704545454545453 0.07352941176470588 0.035
1 0.10529411764705883 0.37227272727272726 0.07294117647058823 0.03363636363636364
1 0.6397058823529411 0.6186363636363637 0.060588235294117644 0.02909090909090909
1 0.15823529411764706 0.9279545454545455 0.05411764705882353 0.03772727272727273
1 0.33558823529411763 0.9275 0.061764705882352944 0.03772727272727273
1 0.15529411764705883 0.8638636363636364 0.04941176470588235 0.03772727272727273
1 0.10088235294117646 0.5320454545454546 0.06647058823529411 0.03318181818181818
1 0.24529411764705883 0.8586363636363636 0.04823529411764706 0.038181818181818185
1 0.6323529411764706 0.5297727272727273 0.05529411764705883 0.029545454545454545
1 0.24176470588235294 0.9259090909090909 0.04823529411764706 0.038181818181818185
1 0.3826470588235294 0.77 0.09470588235294118 0.03363636363636364
1 0.7667647058823529 0.9322727272727273 0.061764705882352944 0.03727272727272727
1 0.6326470588235295 0.4134090909090909 0.1676470588235294 0.038636363636363635
1 0.5197058823529411 0.37318181818181817 0.10764705882352942 0.034545454545454546
1 0.41705882352941176 0.8602272727272727 0.05058823529411765 0.03772727272727273
1 0.5958823529411764 0.9265909090909091 0.06352941176470588 0.03772727272727273
1 0.3870588235294118 0.53 0.14 0.038181818181818185
1 0.601764705882353 0.4659090909090909 0.03294117647058824 0.03090909090909091
1 0.5911764705882353 0.8597727272727272 0.05411764705882353 0.038636363636363635
1 0.5455882352941176 0.041363636363636366 0.07588235294117647 0.02727272727272727
1 0.5947058823529412 0.37613636363636366 0.03176470588235294 0.03318181818181818
1 0.8455882352941176 0.4131818181818182 0.1288235294117647 0.038181818181818185
1 0.5085294117647059 0.9259090909090909 0.05823529411764706 0.04
1 0.6776470588235294 0.8622727272727273 0.058823529411764705 0.038181818181818185
1 0.8694117647058823 0.5729545454545455 0.10588235294117647 0.03590909090909091
1 0.3976470588235294 0.45590909090909093 0.15294117647058825 0.03727272727272727
1 0.09911764705882353 0.7684090909090909 0.04647058823529412 0.03409090909090909
1 0.6544117647058824 0.37363636363636366 0.09470588235294118 0.03272727272727273
1 0.5291176470588236 0.45681818181818185 0.10764705882352942 0.035454545454545454
1 0.5020588235294118 0.8590909090909091 0.045294117647058825 0.03636363636363636
1 0.5838235294117647 0.5390909090909091 0.033529411764705884 0.02909090909090909
1 0.09352941176470589 0.6170454545454546 0.06470588235294118 0.03590909090909091
1 0.6805882352941176 0.9254545454545454 0.06470588235294118 0.03727272727272727
1 0.3373529411764706 0.860909090909091 0.05941176470588235 0.038181818181818185
1 0.6797058823529412 0.5725 0.17588235294117646 0.03681818181818182
1 0.7923529411764706 0.5738636363636364 0.03764705882352941 0.035
1 0.10676470588235294 0.7304545454545455 0.0488235294117647 0.03272727272727273
1 0.2741176470588235 0.03772727272727273 0.036470588235294116 0.02090909090909091
1 0.09794117647058824 0.415 0.0711764705882353 0.031818181818181815
1 0.42558823529411766 0.4131818181818182 0.2252941176470588 0.03636363636363636
1 0.6514705882352941 0.4597727272727273 0.06647058823529411 0.02409090909090909
1 0.095 0.5722727272727273 0.060588235294117644 0.034545454545454546
1 0.5944117647058823 0.6218181818181818 0.03235294117647059 0.02909090909090909