1 0.365 0.6870454545454545 0.14882352941176472 0.045909090909090906
1 0.7544117647058823 0.8652272727272727 0.06411764705882353 0.04045454545454545
1 0.8429411764705882 0.9297727272727273 0.07176470588235294 0.045909090909090906
1 0.40911764705882353 0.9229545454545455 0.05352941176470588 0.045
1 0.5508823529411765 0.5281818181818182 0.15705882352941178 0.04363636363636364
1 0.8379411764705882 0.8670454545454546 0.06529411764705882 0.042272727272727274
1 0.3673529411764706 0.6156818181818182 0.1535294117647059 0.03681818181818182
1 0.6535294117647059 0.7718181818181818 0.08588235294117647 0.03090909090909091
1 0.685 0.7295454545454545 0.1923529411764706 0.035454545454545454
1 0.43411764705882355 0.7277272727272728 0.28 0.04181818181818182
1 0.36676470588235294 0.3684090909090909 0.1476470588235294 0.04772727272727273
1 0.7508823529411764 0.5288636363636363 0.10529411764705883 0.03681818181818182
1 0.42205882352941176 0.41363636363636364 0.25941176470588234 0.038181818181818185
1 0.09441176470588235 0.6779545454545455 0.07941176470588235 0.038636363636363635
1 0.09029411764705883 0.37113636363636365 0.0888235294117647 0.042272727272727274
1 0.09264705882352942 0.45295454545454544 0.08294117647058824 0.038636363636363635
1 0.4961764705882353 0.7775 0.09470588235294118 0.035
1 0.14588235294117646 0.9229545454545455 0.06470588235294118 0.041363636363636366
1 0.8229411764705883 0.5709090909090909 0.03529411764705882 0.03727272727272727
1 0.31529411764705884 0.9270454545454545 0.05647058823529412 0.04318181818181818
1 0.14558823529411766 0.8618181818181818 0.06294117647058824 0.04181818181818182
1 0.3664705882352941 0.5275 0.1564705882352941 0.04318181818181818
1 0.09205882352941176 0.5236363636363637 0.08176470588235295 0.03727272727272727
1 0.675 0.6143181818181818 0.07470588235294118 0.03409090909090909
1 0.22794117647058823 0.9281818181818182 0.060588235294117644 0.042727272727272725
1 0.3623529411764706 0.7709090909090909 0.13647058823529412 0.035454545454545454
1 0.7620588235294118 0.9313636363636364 0.07823529411764706 0.042727272727272725
1 0.7170588235294117 0.415 0.28352941176470586 0.042727272727272725
1 0.4067647058823529 0.8563636363636363 0.057058823529411766 0.04363636363636364
1 0.5826470588235294 0.9277272727272727 0.06647058823529411 0.04
1 0.09323529411764706 0.5645454545454546 0.08411764705882353 0.03727272727272727
1 0.42264705882352943 0.5704545454545454 0.26176470588235295 0.03909090909090909
1 0.5226470588235295 0.6197727272727273 0.13823529411764707 0.03227272727272727
1 0.5447058823529412 0.4625 0.14588235294117646 0.03681818181818182
1 0.5782352941176471 0.7763636363636364 0.02823529411764706 0.03363636363636364
1 0.08911764705882352 0.4115909090909091 0.08764705882352941 0.038636363636363635
1 0.6852941176470588 0.5704545454545454 0.2223529411764706 0.04454545454545455
1 0.5694117647058824 0.03931818181818182 0.1188235294117647 0.023181818181818182
1 0.4988235294117647 0.9272727272727272 0.07058823529411765 0.04181818181818182
1 0.6658823529411765 0.8686363636363637 0.06352941176470588 0.046363636363636364
1 0.5711764705882353 0.37204545454545457 0.19058823529411764 0.03954545454545454
1 0.5305882352941177 0.6840909090909091 0.11176470588235295 0.04
1 0.8823529411764706 0.7334090909090909 0.11294117647058824 0.04045454545454545
1 0.37676470588235295 0.4577272727272727 0.15235294117647058 0.038181818181818185
1 0.09176470588235294 0.765 0.08235294117647059 0.03727272727272727
1 0.09117647058823529 0.7215909090909091 0.0811764705882353 0.038636363636363635
1 0.6302941176470588 0.6961363636363637 0.039411764705882354 0.041363636363636366
1 0.49911764705882355 0.8627272727272727 0.07 0.04454545454545455
1 0.6705882352941176 0.5393181818181818 0.04 0.035
1 0.8955882352941177 0.5731818181818182 0.09352941176470589 0.04181818181818182
1 0.6144117647058823 0.6181818181818182 0.026470588235294117 0.03272727272727273
1 0.08941176470588236 0.6084090909090909 0.08705882352941176 0.03772727272727273
1 0.6691176470588235 0.9268181818181818 0.061764705882352944 0.042727272727272725
1 0.3191176470588235 0.8631818181818182 0.05941176470588235 0.042727272727272725
1 0.7205882352941176 0.6902272727272727 0.0976470588235294 0.035
1 0.8041176470588235 0.7311363636363636 0.02823529411764706 0.04318181818181818
1 0.23441176470588235 0.8634090909090909 0.06764705882352941 0.04045454545454545
1 0.581764705882353 0.8647727272727272 0.06470588235294118 0.04318181818181818