1 0.38088235294117645 0.6865909090909091 0.17 0.03409090909090909
1 0.3811764705882353 0.4068181818181818 0.1588235294117647 0.03727272727272727
1 0.758235294117647 0.8690909090909091 0.058823529411764705 0.03727272727272727
1 0.8402941176470589 0.928409090909091 0.06647058823529411 0.03772727272727273
1 0.5723529411764706 0.5731818181818182 0.13294117647058823 0.034545454545454546
1 0.4061764705882353 0.9277272727272727 0.05941176470588235 0.03727272727272727
1 0.5852941176470589 0.5256818181818181 0.1376470588235294 0.03590909090909091
1 0.841764705882353 0.8634090909090909 0.06941176470588235 0.03772727272727273
1 0.3673529411764706 0.6195454545454545 0.13705882352941176 0.035454545454545454
1 0.6905882352941176 0.7786363636363637 0.0611764705882353 0.02909090909090909
1 0.6829411764705883 0.7340909090909091 0.029411764705882353 0.03272727272727273
1 0.38676470588235295 0.7288636363636364 0.17823529411764705 0.03590909090909091
1 0.7735294117647059 0.5295454545454545 0.11647058823529412 0.03272727272727273
1 0.11205882352941177 0.6786363636363636 0.08058823529411764 0.034545454545454546
1 0.11294117647058824 0.4525 0.09647058823529411 0.03772727272727273
1 0.5405882352941176 0.7713636363636364 0.1423529411764706 0.038181818181818185
1 0.5770588235294117 0.7290909090909091 0.15411764705882353 0.03363636363636364
1 0.14 0.9252272727272727 0.05058823529411765 0.038636363636363635
1 0.7470588235294118 0.5738636363636364 0.1 0.03318181818181818
1 0.3261764705882353 0.9265909090909091 0.06529411764705882 0.03681818181818182
1 0.15411764705882353 0.8581818181818182 0.0611764705882353 0.038181818181818185
1 0.7355882352941177 0.7284090909090909 0.06764705882352941 0.031363636363636364
1 0.10735294117647058 0.5211363636363636 0.08529411764705883 0.03409090909090909
1 0.6526470588235294 0.6202272727272727 0.06411764705882353 0.031363636363636364
1 0.24 0.8584090909090909 0.05764705882352941 0.03590909090909091
1 0.23470588235294118 0.9225 0.05176470588235294 0.03954545454545454
1 0.3723529411764706 0.7679545454545454 0.14823529411764705 0.03590909090909091
1 0.7605882352941177 0.9270454545454545 0.07176470588235294 0.03772727272727273
1 0.11558823529411764 0.3643181818181818 0.09 0.03590909090909091
1 0.6714705882352942 0.45886363636363636 0.057058823529411766 0.031363636363636364
1 0.6691176470588235 0.37386363636363634 0.039411764705882354 0.031363636363636364
1 0.40941176470588236 0.8597727272727272 0.0611764705882353 0.03772727272727273
1 0.585 0.9306818181818182 0.0688235294117647 0.03772727272727273
1 0.10941176470588235 0.5672727272727273 0.09411764705882353 0.03636363636363636
1 0.3997058823529412 0.5279545454545455 0.1935294117647059 0.03772727272727273
1 0.4988235294117647 0.6190909090909091 0.10588235294117647 0.02909090909090909
1 0.5079411764705882 0.4590909090909091 0.12058823529411765 0.035454545454545454
1 0.5770588235294117 0.86 0.05529411764705883 0.03909090909090909
1 0.11235294117647059 0.405 0.0976470588235294 0.03636363636363636
1 0.5429411764705883 0.03977272727272727 0.07882352941176471 0.023181818181818182
1 0.6111764705882353 0.4652272727272727 0.02823529411764706 0.03318181818181818
1 0.7294117647058823 0.4106818181818182 0.07764705882352942 0.03318181818181818
1 0.4973529411764706 0.9279545454545455 0.0688235294117647 0.03772727272727273
1 0.6691176470588235 0.8611363636363636 0.05941176470588235 0.03772727272727273
1 0.5588235294117647 0.3704545454545455 0.15294117647058825 0.03636363636363636
1 0.7394117647058823 0.37227272727272726 0.08705882352941176 0.031818181818181815
1 0.5744117647058824 0.6843181818181818 0.15823529411764706 0.03590909090909091
1 0.11029411764705882 0.7679545454545454 0.0711764705882353 0.035
1 0.11323529411764706 0.7263636363636363 0.07470588235294118 0.035454545454545454
1 0.5547058823529412 0.4115909090909091 0.15764705882352942 0.03681818181818182
1 0.6352941176470588 0.7775 0.03294117647058824 0.03227272727272727
1 0.49058823529411766 0.8629545454545454 0.05411764705882353 0.038636363636363635
1 0.6920588235294117 0.5372727272727272 0.03705882352941176 0.03272727272727273
1 0.5879411764705882 0.6222727272727273 0.027647058823529413 0.03090909090909091
1 0.37970588235294117 0.3679545454545455 0.1652941176470588 0.035
1 0.10470588235294118 0.6127272727272727 0.08235294117647059 0.03636363636363636
1 0.6714705882352942 0.928409090909091 0.06764705882352941 0.03772727272727273
1 0.3235294117647059 0.8590909090909091 0.05764705882352941 0.03636363636363636
1 0.3673529411764706 0.4531818181818182 0.13588235294117648 0.038181818181818185
1 0.6747058823529412 0.5756818181818182 0.03058823529411765 0.030454545454545453
1 0.75 0.6934090909090909 0.06588235294117648 0.03318181818181818
1 0.2994117647058824 0.03704545454545455 0.04 0.020454545454545454
1 0.6688235294117647 0.4143181818181818 0.02823529411764706 0.026818181818181817
1 0.3935294117647059 0.5722727272727273 0.18823529411764706 0.034545454545454546
1 0.6935294117647058 0.6990909090909091 0.03764705882352941 0.02181818181818182