1 0.36205882352941177 0.6793181818181818 0.11352941176470588 0.03590909090909091
1 0.4385294117647059 0.4036363636363636 0.23 0.03272727272727273
1 0.76 0.8554545454545455 0.05529411764705883 0.03909090909090909
1 0.8344117647058824 0.9236363636363636 0.054705882352941174 0.038181818181818185
1 0.6191176470588236 0.5663636363636364 0.13941176470588235 0.03272727272727273
1 0.4108823529411765 0.9209090909090909 0.05352941176470588 0.03636363636363636
1 0.8411764705882353 0.8593181818181819 0.06588235294117648 0.038636363636363635
1 0.3864705882352941 0.6054545454545455 0.1623529411764706 0.031818181818181815
1 0.6608823529411765 0.7231818181818181 0.06764705882352941 0.03272727272727273
1 0.3961764705882353 0.4486363636363636 0.16058823529411764 0.03090909090909091
1 0.49529411764705883 0.6772727272727272 0.13294117647058823 0.038181818181818185
1 0.6602941176470588 0.6781818181818182 0.0688235294117647 0.031818181818181815
1 0.4611764705882353 0.7634090909090909 0.10705882352941176 0.03227272727272727
1 0.7488235294117647 0.5247727272727273 0.0811764705882353 0.030454545454545453
1 0.09735294117647059 0.6779545454545455 0.07 0.03681818181818182
1 0.10176470588235294 0.4415909090909091 0.07647058823529412 0.035
1 0.7326470588235294 0.5672727272727273 0.026470588235294117 0.03272727272727273
1 0.10823529411764705 0.35863636363636364 0.08352941176470588 0.03636363636363636
1 0.4879411764705882 0.7202272727272727 0.13588235294117648 0.029545454545454545
1 0.5902941176470589 0.7647727272727273 0.04764705882352941 0.035
1 0.15029411764705883 0.9179545454545455 0.05352941176470588 0.03772727272727273
1 0.8076470588235294 0.5670454545454545 0.09176470588235294 0.03409090909090909
1 0.3247058823529412 0.9186363636363636 0.06235294117647059 0.03909090909090909
1 0.15235294117647058 0.850909090909091 0.052941176470588235 0.03636363636363636
1 0.5938235294117648 0.4525 0.022941176470588236 0.035
1 0.4108823529411765 0.5197727272727273 0.21588235294117647 0.03318181818181818
1 0.09705882352941177 0.5168181818181818 0.07294117647058823 0.035454545454545454
1 0.6776470588235294 0.6077272727272728 0.06705882352941177 0.031818181818181815
1 0.2326470588235294 0.9190909090909091 0.04764705882352941 0.038181818181818185
1 0.35058823529411764 0.7620454545454546 0.0988235294117647 0.031363636363636364
1 0.7547058823529412 0.925 0.05529411764705883 0.03909090909090909
1 0.30823529411764705 0.0275 0.03882352941176471 0.021363636363636362
1 0.543235294117647 0.7652272727272728 0.031176470588235295 0.03227272727272727
1 0.6502941176470588 0.45136363636363636 0.07 0.031818181818181815
1 0.6932352941176471 0.3663636363636364 0.033529411764705884 0.03272727272727273
1 0.4102941176470588 0.8534090909090909 0.05 0.03590909090909091
1 0.5732352941176471 0.9229545454545455 0.0488235294117647 0.03681818181818182
1 0.591764705882353 0.5227272727272727 0.12470588235294118 0.03727272727272727
1 0.5341176470588235 0.6077272727272728 0.11294117647058824 0.02909090909090909
1 0.5758823529411765 0.8545454545454545 0.05647058823529412 0.03727272727272727
1 0.10823529411764705 0.39840909090909093 0.08235294117647059 0.035
1 0.09558823529411764 0.5595454545454546 0.07470588235294118 0.034545454545454546
1 0.6029411764705882 0.3654545454545455 0.11647058823529412 0.035454545454545454
1 0.6273529411764706 0.40636363636363637 0.13352941176470587 0.035454545454545454
1 0.7941176470588235 0.4088636363636364 0.08941176470588236 0.03409090909090909
1 0.4935294117647059 0.9204545454545454 0.05647058823529412 0.038181818181818185
1 0.668235294117647 0.8570454545454546 0.05647058823529412 0.03318181818181818
1 0.7661764705882353 0.36522727272727273 0.09352941176470589 0.03318181818181818
1 0.0988235294117647 0.7561363636363636 0.07882352941176471 0.03409090909090909
1 0.7232352941176471 0.4075 0.022941176470588236 0.03409090909090909
1 0.5308823529411765 0.44931818181818184 0.09117647058823529 0.03227272727272727
1 0.5879411764705882 0.7202272727272727 0.03 0.031363636363636364
1 0.49529411764705883 0.8543181818181819 0.0611764705882353 0.03681818181818182
1 0.68 0.5229545454545454 0.03058823529411765 0.03318181818181818
1 0.5952941176470589 0.6795454545454546 0.036470588235294116 0.03636363636363636
1 0.425 0.3634090909090909 0.21705882352941178 0.031363636363636364
1 0.09352941176470589 0.6020454545454546 0.07529411764705882 0.03409090909090909
1 0.665 0.9215909090909091 0.05941176470588235 0.03954545454545454
1 0.3241176470588235 0.8525 0.05529411764705883 0.03590909090909091
1 0.09647058823529411 0.7154545454545455 0.06823529411764706 0.035454545454545454
1 0.5711764705882353 0.03090909090909091 0.11294117647058824 0.022727272727272728
1 0.41823529411764704 0.5638636363636363 0.23294117647058823 0.03409090909090909
1 0.6226470588235294 0.6161363636363636 0.026470588235294117 0.02590909090909091
1 0.35911764705882354 0.7206818181818182 0.1111764705882353 0.03227272727272727
1 0.23176470588235293 0.8518181818181818 0.05058823529411765 0.03636363636363636