1 0.8670588235294118 0.7777272727272727 0.1376470588235294 0.03909090909090909
1 0.1126470588235294 0.5256818181818181 0.10647058823529412 0.029545454545454545
1 0.43529411764705883 0.6147727272727272 0.2611764705882353 0.03681818181818182
1 0.31323529411764706 0.035227272727272725 0.04058823529411765 0.022272727272727274
1 0.4111764705882353 0.7734090909090909 0.20941176470588235 0.03681818181818182
1 0.12823529411764706 0.6843181818181818 0.10470588235294118 0.035
1 0.1338235294117647 0.45 0.05823529411764706 0.03727272727272727
1 0.13352941176470587 0.7290909090909091 0.10823529411764705 0.04
1 0.778235294117647 0.6161363636363636 0.03529411764705882 0.031363636363636364
1 0.13441176470588234 0.7711363636363636 0.09 0.03772727272727273
1 0.7608823529411765 0.7815909090909091 0.03588235294117647 0.03318181818181818
1 0.13352941176470587 0.3663636363636364 0.06 0.03727272727272727
1 0.6717647058823529 0.5702272727272727 0.15764705882352942 0.03681818181818182
1 0.43411764705882355 0.7245454545454545 0.24941176470588236 0.04
1 0.6338235294117647 0.775 0.18529411764705883 0.03727272727272727
1 0.4411764705882353 0.5711363636363637 0.26941176470588235 0.035
1 0.13352941176470587 0.41 0.05647058823529412 0.035454545454545454
1 0.11 0.571590909090909 0.1 0.03954545454545454
1 0.6558823529411765 0.6125 0.1564705882352941 0.03590909090909091
1 0.5782352941176471 0.03954545454545454 0.12352941176470589 0.024545454545454544
1 0.8820588235294118 0.7261363636363637 0.1323529411764706 0.041363636363636366
1 0.8682352941176471 0.6161363636363636 0.09411764705882353 0.03318181818181818
1 0.39941176470588236 0.4556818181818182 0.18 0.035
1 0.7814705882352941 0.5725 0.028823529411764706 0.030454545454545453
1 0.665 0.7238636363636364 0.20294117647058824 0.038636363636363635
1 0.8638235294117647 0.571590909090909 0.09941176470588235 0.035
1 0.10617647058823529 0.6063636363636363 0.09117647058823529 0.038181818181818185
1 0.40705882352941175 0.4127272727272727 0.20470588235294118 0.034545454545454546
1 0.7958823529411765 0.7290909090909091 0.03529411764705882 0.034545454545454546