1 0.3947058823529412 0.7759090909090909 0.18470588235294116 0.038181818181818185
1 0.5670588235294117 0.7784090909090909 0.15529411764705883 0.028636363636363637
1 0.3779411764705882 0.6188636363636364 0.15941176470588236 0.03772727272727273
1 0.11823529411764706 0.5288636363636363 0.07411764705882352 0.03590909090909091
1 0.5447058823529412 0.6188636363636364 0.1564705882352941 0.029545454545454545
1 0.11970588235294118 0.5713636363636364 0.07705882352941176 0.04
1 0.8579411764705882 0.8631818181818182 0.0688235294117647 0.04090909090909091
1 0.7708823529411765 0.8622727272727273 0.0711764705882353 0.03636363636363636
1 0.4491176470588235 0.45954545454545453 0.28411764705882353 0.03636363636363636
1 0.3935294117647059 0.571590909090909 0.17882352941176471 0.03954545454545454
1 0.42558823529411766 0.9265909090909091 0.07588235294117647 0.038636363636363635
1 0.1223529411764706 0.7747727272727273 0.08352941176470588 0.03772727272727273
1 0.11911764705882352 0.6847727272727273 0.08411764705882353 0.03409090909090909
1 0.4235294117647059 0.8602272727272727 0.07294117647058823 0.04318181818181818
1 0.10882352941176471 0.3675 0.08588235294117647 0.03772727272727273
1 0.5129411764705882 0.8622727272727273 0.07647058823529412 0.03909090909090909
1 0.6752941176470588 0.7302272727272727 0.18 0.038636363636363635
1 0.33558823529411763 0.9263636363636364 0.061764705882352944 0.03727272727272727
1 0.8823529411764706 0.7306818181818182 0.12941176470588237 0.03772727272727273
1 0.11088235294117647 0.41204545454545455 0.08764705882352941 0.038636363636363635
1 0.2526470588235294 0.9268181818181818 0.07 0.03909090909090909
1 0.6614705882352941 0.7809090909090909 0.03588235294117647 0.028181818181818183
1 0.5885294117647059 0.5725 0.20058823529411765 0.03954545454545454
1 0.16970588235294118 0.9270454545454545 0.061764705882352944 0.038636363636363635
1 0.33941176470588236 0.8597727272727272 0.06823529411764706 0.03772727272727273
1 0.29411764705882354 0.035227272727272725 0.04 0.022272727272727274
1 0.7129411764705882 0.4163636363636364 0.14352941176470588 0.035454545454545454
1 0.4602941176470588 0.4131818181818182 0.3111764705882353 0.04090909090909091
1 0.68 0.93 0.06235294117647059 0.03909090909090909
1 0.11794117647058823 0.4540909090909091 0.0888235294117647 0.03727272727272727
1 0.43911764705882356 0.7288636363636364 0.26529411764705885 0.03954545454545454
1 0.5958823529411764 0.8618181818181818 0.06705882352941177 0.04090909090909091
1 0.12470588235294118 0.7290909090909091 0.08235294117647059 0.03727272727272727
1 0.566764705882353 0.038636363636363635 0.11588235294117646 0.01818181818181818
1 0.5938235294117648 0.9277272727272727 0.060588235294117644 0.038181818181818185
1 0.8597058823529412 0.9277272727272727 0.07823529411764706 0.038181818181818185
1 0.7261764705882353 0.7786363636363637 0.10294117647058823 0.031818181818181815
1 0.15970588235294117 0.8604545454545455 0.05823529411764706 0.03909090909090909
1 0.6797058823529412 0.8618181818181818 0.06529411764705882 0.04090909090909091
1 0.12323529411764705 0.6156818181818182 0.07470588235294118 0.03590909090909091
1 0.5097058823529412 0.928409090909091 0.0711764705882353 0.041363636363636366
1 0.6602941176470588 0.45886363636363636 0.11352941176470588 0.03681818181818182
1 0.7735294117647059 0.9295454545454546 0.07411764705882352 0.04
1 0.2529411764705882 0.8595454545454545 0.06941176470588235 0.038181818181818185
1 0.7979411764705883 0.7295454545454545 0.04294117647058823 0.04