1 0.41352941176470587 0.6809090909090909 0.21529411764705883 0.04363636363636364
1 0.6173529411764705 0.6877272727272727 0.19 0.04454545454545455
1 0.7623529411764706 0.8604545454545455 0.07882352941176471 0.04818181818181818
1 0.8352941176470589 0.9259090909090909 0.06941176470588235 0.04090909090909091
1 0.4061764705882353 0.9247727272727273 0.06294117647058824 0.041363636363636366
1 0.3461764705882353 0.605909090909091 0.09823529411764706 0.03272727272727273
1 0.3708823529411765 0.44727272727272727 0.14058823529411765 0.03636363636363636
1 0.39705882352941174 0.4072727272727273 0.1988235294117647 0.03727272727272727
1 0.09941176470588235 0.6736363636363636 0.0811764705882353 0.03727272727272727
1 0.09676470588235295 0.4456818181818182 0.08764705882352941 0.03681818181818182
1 0.3779411764705882 0.7213636363636363 0.1688235294117647 0.03909090909090909
1 0.09970588235294117 0.36045454545454547 0.08294117647058824 0.035454545454545454
1 0.5711764705882353 0.7231818181818181 0.20352941176470588 0.03727272727272727
1 0.14352941176470588 0.9222727272727272 0.052941176470588235 0.04181818181818182
1 0.3241176470588235 0.9211363636363636 0.06705882352941177 0.03954545454545454
1 0.1514705882352941 0.8506818181818182 0.06647058823529411 0.03954545454545454
1 0.3876470588235294 0.525 0.16117647058823528 0.04
1 0.10088235294117646 0.5193181818181818 0.06764705882352941 0.03681818181818182
1 0.23676470588235293 0.8545454545454545 0.06411764705882353 0.038181818181818185
1 0.23411764705882354 0.9209090909090909 0.05058823529411765 0.03909090909090909
1 0.36176470588235293 0.7652272727272728 0.1411764705882353 0.03681818181818182
1 0.7517647058823529 0.925 0.05764705882352941 0.03909090909090909
1 0.5005882352941177 0.7647727272727273 0.12 0.035
1 0.591764705882353 0.4075 0.18470588235294116 0.03772727272727273
1 0.616764705882353 0.36818181818181817 0.19941176470588234 0.03909090909090909
1 0.41441176470588237 0.8565909090909091 0.06411764705882353 0.04045454545454545
1 0.5841176470588235 0.9343181818181818 0.06235294117647059 0.053181818181818184
1 0.3644117647058824 0.5647727272727273 0.1323529411764706 0.03227272727272727
1 0.5426470588235294 0.5261363636363636 0.1511764705882353 0.042272727272727274
1 0.4323529411764706 0.6077272727272728 0.07764705882352942 0.03363636363636364
1 0.47558823529411764 0.5659090909090909 0.08294117647058824 0.03272727272727273
1 0.5829411764705882 0.8577272727272728 0.06 0.04181818181818182
1 0.10176470588235294 0.4011363636363636 0.08705882352941176 0.03590909090909091
1 0.09647058823529411 0.5640909090909091 0.07176470588235294 0.03727272727272727
1 0.2944117647058824 0.030227272727272728 0.04294117647058823 0.02409090909090909
1 0.49323529411764705 0.9222727272727272 0.06764705882352941 0.042727272727272725
1 0.8352941176470589 0.8640909090909091 0.07058823529411765 0.04090909090909091
1 0.6761764705882353 0.8602272727272727 0.07705882352941176 0.041363636363636366
1 0.5479411764705883 0.03704545454545455 0.0888235294117647 0.026818181818181817
1 0.09970588235294117 0.765 0.08529411764705883 0.03636363636363636
1 0.09676470588235295 0.7184090909090909 0.08294117647058824 0.03590909090909091
1 0.5041176470588236 0.45 0.12117647058823529 0.03
1 0.5014705882352941 0.8568181818181818 0.06764705882352941 0.04
1 0.4076470588235294 0.3679545454545455 0.2211764705882353 0.04318181818181818
1 0.10088235294117646 0.6031818181818182 0.07235294117647059 0.03727272727272727
1 0.6726470588235294 0.9225 0.0711764705882353 0.03954545454545454
1 0.3285294117647059 0.8529545454545454 0.06764705882352941 0.038636363636363635