1 0.3935294117647059 0.6834090909090909 0.18823529411764706 0.03590909090909091
1 0.5564705882352942 0.6847727272727273 0.12 0.03409090909090909
1 0.40558823529411764 0.40636363636363637 0.2088235294117647 0.035454545454545454
1 0.7576470588235295 0.8595454545454545 0.05176470588235294 0.03636363636363636
1 0.8405882352941176 0.9293181818181818 0.05411764705882353 0.03772727272727273
1 0.4061764705882353 0.9265909090909091 0.05588235294117647 0.03681818181818182
1 0.41 0.5675 0.21294117647058824 0.03590909090909091
1 0.6738235294117647 0.77 0.07235294117647059 0.03272727272727273
1 0.39676470588235296 0.44931818181818184 0.18411764705882352 0.03318181818181818
1 0.6485294117647059 0.6940909090909091 0.03470588235294118 0.035454545454545454
1 0.3938235294117647 0.7256818181818182 0.1935294117647059 0.03590909090909091
1 0.08294117647058824 0.68 0.07411764705882352 0.035454545454545454
1 0.0811764705882353 0.45340909090909093 0.06823529411764706 0.03409090909090909
1 0.09735294117647059 0.365 0.09 0.035454545454545454
1 0.1514705882352941 0.923409090909091 0.05941176470588235 0.04045454545454545
1 0.32823529411764707 0.9261363636363636 0.058823529411764705 0.03681818181818182
1 0.15470588235294117 0.8547727272727272 0.06 0.038636363636363635
1 0.7252941176470589 0.7270454545454546 0.09176470588235294 0.03318181818181818
1 0.5929411764705882 0.45340909090909093 0.16 0.030454545454545453
1 0.40558823529411764 0.5270454545454546 0.21352941176470588 0.03590909090909091
1 0.08911764705882352 0.5238636363636363 0.06764705882352941 0.03318181818181818
1 0.6520588235294118 0.7290909090909091 0.031176470588235295 0.031818181818181815
1 0.7929411764705883 0.3690909090909091 0.08705882352941176 0.031818181818181815
1 0.2426470588235294 0.8547727272727272 0.05823529411764706 0.038636363636363635
1 0.6267647058823529 0.5281818181818182 0.20058823529411765 0.03727272727272727
1 0.2388235294117647 0.9243181818181818 0.052941176470588235 0.038636363636363635
1 0.3764705882352941 0.765 0.1623529411764706 0.031818181818181815
1 0.758235294117647 0.9311363636363637 0.05647058823529412 0.03772727272727273
1 0.30617647058823527 0.03386363636363637 0.03588235294117647 0.020454545454545454
1 0.5270588235294118 0.7677272727272727 0.12352941176470589 0.031818181818181815
1 0.6914705882352942 0.4586363636363636 0.026470588235294117 0.03727272727272727
1 0.6152941176470588 0.36977272727272725 0.1623529411764706 0.03772727272727273
1 0.4117647058823529 0.8579545454545454 0.05764705882352941 0.03590909090909091
1 0.5873529411764706 0.9347727272727273 0.05941176470588235 0.04772727272727273
1 0.5652941176470588 0.6077272727272728 0.18705882352941178 0.028181818181818183
1 0.5882352941176471 0.8638636363636364 0.06235294117647059 0.04681818181818182
1 0.09441176470588235 0.405 0.0888235294117647 0.035454545454545454
1 0.07882352941176471 0.5656818181818182 0.06352941176470588 0.03409090909090909
1 0.5708823529411765 0.03909090909090909 0.11941176470588236 0.02
1 0.7591176470588236 0.45590909090909093 0.09588235294117647 0.035454545454545454
1 0.5020588235294118 0.9270454545454545 0.06647058823529411 0.038636363636363635
1 0.8497058823529412 0.8613636363636363 0.06529411764705882 0.038181818181818185
1 0.6711764705882353 0.8645454545454545 0.05647058823529412 0.04181818181818182
1 0.6038235294117648 0.41113636363636363 0.16294117647058823 0.031363636363636364
1 0.0861764705882353 0.7659090909090909 0.07705882352941176 0.034545454545454546
1 0.08794117647058823 0.7211363636363637 0.07588235294117647 0.03409090909090909
1 0.7252941176470589 0.37795454545454543 0.03529411764705882 0.035
1 0.5014705882352941 0.8572727272727273 0.05588235294117647 0.03909090909090909
1 0.7111764705882353 0.4177272727272727 0.03411764705882353 0.03363636363636364
1 0.4032352941176471 0.3665909090909091 0.19705882352941176 0.03681818181818182
1 0.565 0.7277272727272728 0.13470588235294118 0.035454545454545454
1 0.08352941176470588 0.6054545454545455 0.06235294117647059 0.035454545454545454
1 0.32441176470588234 0.8563636363636363 0.05352941176470588 0.038181818181818185
1 0.6552941176470588 0.5722727272727273 0.24588235294117647 0.038181818181818185
1 0.725 0.6877272727272727 0.0888235294117647 0.034545454545454546
1 0.7811764705882352 0.4134090909090909 0.09529411764705882 0.03227272727272727
1 0.38029411764705884 0.6056818181818182 0.1676470588235294 0.03318181818181818
1 0.6082352941176471 0.7697727272727273 0.03529411764705882 0.03409090909090909