1 0.43992932862190814 0.43530751708428245 0.27208480565371024 0.03416856492027335
1 0.7523557126030624 0.8874715261958998 0.059481743227326266 0.04738041002277904
1 0.8371613663133097 0.9428246013667426 0.059481743227326266 0.04054669703872437
1 0.41048292108362777 0.9414578587699317 0.05771495877502945 0.03690205011389522
1 0.8433451118963486 0.876993166287016 0.06949352179034157 0.04009111617312073
1 0.4078327444051826 0.6350797266514806 0.18315665488810365 0.03462414578587699
1 0.4331566548881037 0.479498861047836 0.23733804475853945 0.03507972665148064
1 0.4210836277974087 0.7027334851936219 0.19434628975265017 0.0387243735763098
1 0.6993521790341578 0.7097949886104784 0.03121319199057715 0.04009111617312073
1 0.4290341578327444 0.7906605922551253 0.22555948174322732 0.03416856492027335
1 0.7682567726737338 0.4378132118451025 0.03121319199057715 0.03189066059225513
1 0.12249705535924617 0.7031890660592255 0.08716136631330977 0.03781321184510251
1 0.1248527679623086 0.47813211845102505 0.08598351001177856 0.03416856492027335
1 0.4499411071849234 0.7469248291571754 0.26148409893992935 0.03507972665148064
1 0.12220259128386336 0.3931662870159453 0.08421672555948174 0.03553530751708428
1 0.6448763250883393 0.7911161731207289 0.14487632508833923 0.03325740318906606
1 0.16401648998822144 0.9425968109339408 0.052414605418138985 0.03735763097949886
1 0.7635453474676089 0.7015945330296127 0.09246171967020024 0.03553530751708428
1 0.3330388692579505 0.9412300683371299 0.061837455830388695 0.03735763097949886
1 0.1604829210836278 0.8765375854214122 0.052414605418138985 0.03826879271070615
1 0.7517667844522968 0.7972665148063781 0.03356890459363958 0.04100227790432802
1 0.4467020023557126 0.5485193621867882 0.18904593639575973 0.03826879271070615
1 0.11307420494699646 0.55125284738041 0.06949352179034157 0.03280182232346242
1 0.24440518256772673 0.8763097949886105 0.050647820965842166 0.03690205011389522
1 0.24617196702002356 0.9423690205011389 0.050647820965842166 0.03690205011389522
1 0.7564782096584217 0.9485193621867881 0.052414605418138985 0.03735763097949886
1 0.29711425206124853 0.06856492027334853 0.04652532391048292 0.0214123006833713
1 0.6628386336866903 0.3979498861047836 0.02767962308598351 0.03507972665148064
1 0.5906949352179034 0.3938496583143508 0.10836277974087162 0.03690205011389522
1 0.41872791519434627 0.8776765375854214 0.053003533568904596 0.03599088838268793
1 0.5892226148409894 0.9505694760820046 0.059481743227326266 0.04328018223234624
1 0.4113663133097762 0.5908883826879271 0.1878680800942285 0.03553530751708428
1 0.5880447585394581 0.8856492027334852 0.054770318021201414 0.04464692482915718
1 0.11925795053003534 0.4348519362186788 0.08421672555948174 0.03325740318906606
1 0.1254416961130742 0.5886104783599089 0.071849234393404 0.03280182232346242
1 0.6322143698468787 0.4788154897494305 0.13133097762073026 0.03462414578587699
1 0.5644876325088339 0.06993166287015945 0.12073027090694935 0.02232346241457859
1 0.7885747938751473 0.4824601366742597 0.0895170789163722 0.03280182232346242
1 0.5041224970553593 0.9425968109339408 0.061248527679623084 0.03826879271070615
1 0.848939929328622 0.7485193621867882 0.10895170789163722 0.0337129840546697
1 0.6743227326266196 0.8815489749430524 0.05771495877502945 0.03735763097949886
1 0.7093639575971732 0.39476082004555807 0.0712603062426384 0.03234624145785877
1 0.8297997644287397 0.7933940774487471 0.10247349823321555 0.03416856492027335
1 0.12750294464075382 0.7876993166287016 0.08657243816254417 0.03462414578587699
1 0.12632508833922262 0.7505694760820045 0.08539458186101295 0.03507972665148064
1 0.6631330977620731 0.7482915717539863 0.16489988221436985 0.03507972665148064
1 0.5002944640753828 0.8776765375854214 0.05123674911660778 0.03690205011389522
1 0.6631330977620731 0.4359908883826879 0.15665488810365136 0.03280182232346242
1 0.8333333333333334 0.43530751708428245 0.10365135453474676 0.03234624145785877
1 0.6065959952885748 0.7038724373576309 0.15076560659599528 0.03735763097949886
1 0.4246171967020024 0.3943052391799544 0.21672555948174324 0.0387243735763098
1 0.12632508833922262 0.6300683371298406 0.07361601884570082 0.03280182232346242
1 0.675206124852768 0.9414578587699317 0.06301531213191991 0.0387243735763098
1 0.3286219081272085 0.875626423690205 0.050647820965842166 0.03735763097949886
1 0.7296819787985865 0.48701594533029613 0.03415783274440518 0.0337129840546697
1 0.7735571260306242 0.7466970387243735 0.03356890459363958 0.03462414578587699