1 0.4379411764705882 0.6795454545454546 0.28058823529411764 0.03272727272727273
1 0.4470588235294118 0.405 0.29058823529411765 0.03272727272727273
1 0.7964705882352942 0.7304545454545455 0.04 0.03636363636363636
1 0.8385294117647059 0.9231818181818182 0.05941176470588235 0.04181818181818182
1 0.6211764705882353 0.5686363636363636 0.17294117647058824 0.03090909090909091
1 0.48676470588235293 0.9215909090909091 0.05588235294117647 0.042272727272727274
1 0.41705882352941176 0.5218181818181818 0.23411764705882354 0.031818181818181815
1 0.8085294117647058 0.7725 0.13941176470588235 0.03409090909090909
1 0.3973529411764706 0.6079545454545454 0.19470588235294117 0.03409090909090909
1 0.6964705882352941 0.7718181818181818 0.03411764705882353 0.035454545454545454
1 0.3976470588235294 0.4490909090909091 0.19058823529411764 0.03272727272727273
1 0.7244117647058823 0.6854545454545454 0.033529411764705884 0.034545454545454546
1 0.44529411764705884 0.7222727272727273 0.3023529411764706 0.03272727272727273
1 0.4361764705882353 0.36204545454545456 0.2664705882352941 0.030454545454545453
1 0.7711764705882352 0.5236363636363637 0.03176470588235294 0.034545454545454546
1 0.09382352941176471 0.6740909090909091 0.08411764705882353 0.038181818181818185
1 0.08823529411764706 0.44113636363636366 0.07764705882352942 0.03590909090909091
1 0.8638235294117647 0.5259090909090909 0.11705882352941177 0.02909090909090909
1 0.7326470588235294 0.5738636363636364 0.03235294117647059 0.03409090909090909
1 0.0976470588235294 0.35863636363636364 0.09058823529411765 0.038181818181818185
1 0.14882352941176472 0.9195454545454546 0.06 0.04181818181818182
1 0.8294117647058824 0.615909090909091 0.11176470588235295 0.03272727272727273
1 0.32294117647058823 0.9197727272727273 0.05647058823529412 0.03772727272727273
1 0.1535294117647059 0.8513636363636363 0.058823529411764705 0.035454545454545454
1 0.1011764705882353 0.5163636363636364 0.09058823529411765 0.031818181818181815
1 0.6894117647058824 0.7261363636363637 0.16117647058823528 0.029545454545454545
1 0.2373529411764706 0.8529545454545454 0.05235294117647059 0.03681818181818182
1 0.23970588235294119 0.9193181818181818 0.05823529411764706 0.03772727272727273
1 0.39441176470588235 0.7654545454545455 0.20058823529411765 0.035454545454545454
1 0.745 0.9236363636363636 0.05 0.042727272727272725
1 0.5888235294117647 0.7681818181818182 0.14941176470588236 0.03636363636363636
1 0.7523529411764706 0.4531818181818182 0.09294117647058824 0.03363636363636364
1 0.6685294117647059 0.4525 0.031176470588235295 0.03318181818181818
1 0.40205882352941175 0.855 0.05235294117647059 0.038181818181818185
1 0.3997058823529412 0.5634090909090909 0.19117647058823528 0.038636363636363635
1 0.6579411764705883 0.5227272727272727 0.17352941176470588 0.03363636363636364
1 0.5794117647058824 0.8561363636363636 0.05764705882352941 0.03681818181818182
1 0.09441176470588235 0.4011363636363636 0.08411764705882353 0.03590909090909091
1 0.5758823529411765 0.9222727272727272 0.05529411764705883 0.04090909090909091
1 0.8211764705882353 0.6861363636363637 0.13058823529411764 0.03681818181818182
1 0.8738235294117647 0.36886363636363634 0.08411764705882353 0.03409090909090909
1 0.88 0.725909090909091 0.11411764705882353 0.038181818181818185
1 0.09205882352941176 0.7586363636363637 0.08411764705882353 0.03636363636363636
1 0.721764705882353 0.4088636363636364 0.21058823529411766 0.03409090909090909
1 0.57 0.4490909090909091 0.13058823529411764 0.03090909090909091
1 0.6467647058823529 0.6815909090909091 0.11 0.035
1 0.08823529411764706 0.5588636363636363 0.07294117647058823 0.03409090909090909
1 0.4879411764705882 0.8579545454545454 0.04764705882352941 0.03772727272727273
1 0.9076470588235294 0.4109090909090909 0.07647058823529412 0.03363636363636364
1 0.611764705882353 0.6104545454545455 0.14352941176470588 0.03090909090909091
1 0.09558823529411764 0.5997727272727272 0.09 0.03590909090909091
1 0.6588235294117647 0.9220454545454545 0.04941176470588235 0.041363636363636366
1 0.6820588235294117 0.3643181818181818 0.18529411764705883 0.03227272727272727
1 0.31882352941176473 0.8518181818181818 0.052941176470588235 0.03636363636363636
1 0.09176470588235294 0.7170454545454545 0.08352941176470588 0.03590909090909091
1 0.28941176470588237 0.029545454545454545 0.04823529411764706 0.01818181818181818
1 0.5764705882352941 0.03340909090909091 0.12117647058823529 0.020454545454545454
1 0.8076470588235294 0.36954545454545457 0.024705882352941175 0.025454545454545455
1 0.8520588235294118 0.4118181818181818 0.02411764705882353 0.03272727272727273
1 0.8344117647058824 0.5709090909090909 0.14058823529411765 0.03272727272727273
1 0.726764705882353 0.6161363636363636 0.02411764705882353 0.02409090909090909
1 0.3982352941176471 0.9211363636363636 0.04 0.03772727272727273
1 0.6658823529411765 0.8577272727272728 0.04941176470588235 0.038181818181818185
1 0.7558823529411764 0.8595454545454545 0.0611764705882353 0.038181818181818185
1 0.8332352941176471 0.8588636363636364 0.04411764705882353 0.035