1 0.39205882352941174 0.7306818181818182 0.1652941176470588 0.03590909090909091
1 0.8476470588235294 0.9272727272727272 0.05764705882352941 0.038181818181818185
1 0.5226470588235295 0.5745454545454546 0.08647058823529412 0.031818181818181815
1 0.4235294117647059 0.9309090909090909 0.04 0.038181818181818185
1 0.3788235294117647 0.6147727272727272 0.15529411764705883 0.03409090909090909
1 0.3891176470588235 0.41704545454545455 0.17705882352941177 0.03772727272727273
1 0.10970588235294118 0.6875 0.08647058823529412 0.03772727272727273
1 0.0988235294117647 0.45295454545454544 0.07529411764705882 0.03772727272727273
1 0.3735294117647059 0.6872727272727273 0.14 0.038181818181818185
1 0.0976470588235294 0.3729545454545454 0.07647058823529412 0.03590909090909091
1 0.3938235294117647 0.7752272727272728 0.17588235294117646 0.03409090909090909
1 0.15529411764705883 0.9313636363636364 0.047058823529411764 0.04090909090909091
1 0.33588235294117647 0.9315909090909091 0.04823529411764706 0.03590909090909091
1 0.15735294117647058 0.8593181818181819 0.054705882352941174 0.04045454545454545
1 0.6841176470588235 0.6147727272727272 0.08588235294117647 0.030454545454545453
1 0.5691176470588235 0.45886363636363636 0.12529411764705883 0.031363636363636364
1 0.10647058823529412 0.5275 0.08588235294117647 0.03681818181818182
1 0.6194117647058823 0.6220454545454546 0.023529411764705882 0.030454545454545453
1 0.24676470588235294 0.8615909090909091 0.054705882352941174 0.038636363636363635
1 0.6008823529411764 0.5311363636363636 0.07352941176470588 0.03227272727272727
1 0.24558823529411763 0.93 0.04411764705882353 0.038181818181818185
1 0.7579411764705882 0.9288636363636363 0.0488235294117647 0.03954545454545454
1 0.29411764705882354 0.03295454545454545 0.04 0.023181818181818182
1 0.53 0.7722727272727272 0.08 0.03090909090909091
1 0.5705882352941176 0.41204545454545455 0.1411764705882353 0.038636363636363635
1 0.41911764705882354 0.8620454545454546 0.04411764705882353 0.03954545454545454
1 0.5932352941176471 0.9293181818181818 0.04764705882352941 0.03681818181818182
1 0.36264705882352943 0.535 0.11941176470588236 0.034545454545454546
1 0.5426470588235294 0.5340909090909091 0.028823529411764706 0.03090909090909091
1 0.5347058823529411 0.6145454545454545 0.12117647058823529 0.03272727272727273
1 0.5902941176470589 0.5720454545454545 0.03 0.030454545454545453
1 0.555 0.03681818181818182 0.10764705882352942 0.023636363636363636
1 0.5011764705882353 0.9313636363636364 0.042352941176470586 0.03909090909090909
1 0.8429411764705882 0.8606818181818182 0.04470588235294118 0.041363636363636366
1 0.6720588235294118 0.8586363636363636 0.05352941176470588 0.04
1 0.5435294117647059 0.3756818181818182 0.09529411764705882 0.03409090909090909
1 0.3938235294117647 0.4625 0.19 0.035
1 0.11529411764705882 0.7711363636363636 0.08941176470588236 0.03681818181818182
1 0.11147058823529411 0.7263636363636363 0.09117647058823529 0.04
1 0.5929411764705882 0.8613636363636363 0.05764705882352941 0.03909090909090909
1 0.5 0.8638636363636364 0.04588235294117647 0.042272727272727274
1 0.3914705882352941 0.3704545454545455 0.17823529411764705 0.04
1 0.5188235294117647 0.7315909090909091 0.06588235294117648 0.03227272727272727
1 0.11470588235294117 0.6156818181818182 0.09058823529411765 0.03772727272727273
1 0.6758823529411765 0.9281818181818182 0.04470588235294118 0.038181818181818185
1 0.33176470588235296 0.8627272727272727 0.047058823529411764 0.038181818181818185
1 0.6644117647058824 0.5743181818181818 0.08058823529411764 0.031363636363636364
1 0.09558823529411764 0.4156818181818182 0.0711764705882353 0.031363636363636364
1 0.48 0.5390909090909091 0.08823529411764706 0.025454545454545455
1 0.3897058823529412 0.5729545454545455 0.17588235294117646 0.03681818181818182
1 0.4764705882352941 0.6895454545454546 0.06 0.03
1 0.7608823529411765 0.8663636363636363 0.051176470588235295 0.03363636363636364
1 0.11382352941176471 0.5729545454545455 0.07588235294117647 0.03409090909090909