1 0.42558823529411766 0.678409090909091 0.23941176470588235 0.038636363636363635
1 0.41705882352941176 0.40454545454545454 0.21411764705882352 0.03636363636363636
1 0.7720588235294118 0.8531818181818182 0.0711764705882353 0.04363636363636364
1 0.8614705882352941 0.9254545454545454 0.07352941176470588 0.04454545454545455
1 0.5444117647058824 0.615 0.12411764705882353 0.02090909090909091
1 0.42823529411764705 0.9213636363636364 0.06705882352941177 0.04
1 0.8644117647058823 0.8529545454545454 0.07588235294117647 0.04318181818181818
1 0.39235294117647057 0.6061363636363636 0.1623529411764706 0.03590909090909091
1 0.6894117647058824 0.775 0.06 0.024545454545454544
1 0.3864705882352941 0.4486363636363636 0.15058823529411763 0.035454545454545454
1 0.6435294117647059 0.6790909090909091 0.16470588235294117 0.03636363636363636
1 0.4223529411764706 0.7229545454545454 0.23058823529411765 0.03772727272727273
1 0.3170588235294118 0.02409090909090909 0.04 0.031818181818181815
1 0.8338235294117647 0.525 0.03588235294117647 0.03363636363636364
1 0.10911764705882353 0.6777272727272727 0.07 0.03363636363636364
1 0.10882352941176471 0.44931818181818184 0.06588235294117648 0.035
1 0.11911764705882352 0.36363636363636365 0.07588235294117647 0.034545454545454546
1 0.1661764705882353 0.9218181818181819 0.06529411764705882 0.04
1 0.34 0.9204545454545454 0.06588235294117648 0.042727272727272725
1 0.16911764705882354 0.8513636363636363 0.05941176470588235 0.03909090909090909
1 0.7708823529411765 0.7270454545454546 0.03 0.031363636363636364
1 0.46176470588235297 0.5175 0.2917647058823529 0.03954545454545454
1 0.11176470588235295 0.5197727272727273 0.06941176470588235 0.03409090909090909
1 0.6520588235294118 0.7277272727272728 0.2111764705882353 0.03090909090909091
1 0.2535294117647059 0.850909090909091 0.06705882352941177 0.038181818181818185
1 0.2597058823529412 0.9206818181818182 0.0688235294117647 0.041363636363636366
1 0.3835294117647059 0.7672727272727272 0.15411764705882353 0.03636363636363636
1 0.7723529411764706 0.9206818181818182 0.07294117647058823 0.04318181818181818
1 0.5435294117647059 0.7756818181818181 0.1388235294117647 0.019545454545454546
1 0.7044117647058824 0.365 0.23588235294117646 0.04
1 0.4420588235294118 0.3668181818181818 0.2735294117647059 0.04
1 0.42617647058823527 0.8538636363636364 0.06647058823529411 0.03954545454545454
1 0.5964705882352941 0.9220454545454545 0.06 0.04318181818181818
1 0.4364705882352941 0.5631818181818182 0.2447058823529412 0.03727272727272727
1 0.6044117647058823 0.8513636363636363 0.07352941176470588 0.04
1 0.11588235294117646 0.4043181818181818 0.07058823529411765 0.035
1 0.1126470588235294 0.5654545454545454 0.07941176470588235 0.034545454545454546
1 0.673235294117647 0.5659090909090909 0.2088235294117647 0.03363636363636364
1 0.5779411764705882 0.02772727272727273 0.12764705882352942 0.02909090909090909
1 0.6735294117647059 0.4118181818181818 0.2388235294117647 0.03272727272727273
1 0.515 0.9204545454545454 0.05941176470588235 0.04090909090909091
1 0.8655882352941177 0.6795454545454546 0.12411764705882353 0.035454545454545454
1 0.6885294117647058 0.8527272727272728 0.0688235294117647 0.042727272727272725
1 0.8355882352941176 0.7243181818181819 0.09823529411764706 0.03409090909090909
1 0.10882352941176471 0.7613636363636364 0.07411764705882352 0.035454545454545454
1 0.1111764705882353 0.7213636363636363 0.07294117647058823 0.034545454545454546
1 0.5914705882352941 0.45181818181818184 0.1723529411764706 0.03090909090909091
1 0.5226470588235295 0.8527272727272728 0.08411764705882353 0.042727272727272725
1 0.7082352941176471 0.5197727272727273 0.19411764705882353 0.03772727272727273
1 0.9038235294117647 0.5197727272727273 0.09823529411764706 0.03772727272727273
1 0.11323529411764706 0.6031818181818182 0.08764705882352941 0.035454545454545454
1 0.6808823529411765 0.9225 0.061764705882352944 0.045909090909090906
1 0.34558823529411764 0.8536363636363636 0.06411764705882353 0.03909090909090909
1 0.7761764705882352 0.6822727272727273 0.03705882352941176 0.034545454545454546
1 0.8120588235294117 0.5597727272727273 0.06294117647058824 0.029545454545454545
1 0.6229411764705882 0.6211363636363636 0.02 0.025
1 0.6629411764705883 0.6170454545454546 0.06705882352941177 0.03227272727272727
1 0.6411764705882353 0.7756818181818181 0.02823529411764706 0.02590909090909091