1 0.3779411764705882 0.6770454545454545 0.15705882352941178 0.035
1 0.5617647058823529 0.6795454545454546 0.1376470588235294 0.034545454545454546
1 0.4447058823529412 0.4047727272727273 0.28705882352941176 0.03227272727272727
1 0.7558823529411764 0.8570454545454546 0.06588235294117648 0.03590909090909091
1 0.8370588235294117 0.9240909090909091 0.058823529411764705 0.038181818181818185
1 0.5791176470588235 0.6102272727272727 0.1476470588235294 0.03227272727272727
1 0.4088235294117647 0.9220454545454545 0.06470588235294118 0.038636363636363635
1 0.8655882352941177 0.7245454545454545 0.12764705882352942 0.03272727272727273
1 0.39205882352941174 0.6075 0.18529411764705883 0.03318181818181818
1 0.6673529411764706 0.7686363636363637 0.07470588235294118 0.035454545454545454
1 0.39647058823529413 0.4486363636363636 0.18823529411764706 0.03727272727272727
1 0.6788235294117647 0.6806818181818182 0.036470588235294116 0.03590909090909091
1 0.8 0.5293181818181818 0.03764705882352941 0.03590909090909091
1 0.09323529411764706 0.673409090909091 0.07470588235294118 0.03590909090909091
1 0.095 0.4465909090909091 0.08411764705882353 0.03590909090909091
1 0.41323529411764703 0.7197727272727272 0.22058823529411764 0.03590909090909091
1 0.8697058823529412 0.525 0.09588235294117647 0.03636363636363636
1 0.09647058823529411 0.3575 0.09176470588235294 0.031363636363636364
1 0.5155882352941177 0.7677272727272727 0.11352941176470588 0.03363636363636364
1 0.6441176470588236 0.7225 0.17529411764705882 0.03590909090909091
1 0.1476470588235294 0.9175 0.052941176470588235 0.038636363636363635
1 0.7976470588235294 0.5693181818181818 0.03529411764705882 0.03227272727272727
1 0.3235294117647059 0.9202272727272728 0.05529411764705883 0.03772727272727273
1 0.14705882352941177 0.8506818181818182 0.05647058823529412 0.03954545454545454
1 0.7744117647058824 0.7240909090909091 0.031176470588235295 0.03090909090909091
1 0.44176470588235295 0.5211363636363636 0.2847058823529412 0.03590909090909091
1 0.08970588235294118 0.5156818181818181 0.07588235294117647 0.03590909090909091
1 0.6908823529411765 0.6165909090909091 0.033529411764705884 0.030454545454545453
1 0.8688235294117647 0.3663636363636364 0.09647058823529411 0.03636363636363636
1 0.24411764705882352 0.8518181818181818 0.07176470588235294 0.04
1 0.6894117647058824 0.5256818181818181 0.1635294117647059 0.03772727272727273
1 0.23676470588235293 0.9177272727272727 0.061764705882352944 0.03727272727272727
1 0.3714705882352941 0.7661363636363636 0.14529411764705882 0.031363636363636364
1 0.7564705882352941 0.9222727272727272 0.058823529411764705 0.038181818181818185
1 0.7 0.45795454545454545 0.03294117647058824 0.026818181818181817
1 0.658235294117647 0.36727272727272725 0.1423529411764706 0.03727272727272727
1 0.4423529411764706 0.36204545454545456 0.2647058823529412 0.038636363636363635
1 0.41058823529411764 0.855 0.06352941176470588 0.034545454545454546
1 0.5844117647058824 0.9229545454545455 0.060588235294117644 0.03954545454545454
1 0.41411764705882353 0.5634090909090909 0.22588235294117648 0.03772727272727273
1 0.5844117647058824 0.8561363636363636 0.060588235294117644 0.03954545454545454
1 0.09294117647058824 0.4027272727272727 0.08705882352941176 0.03363636363636364
1 0.09176470588235294 0.5593181818181818 0.07764705882352942 0.035
1 0.66 0.5670454545454545 0.1988235294117647 0.03772727272727273
1 0.6720588235294118 0.40613636363636363 0.15235294117647058 0.030454545454545453
1 0.7820588235294118 0.45681818181818185 0.09352941176470589 0.03
1 0.49823529411764705 0.9218181818181819 0.06235294117647059 0.04090909090909091
1 0.6676470588235294 0.8565909090909091 0.05529411764705883 0.03318181818181818
1 0.8814705882352941 0.5679545454545455 0.10647058823529412 0.03590909090909091
1 0.09147058823529412 0.7572727272727273 0.08176470588235295 0.034545454545454546
1 0.7717647058823529 0.40795454545454546 0.03411764705882353 0.03409090909090909
1 0.5864705882352941 0.44977272727272727 0.1388235294117647 0.035
1 0.48970588235294116 0.8547727272727272 0.05352941176470588 0.035
1 0.86 0.4075 0.10941176470588235 0.030454545454545453
1 0.09117647058823529 0.6018181818181818 0.0811764705882353 0.035454545454545454
1 0.6708823529411765 0.9231818181818182 0.06411764705882353 0.03909090909090909
1 0.32382352941176473 0.8525 0.05588235294117647 0.03227272727272727
1 0.7711764705882352 0.6770454545454545 0.10823529411764705 0.03590909090909091
1 0.09205882352941176 0.7154545454545455 0.07588235294117647 0.03363636363636364
1 0.31529411764705884 0.028409090909090908 0.05647058823529412 0.020454545454545454
1 0.5647058823529412 0.03272727272727273 0.09058823529411765 0.02181818181818182
1 0.7767647058823529 0.3675 0.03705882352941176 0.03590909090909091
1 0.7655882352941177 0.6170454545454546 0.07705882352941176 0.026818181818181817
1 0.591764705882353 0.7784090909090909 0.02588235294117647 0.028636363636363637
1 0.8314705882352941 0.8586363636363636 0.0488235294117647 0.038181818181818185