1 0.36558823529411766 0.7327272727272728 0.14882352941176472 0.03909090909090909
1 0.7567647058823529 0.8627272727272727 0.07 0.03727272727272727
1 0.8379411764705882 0.9347727272727273 0.06529411764705882 0.03954545454545454
1 0.41058823529411764 0.9286363636363636 0.0611764705882353 0.038181818181818185
1 0.3602941176470588 0.6175 0.11352941176470588 0.035
1 0.44382352941176473 0.41454545454545455 0.2641176470588235 0.04
1 0.6264705882352941 0.7825 0.09294117647058824 0.030454545454545453
1 0.40558823529411764 0.46045454545454545 0.19823529411764707 0.034545454545454546
1 0.48294117647058826 0.6911363636363637 0.13411764705882354 0.035
1 0.6523529411764706 0.7372727272727273 0.03294117647058824 0.03363636363636364
1 0.095 0.6777272727272727 0.09823529411764706 0.038181818181818185
1 0.6529411764705882 0.6961363636363637 0.09647058823529411 0.03227272727272727
1 0.10058823529411764 0.4456818181818182 0.10823529411764705 0.03590909090909091
1 0.4667647058823529 0.7804545454545454 0.10529411764705883 0.03272727272727273
1 0.15 0.9247727272727273 0.06235294117647059 0.04045454545454545
1 0.7344117647058823 0.7345454545454545 0.13941176470588235 0.034545454545454546
1 0.32294117647058823 0.9275 0.06352941176470588 0.03772727272727273
1 0.1526470588235294 0.8554545454545455 0.06294117647058824 0.04181818181818182
1 0.3735294117647059 0.5304545454545454 0.12588235294117647 0.035454545454545454
1 0.10058823529411764 0.5247727272727273 0.09529411764705882 0.03318181818181818
1 0.23588235294117646 0.8572727272727273 0.058823529411764705 0.04090909090909091
1 0.23558823529411765 0.9270454545454545 0.05588235294117647 0.038636363636363635
1 0.345 0.7756818181818181 0.10411764705882352 0.03409090909090909
1 0.7544117647058823 0.9281818181818182 0.06411764705882353 0.04
1 0.10264705882352941 0.36477272727272725 0.09941176470588235 0.03318181818181818
1 0.6329411764705882 0.4163636363636364 0.11176470588235295 0.035454545454545454
1 0.6055882352941176 0.3734090909090909 0.08411764705882353 0.03409090909090909
1 0.41852941176470587 0.8597727272727272 0.06647058823529411 0.041363636363636366
1 0.5829411764705882 0.9265909090909091 0.06588235294117648 0.038636363636363635
1 0.5473529411764706 0.5318181818181819 0.17823529411764705 0.03727272727272727
1 0.4923529411764706 0.6211363636363636 0.12823529411764706 0.03318181818181818
1 0.5526470588235294 0.7768181818181819 0.03235294117647059 0.034545454545454546
1 0.0988235294117647 0.4052272727272727 0.10705882352941176 0.03318181818181818
1 0.5714705882352941 0.5775 0.20647058823529413 0.031363636363636364
1 0.553235294117647 0.03590909090909091 0.06411764705882353 0.02181818181818182
1 0.49676470588235294 0.9311363636363637 0.07 0.042272727272727274
1 0.8408823529411765 0.8638636363636364 0.060588235294117644 0.038636363636363635
1 0.6738235294117647 0.8618181818181818 0.06764705882352941 0.03909090909090909
1 0.3847058823529412 0.5722727272727273 0.15411764705882353 0.03363636363636364
1 0.09794117647058824 0.7654545454545455 0.11 0.03727272727272727
1 0.5555882352941176 0.4581818181818182 0.08764705882352941 0.034545454545454546
1 0.581764705882353 0.8613636363636363 0.06352941176470588 0.03727272727272727
1 0.09735294117647059 0.5620454545454545 0.11941176470588236 0.03227272727272727
1 0.5002941176470588 0.860909090909091 0.06764705882352941 0.04
1 0.5882352941176471 0.6940909090909091 0.036470588235294116 0.03363636363636364
1 0.425 0.3668181818181818 0.22294117647058823 0.038181818181818185
1 0.5358823529411765 0.7345454545454545 0.1635294117647059 0.03090909090909091
1 0.09441176470588235 0.6090909090909091 0.10176470588235294 0.035454545454545454
1 0.6711764705882353 0.9270454545454545 0.06705882352941177 0.038636363636363635
1 0.3288235294117647 0.8575 0.07176470588235294 0.04045454545454545
1 0.09205882352941176 0.7220454545454545 0.09941176470588235 0.03772727272727273
1 0.3073529411764706 0.035 0.05235294117647059 0.025454545454545455
1 0.35058823529411764 0.6870454545454545 0.11529411764705882 0.042272727272727274