1 0.41970588235294115 0.6797727272727273 0.23941176470588235 0.03681818181818182
1 0.7579411764705882 0.8581818181818182 0.06529411764705882 0.04090909090909091
1 0.8538235294117648 0.9288636363636363 0.08764705882352941 0.04772727272727273
1 0.5461764705882353 0.6190909090909091 0.03 0.035454545454545454
1 0.4126470588235294 0.9238636363636363 0.06764705882352941 0.03954545454545454
1 0.3608823529411765 0.6077272727272728 0.12529411764705883 0.03636363636363636
1 0.5185294117647059 0.41409090909090907 0.1511764705882353 0.03727272727272727
1 0.6414705882352941 0.7263636363636363 0.15 0.03636363636363636
1 0.44882352941176473 0.45045454545454544 0.11411764705882353 0.03636363636363636
1 0.42764705882352944 0.7240909090909091 0.27176470588235296 0.038181818181818185
1 0.7576470588235295 0.5315909090909091 0.10352941176470588 0.03590909090909091
1 0.37176470588235294 0.4068181818181818 0.14 0.03727272727272727
1 0.10529411764705883 0.6761363636363636 0.07411764705882352 0.03590909090909091
1 0.10764705882352942 0.4456818181818182 0.07764705882352942 0.03590909090909091
1 0.16147058823529412 0.9195454545454546 0.07823529411764706 0.04
1 0.7461764705882353 0.5684090909090909 0.09823529411764706 0.03409090909090909
1 0.3288235294117647 0.9206818181818182 0.07176470588235294 0.04045454545454545
1 0.15588235294117647 0.8525 0.06352941176470588 0.03772727272727273
1 0.40705882352941175 0.5259090909090909 0.20352941176470588 0.03909090909090909
1 0.10852941176470589 0.5168181818181818 0.0888235294117647 0.035454545454545454
1 0.6038235294117648 0.6115909090909091 0.08058823529411764 0.03227272727272727
1 0.24352941176470588 0.8545454545454545 0.06352941176470588 0.038181818181818185
1 0.24382352941176472 0.9204545454545454 0.0711764705882353 0.04
1 0.38088235294117645 0.7711363636363636 0.17823529411764705 0.035
1 0.7605882352941177 0.9268181818181818 0.07176470588235294 0.03909090909090909
1 0.11647058823529412 0.3593181818181818 0.08705882352941176 0.03590909090909091
1 0.5258823529411765 0.7775 0.09176470588235294 0.03318181818181818
1 0.6223529411764706 0.37113636363636365 0.03176470588235294 0.03409090909090909
1 0.4223529411764706 0.8568181818181818 0.06705882352941177 0.04090909090909091
1 0.585 0.9252272727272727 0.060588235294117644 0.04045454545454545
1 0.09911764705882353 0.5618181818181818 0.08058823529411764 0.035454545454545454
1 0.40205882352941175 0.5672727272727273 0.20647058823529413 0.03909090909090909
1 0.5897058823529412 0.5290909090909091 0.13823529411764707 0.038181818181818185
1 0.48 0.6111363636363636 0.09529411764705882 0.03409090909090909
1 0.5897058823529412 0.8568181818181818 0.07352941176470588 0.04090909090909091
1 0.1126470588235294 0.4018181818181818 0.08764705882352941 0.035454545454545454
1 0.6038235294117648 0.45545454545454545 0.09117647058823529 0.03272727272727273
1 0.5538235294117647 0.03568181818181818 0.10529411764705883 0.025
1 0.6173529411764705 0.4113636363636364 0.025294117647058825 0.03727272727272727
1 0.6935294117647058 0.4118181818181818 0.10941176470588235 0.03636363636363636
1 0.5008823529411764 0.9238636363636363 0.07588235294117647 0.04045454545454545
1 0.8455882352941176 0.8593181818181819 0.07823529411764706 0.041363636363636366
1 0.6744117647058824 0.855909090909091 0.0688235294117647 0.04090909090909091
1 0.528235294117647 0.36954545454545457 0.13176470588235295 0.038181818181818185
1 0.3417647058823529 0.45022727272727275 0.0976470588235294 0.03681818181818182
1 0.10764705882352942 0.76 0.07764705882352942 0.035454545454545454
1 0.10882352941176471 0.7186363636363636 0.07882352941176471 0.03636363636363636
1 0.7152941176470589 0.3756818181818182 0.12470588235294118 0.03409090909090909
1 0.5344117647058824 0.4627272727272727 0.03235294117647059 0.034545454545454546
1 0.6026470588235294 0.6790909090909091 0.11470588235294117 0.03636363636363636
1 0.5023529411764706 0.8568181818181818 0.07176470588235294 0.04
1 0.6826470588235294 0.5354545454545454 0.03705882352941176 0.03727272727272727
1 0.5832352941176471 0.5684090909090909 0.1511764705882353 0.03681818181818182
1 0.3820588235294118 0.3663636363636364 0.12529411764705883 0.03727272727272727
1 0.09676470588235295 0.6029545454545454 0.08058823529411764 0.035
1 0.673235294117647 0.9288636363636363 0.0688235294117647 0.04045454545454545
1 0.3291176470588235 0.8556818181818182 0.06647058823529411 0.038636363636363635
1 0.6823529411764706 0.571590909090909 0.03294117647058824 0.03681818181818182
1 0.2988235294117647 0.031136363636363636 0.03764705882352941 0.02772727272727273
1 0.3461764705882353 0.031136363636363636 0.05941176470588235 0.028636363636363637