1 0.3561764705882353 0.6804545454545454 0.10529411764705883 0.03363636363636364
1 0.7591176470588236 0.8570454545454546 0.061764705882352944 0.03227272727272727
1 0.8388235294117647 0.9254545454545454 0.05529411764705883 0.038181818181818185
1 0.41 0.9225 0.04823529411764706 0.03681818181818182
1 0.8461764705882353 0.855909090909091 0.06411764705882353 0.03909090909090909
1 0.3864705882352941 0.6038636363636364 0.15529411764705883 0.035
1 0.49676470588235294 0.4031818181818182 0.14529411764705882 0.03727272727272727
1 0.6741176470588235 0.8563636363636363 0.05529411764705883 0.03272727272727273
1 0.45647058823529413 0.44772727272727275 0.11294117647058824 0.035454545454545454
1 0.4476470588235294 0.6809090909090909 0.04 0.035454545454545454
1 0.4188235294117647 0.7654545454545455 0.03294117647058824 0.03727272727272727
1 0.36823529411764705 0.36068181818181816 0.10823529411764705 0.03772727272727273
1 0.3644117647058824 0.40454545454545454 0.1111764705882353 0.034545454545454546
1 0.09676470588235295 0.678409090909091 0.0711764705882353 0.03772727272727273
1 0.09970588235294117 0.44295454545454543 0.08058823529411764 0.03590909090909091
1 0.10941176470588235 0.3584090909090909 0.06823529411764706 0.035
1 0.48411764705882354 0.7647727272727273 0.09411764705882353 0.03409090909090909
1 0.15058823529411763 0.9186363636363636 0.052941176470588235 0.03727272727272727
1 0.32441176470588234 0.9204545454545454 0.05588235294117647 0.03727272727272727
1 0.1514705882352941 0.85 0.051176470588235295 0.034545454545454546
1 0.40176470588235297 0.5177272727272727 0.1811764705882353 0.04
1 0.10294117647058823 0.5136363636363637 0.08235294117647059 0.035454545454545454
1 0.23441176470588235 0.9195454545454546 0.04764705882352941 0.03727272727272727
1 0.35294117647058826 0.7609090909090909 0.0976470588235294 0.034545454545454546
1 0.75 0.9245454545454546 0.05058823529411765 0.03909090909090909
1 0.5414705882352941 0.7184090909090909 0.13941176470588235 0.03590909090909091
1 0.6305882352941177 0.3675 0.042352941176470586 0.03227272727272727
1 0.5120588235294118 0.36454545454545456 0.1511764705882353 0.03727272727272727
1 0.41147058823529414 0.8534090909090909 0.054705882352941174 0.03681818181818182
1 0.5823529411764706 0.9220454545454545 0.05176470588235294 0.03954545454545454
1 0.40705882352941175 0.5631818181818182 0.2 0.03727272727272727
1 0.6391176470588236 0.5188636363636364 0.2641176470588235 0.03590909090909091
1 0.5938235294117648 0.6113636363636363 0.21705882352941178 0.03272727272727273
1 0.5770588235294117 0.855909090909091 0.04588235294117647 0.03909090909090909
1 0.105 0.3981818181818182 0.07705882352941176 0.03636363636363636
1 0.09794117647058824 0.5586363636363636 0.07588235294117647 0.03363636363636364
1 0.6088235294117647 0.4484090909090909 0.09529411764705882 0.03318181818181818
1 0.5985294117647059 0.405 0.03 0.034545454545454546
1 0.49176470588235294 0.9211363636363636 0.05411764705882353 0.03772727272727273
1 0.7176470588235294 0.36818181818181817 0.11058823529411765 0.03363636363636364
1 0.5329411764705883 0.6763636363636364 0.10823529411764705 0.03727272727272727
1 0.3517647058823529 0.4456818181818182 0.09529411764705882 0.035
1 0.09088235294117647 0.76 0.06411764705882353 0.03363636363636364
1 0.24352941176470588 0.8515909090909091 0.047058823529411764 0.023181818181818182
1 0.5347058823529411 0.45204545454545453 0.027058823529411764 0.03318181818181818
1 0.5008823529411764 0.8543181818181819 0.054705882352941174 0.03681818181818182
1 0.6817647058823529 0.40795454545454546 0.11764705882352941 0.03681818181818182
1 0.6517647058823529 0.5677272727272727 0.24705882352941178 0.035454545454545454
1 0.09352941176470589 0.6025 0.07647058823529412 0.03409090909090909
1 0.6655882352941176 0.9215909090909091 0.05 0.03954545454545454
1 0.32088235294117645 0.8518181818181818 0.051176470588235295 0.035454545454545454
1 0.09647058823529411 0.7170454545454545 0.06823529411764706 0.03409090909090909
1 0.5614705882352942 0.034772727272727275 0.09 0.018636363636363635
1 0.30823529411764705 0.029772727272727274 0.05529411764705883 0.02590909090909091
1 0.3644117647058824 0.7188636363636364 0.14411764705882352 0.03409090909090909
1 0.4538235294117647 0.7215909090909091 0.03 0.035