1 0.36323529411764705 0.6740909090909091 0.12411764705882353 0.035454545454545454
1 0.35294117647058826 0.515 0.08588235294117647 0.034545454545454546
1 0.7617647058823529 0.8563636363636363 0.07176470588235294 0.034545454545454546
1 0.8452941176470589 0.9240909090909091 0.07411764705882352 0.04
1 0.40794117647058825 0.9186363636363636 0.060588235294117644 0.038181818181818185
1 0.8482352941176471 0.8547727272727272 0.07176470588235294 0.04045454545454545
1 0.3426470588235294 0.6045454545454545 0.07823529411764706 0.03272727272727273
1 0.40205882352941175 0.4034090909090909 0.19 0.03590909090909091
1 0.6738235294117647 0.8522727272727273 0.0688235294117647 0.03909090909090909
1 0.4776470588235294 0.6802272727272727 0.09647058823529411 0.028636363636363637
1 0.3720588235294118 0.3568181818181818 0.1264705882352941 0.03727272727272727
1 0.09852941176470588 0.673409090909091 0.08058823529411764 0.03590909090909091
1 0.10323529411764706 0.44022727272727274 0.08058823529411764 0.035
1 0.11705882352941177 0.35545454545454547 0.08705882352941176 0.035454545454545454
1 0.4752941176470588 0.7663636363636364 0.09176470588235294 0.02
1 0.5673529411764706 0.7645454545454545 0.0688235294117647 0.03363636363636364
1 0.13852941176470587 0.9163636363636364 0.04647058823529412 0.03909090909090909
1 0.32235294117647056 0.9190909090909091 0.06352941176470588 0.038181818181818185
1 0.14794117647058824 0.8495454545454545 0.051176470588235295 0.035454545454545454
1 0.6805882352941176 0.72 0.08235294117647059 0.03272727272727273
1 0.1011764705882353 0.5072727272727273 0.05176470588235294 0.03363636363636364
1 0.6158823529411764 0.7206818181818182 0.036470588235294116 0.03409090909090909
1 0.23823529411764705 0.850909090909091 0.05176470588235294 0.035454545454545454
1 0.5902941176470589 0.6754545454545454 0.060588235294117644 0.03272727272727273
1 0.24 0.9159090909090909 0.058823529411764705 0.038181818181818185
1 0.36 0.7622727272727273 0.13294117647058823 0.03
1 0.7502941176470588 0.9218181818181819 0.054705882352941174 0.04
1 0.5258823529411765 0.7704545454545455 0.023529411764705882 0.022727272727272728
1 0.6479411764705882 0.3625 0.06764705882352941 0.030454545454545453
1 0.5138235294117647 0.36068181818181816 0.1288235294117647 0.03590909090909091
1 0.40647058823529414 0.8529545454545454 0.05529411764705883 0.03590909090909091
1 0.5847058823529412 0.9195454545454546 0.06235294117647059 0.038181818181818185
1 0.35705882352941176 0.5606818181818182 0.0976470588235294 0.03318181818181818
1 0.4808823529411765 0.4470454545454545 0.11705882352941177 0.03409090909090909
1 0.5823529411764706 0.8547727272727272 0.0611764705882353 0.038636363636363635
1 0.10764705882352942 0.39431818181818185 0.08823529411764706 0.03590909090909091
1 0.09676470588235295 0.5568181818181818 0.04764705882352941 0.034545454545454546
1 0.6014705882352941 0.4565909090909091 0.060588235294117644 0.031363636363636364
1 0.5752941176470588 0.40454545454545454 0.16705882352941176 0.035454545454545454
1 0.741764705882353 0.4068181818181818 0.09058823529411765 0.034545454545454546
1 0.4929411764705882 0.9190909090909091 0.06235294117647059 0.03909090909090909
1 0.36205882352941177 0.4461363636363636 0.11352941176470588 0.035
1 0.0961764705882353 0.755 0.07823529411764706 0.03363636363636364
1 0.49970588235294117 0.8502272727272727 0.06411764705882353 0.03590909090909091
1 0.6767647058823529 0.4093181818181818 0.028823529411764706 0.03772727272727273
1 0.5385294117647059 0.7197727272727272 0.13705882352941176 0.03227272727272727
1 0.09470588235294118 0.5986363636363636 0.06470588235294118 0.034545454545454546
1 0.6691176470588235 0.9204545454545454 0.06529411764705882 0.03909090909090909
1 0.32 0.850909090909091 0.04941176470588235 0.035454545454545454
1 0.1 0.7136363636363636 0.0811764705882353 0.03363636363636364
1 0.5594117647058824 0.4593181818181818 0.02823529411764706 0.03590909090909091
1 0.5970588235294118 0.36522727272727273 0.02823529411764706 0.030454545454545453
1 0.545 0.6820454545454545 0.02176470588235294 0.019545454545454546
1 0.38323529411764706 0.7161363636363637 0.17588235294117646 0.03227272727272727