1 0.40794117647058825 0.6813636363636364 0.1864705882352941 0.04
1 0.6267647058823529 0.6834090909090909 0.20647058823529413 0.03409090909090909
1 0.7611764705882353 0.8575 0.05529411764705883 0.041363636363636366
1 0.8505882352941176 0.9259090909090909 0.05176470588235294 0.04
1 0.4176470588235294 0.9252272727272727 0.06352941176470588 0.038636363636363635
1 0.5355882352941177 0.525 0.18176470588235294 0.03727272727272727
1 0.8514705882352941 0.8586363636363636 0.06529411764705882 0.042727272727272725
1 0.3614705882352941 0.6111363636363636 0.11 0.03227272727272727
1 0.39441176470588235 0.45022727272727275 0.16647058823529412 0.035
1 0.7602941176470588 0.5256818181818181 0.12764705882352942 0.030454545454545453
1 0.41794117647058826 0.405 0.2076470588235294 0.035454545454545454
1 0.10176470588235294 0.6775 0.07529411764705882 0.035
1 0.0976470588235294 0.44431818181818183 0.07764705882352942 0.03681818181818182
1 0.40088235294117647 0.725909090909091 0.18058823529411766 0.03727272727272727
1 0.6314705882352941 0.7247727272727272 0.2111764705882353 0.029545454545454545
1 0.15764705882352942 0.9225 0.05764705882352941 0.03954545454545454
1 0.7647058823529411 0.5709090909090909 0.14823529411764705 0.034545454545454546
1 0.3297058823529412 0.9240909090909091 0.06411764705882353 0.04
1 0.1538235294117647 0.8540909090909091 0.05588235294117647 0.038181818181818185
1 0.3708823529411765 0.524090909090909 0.11588235294117646 0.031818181818181815
1 0.09205882352941176 0.5236363636363637 0.0688235294117647 0.03272727272727273
1 0.6373529411764706 0.6113636363636363 0.03235294117647059 0.03272727272727273
1 0.2464705882352941 0.8547727272727272 0.05647058823529412 0.03772727272727273
1 0.665 0.5697727272727273 0.025294117647058825 0.03318181818181818
1 0.24323529411764705 0.923409090909091 0.057058823529411766 0.041363636363636366
1 0.3885294117647059 0.7668181818181818 0.16411764705882353 0.03727272727272727
1 0.7605882352941177 0.923409090909091 0.04941176470588235 0.041363636363636366
1 0.10176470588235294 0.3629545454545455 0.07058823529411765 0.035
1 0.5958823529411764 0.7679545454545454 0.21411764705882352 0.029545454545454545
1 0.721764705882353 0.45045454545454544 0.10941176470588235 0.035454545454545454
1 0.6547058823529411 0.3709090909090909 0.03294117647058824 0.03272727272727273
1 0.6082352941176471 0.40795454545454546 0.13647058823529412 0.03409090909090909
1 0.5661764705882353 0.3638636363636364 0.11470588235294117 0.03409090909090909
1 0.4126470588235294 0.8575 0.054705882352941174 0.038636363636363635
1 0.5808823529411765 0.9254545454545454 0.04411764705882353 0.04
1 0.37558823529411767 0.5665909090909091 0.1288235294117647 0.03772727272727273
1 0.5179411764705882 0.6131818181818182 0.1688235294117647 0.034545454545454546
1 0.586764705882353 0.8547727272727272 0.04411764705882353 0.038636363636363635
1 0.09941176470588235 0.4027272727272727 0.08 0.03636363636363636
1 0.09264705882352942 0.5659090909090909 0.07 0.034545454545454546
1 0.6397058823529411 0.45386363636363636 0.031176470588235295 0.03954545454545454
1 0.5017647058823529 0.9254545454545454 0.0611764705882353 0.04090909090909091
1 0.69 0.8595454545454545 0.06941176470588235 0.03727272727272727
1 0.7323529411764705 0.3615909090909091 0.11176470588235295 0.029545454545454545
1 0.10147058823529412 0.7618181818181818 0.07941176470588235 0.035454545454545454
1 0.0976470588235294 0.7247727272727272 0.07882352941176471 0.03590909090909091
1 0.696764705882353 0.40545454545454546 0.028823529411764706 0.034545454545454546
1 0.5535294117647059 0.4506818181818182 0.12352941176470589 0.03227272727272727
1 0.5011764705882353 0.8572727272727273 0.04941176470588235 0.042727272727272725
1 0.7879411764705883 0.40863636363636363 0.1288235294117647 0.035454545454545454
1 0.4073529411764706 0.3643181818181818 0.18294117647058825 0.03227272727272727
1 0.09117647058823529 0.6065909090909091 0.06823529411764706 0.031363636363636364
1 0.6735294117647059 0.923409090909091 0.05411764705882353 0.042272727272727274
1 0.33088235294117646 0.8561363636363636 0.051176470588235295 0.038636363636363635
1 0.7211764705882353 0.6118181818181818 0.11411764705882353 0.03090909090909091
1 0.2988235294117647 0.03090909090909091 0.05176470588235294 0.01818181818181818
1 0.5702941176470588 0.03272727272727273 0.10529411764705883 0.024545454545454544
1 0.6605882352941177 0.5338636363636363 0.03176470588235294 0.029545454545454545
1 0.5497058823529412 0.5665909090909091 0.1935294117647059 0.030454545454545453