1 0.39441176470588235 0.4040909090909091 0.17823529411764705 0.03727272727272727
1 0.7626470588235295 0.8588636363636364 0.05 0.03318181818181818
1 0.855 0.9277272727272727 0.06529411764705882 0.03636363636363636
1 0.4158823529411765 0.9281818181818182 0.05411764705882353 0.034545454545454546
1 0.5002941176470588 0.6134090909090909 0.060588235294117644 0.030454545454545453
1 0.765 0.9268181818181818 0.06647058823529411 0.035454545454545454
1 0.38176470588235295 0.6134090909090909 0.13647058823529412 0.03318181818181818
1 0.605 0.7681818181818182 0.10176470588235294 0.03272727272727273
1 0.3770588235294118 0.4470454545454545 0.14352941176470588 0.03681818181818182
1 0.11 0.6788636363636363 0.06823529411764706 0.03318181818181818
1 0.10470588235294118 0.44295454545454543 0.07176470588235294 0.03590909090909091
1 0.4626470588235294 0.7679545454545454 0.11 0.03318181818181818
1 0.15588235294117647 0.9265909090909091 0.052941176470588235 0.03590909090909091
1 0.32823529411764707 0.9281818181818182 0.05411764705882353 0.03636363636363636
1 0.15941176470588236 0.8588636363636364 0.052941176470588235 0.03590909090909091
1 0.37470588235294117 0.5656818181818182 0.12941176470588237 0.03590909090909091
1 0.10058823529411764 0.5211363636363636 0.058823529411764705 0.03318181818181818
1 0.6023529411764705 0.7247727272727272 0.1011764705882353 0.03318181818181818
1 0.2461764705882353 0.8581818181818182 0.0488235294117647 0.035454545454545454
1 0.2461764705882353 0.9290909090909091 0.05 0.035454545454545454
1 0.3629411764705882 0.7679545454545454 0.11411764705882353 0.03318181818181818
1 0.10941176470588235 0.36704545454545456 0.08 0.035
1 0.5455882352941176 0.7675 0.027647058823529413 0.03590909090909091
1 0.41411764705882353 0.8602272727272727 0.04470588235294118 0.03590909090909091
1 0.5861764705882353 0.9265909090909091 0.051176470588235295 0.03590909090909091
1 0.10558823529411765 0.4040909090909091 0.08176470588235295 0.035454545454545454
1 0.10058823529411764 0.5645454545454546 0.058823529411764705 0.03363636363636364
1 0.6105882352941177 0.44772727272727275 0.027058823529411764 0.035454545454545454
1 0.5720588235294117 0.038863636363636364 0.11235294117647059 0.022272727272727274
1 0.6158823529411764 0.41045454545454546 0.023529411764705882 0.03636363636363636
1 0.5067647058823529 0.9268181818181818 0.06294117647058824 0.03636363636363636
1 0.8497058823529412 0.8577272727272728 0.05941176470588235 0.03636363636363636
1 0.6738235294117647 0.8579545454545454 0.054705882352941174 0.035
1 0.5388235294117647 0.4081818181818182 0.11764705882352941 0.035454545454545454
1 0.11411764705882353 0.7634090909090909 0.07058823529411765 0.03409090909090909
1 0.11205882352941177 0.7243181818181819 0.0688235294117647 0.03318181818181818
1 0.6805882352941176 0.40954545454545455 0.09294117647058824 0.034545454545454546
1 0.5220588235294118 0.4490909090909091 0.12058823529411765 0.03636363636363636
1 0.5864705882352941 0.8575 0.05058823529411765 0.03590909090909091
1 0.5017647058823529 0.8586363636363636 0.047058823529411764 0.03636363636363636
1 0.4711764705882353 0.7252272727272727 0.1011764705882353 0.026818181818181817
1 0.10323529411764706 0.6095454545454545 0.07235294117647059 0.034545454545454546
1 0.678235294117647 0.9272727272727272 0.06 0.035454545454545454
1 0.3311764705882353 0.8586363636363636 0.05058823529411765 0.034545454545454546
1 0.6711764705882353 0.45022727272727275 0.08588235294117647 0.03409090909090909
1 0.3035294117647059 0.03386363636363637 0.052941176470588235 0.021363636363636362
1 0.45176470588235296 0.565 0.015294117647058824 0.028181818181818183
1 0.49823529411764705 0.5702272727272727 0.07058823529411765 0.03318181818181818
1 0.5388235294117647 0.7234090909090909 0.01647058823529412 0.031363636363636364
1 0.3552941176470588 0.7254545454545455 0.11529411764705882 0.02909090909090909
1 0.46 0.6147727272727272 0.01647058823529412 0.035