1 0.3629411764705882 0.6868181818181818 0.15176470588235294 0.034545454545454546
1 0.5520588235294117 0.6893181818181818 0.14058823529411765 0.035
1 0.7535294117647059 0.86 0.058823529411764705 0.035454545454545454
1 0.8479411764705882 0.9265909090909091 0.07235294117647059 0.04045454545454545
1 0.40058823529411763 0.9288636363636363 0.05176470588235294 0.03772727272727273
1 0.8382352941176471 0.8629545454545454 0.05176470588235294 0.03681818181818182
1 0.39647058823529413 0.6145454545454545 0.20470588235294118 0.038181818181818185
1 0.6844117647058824 0.7709090909090909 0.033529411764705884 0.034545454545454546
1 0.37323529411764705 0.4163636363636364 0.13470588235294118 0.03727272727272727
1 0.39588235294117646 0.5329545454545455 0.21058823529411766 0.03681818181818182
1 0.08794117647058823 0.4506818181818182 0.0488235294117647 0.03590909090909091
1 0.3938235294117647 0.7240909090909091 0.2088235294117647 0.034545454545454546
1 0.7329411764705882 0.5368181818181819 0.07058823529411765 0.034545454545454546
1 0.09029411764705883 0.6856818181818182 0.0711764705882353 0.03409090909090909
1 0.09823529411764706 0.3654545454545455 0.04823529411764706 0.034545454545454546
1 0.5602941176470588 0.7256818181818182 0.11941176470588236 0.03318181818181818
1 0.14823529411764705 0.9254545454545454 0.05529411764705883 0.04090909090909091
1 0.7564705882352941 0.6052272727272727 0.09176470588235294 0.03681818181818182
1 0.3235294117647059 0.9281818181818182 0.05647058823529412 0.038181818181818185
1 0.1526470588235294 0.8590909090909091 0.05941176470588235 0.03727272727272727
1 0.09088235294117647 0.5256818181818181 0.07 0.03409090909090909
1 0.6561764705882352 0.7304545454545455 0.03 0.031818181818181815
1 0.23676470588235293 0.9272727272727272 0.05823529411764706 0.03727272727272727
1 0.3991176470588235 0.7702272727272728 0.21 0.042272727272727274
1 0.7541176470588236 0.9279545454545455 0.0611764705882353 0.03772727272727273
1 0.2944117647058824 0.03704545454545455 0.039411764705882354 0.02409090909090909
1 0.581764705882353 0.7704545454545455 0.12941176470588237 0.03363636363636364
1 0.7035294117647058 0.5659090909090909 0.027058823529411764 0.031818181818181815
1 0.40441176470588236 0.8606818181818182 0.0488235294117647 0.03772727272727273
1 0.5826470588235294 0.9272727272727272 0.05352941176470588 0.03636363636363636
1 0.40647058823529414 0.5711363636363637 0.22470588235294117 0.03590909090909091
1 0.576764705882353 0.5297727272727273 0.12764705882352942 0.035
1 0.5782352941176471 0.8606818181818182 0.04588235294117647 0.03681818181818182
1 0.09088235294117647 0.4084090909090909 0.05352941176470588 0.035
1 0.6023529411764705 0.5690909090909091 0.1388235294117647 0.03363636363636364
1 0.5567647058823529 0.04045454545454545 0.09823529411764706 0.02090909090909091
1 0.7588235294117647 0.57 0.08352941176470588 0.034545454545454546
1 0.7579411764705882 0.7688636363636364 0.10058823529411764 0.03227272727272727
1 0.49558823529411766 0.9297727272727273 0.06411764705882353 0.03772727272727273
1 0.6644117647058824 0.8638636363636364 0.045294117647058825 0.042272727272727274
1 0.34558823529411764 0.45045454545454544 0.0888235294117647 0.035454545454545454
1 0.08147058823529411 0.7693181818181818 0.0711764705882353 0.03590909090909091
1 0.08235294117647059 0.7252272727272727 0.07294117647058823 0.03590909090909091
1 0.49117647058823527 0.8613636363636363 0.04941176470588235 0.035454545454545454
1 0.6676470588235294 0.5331818181818182 0.03176470588235294 0.03272727272727273
1 0.3685294117647059 0.37318181818181817 0.1111764705882353 0.03636363636363636
1 0.0738235294117647 0.615 0.06764705882352941 0.035454545454545454
1 0.6676470588235294 0.9270454545454545 0.058823529411764705 0.03772727272727273
1 0.31882352941176473 0.8584090909090909 0.04470588235294118 0.038636363636363635
1 0.7285294117647059 0.6888636363636363 0.09117647058823529 0.03681818181818182
1 0.08441176470588235 0.5731818181818182 0.07823529411764706 0.03727272727272727
1 0.7344117647058823 0.73 0.11588235294117646 0.02909090909090909
1 0.6608823529411765 0.6947727272727273 0.03470588235294118 0.02772727272727273
1 0.5879411764705882 0.6086363636363636 0.13352941176470587 0.03363636363636364
1 0.23323529411764707 0.8638636363636364 0.05941176470588235 0.03318181818181818
1 0.6867647058823529 0.6125 0.03235294117647059 0.02590909090909091