1 0.365 0.7277272727272728 0.14058823529411765 0.03909090909090909
1 0.5520588235294117 0.69 0.03823529411764706 0.03272727272727273
1 0.3926470588235294 0.3725 0.19117647058823528 0.03772727272727273
1 0.7608823529411765 0.8697727272727273 0.06647058823529411 0.042272727272727274
1 0.8402941176470589 0.9393181818181818 0.03823529411764706 0.023181818181818182
1 0.5788235294117647 0.5747727272727273 0.16588235294117648 0.03227272727272727
1 0.4076470588235294 0.9325 0.04588235294117647 0.03772727272727273
1 0.49176470588235294 0.5270454545454546 0.12705882352941175 0.038636363636363635
1 0.8458823529411764 0.8645454545454545 0.06235294117647059 0.04090909090909091
1 0.36264705882352943 0.6156818181818182 0.14529411764705882 0.03318181818181818
1 0.43676470588235294 0.4163636363636364 0.28294117647058825 0.04
1 0.09647058823529411 0.4515909090909091 0.08470588235294117 0.03772727272727273
1 0.10352941176470588 0.3690909090909091 0.09176470588235294 0.03727272727272727
1 0.4602941176470588 0.7736363636363637 0.13941176470588235 0.034545454545454546
1 0.6126470588235294 0.6929545454545455 0.07823529411764706 0.025
1 0.14911764705882352 0.9336363636363636 0.054705882352941174 0.038181818181818185
1 0.7423529411764705 0.5745454545454546 0.08705882352941176 0.03363636363636364
1 0.3255882352941176 0.9322727272727273 0.051176470588235295 0.03636363636363636
1 0.15235294117647058 0.8593181818181819 0.04941176470588235 0.042272727272727274
1 0.6920588235294117 0.7288636363636364 0.03588235294117647 0.035
1 0.10411764705882352 0.5259090909090909 0.09058823529411765 0.03636363636363636
1 0.6252941176470588 0.6152272727272727 0.06941176470588235 0.03318181818181818
1 0.23147058823529412 0.8618181818181818 0.04764705882352941 0.04090909090909091
1 0.6182352941176471 0.5311363636363636 0.08588235294117647 0.035
1 0.23558823529411765 0.9318181818181818 0.04411764705882353 0.03727272727272727
1 0.34205882352941175 0.7722727272727272 0.09235294117647058 0.03636363636363636
1 0.7552941176470588 0.9356818181818182 0.04823529411764706 0.03954545454545454
1 0.2979411764705882 0.03272727272727273 0.039411764705882354 0.025454545454545455
1 0.5555882352941176 0.7277272727272728 0.23352941176470587 0.03272727272727273
1 0.6547058823529411 0.4218181818181818 0.15764705882352942 0.03727272727272727
1 0.41058823529411764 0.8611363636363636 0.05058823529411765 0.04045454545454545
1 0.5782352941176471 0.9409090909090909 0.047058823529411764 0.04
1 0.3644117647058824 0.5320454545454546 0.13352941176470587 0.038636363636363635
1 0.5994117647058823 0.7818181818181819 0.07647058823529412 0.02727272727272727
1 0.09294117647058824 0.4118181818181818 0.08588235294117647 0.03909090909090909
1 0.10205882352941177 0.6811363636363637 0.07588235294117647 0.03681818181818182
1 0.5564705882352942 0.037954545454545456 0.08941176470588236 0.022272727272727274
1 0.6226470588235294 0.4652272727272727 0.026470588235294117 0.03318181818181818
1 0.7564705882352941 0.41659090909090907 0.03176470588235294 0.03318181818181818
1 0.7670588235294118 0.7277272727272728 0.0976470588235294 0.034545454545454546
1 0.4908823529411765 0.9386363636363636 0.0488235294117647 0.04
1 0.668235294117647 0.8597727272727272 0.06352941176470588 0.042272727272727274
1 0.5538235294117647 0.37454545454545457 0.12411764705882353 0.03727272727272727
1 0.38529411764705884 0.4572727272727273 0.18352941176470589 0.04
1 0.09117647058823529 0.7702272727272728 0.08235294117647059 0.03227272727272727
1 0.09588235294117647 0.7272727272727273 0.08941176470588236 0.031818181818181815
1 0.6938235294117647 0.37681818181818183 0.0888235294117647 0.034545454545454546
1 0.5429411764705883 0.45840909090909093 0.1188235294117647 0.03681818181818182
1 0.4938235294117647 0.8634090909090909 0.05941176470588235 0.045909090909090906
1 0.8238235294117647 0.41454545454545455 0.09235294117647058 0.03636363636363636
1 0.5726470588235294 0.6211363636363636 0.025294117647058825 0.03227272727272727
1 0.49117647058823527 0.6220454545454546 0.11176470588235295 0.03318181818181818
1 0.10823529411764705 0.605909090909091 0.09647058823529411 0.03727272727272727
1 0.6658823529411765 0.9365909090909091 0.04823529411764706 0.042272727272727274
1 0.3161764705882353 0.8681818181818182 0.0488235294117647 0.04
1 0.6808823529411765 0.5754545454545454 0.028823529411764706 0.03272727272727273
1 0.6338235294117647 0.3856818181818182 0.025294117647058825 0.029545454545454545
1 0.6729411764705883 0.4661363636363636 0.06705882352941177 0.025
1 0.39088235294117646 0.58 0.20176470588235293 0.031818181818181815
1 0.10794117647058823 0.5709090909090909 0.09588235294117647 0.03090909090909091
1 0.3388235294117647 0.6881818181818182 0.1 0.034545454545454546
1 0.4673529411764706 0.6888636363636363 0.13588235294117648 0.031363636363636364
1 0.5470588235294118 0.7877272727272727 0.02823529411764706 0.04090909090909091
1 0.5779411764705882 0.8677272727272727 0.05941176470588235 0.04454545454545455
1 0.5588235294117647 0.5468181818181819 0.03058823529411765 0.025454545454545455