1 0.3826470588235294 0.6840909090909091 0.13470588235294118 0.03636363636363636
1 0.7579411764705882 0.8606818181818182 0.051176470588235295 0.038636363636363635
1 0.8435294117647059 0.9272727272727272 0.06588235294117648 0.04
1 0.8414705882352941 0.8613636363636363 0.060588235294117644 0.03909090909090909
1 0.3891176470588235 0.6118181818181818 0.17705882352941177 0.034545454545454546
1 0.6588235294117647 0.7731818181818182 0.06705882352941177 0.03090909090909091
1 0.538235294117647 0.615 0.11176470588235295 0.03363636363636364
1 0.6914705882352942 0.6890909090909091 0.04176470588235294 0.03272727272727273
1 0.3791176470588235 0.7281818181818182 0.15470588235294117 0.034545454545454546
1 0.741764705882353 0.5325 0.04588235294117647 0.029545454545454545
1 0.3779411764705882 0.4540909090909091 0.16058823529411764 0.03636363636363636
1 0.10264705882352941 0.6804545454545454 0.0711764705882353 0.034545454545454546
1 0.0988235294117647 0.4515909090909091 0.07882352941176471 0.03590909090909091
1 0.6947058823529412 0.5752272727272727 0.02823529411764706 0.029545454545454545
1 0.49676470588235294 0.7688636363636364 0.13941176470588235 0.03409090909090909
1 0.14852941176470588 0.923409090909091 0.05235294117647059 0.041363636363636366
1 0.8264705882352941 0.5306818181818181 0.10941176470588235 0.038636363636363635
1 0.4097058823529412 0.9263636363636364 0.060588235294117644 0.03909090909090909
1 0.15235294117647058 0.8561363636363636 0.05411764705882353 0.03954545454545454
1 0.7238235294117648 0.7293181818181819 0.033529411764705884 0.03227272727272727
1 0.43470588235294116 0.5247727272727273 0.2529411764705882 0.03590909090909091
1 0.0961764705882353 0.5234090909090909 0.07941176470588235 0.035
1 0.663235294117647 0.6184090909090909 0.06294117647058824 0.030454545454545453
1 0.8073529411764706 0.37068181818181817 0.12176470588235294 0.03590909090909091
1 0.6470588235294118 0.5284090909090909 0.14 0.03590909090909091
1 0.23941176470588235 0.9238636363636363 0.05529411764705883 0.03772727272727273
1 0.7576470588235295 0.9261363636363636 0.0611764705882353 0.03772727272727273
1 0.10882352941176471 0.3684090909090909 0.09058823529411765 0.03409090909090909
1 0.5858823529411765 0.7279545454545454 0.21764705882352942 0.030454545454545453
1 0.6770588235294117 0.4572727272727273 0.09529411764705882 0.03272727272727273
1 0.71 0.37227272727272726 0.04823529411764706 0.031818181818181815
1 0.638235294117647 0.4131818181818182 0.16470588235294117 0.035454545454545454
1 0.4279411764705882 0.41113636363636363 0.2464705882352941 0.03227272727272727
1 0.4082352941176471 0.8588636363636364 0.04941176470588235 0.03772727272727273
1 0.5873529411764706 0.9270454545454545 0.060588235294117644 0.03681818181818182
1 0.61 0.4540909090909091 0.036470588235294116 0.03636363636363636
1 0.4238235294117647 0.5711363636363637 0.2488235294117647 0.03954545454545454
1 0.5814705882352941 0.8597727272727272 0.04764705882352941 0.03954545454545454
1 0.09647058823529411 0.5665909090909091 0.08235294117647059 0.03590909090909091
1 0.6185294117647059 0.5747727272727273 0.12294117647058823 0.03227272727272727
1 0.565 0.038181818181818185 0.12058823529411765 0.022727272727272728
1 0.7491176470588236 0.41363636363636364 0.051176470588235295 0.035454545454545454
1 0.8023529411764706 0.73 0.0976470588235294 0.03272727272727273
1 0.5002941176470588 0.9272727272727272 0.05941176470588235 0.038181818181818185
1 0.7929411764705883 0.6865909090909091 0.10823529411764705 0.03409090909090909
1 0.6688235294117647 0.8590909090909091 0.05764705882352941 0.04
1 0.6044117647058823 0.375 0.14529411764705882 0.035454545454545454
1 0.5720588235294117 0.6875 0.1711764705882353 0.028636363636363637
1 0.09470588235294118 0.7645454545454545 0.07882352941176471 0.03636363636363636
1 0.09441176470588235 0.7263636363636363 0.07823529411764706 0.03636363636363636
1 0.5241176470588236 0.45590909090909093 0.10823529411764705 0.03363636363636364
1 0.4970588235294118 0.8586363636363636 0.05058823529411765 0.04
1 0.8391176470588235 0.41204545454545455 0.1264705882352941 0.038636363636363635
1 0.6164705882352941 0.6179545454545454 0.02823529411764706 0.03227272727272727
1 0.40794117647058825 0.36818181818181817 0.19705882352941176 0.038181818181818185
1 0.09411764705882353 0.605909090909091 0.07882352941176471 0.03636363636363636
1 0.6708823529411765 0.9270454545454545 0.05823529411764706 0.038636363636363635
1 0.32441176470588234 0.8572727272727273 0.05235294117647059 0.038181818181818185
1 0.7414705882352941 0.5756818181818182 0.06294117647058824 0.030454545454545453
1 0.30676470588235294 0.0375 0.05823529411764706 0.019545454545454546
1 0.5970588235294118 0.7759090909090909 0.041176470588235294 0.04818181818181818
1 0.3558823529411765 0.7711363636363636 0.12 0.03227272727272727
1 0.23676470588235293 0.8606818181818182 0.05235294117647059 0.03681818181818182
1 0.3255882352941176 0.9254545454545454 0.057058823529411766 0.03090909090909091
1 0.1011764705882353 0.4102272727272727 0.07647058823529412 0.03772727272727273