1 0.3791176470588235 0.675 0.13352941176470587 0.038181818181818185
1 0.4117647058823529 0.40136363636363637 0.21529411764705883 0.03727272727272727
1 0.7576470588235295 0.8568181818181818 0.05764705882352941 0.04090909090909091
1 0.846764705882353 0.9215909090909091 0.06647058823529411 0.041363636363636366
1 0.41323529411764703 0.9206818181818182 0.06294117647058824 0.03954545454545454
1 0.3776470588235294 0.6038636363636364 0.1388235294117647 0.035
1 0.6417647058823529 0.7638636363636364 0.06352941176470588 0.03318181818181818
1 0.38382352941176473 0.44636363636363635 0.1511764705882353 0.03727272727272727
1 0.4814705882352941 0.7627272727272727 0.12411764705882353 0.034545454545454546
1 0.09852941176470588 0.6738636363636363 0.06764705882352941 0.03681818181818182
1 0.09176470588235294 0.4445454545454545 0.07882352941176471 0.035454545454545454
1 0.38 0.7161363636363637 0.14941176470588236 0.03590909090909091
1 0.09529411764705882 0.35909090909090907 0.08588235294117647 0.03727272727272727
1 0.5894117647058823 0.7654545454545455 0.03529411764705882 0.035454545454545454
1 0.16088235294117648 0.9202272727272728 0.0688235294117647 0.03954545454545454
1 0.33176470588235296 0.9206818181818182 0.06823529411764706 0.03954545454545454
1 0.1635294117647059 0.8497727272727272 0.06705882352941177 0.03681818181818182
1 0.7214705882352941 0.7184090909090909 0.08764705882352941 0.03318181818181818
1 0.39794117647058824 0.5172727272727272 0.18529411764705883 0.03363636363636364
1 0.09294117647058824 0.5197727272727273 0.07647058823529412 0.03681818181818182
1 0.6452941176470588 0.7222727272727273 0.03764705882352941 0.03636363636363636
1 0.24147058823529413 0.850909090909091 0.057058823529411766 0.038181818181818185
1 0.6294117647058823 0.675 0.04 0.03909090909090909
1 0.24382352941176472 0.9204545454545454 0.06294117647058824 0.038181818181818185
1 0.3538235294117647 0.7604545454545455 0.10647058823529412 0.034545454545454546
1 0.7591176470588236 0.9190909090909091 0.05941176470588235 0.04
1 0.2914705882352941 0.029772727272727274 0.03823529411764706 0.018636363636363635
1 0.6767647058823529 0.4434090909090909 0.07235294117647059 0.03318181818181818
1 0.6997058823529412 0.36113636363636364 0.04294117647058823 0.035
1 0.6114705882352941 0.4475 0.03470588235294118 0.031363636363636364
1 0.42411764705882354 0.8504545454545455 0.06705882352941177 0.03909090909090909
1 0.5897058823529412 0.9202272727272728 0.07 0.03954545454545454
1 0.4302941176470588 0.5634090909090909 0.23705882352941177 0.035
1 0.5747058823529412 0.5179545454545454 0.13058823529411764 0.031363636363636364
1 0.5276470588235294 0.6029545454545454 0.1188235294117647 0.03409090909090909
1 0.5923529411764706 0.8513636363636363 0.06705882352941177 0.04
1 0.09470588235294118 0.4018181818181818 0.07764705882352942 0.035454545454545454
1 0.09117647058823529 0.56 0.06823529411764706 0.035454545454545454
1 0.633235294117647 0.5627272727272727 0.14529411764705882 0.03636363636363636
1 0.5555882352941176 0.031363636363636364 0.09117647058823529 0.02181818181818182
1 0.7817647058823529 0.4043181818181818 0.10588235294117647 0.03590909090909091
1 0.5038235294117647 0.9197727272727273 0.06764705882352941 0.04045454545454545
1 0.8438235294117648 0.8522727272727273 0.05941176470588235 0.04090909090909091
1 0.6752941176470588 0.8527272727272728 0.06235294117647059 0.038181818181818185
1 0.6029411764705882 0.4025 0.16 0.03772727272727273
1 0.7758823529411765 0.36318181818181816 0.11176470588235295 0.035454545454545454
1 0.5338235294117647 0.6743181818181818 0.14058823529411765 0.03954545454545454
1 0.10205882352941177 0.7584090909090909 0.08411764705882353 0.035
1 0.525 0.44522727272727275 0.11 0.03590909090909091
1 0.5026470588235294 0.8545454545454545 0.06529411764705882 0.04090909090909091
1 0.7052941176470588 0.4036363636363636 0.029411764705882353 0.035454545454545454
1 0.40852941176470586 0.35795454545454547 0.2088235294117647 0.03772727272727273
1 0.5429411764705883 0.7177272727272728 0.1635294117647059 0.03636363636363636
1 0.0888235294117647 0.6013636363636363 0.06941176470588235 0.034545454545454546
1 0.6738235294117647 0.92 0.061764705882352944 0.04
1 0.5920588235294117 0.3618181818181818 0.14882352941176472 0.038181818181818185
1 0.33 0.8513636363636363 0.06352941176470588 0.038181818181818185
1 0.7044117647058824 0.6752272727272727 0.10176470588235294 0.038636363636363635
1 0.09705882352941177 0.7184090909090909 0.07294117647058823 0.035