1 0.40058823529411763 0.7275 0.18941176470588236 0.03681818181818182
1 0.7591176470588236 0.8615909090909091 0.05352941176470588 0.03772727272727273
1 0.845 0.9306818181818182 0.06529411764705882 0.038636363636363635
1 0.5785294117647058 0.6202272727272727 0.10176470588235294 0.03681818181818182
1 0.4111764705882353 0.93 0.058823529411764705 0.04
1 0.523235294117647 0.5254545454545455 0.15470588235294117 0.03727272727272727
1 0.8476470588235294 0.8586363636363636 0.06705882352941177 0.04090909090909091
1 0.3497058823529412 0.6134090909090909 0.10411764705882352 0.04045454545454545
1 0.38676470588235295 0.4134090909090909 0.16176470588235295 0.03409090909090909
1 0.5929411764705882 0.6875 0.15294117647058825 0.03590909090909091
1 0.40176470588235297 0.6895454545454546 0.18823529411764706 0.04
1 0.09323529411764706 0.6838636363636363 0.06764705882352941 0.03590909090909091
1 0.09088235294117647 0.44977272727272727 0.0688235294117647 0.035
1 0.09264705882352942 0.36977272727272725 0.0711764705882353 0.035
1 0.5029411764705882 0.7734090909090909 0.10941176470588235 0.03318181818181818
1 0.15705882352941178 0.9293181818181818 0.058823529411764705 0.04045454545454545
1 0.7738235294117647 0.6915909090909091 0.07352941176470588 0.03318181818181818
1 0.3311764705882353 0.9302272727272727 0.06588235294117648 0.038636363636363635
1 0.16470588235294117 0.8597727272727272 0.06352941176470588 0.03772727272727273
1 0.6891176470588235 0.735909090909091 0.07470588235294118 0.03090909090909091
1 0.09176470588235294 0.5272727272727272 0.06705882352941177 0.034545454545454546
1 0.245 0.9302272727272727 0.061764705882352944 0.038636363636363635
1 0.3720588235294118 0.7718181818181818 0.1288235294117647 0.03363636363636364
1 0.7579411764705882 0.9286363636363636 0.05823529411764706 0.04
1 0.2802941176470588 0.038863636363636364 0.04294117647058823 0.02409090909090909
1 0.5576470588235294 0.7368181818181818 0.13529411764705881 0.024545454545454544
1 0.41852941176470587 0.8618181818181818 0.0688235294117647 0.03909090909090909
1 0.5861764705882353 0.9293181818181818 0.05352941176470588 0.04045454545454545
1 0.3685294117647059 0.5297727272727273 0.13823529411764707 0.03590909090909091
1 0.571764705882353 0.5704545454545454 0.03529411764705882 0.03363636363636364
1 0.48294117647058826 0.5722727272727273 0.13647058823529412 0.03727272727272727
1 0.5764705882352941 0.7918181818181819 0.03882352941176471 0.04363636363636364
1 0.633235294117647 0.5711363636363637 0.09941176470588235 0.035
1 0.5620588235294117 0.03840909090909091 0.11235294117647059 0.022272727272727274
1 0.7205882352941176 0.5295454545454545 0.11529411764705882 0.03363636363636364
1 0.5061764705882353 0.9302272727272727 0.0711764705882353 0.04045454545454545
1 0.6794117647058824 0.8590909090909091 0.06705882352941177 0.04181818181818182
1 0.5864705882352941 0.36886363636363634 0.17882352941176471 0.03772727272727273
1 0.3585294117647059 0.45386363636363636 0.11470588235294117 0.04045454545454545
1 0.09558823529411764 0.7709090909090909 0.06647058823529411 0.034545454545454546
1 0.09558823529411764 0.7268181818181818 0.06647058823529411 0.034545454545454546
1 0.6185294117647059 0.7781818181818182 0.05 0.03727272727272727
1 0.5032352941176471 0.8618181818181818 0.0688235294117647 0.04
1 0.6297058823529412 0.5427272727272727 0.039411764705882354 0.04
1 0.395 0.36863636363636365 0.18764705882352942 0.04363636363636364
1 0.5161764705882353 0.6147727272727272 0.03823529411764706 0.042272727272727274
1 0.09088235294117647 0.6143181818181818 0.06647058823529411 0.03590909090909091
1 0.6755882352941176 0.928409090909091 0.06529411764705882 0.03954545454545454
1 0.33588235294117647 0.8595454545454545 0.06705882352941177 0.04181818181818182
1 0.7091176470588235 0.6977272727272728 0.03823529411764706 0.03
1 0.08970588235294118 0.4122727272727273 0.0711764705882353 0.034545454545454546
1 0.5632352941176471 0.415 0.17823529411764705 0.04
1 0.4844117647058824 0.45840909090909093 0.12764705882352942 0.04681818181818182
1 0.09235294117647058 0.5704545454545454 0.06588235294117648 0.038181818181818185
1 0.35441176470588237 0.5709090909090909 0.11470588235294117 0.03909090909090909
1 0.4497058823529412 0.6143181818181818 0.09235294117647058 0.045
1 0.643235294117647 0.7377272727272727 0.027647058823529413 0.03090909090909091
1 0.24794117647058825 0.8661363636363636 0.06647058823529411 0.04045454545454545
1 0.5914705882352941 0.8663636363636363 0.06764705882352941 0.03727272727272727