1 0.37676470588235295 0.6754545454545454 0.14411764705882352 0.03727272727272727
1 0.7502941176470588 0.8575 0.045294117647058825 0.04045454545454545
1 0.8397058823529412 0.9259090909090909 0.057058823529411766 0.03363636363636364
1 0.566764705882353 0.6079545454545454 0.026470588235294117 0.030454545454545453
1 0.4032352941176471 0.9215909090909091 0.05 0.04045454545454545
1 0.5179411764705882 0.5209090909090909 0.09470588235294118 0.03
1 0.8391176470588235 0.8572727272727273 0.04764705882352941 0.04
1 0.3658823529411765 0.605909090909091 0.13294117647058823 0.03636363636363636
1 0.43058823529411766 0.4077272727272727 0.25058823529411767 0.03
1 0.63 0.7645454545454545 0.07294117647058823 0.031818181818181815
1 0.6602941176470588 0.6820454545454545 0.0888235294117647 0.03409090909090909
1 0.38735294117647057 0.3615909090909091 0.15470588235294117 0.03681818181818182
1 0.10911764705882353 0.675 0.08294117647058824 0.035454545454545454
1 0.10852941176470589 0.44272727272727275 0.09235294117647058 0.035454545454545454
1 0.41794117647058826 0.7202272727272727 0.2323529411764706 0.03590909090909091
1 0.5032352941176471 0.764090909090909 0.09 0.03363636363636364
1 0.633235294117647 0.7236363636363636 0.1676470588235294 0.03363636363636364
1 0.15558823529411764 0.9188636363636363 0.0488235294117647 0.03772727272727273
1 0.3179411764705882 0.9204545454545454 0.054705882352941174 0.03636363636363636
1 0.15058823529411763 0.8511363636363637 0.05176470588235294 0.038636363636363635
1 0.7397058823529412 0.7247727272727272 0.027647058823529413 0.031363636363636364
1 0.3861764705882353 0.5209090909090909 0.14529411764705882 0.03
1 0.10911764705882353 0.5156818181818181 0.09705882352941177 0.03590909090909091
1 0.24 0.8520454545454546 0.05176470588235294 0.03590909090909091
1 0.23176470588235293 0.9193181818181818 0.05058823529411765 0.03772727272727273
1 0.37529411764705883 0.7593181818181818 0.1564705882352941 0.03681818181818182
1 0.7476470588235294 0.9243181818181818 0.04941176470588235 0.04045454545454545
1 0.11647058823529412 0.35863636363636364 0.09647058823529411 0.035454545454545454
1 0.6479411764705882 0.4090909090909091 0.15588235294117647 0.03272727272727273
1 0.5444117647058824 0.36272727272727273 0.11823529411764706 0.035454545454545454
1 0.4111764705882353 0.8536363636363636 0.06470588235294118 0.038181818181818185
1 0.5761764705882353 0.9229545454545455 0.05352941176470588 0.038636363636363635
1 0.10970588235294118 0.5595454545454546 0.09588235294117647 0.034545454545454546
1 0.4173529411764706 0.5629545454545455 0.22176470588235295 0.03772727272727273
1 0.5902941176470589 0.524090909090909 0.03235294117647059 0.02909090909090909
1 0.4914705882352941 0.6079545454545454 0.10882352941176471 0.03681818181818182
1 0.5829411764705882 0.8581818181818182 0.05411764705882353 0.04
1 0.10647058823529412 0.39954545454545454 0.08823529411764706 0.034545454545454546
1 0.6223529411764706 0.5681818181818182 0.15058823529411763 0.03727272727272727
1 0.7797058823529411 0.5704545454545454 0.051176470588235295 0.03
1 0.4894117647058824 0.9202272727272728 0.052941176470588235 0.04045454545454545
1 0.6702941176470588 0.8538636363636364 0.060588235294117644 0.04045454545454545
1 0.5155882352941177 0.678409090909091 0.11 0.03590909090909091
1 0.8247058823529412 0.7245454545454545 0.12705882352941175 0.035454545454545454
1 0.3764705882352941 0.44727272727272727 0.1388235294117647 0.03363636363636364
1 0.10323529411764706 0.7575 0.10294117647058823 0.03590909090909091
1 0.10441176470588236 0.7209090909090909 0.08764705882352941 0.035454545454545454
1 0.5105882352941177 0.44727272727272727 0.11529411764705882 0.034545454545454546
1 0.505 0.8534090909090909 0.06529411764705882 0.03772727272727273
1 0.5955882352941176 0.6811363636363637 0.028823529411764706 0.03590909090909091
1 0.10088235294117646 0.6015909090909091 0.09 0.035
1 0.668235294117647 0.9204545454545454 0.06 0.04
1 0.32794117647058824 0.8520454545454546 0.05941176470588235 0.03772727272727273
1 0.28088235294117647 0.028636363636363637 0.04058823529411765 0.01818181818181818
1 0.34441176470588236 0.028409090909090908 0.07352941176470588 0.023181818181818182
1 0.5747058823529412 0.035 0.12705882352941175 0.014545454545454545
1 0.6326470588235295 0.5252272727272728 0.04411764705882353 0.031363636363636364
1 0.7238235294117648 0.5725 0.03235294117647059 0.02772727272727273
1 0.6085294117647059 0.6086363636363636 0.05 0.031818181818181815
1 0.566764705882353 0.7679545454545454 0.028823529411764706 0.03227272727272727