1 0.7861764705882353 0.7290909090909091 0.03235294117647059 0.034545454545454546
1 0.5905882352941176 0.6161363636363636 0.10705882352941176 0.03318181818181818
1 0.8570588235294118 0.7334090909090909 0.11176470588235295 0.03590909090909091
1 0.45941176470588235 0.40863636363636363 0.31058823529411766 0.04090909090909091
1 0.39941176470588236 0.45340909090909093 0.19058823529411764 0.03772727272727273
1 0.40441176470588236 0.6134090909090909 0.19470588235294117 0.03590909090909091
1 0.7338235294117647 0.5713636363636364 0.18294117647058825 0.03727272727272727
1 0.10911764705882353 0.40636363636363637 0.08294117647058824 0.035454545454545454
1 0.10970588235294118 0.6834090909090909 0.08176470588235295 0.035
1 0.1161764705882353 0.36613636363636365 0.08764705882352941 0.03681818181818182
1 0.11294117647058824 0.4484090909090909 0.09058823529411765 0.03772727272727273
1 0.4002941176470588 0.7738636363636363 0.20058823529411765 0.03681818181818182
1 0.11323529411764706 0.7281818181818182 0.09117647058823529 0.03636363636363636
1 0.46941176470588236 0.5686363636363636 0.32823529411764707 0.03727272727272727
1 0.10794117647058823 0.5236363636363637 0.09117647058823529 0.034545454545454546
1 0.6611764705882353 0.6190909090909091 0.02588235294117647 0.031818181818181815
1 0.7123529411764706 0.7804545454545454 0.07411764705882352 0.031818181818181815
1 0.5682352941176471 0.7772727272727272 0.10823529411764705 0.03363636363636364
1 0.5729411764705883 0.03931818181818182 0.11647058823529412 0.025
1 0.7688235294117647 0.41409090909090907 0.28352941176470586 0.04363636363636364
1 0.8958823529411765 0.5729545454545455 0.07058823529411765 0.03681818181818182
1 0.11529411764705882 0.7677272727272727 0.09294117647058824 0.03727272727272727
1 0.596764705882353 0.4581818181818182 0.16411764705882353 0.026363636363636363
1 0.6741176470588235 0.7270454545454546 0.17176470588235293 0.03681818181818182
1 0.11470588235294117 0.605 0.10235294117647059 0.03727272727272727
1 0.6523529411764706 0.7822727272727272 0.02823529411764706 0.03272727272727273
1 0.44058823529411767 0.7275 0.27058823529411763 0.031363636363636364
1 0.716764705882353 0.6163636363636363 0.0688235294117647 0.031818181818181815
1 0.27558823529411763 0.035454545454545454 0.033529411764705884 0.031818181818181815
1 0.32941176470588235 0.03409090909090909 0.06705882352941177 0.031818181818181815
1 0.8447058823529412 0.5754545454545454 0.02235294117647059 0.04181818181818182
1 0.11676470588235294 0.5693181818181818 0.10294117647058823 0.03681818181818182