1 0.37558823529411767 0.6840909090909091 0.15235294117647058 0.03636363636363636
1 0.7558823529411764 0.8645454545454545 0.058823529411764705 0.04
1 0.8444117647058823 0.9293181818181818 0.0711764705882353 0.03954545454545454
1 0.40852941176470586 0.9272727272727272 0.0488235294117647 0.03727272727272727
1 0.5641176470588235 0.5284090909090909 0.14705882352941177 0.035
1 0.37029411764705883 0.6138636363636364 0.13705882352941176 0.03681818181818182
1 0.6547058823529411 0.7784090909090909 0.08941176470588236 0.02772727272727273
1 0.40058823529411763 0.45340909090909093 0.18823529411764706 0.03590909090909091
1 0.6258823529411764 0.6959090909090909 0.03176470588235294 0.031818181818181815
1 0.3791176470588235 0.7270454545454546 0.16647058823529412 0.03772727272727273
1 0.3088235294117647 0.03636363636363636 0.041176470588235294 0.02
1 0.7014705882352941 0.5290909090909091 0.060588235294117644 0.031818181818181815
1 0.4202941176470588 0.4122727272727273 0.23 0.03636363636363636
1 0.09029411764705883 0.6815909090909091 0.07588235294117647 0.03681818181818182
1 0.10676470588235294 0.3643181818181818 0.09705882352941177 0.03772727272727273
1 0.09411764705882353 0.4509090909090909 0.08470588235294117 0.03636363636363636
1 0.5055882352941177 0.77 0.12058823529411765 0.03272727272727273
1 0.15794117647058822 0.925 0.060588235294117644 0.03909090909090909
1 0.3291176470588235 0.9277272727272727 0.05588235294117647 0.038181818181818185
1 0.15588235294117647 0.8572727272727273 0.04823529411764706 0.03636363636363636
1 0.6805882352941176 0.7306818181818182 0.09294117647058824 0.031363636363636364
1 0.09647058823529411 0.5265909090909091 0.08235294117647059 0.035
1 0.6423529411764706 0.6129545454545454 0.05764705882352941 0.031363636363636364
1 0.6541176470588236 0.5361363636363636 0.03176470588235294 0.029545454545454545
1 0.23323529411764707 0.9261363636363636 0.04764705882352941 0.03954545454545454
1 0.3685294117647059 0.7668181818181818 0.13941176470588235 0.034545454545454546
1 0.7597058823529412 0.9304545454545454 0.060588235294117644 0.03909090909090909
1 0.6744117647058824 0.4218181818181818 0.027647058823529413 0.028181818181818183
1 0.6358823529411765 0.3709090909090909 0.1564705882352941 0.034545454545454546
1 0.5958823529411764 0.4147727272727273 0.11764705882352941 0.03590909090909091
1 0.40852941176470586 0.8588636363636364 0.04764705882352941 0.03681818181818182
1 0.5820588235294117 0.9313636363636364 0.05823529411764706 0.04181818181818182
1 0.09382352941176471 0.5672727272727273 0.09 0.034545454545454546
1 0.39176470588235296 0.5286363636363637 0.17647058823529413 0.04
1 0.5102941176470588 0.6120454545454546 0.12529411764705883 0.035
1 0.543235294117647 0.5752272727272727 0.14882352941176472 0.02772727272727273
1 0.5876470588235294 0.7795454545454545 0.029411764705882353 0.03363636363636364
1 0.09735294117647059 0.4077272727272727 0.08529411764705883 0.03636363636363636
1 0.6329411764705882 0.4552272727272727 0.03058823529411765 0.03590909090909091
1 0.5764705882352941 0.04068181818181818 0.1188235294117647 0.023181818181818182
1 0.7432352941176471 0.4222727272727273 0.10176470588235294 0.024545454545454544
1 0.4961764705882353 0.9361363636363637 0.060588235294117644 0.05136363636363636
1 0.8405882352941176 0.8652272727272727 0.06235294117647059 0.03954545454545454
1 0.6694117647058824 0.8645454545454545 0.05529411764705883 0.04
1 0.5364705882352941 0.6868181818181818 0.1376470588235294 0.03636363636363636
1 0.08558823529411765 0.7677272727272727 0.07588235294117647 0.035454545454545454
1 0.08970588235294118 0.7240909090909091 0.07588235294117647 0.03636363636363636
1 0.7408823529411764 0.38113636363636366 0.04176470588235294 0.028636363636363637
1 0.5579411764705883 0.4531818181818182 0.11941176470588236 0.03272727272727273
1 0.6188235294117647 0.7304545454545455 0.027058823529411764 0.03272727272727273
1 0.8188235294117647 0.37545454545454543 0.1 0.02727272727272727
1 0.5888235294117647 0.6188636363636364 0.03058823529411765 0.03318181818181818
1 0.4323529411764706 0.3693181818181818 0.2447058823529412 0.035
1 0.538235294117647 0.7288636363636364 0.13647058823529412 0.035
1 0.10058823529411764 0.6095454545454545 0.09176470588235294 0.035454545454545454
1 0.67 0.9295454545454546 0.06352941176470588 0.03909090909090909
1 0.32588235294117646 0.8590909090909091 0.05176470588235294 0.03727272727272727
1 0.6791176470588235 0.5772727272727273 0.057058823529411766 0.025454545454545455
1 0.6994117647058824 0.6888636363636363 0.09058823529411765 0.03318181818181818
1 0.6973529411764706 0.4606818181818182 0.09470588235294118 0.030454545454545453
1 0.3841176470588235 0.57 0.16823529411764707 0.03636363636363636
1 0.6338235294117647 0.5745454545454546 0.031176470588235295 0.02727272727272727
1 0.2376470588235294 0.8604545454545455 0.05764705882352941 0.03727272727272727
1 0.5858823529411765 0.8629545454545454 0.06352941176470588 0.038636363636363635