1 0.4158823529411765 0.57 0.23294117647058823 0.038181818181818185
1 0.7341176470588235 0.7252272727272727 0.03411764705882353 0.03954545454545454
1 0.633235294117647 0.5704545454545454 0.16176470588235295 0.034545454545454546
1 0.5111764705882353 0.5265909090909091 0.13529411764705881 0.03772727272727273
1 0.7944117647058824 0.7268181818181818 0.08411764705882353 0.035454545454545454
1 0.38 0.6138636363636364 0.16 0.038636363636363635
1 0.6473529411764706 0.7679545454545454 0.06764705882352941 0.03590909090909091
1 0.10441176470588236 0.6811363636363637 0.08294117647058824 0.03681818181818182
1 0.12411764705882353 0.45045454545454544 0.08705882352941176 0.038181818181818185
1 0.5126470588235295 0.7684090909090909 0.12176470588235294 0.03590909090909091
1 0.82 0.5713636363636364 0.13411764705882354 0.03727272727272727
1 0.375 0.77 0.14411764705882352 0.03636363636363636
1 0.10470588235294118 0.7238636363636364 0.09176470588235294 0.03681818181818182
1 0.7076470588235294 0.615909090909091 0.08705882352941176 0.031818181818181815
1 0.5979411764705882 0.4602272727272727 0.031176470588235295 0.03590909090909091
1 0.10794117647058823 0.5229545454545454 0.09117647058823529 0.035
1 0.648235294117647 0.6190909090909091 0.03058823529411765 0.03363636363636364
1 0.6864705882352942 0.36613636363636365 0.05058823529411765 0.028636363636363637
1 0.11676470588235294 0.36227272727272725 0.08411764705882353 0.03727272727272727
1 0.6517647058823529 0.4540909090909091 0.07176470588235294 0.031818181818181815
1 0.6314705882352941 0.37227272727272726 0.033529411764705884 0.03272727272727273
1 0.6202941176470588 0.4113636363636364 0.1535294117647059 0.03727272727272727
1 0.5458823529411765 0.3684090909090909 0.1223529411764706 0.03409090909090909
1 0.4252941176470588 0.7268181818181818 0.2564705882352941 0.03909090909090909
1 0.5941176470588235 0.7763636363636364 0.029411764705882353 0.038181818181818185
1 0.37 0.5256818181818181 0.13529411764705881 0.03590909090909091
1 0.5982352941176471 0.5295454545454545 0.03411764705882353 0.03727272727272727
1 0.11735294117647059 0.4034090909090909 0.08764705882352941 0.038636363636363635
1 0.10794117647058823 0.5681818181818182 0.0888235294117647 0.035454545454545454
1 0.5652941176470588 0.038181818181818185 0.10235294117647059 0.022727272727272728
1 0.783235294117647 0.4113636363636364 0.08176470588235295 0.034545454545454546
1 0.6347058823529412 0.725909090909091 0.1564705882352941 0.035454545454545454
1 0.5461764705882353 0.6827272727272727 0.11705882352941177 0.035454545454545454
1 0.37588235294117645 0.4536363636363636 0.14941176470588236 0.03727272727272727
1 0.10735294117647058 0.7665909090909091 0.09352941176470589 0.038636363636363635
1 0.7229411764705882 0.4102272727272727 0.029411764705882353 0.03681818181818182
1 0.5129411764705882 0.4561363636363636 0.1188235294117647 0.03409090909090909
1 0.6205882352941177 0.6897727272727273 0.03058823529411765 0.029545454545454545
1 0.6585294117647059 0.5231818181818182 0.09 0.034545454545454546
1 0.3982352941176471 0.36704545454545456 0.15294117647058825 0.03590909090909091
1 0.5438235294117647 0.6170454545454546 0.16176470588235295 0.03318181818181818
1 0.10470588235294118 0.6081818181818182 0.09058823529411765 0.03636363636363636
1 0.3952941176470588 0.6820454545454545 0.18588235294117647 0.035
1 0.4161764705882353 0.40954545454545455 0.22294117647058823 0.038181818181818185
1 0.7394117647058823 0.5709090909090909 0.02588235294117647 0.034545454545454546
1 0.28911764705882353 0.034545454545454546 0.03588235294117647 0.02181818181818182
1 0.34205882352941175 0.034545454545454546 0.06411764705882353 0.022727272727272728
1 0.6641176470588235 0.6827272727272727 0.05647058823529412 0.03363636363636364