1 0.4076470588235294 0.5661363636363637 0.2529411764705882 0.03590909090909091
1 0.5647058823529412 0.6070454545454546 0.13529411764705881 0.035
1 0.38 0.6118181818181818 0.19294117647058823 0.03
1 0.8126470588235294 0.40954545454545455 0.031176470588235295 0.035454545454545454
1 0.3835294117647059 0.7702272727272728 0.20588235294117646 0.03409090909090909
1 0.09294117647058824 0.6775 0.0811764705882353 0.03772727272727273
1 0.0826470588235294 0.4431818181818182 0.06411764705882353 0.03363636363636364
1 0.7411764705882353 0.571590909090909 0.029411764705882353 0.03409090909090909
1 0.09941176470588235 0.35909090909090907 0.09411764705882353 0.03727272727272727
1 0.8055882352941176 0.5718181818181818 0.10647058823529412 0.03363636363636364
1 0.08941176470588236 0.7218181818181818 0.08 0.03636363636363636
1 0.7441176470588236 0.6143181818181818 0.09411764705882353 0.031363636363636364
1 0.46058823529411763 0.4081818181818182 0.34 0.03
1 0.10617647058823529 0.5175 0.11823529411764706 0.03772727272727273
1 0.6620588235294118 0.6104545454545455 0.03235294117647059 0.031818181818181815
1 0.2788235294117647 0.023636363636363636 0.036470588235294116 0.025454545454545455
1 0.4138235294117647 0.36227272727272725 0.23 0.03909090909090909
1 0.42911764705882355 0.7222727272727273 0.27941176470588236 0.04
1 0.09323529411764706 0.4002272727272727 0.08764705882352941 0.03590909090909091
1 0.09382352941176471 0.5611363636363637 0.09705882352941177 0.03318181818181818
1 0.6338235294117647 0.45295454545454544 0.033529411764705884 0.03409090909090909
1 0.5864705882352941 0.7722727272727272 0.16 0.034545454545454546
1 0.38588235294117645 0.45045454545454544 0.2011764705882353 0.03272727272727273
1 0.08058823529411764 0.7677272727272727 0.06235294117647059 0.035454545454545454
1 0.7144117647058823 0.4081818181818182 0.15941176470588236 0.03636363636363636
1 0.5508823529411765 0.45181818181818184 0.09823529411764706 0.028181818181818183
1 0.6908823529411765 0.7275 0.19470588235294117 0.03227272727272727
1 0.8741176470588236 0.40863636363636363 0.07882352941176471 0.034545454545454546
1 0.6270588235294118 0.5681818181818182 0.1588235294117647 0.03727272727272727
1 0.07441176470588236 0.6081818181818182 0.06647058823529411 0.034545454545454546
1 0.7020588235294117 0.4511363636363636 0.07941176470588235 0.03227272727272727
1 0.5620588235294117 0.03409090909090909 0.12176470588235294 0.022727272727272728