1 0.7779411764705882 0.850909090909091 0.07235294117647059 0.04090909090909091
1 0.861764705882353 0.9190909090909091 0.07529411764705882 0.04181818181818182
1 0.47852941176470587 0.5625 0.3241176470588235 0.03681818181818182
1 0.6064705882352941 0.6029545454545454 0.08588235294117647 0.03409090909090909
1 0.43058823529411766 0.9211363636363636 0.06352941176470588 0.03772727272727273
1 0.43176470588235294 0.6056818181818182 0.20823529411764705 0.03590909090909091
1 0.44794117647058823 0.4009090909090909 0.2641176470588235 0.03909090909090909
1 0.6361764705882353 0.7202272727272727 0.19941176470588234 0.03772727272727273
1 0.4126470588235294 0.44636363636363635 0.1888235294117647 0.03727272727272727
1 0.38441176470588234 0.7663636363636364 0.14411764705882352 0.03636363636363636
1 0.3170588235294118 0.022045454545454545 0.05764705882352941 0.02590909090909091
1 0.11088235294117647 0.675 0.08764705882352941 0.03636363636363636
1 0.11470588235294117 0.4434090909090909 0.09176470588235294 0.03681818181818182
1 0.4161764705882353 0.7211363636363637 0.20411764705882354 0.03954545454545454
1 0.7138235294117647 0.5615909090909091 0.11941176470588236 0.03681818181818182
1 0.115 0.35863636363636364 0.10176470588235294 0.03909090909090909
1 0.16676470588235295 0.9211363636363636 0.06294117647058824 0.038636363636363635
1 0.3438235294117647 0.9202272727272728 0.07235294117647059 0.03772727272727273
1 0.16558823529411765 0.8556818181818182 0.07470588235294118 0.04045454545454545
1 0.6458823529411765 0.44727272727272727 0.25176470588235295 0.03636363636363636
1 0.4485294117647059 0.5165909090909091 0.23941176470588235 0.041363636363636366
1 0.11941176470588236 0.5197727272727273 0.09647058823529411 0.038636363636363635
1 0.2535294117647059 0.8540909090909091 0.06588235294117648 0.04090909090909091
1 0.6144117647058823 0.5168181818181818 0.08176470588235295 0.03636363636363636
1 0.25558823529411767 0.9188636363636363 0.05235294117647059 0.038636363636363635
1 0.7702941176470588 0.9202272727272728 0.05941176470588235 0.03954545454545454
1 0.5279411764705882 0.7645454545454545 0.13117647058823528 0.03363636363636364
1 0.62 0.3593181818181818 0.2235294117647059 0.038636363636363635
1 0.4294117647058823 0.8543181818181819 0.07294117647058823 0.03954545454545454
1 0.6038235294117648 0.9209090909090909 0.06764705882352941 0.04
1 0.41823529411764704 0.6770454545454545 0.16588235294117648 0.03772727272727273
1 0.6008823529411764 0.8531818181818182 0.061764705882352944 0.038181818181818185
1 0.11705882352941177 0.39795454545454545 0.0976470588235294 0.038636363636363635
1 0.11735294117647059 0.5602272727272727 0.09352941176470589 0.03681818181818182
1 0.5752941176470588 0.022727272727272728 0.06588235294117648 0.026363636363636363
1 0.5152941176470588 0.9193181818181818 0.06470588235294118 0.03954545454545454
1 0.6929411764705883 0.8506818181818182 0.06470588235294118 0.04409090909090909
1 0.56 0.6747727272727273 0.1188235294117647 0.038636363636363635
1 0.8679411764705882 0.8502272727272727 0.07470588235294118 0.042272727272727274
1 0.11647058823529412 0.7631818181818182 0.10352941176470588 0.03727272727272727
1 0.11294117647058824 0.7179545454545454 0.09294117647058824 0.03681818181818182
1 0.7532352941176471 0.4006818181818182 0.3205882352941177 0.041363636363636366
1 0.5123529411764706 0.8534090909090909 0.05176470588235294 0.03681818181818182
1 0.4088235294117647 0.3559090909090909 0.17647058823529413 0.038181818181818185
1 0.11441176470588235 0.6052272727272727 0.10176470588235294 0.038636363636363635
1 0.7011764705882353 0.9209090909090909 0.06705882352941177 0.04
1 0.34058823529411764 0.8529545454545454 0.06352941176470588 0.04045454545454545