1 0.7538235294117647 0.8611363636363636 0.054705882352941174 0.038636363636363635
1 0.8426470588235294 0.9320454545454545 0.06529411764705882 0.038636363636363635
1 0.4061764705882353 0.9293181818181818 0.05823529411764706 0.038636363636363635
1 0.8394117647058823 0.8668181818181818 0.052941176470588235 0.04181818181818182
1 0.43411764705882355 0.6184090909090909 0.27647058823529413 0.03409090909090909
1 0.6902941176470588 0.775 0.23 0.04
1 0.4435294117647059 0.46136363636363636 0.28352941176470586 0.03272727272727273
1 0.425 0.6838636363636363 0.26176470588235295 0.042272727272727274
1 0.43117647058823527 0.7272727272727273 0.2752941176470588 0.04
1 0.6791176470588235 0.5752272727272727 0.2735294117647059 0.03318181818181818
1 0.10264705882352941 0.6831818181818182 0.08176470588235295 0.035454545454545454
1 0.10058823529411764 0.4506818181818182 0.08235294117647059 0.03681818181818182
1 0.736764705882353 0.7297727272727272 0.31941176470588234 0.042272727272727274
1 0.15794117647058822 0.9263636363636364 0.06764705882352941 0.04
1 0.32235294117647056 0.9268181818181818 0.05411764705882353 0.04
1 0.1511764705882353 0.8604545454545455 0.06235294117647059 0.04
1 0.6817647058823529 0.6884090909090909 0.22588235294117648 0.03409090909090909
1 0.10852941176470589 0.5268181818181819 0.07823529411764706 0.03363636363636364
1 0.741764705882353 0.6190909090909091 0.2964705882352941 0.03363636363636364
1 0.23470588235294118 0.9243181818181818 0.052941176470588235 0.04045454545454545
1 0.4320588235294118 0.7718181818181818 0.2723529411764706 0.04090909090909091
1 0.7561764705882353 0.9281818181818182 0.061764705882352944 0.038181818181818185
1 0.1011764705882353 0.36454545454545456 0.08352941176470588 0.035454545454545454
1 0.6958823529411765 0.3734090909090909 0.22705882352941176 0.03590909090909091
1 0.4088235294117647 0.8595454545454545 0.05764705882352941 0.03909090909090909
1 0.5911764705882353 0.9309090909090909 0.07058823529411765 0.045454545454545456
1 0.39323529411764707 0.5306818181818181 0.19 0.03772727272727273
1 0.606764705882353 0.5309090909090909 0.21470588235294116 0.038181818181818185
1 0.10176470588235294 0.4093181818181818 0.08470588235294117 0.03590909090909091
1 0.10205882352941177 0.5643181818181818 0.08176470588235295 0.035
1 0.566764705882353 0.03954545454545454 0.11705882352941177 0.022727272727272728
1 0.7344117647058823 0.4625 0.2641176470588235 0.030454545454545453
1 0.5026470588235294 0.9281818181818182 0.06647058823529411 0.04
1 0.673235294117647 0.8620454545454546 0.07 0.04045454545454545
1 0.1011764705882353 0.7656818181818181 0.0811764705882353 0.03590909090909091
1 0.10205882352941177 0.7245454545454545 0.08294117647058824 0.035454545454545454
1 0.49470588235294116 0.86 0.0611764705882353 0.04181818181818182
1 0.7523529411764706 0.4143181818181818 0.3423529411764706 0.042272727272727274
1 0.43588235294117644 0.37204545454545457 0.2529411764705882 0.030454545454545453
1 0.10205882352941177 0.6086363636363636 0.08529411764705883 0.035454545454545454
1 0.6752941176470588 0.9290909090909091 0.07176470588235294 0.04
1 0.32794117647058824 0.8577272727272728 0.06647058823529411 0.038181818181818185
1 0.4314705882352941 0.41613636363636364 0.26529411764705885 0.04318181818181818
1 0.3035294117647059 0.03295454545454545 0.03764705882352941 0.025
1 0.4108823529411765 0.5718181818181818 0.23588235294117646 0.03727272727272727
1 0.2388235294117647 0.86 0.06470588235294118 0.03909090909090909
1 0.5841176470588235 0.8613636363636363 0.06705882352941177 0.04