1 0.46519174041297934 0.3989990900818926 0.2908554572271386 0.040036396724294813
1 0.7622418879056048 0.8550955414012739 0.049557522123893805 0.03776160145586897
1 0.8533923303834808 0.9224294813466788 0.06784660766961652 0.03958143767060965
1 0.4135693215339233 0.921747042766151 0.05309734513274336 0.036396724294813464
1 0.8533923303834808 0.8553230209281165 0.057227138643067846 0.03821656050955414
1 0.712094395280236 0.7650136487716106 0.03421828908554572 0.036851683348498636
1 0.4486725663716814 0.44313011828935395 0.24955752212389382 0.03821656050955414
1 0.4359882005899705 0.6758416742493175 0.20530973451327433 0.03958143767060965
1 0.7306784660766962 0.6794813466787989 0.03480825958702065 0.036851683348498636
1 0.4194690265486726 0.7650136487716106 0.18289085545722714 0.03776160145586897
1 0.31740412979351035 0.022747952684258416 0.058997050147492625 0.026387625113739762
1 0.8026548672566372 0.5627843494085533 0.03716814159292035 0.034576888080072796
1 0.10678466076696165 0.6765241128298453 0.08967551622418879 0.0373066424021838
1 0.10530973451327434 0.44290263876251135 0.09380530973451327 0.03503184713375796
1 0.4342182890855457 0.7199727024567789 0.215929203539823 0.03776160145586897
1 0.10678466076696165 0.3578252957233849 0.09793510324483776 0.036851683348498636
1 0.1592920353982301 0.9212920837124658 0.06607669616519174 0.0373066424021838
1 0.3315634218289086 0.9206096451319381 0.06253687315634218 0.03776160145586897
1 0.1607669616519174 0.8541856232939036 0.06666666666666667 0.03867151956323931
1 0.755457227138643 0.7231574158325751 0.032448377581120944 0.0359417652411283
1 0.4359882005899705 0.5181983621474068 0.19705014749262537 0.040036396724294813
1 0.10914454277286136 0.5166060054595086 0.09557522123893805 0.0359417652411283
1 0.7846607669616519 0.5186533212010919 0.08023598820058997 0.03275705186533212
1 0.24513274336283186 0.8546405823475887 0.05958702064896755 0.03867151956323931
1 0.6710914454277286 0.5632393084622384 0.2 0.034576888080072796
1 0.24277286135693216 0.9201546860782529 0.0584070796460177 0.036851683348498636
1 0.7660766961651917 0.9231119199272065 0.05604719764011799 0.040036396724294813
1 0.6044247787610619 0.7638762511373977 0.16342182890855458 0.036396724294813464
1 0.6769911504424779 0.4442675159235669 0.1882005899705015 0.03776160145586897
1 0.6348082595870207 0.3596451319381256 0.16991150442477876 0.036851683348498636
1 0.4191740412979351 0.8546405823475887 0.05486725663716814 0.03776160145586897
1 0.5896755162241888 0.9206096451319381 0.0584070796460177 0.036851683348498636
1 0.4498525073746313 0.5623293903548681 0.2377581120943953 0.03548680618744313
1 0.6185840707964602 0.5156960873521383 0.1657817109144543 0.03867151956323931
1 0.4415929203539823 0.6037306642402184 0.2129793510324484 0.039126478616924476
1 0.5890855457227139 0.859417652411283 0.05486725663716814 0.04185623293903549
1 0.10471976401179942 0.39877161055505006 0.09970501474926254 0.0359417652411283
1 0.11032448377581121 0.5607370336669699 0.0943952802359882 0.0359417652411283
1 0.6504424778761062 0.6030482256596906 0.1929203539823009 0.03776160145586897
1 0.556047197640118 0.022520473157415833 0.047787610619469026 0.025932666060054597
1 0.771976401179941 0.7638762511373977 0.08200589970501475 0.03275705186533212
1 0.5041297935103245 0.9224294813466788 0.05486725663716814 0.03958143767060965
1 0.8244837758112095 0.7213375796178344 0.10088495575221239 0.027752502274795268
1 0.6787610619469027 0.8546405823475887 0.057227138643067846 0.03958143767060965
1 0.8362831858407079 0.6053230209281165 0.09262536873156342 0.03503184713375796
1 0.1064896755162242 0.7647861692447679 0.09144542772861357 0.036396724294813464
1 0.1056047197640118 0.718835304822566 0.08967551622418879 0.0373066424021838
1 0.7303834808259587 0.40150136487716104 0.1958702064896755 0.03958143767060965
1 0.6457227138643068 0.7211101000909919 0.17994100294985252 0.03821656050955414
1 0.5058997050147492 0.8560054595086443 0.0607669616519174 0.03867151956323931
1 0.723598820058997 0.5220655141037307 0.038348082595870206 0.036851683348498636
1 0.8734513274336283 0.5595996360327571 0.09026548672566372 0.034576888080072796
1 0.6209439528023599 0.6747042766151047 0.1705014749262537 0.040036396724294813
1 0.4336283185840708 0.35668789808917195 0.215929203539823 0.03821656050955414
1 0.11150442477876106 0.6030482256596906 0.0920353982300885 0.036851683348498636
1 0.68023598820059 0.9247042766151047 0.05663716814159292 0.03958143767060965
1 0.33008849557522124 0.8553230209281165 0.057227138643067846 0.0373066424021838
1 0.7687315634218289 0.6087352138307552 0.03657817109144543 0.034576888080072796
1 0.7908554572271387 0.6769790718835305 0.08790560471976401 0.036396724294813464