1 0.41794117647058826 0.40204545454545454 0.22764705882352942 0.03590909090909091
1 0.7635294117647059 0.8568181818181818 0.06588235294117648 0.04181818181818182
1 0.8452941176470589 0.9259090909090909 0.07058823529411765 0.04
1 0.4117647058823529 0.9197727272727273 0.06470588235294118 0.041363636363636366
1 0.841764705882353 0.8677272727272727 0.058823529411764705 0.06454545454545454
1 0.38676470588235295 0.6063636363636363 0.16176470588235295 0.035454545454545454
1 0.6741176470588235 0.7711363636363636 0.06823529411764706 0.03227272727272727
1 0.38058823529411767 0.4490909090909091 0.14705882352941177 0.035454545454545454
1 0.6744117647058824 0.6820454545454545 0.17352941176470588 0.035
1 0.7776470588235294 0.5279545454545455 0.08705882352941176 0.028636363636363637
1 0.09705882352941177 0.6747727272727273 0.07176470588235294 0.03590909090909091
1 0.10617647058823529 0.4461363636363636 0.07823529411764706 0.035
1 0.4673529411764706 0.7236363636363636 0.3276470588235294 0.03363636363636364
1 0.15470588235294117 0.9193181818181818 0.0611764705882353 0.038636363636363635
1 0.845 0.5709090909090909 0.07 0.031818181818181815
1 0.3255882352941176 0.9186363636363636 0.061764705882352944 0.04181818181818182
1 0.1564705882352941 0.8518181818181818 0.06941176470588235 0.04
1 0.4176470588235294 0.5218181818181818 0.22470588235294117 0.034545454545454546
1 0.10558823529411765 0.514090909090909 0.07235294117647059 0.03363636363636364
1 0.6735294117647059 0.6138636363636364 0.06705882352941177 0.029545454545454545
1 0.24147058823529413 0.8527272727272728 0.061764705882352944 0.04
1 0.24147058823529413 0.9188636363636363 0.05941176470588235 0.038636363636363635
1 0.38294117647058823 0.7659090909090909 0.17176470588235293 0.03363636363636364
1 0.7538235294117647 0.925 0.061764705882352944 0.04181818181818182
1 0.11058823529411765 0.3572727272727273 0.08 0.03363636363636364
1 0.5423529411764706 0.769090909090909 0.12352941176470589 0.035454545454545454
1 0.6335294117647059 0.4088636363636364 0.16705882352941176 0.03681818181818182
1 0.41852941176470587 0.8545454545454545 0.07 0.04
1 0.5811764705882353 0.9295454545454546 0.05647058823529412 0.053636363636363635
1 0.4435294117647059 0.5656818181818182 0.27058823529411763 0.031363636363636364
1 0.6105882352941177 0.5256818181818181 0.13529411764705881 0.03227272727272727
1 0.5435294117647059 0.6113636363636363 0.10470588235294118 0.03363636363636364
1 0.5841176470588235 0.8572727272727273 0.06235294117647059 0.045454545454545456
1 0.11176470588235295 0.4009090909090909 0.0811764705882353 0.035454545454545454
1 0.10411764705882352 0.5606818181818182 0.06588235294117648 0.03318181818181818
1 0.5858823529411765 0.3629545454545455 0.16470588235294117 0.03772727272727273
1 0.6867647058823529 0.5686363636363636 0.17705882352941177 0.03272727272727273
1 0.7447058823529412 0.7275 0.21058823529411766 0.03681818181818182
1 0.5020588235294118 0.9211363636363636 0.07352941176470588 0.04045454545454545
1 0.8561764705882353 0.6829545454545455 0.08058823529411764 0.031363636363636364
1 0.6723529411764706 0.8611363636363636 0.058823529411764705 0.05409090909090909
1 0.4335294117647059 0.678409090909091 0.26235294117647057 0.035
1 0.9211764705882353 0.7281818181818182 0.06470588235294118 0.03636363636363636
1 0.09294117647058824 0.7588636363636364 0.07411764705882352 0.035
1 0.5267647058823529 0.4506818181818182 0.12176470588235294 0.03409090909090909
1 0.6241176470588236 0.7775 0.02 0.030454545454545453
1 0.49676470588235294 0.8606818181818182 0.060588235294117644 0.05136363636363636
1 0.705 0.5368181818181819 0.028823529411764706 0.03090909090909091
1 0.40176470588235297 0.35954545454545456 0.1776470588235294 0.03727272727272727
1 0.105 0.6022727272727273 0.07470588235294118 0.03363636363636364
1 0.6635294117647059 0.9225 0.06 0.042272727272727274
1 0.3332352941176471 0.8525 0.06411764705882353 0.038636363636363635
1 0.7811764705882352 0.6906818181818182 0.03764705882352941 0.03318181818181818
1 0.09294117647058824 0.7195454545454546 0.07176470588235294 0.03363636363636364
1 0.28911764705882353 0.030227272727272728 0.033529411764705884 0.021363636363636362
1 0.34411764705882353 0.031136363636363636 0.06470588235294118 0.02590909090909091
1 0.5655882352941176 0.03272727272727273 0.10411764705882352 0.022727272727272728
1 0.7897058823529411 0.5736363636363636 0.02176470588235294 0.02909090909090909
1 0.6238235294117647 0.62 0.026470588235294117 0.023636363636363636
1 0.8702941176470588 0.7313636363636363 0.026470588235294117 0.031818181818181815