1 0.3811764705882353 0.6856818181818182 0.16823529411764707 0.03590909090909091
1 0.5064705882352941 0.6886363636363636 0.07764705882352942 0.02909090909090909
1 0.3947058823529412 0.3704545454545455 0.18352941176470589 0.03636363636363636
1 0.7585294117647059 0.8629545454545454 0.060588235294117644 0.03954545454545454
1 0.8473529411764706 0.9377272727272727 0.06764705882352941 0.03909090909090909
1 0.5852941176470589 0.5697727272727273 0.15058823529411763 0.03590909090909091
1 0.40941176470588236 0.9270454545454545 0.06 0.03590909090909091
1 0.5438235294117647 0.5286363636363637 0.13 0.034545454545454546
1 0.8485294117647059 0.8665909090909091 0.06647058823529411 0.03954545454545454
1 0.39176470588235296 0.615 0.18352941176470589 0.04
1 0.6467647058823529 0.7772727272727272 0.08176470588235295 0.034545454545454546
1 0.39 0.455 0.17294117647058824 0.03727272727272727
1 0.6641176470588235 0.7315909090909091 0.02823529411764706 0.03409090909090909
1 0.41352941176470587 0.4115909090909091 0.2235294117647059 0.03590909090909091
1 0.10441176470588236 0.36863636363636365 0.09 0.034545454545454546
1 0.10323529411764706 0.45340909090909093 0.08176470588235295 0.03681818181818182
1 0.5141176470588236 0.7768181818181819 0.10941176470588235 0.03272727272727273
1 0.5697058823529412 0.6165909090909091 0.13352941176470587 0.03318181818181818
1 0.1535294117647059 0.9272727272727272 0.06235294117647059 0.03727272727272727
1 0.325 0.9268181818181818 0.057058823529411766 0.03727272727272727
1 0.14676470588235294 0.8618181818181818 0.04647058823529412 0.04181818181818182
1 0.7373529411764705 0.7297727272727272 0.12058823529411765 0.03409090909090909
1 0.10411764705882352 0.5261363636363636 0.0811764705882353 0.035
1 0.24705882352941178 0.8606818181818182 0.05529411764705883 0.03772727272727273
1 0.23676470588235293 0.9286363636363636 0.04764705882352941 0.03727272727272727
1 0.37676470588235295 0.7743181818181818 0.16411764705882353 0.03681818181818182
1 0.7570588235294118 0.9327272727272727 0.06235294117647059 0.038181818181818185
1 0.2873529411764706 0.03659090909090909 0.0488235294117647 0.023181818181818182
1 0.6564705882352941 0.37636363636363634 0.027058823529411764 0.03272727272727273
1 0.606764705882353 0.4125 0.16294117647058823 0.03409090909090909
1 0.42 0.8595454545454545 0.06352941176470588 0.038181818181818185
1 0.38794117647058823 0.5270454545454546 0.1711764705882353 0.03681818181818182
1 0.39794117647058824 0.57 0.20058823529411765 0.03909090909090909
1 0.5797058823529412 0.8640909090909091 0.051176470588235295 0.04090909090909091
1 0.1038235294117647 0.41 0.08411764705882353 0.038181818181818185
1 0.558235294117647 0.04 0.11176470588235295 0.022727272727272728
1 0.7802941176470588 0.41295454545454546 0.11352941176470588 0.03318181818181818
1 0.49558823529411766 0.9304545454545454 0.057058823529411766 0.03636363636363636
1 0.6773529411764706 0.860909090909091 0.07352941176470588 0.04181818181818182
1 0.5632352941176471 0.3709090909090909 0.1476470588235294 0.03727272727272727
1 0.7402941176470588 0.37363636363636366 0.13705882352941176 0.038181818181818185
1 0.08794117647058823 0.7718181818181818 0.06294117647058824 0.035454545454545454
1 0.09352941176470589 0.6872727272727273 0.07529411764705882 0.03636363636363636
1 0.5488235294117647 0.4561363636363636 0.1423529411764706 0.03590909090909091
1 0.6064705882352941 0.6886363636363636 0.06941176470588235 0.031818181818181815
1 0.49558823529411766 0.8615909090909091 0.0488235294117647 0.04045454545454545
1 0.633235294117647 0.4581818181818182 0.031176470588235295 0.035454545454545454
1 0.4011764705882353 0.7272727272727273 0.21176470588235294 0.034545454545454546
1 0.09705882352941177 0.6127272727272727 0.07294117647058823 0.038181818181818185
1 0.6711764705882353 0.9311363636363637 0.06 0.038636363636363635
1 0.3235294117647059 0.8595454545454545 0.052941176470588235 0.038181818181818185
1 0.6982352941176471 0.4565909090909091 0.07882352941176471 0.03227272727272727
1 0.105 0.5679545454545455 0.08764705882352941 0.038636363636363635
1 0.0888235294117647 0.7304545454545455 0.07176470588235294 0.03363636363636364
1 0.7094117647058824 0.4143181818181818 0.02823529411764706 0.03318181818181818
1 0.558235294117647 0.6940909090909091 0.027058823529411764 0.028181818181818183
1 0.5785294117647058 0.7279545454545454 0.14294117647058824 0.03318181818181818
1 0.5844117647058824 0.7836363636363637 0.026470588235294117 0.03272727272727273
1 0.5726470588235294 0.9315909090909091 0.045294117647058825 0.03954545454545454