1 0.3926470588235294 0.6881818181818182 0.1923529411764706 0.03909090909090909
1 0.5673529411764706 0.6179545454545454 0.03 0.030454545454545453
1 0.425 0.4125 0.2488235294117647 0.03409090909090909
1 0.758235294117647 0.8613636363636363 0.0611764705882353 0.03909090909090909
1 0.846764705882353 0.928409090909091 0.0688235294117647 0.038636363636363635
1 0.59 0.5743181818181818 0.16588235294117648 0.03590909090909091
1 0.40147058823529413 0.9259090909090909 0.0488235294117647 0.038181818181818185
1 0.5344117647058824 0.5359090909090909 0.14411764705882352 0.03636363636363636
1 0.8455882352941176 0.8656818181818182 0.05823529411764706 0.03772727272727273
1 0.365 0.6088636363636364 0.1264705882352941 0.03681818181818182
1 0.6764705882352942 0.7802272727272728 0.07411764705882352 0.02772727272727273
1 0.42205882352941176 0.7247727272727272 0.23823529411764705 0.03681818181818182
1 0.7332352941176471 0.5297727272727273 0.13588235294117648 0.035
1 0.11 0.6777272727272727 0.08352941176470588 0.035454545454545454
1 0.10352941176470588 0.4461363636363636 0.08941176470588236 0.03681818181818182
1 0.7058823529411765 0.5740909090909091 0.03411764705882353 0.03272727272727273
1 0.5423529411764706 0.7829545454545455 0.11411764705882353 0.03318181818181818
1 0.6420588235294118 0.7272727272727273 0.17705882352941177 0.038181818181818185
1 0.1461764705882353 0.9254545454545454 0.05 0.04090909090909091
1 0.8041176470588235 0.5747727272727273 0.1564705882352941 0.03681818181818182
1 0.3261764705882353 0.9270454545454545 0.05352941176470588 0.03954545454545454
1 0.1511764705882353 0.8543181818181819 0.058823529411764705 0.04045454545454545
1 0.7479411764705882 0.7311363636363636 0.039411764705882354 0.03681818181818182
1 0.37323529411764705 0.5318181818181819 0.15470588235294117 0.03363636363636364
1 0.0988235294117647 0.5202272727272728 0.07764705882352942 0.03590909090909091
1 0.6320588235294118 0.6188636363636364 0.09705882352941177 0.03227272727272727
1 0.808235294117647 0.37772727272727274 0.1376470588235294 0.035454545454545454
1 0.2338235294117647 0.9238636363636363 0.05352941176470588 0.03954545454545454
1 0.38323529411764706 0.7777272727272727 0.17470588235294118 0.02909090909090909
1 0.7617647058823529 0.9275 0.06588235294117648 0.03954545454545454
1 0.11029411764705882 0.36318181818181816 0.09470588235294118 0.03636363636363636
1 0.643235294117647 0.42068181818181816 0.1652941176470588 0.03772727272727273
1 0.40705882352941175 0.8570454545454546 0.05176470588235294 0.03954545454545454
1 0.5838235294117647 0.8631818181818182 0.05941176470588235 0.04
1 0.3973529411764706 0.5763636363636364 0.20176470588235293 0.02909090909090909
1 0.6173529411764705 0.4625 0.026470588235294117 0.03318181818181818
1 0.10176470588235294 0.40295454545454545 0.09176470588235294 0.03590909090909091
1 0.0976470588235294 0.5640909090909091 0.07882352941176471 0.03636363636363636
1 0.571764705882353 0.03840909090909091 0.08705882352941176 0.021363636363636362
1 0.7508823529411764 0.42204545454545456 0.0488235294117647 0.03409090909090909
1 0.4970588235294118 0.9270454545454545 0.06823529411764706 0.038636363636363635
1 0.6726470588235294 0.8602272727272727 0.06411764705882353 0.03954545454545454
1 0.6232352941176471 0.37477272727272726 0.1535294117647059 0.038636363636363635
1 0.5652941176470588 0.6936363636363636 0.1388235294117647 0.03090909090909091
1 0.8405882352941176 0.730909090909091 0.13529411764705881 0.03636363636363636
1 0.3855882352941176 0.4625 0.1688235294117647 0.029545454545454545
1 0.09382352941176471 0.7615909090909091 0.08294117647058824 0.03681818181818182
1 0.0988235294117647 0.7197727272727272 0.09294117647058824 0.03772727272727273
1 0.716764705882353 0.3820454545454545 0.033529411764705884 0.03772727272727273
1 0.5502941176470588 0.46136363636363636 0.10529411764705883 0.034545454545454546
1 0.4902941176470588 0.8586363636363636 0.0488235294117647 0.04
1 0.8523529411764705 0.4222727272727273 0.15411764705882353 0.03636363636363636
1 0.42264705882352943 0.3675 0.23823529411764705 0.03954545454545454
1 0.4902941176470588 0.6136363636363636 0.10176470588235294 0.03363636363636364
1 0.09264705882352942 0.6045454545454545 0.07823529411764706 0.03636363636363636
1 0.678235294117647 0.9265909090909091 0.06235294117647059 0.038636363636363635
1 0.32323529411764707 0.8563636363636363 0.054705882352941174 0.04090909090909091
1 0.6897058823529412 0.4634090909090909 0.09352941176470589 0.03318181818181818
1 0.7364705882352941 0.6856818181818182 0.12470588235294118 0.03590909090909091
1 0.3270588235294118 0.03409090909090909 0.05411764705882353 0.024545454545454544
1 0.6391176470588236 0.5454545454545454 0.039411764705882354 0.035454545454545454
1 0.6535294117647059 0.7020454545454545 0.03176470588235294 0.038636363636363635
1 0.6264705882352941 0.7813636363636364 0.02588235294117647 0.026363636363636363
1 0.23352941176470587 0.8584090909090909 0.052941176470588235 0.03772727272727273
1 0.5852941176470589 0.9306818181818182 0.06823529411764706 0.03954545454545454