1 0.4288235294117647 0.6859090909090909 0.24941176470588236 0.03909090909090909
1 0.7688235294117647 0.8595454545454545 0.0611764705882353 0.04181818181818182
1 0.8597058823529412 0.9222727272727272 0.0888235294117647 0.04454545454545455
1 0.6164705882352941 0.6168181818181818 0.18941176470588236 0.03636363636363636
1 0.4308823529411765 0.9277272727272727 0.07352941176470588 0.04
1 0.7976470588235294 0.7790909090909091 0.09411764705882353 0.034545454545454546
1 0.13 0.5747727272727273 0.11647058823529412 0.03590909090909091
1 0.4194117647058824 0.37022727272727274 0.21764705882352942 0.03681818181818182
1 0.4411764705882353 0.4152272727272727 0.2541176470588235 0.03954545454545454
1 0.4061764705882353 0.6179545454545454 0.2111764705882353 0.041363636363636366
1 0.6470588235294118 0.6861363636363637 0.15764705882352942 0.03590909090909091
1 0.44323529411764706 0.7284090909090909 0.2852941176470588 0.03681818181818182
1 0.11529411764705882 0.6886363636363636 0.0976470588235294 0.03909090909090909
1 0.11058823529411765 0.4581818181818182 0.09176470588235294 0.03636363636363636
1 0.64 0.5327272727272727 0.2235294117647059 0.04181818181818182
1 0.663235294117647 0.7311363636363636 0.15235294117647058 0.03772727272727273
1 0.16470588235294117 0.9302272727272727 0.06588235294117648 0.04045454545454545
1 0.3426470588235294 0.9290909090909091 0.0688235294117647 0.03909090909090909
1 0.16147058823529412 0.86 0.05941176470588235 0.03909090909090909
1 0.6252941176470588 0.45431818181818184 0.13529411764705881 0.035
1 0.12411764705882353 0.5352272727272728 0.08941176470588236 0.03772727272727273
1 0.8682352941176471 0.37068181818181817 0.10941176470588235 0.03590909090909091
1 0.2529411764705882 0.8620454545454546 0.06470588235294118 0.04045454545454545
1 0.2520588235294118 0.9293181818181818 0.05823529411764706 0.038636363636363635
1 0.43 0.7811363636363636 0.2447058823529412 0.03772727272727273
1 0.30058823529411766 0.03977272727272727 0.041176470588235294 0.02590909090909091
1 0.4258823529411765 0.8611363636363636 0.06 0.041363636363636366
1 0.5970588235294118 0.9240909090909091 0.06352941176470588 0.04090909090909091
1 0.4173529411764706 0.5368181818181819 0.22647058823529412 0.04181818181818182
1 0.4285294117647059 0.5763636363636364 0.25941176470588234 0.03909090909090909
1 0.5988235294117648 0.8584090909090909 0.0611764705882353 0.03954545454545454
1 0.10411764705882352 0.37795454545454543 0.08588235294117647 0.03681818181818182
1 0.7038235294117647 0.5743181818181818 0.28411764705882353 0.04409090909090909
1 0.5791176470588235 0.037954545454545456 0.1288235294117647 0.023181818181818182
1 0.6547058823529411 0.41409090909090907 0.17647058823529413 0.03909090909090909
1 0.8002941176470588 0.45681818181818185 0.1111764705882353 0.034545454545454546
1 0.7285294117647059 0.7861363636363636 0.03823529411764706 0.03590909090909091
1 0.5164705882352941 0.9272727272727272 0.06941176470588235 0.042727272727272725
1 0.8388235294117647 0.6856818181818182 0.11058823529411765 0.03772727272727273
1 0.6867647058823529 0.860909090909091 0.06411764705882353 0.04
1 0.6320588235294118 0.37681818181818183 0.1888235294117647 0.038181818181818185
1 0.8479411764705882 0.7265909090909091 0.11470588235294117 0.03681818181818182
1 0.11852941176470588 0.7790909090909091 0.09941176470588235 0.04727272727272727
1 0.11558823529411764 0.7293181818181819 0.09235294117647058 0.04409090909090909
1 0.7679411764705882 0.3861363636363636 0.04058823529411765 0.03590909090909091
1 0.6341176470588236 0.7777272727272727 0.1376470588235294 0.03727272727272727
1 0.12205882352941176 0.6188636363636364 0.11705882352941177 0.045909090909090906
1 0.5111764705882353 0.8606818181818182 0.06705882352941177 0.03954545454545454
1 0.7182352941176471 0.45681818181818185 0.041176470588235294 0.03272727272727273
1 0.8632352941176471 0.4113636363636364 0.1323529411764706 0.038181818181818185
1 0.6817647058823529 0.9272727272727272 0.06941176470588235 0.04181818181818182
1 0.33676470588235297 0.8602272727272727 0.06294117647058824 0.04045454545454545
1 0.758235294117647 0.6959090909090909 0.04 0.03636363636363636
1 0.10235294117647059 0.41704545454545455 0.0811764705882353 0.03318181818181818
1 0.7717647058823529 0.41113636363636363 0.03764705882352941 0.026818181818181817
1 0.7611764705882353 0.7302272727272727 0.04352941176470588 0.038636363636363635
1 0.8597058823529412 0.8595454545454545 0.08058823529411764 0.04727272727272727
1 0.775 0.9256818181818182 0.08176470588235295 0.05136363636363636
1 0.4323529411764706 0.4590909090909091 0.24 0.04363636363636364