1 0.4061764705882353 0.6822727272727273 0.19 0.03727272727272727
1 0.7688235294117647 0.8593181818181819 0.0611764705882353 0.03772727272727273
1 0.8488235294117648 0.9265909090909091 0.05764705882352941 0.03772727272727273
1 0.5758823529411765 0.6093181818181819 0.1388235294117647 0.03409090909090909
1 0.42264705882352943 0.9297727272727273 0.05352941176470588 0.03590909090909091
1 0.8558823529411764 0.86 0.058823529411764705 0.03909090909090909
1 0.39705882352941174 0.6129545454545454 0.19058823529411764 0.03409090909090909
1 0.42558823529411766 0.41 0.24764705882352941 0.038181818181818185
1 0.6829411764705883 0.8577272727272728 0.05647058823529412 0.03636363636363636
1 0.4038235294117647 0.4540909090909091 0.19941176470588234 0.03727272727272727
1 0.6897058823529412 0.6806818181818182 0.03470588235294118 0.03318181818181818
1 0.43470588235294116 0.7234090909090909 0.25176470588235295 0.035
1 0.10970588235294118 0.6834090909090909 0.08294117647058824 0.035
1 0.09852941176470588 0.45590909090909093 0.07941176470588235 0.03727272727272727
1 0.1623529411764706 0.9313636363636364 0.052941176470588235 0.03636363636363636
1 0.7667647058823529 0.678409090909091 0.09705882352941177 0.03318181818181818
1 0.33705882352941174 0.9320454545454545 0.05529411764705883 0.035
1 0.16705882352941176 0.8581818181818182 0.0611764705882353 0.038181818181818185
1 0.09676470588235295 0.5286363636363637 0.08176470588235295 0.034545454545454546
1 0.6729411764705883 0.7220454545454545 0.2164705882352941 0.03681818181818182
1 0.24764705882352941 0.8588636363636364 0.05176470588235294 0.03772727272727273
1 0.24794117647058825 0.9306818181818182 0.05235294117647059 0.03590909090909091
1 0.4188235294117647 0.7743181818181818 0.2235294117647059 0.02772727272727273
1 0.7602941176470588 0.9259090909090909 0.04647058823529412 0.04
1 0.29705882352941176 0.037954545454545456 0.042352941176470586 0.025
1 0.6164705882352941 0.7738636363636363 0.16941176470588235 0.03227272727272727
1 0.5226470588235295 0.36704545454545456 0.10882352941176471 0.03318181818181818
1 0.42205882352941176 0.8590909090909091 0.05588235294117647 0.038181818181818185
1 0.586764705882353 0.9270454545454545 0.04764705882352941 0.038636363636363635
1 0.3982352941176471 0.5293181818181818 0.18941176470588236 0.035
1 0.5758823529411765 0.5252272727272728 0.1423529411764706 0.035
1 0.5897058823529412 0.8563636363636363 0.057058823529411766 0.04
1 0.10088235294117646 0.37022727272727274 0.09117647058823529 0.03681818181818182
1 0.5611764705882353 0.037954545454545456 0.12941176470588237 0.02590909090909091
1 0.721764705882353 0.7725 0.03529411764705882 0.031363636363636364
1 0.5005882352941177 0.928409090909091 0.04588235294117647 0.03772727272727273
1 0.8714705882352941 0.7229545454545454 0.11705882352941177 0.029545454545454545
1 0.10176470588235294 0.7695454545454545 0.0811764705882353 0.03363636363636364
1 0.10705882352941176 0.7275 0.08588235294117647 0.035
1 0.6579411764705883 0.41 0.19588235294117648 0.02909090909090909
1 0.5647058823529412 0.45 0.1223529411764706 0.03363636363636364
1 0.5055882352941177 0.8577272727272728 0.057058823529411766 0.03909090909090909
1 0.5873529411764706 0.6795454545454546 0.15235294117647058 0.03636363636363636
1 0.38029411764705884 0.3675 0.15941176470588236 0.03318181818181818
1 0.09176470588235294 0.6143181818181818 0.07882352941176471 0.035
1 0.6820588235294117 0.9293181818181818 0.05588235294117647 0.03772727272727273
1 0.3373529411764706 0.8586363636363636 0.060588235294117644 0.03727272727272727
1 0.6623529411764706 0.5665909090909091 0.18588235294117647 0.03681818181818182
1 0.09529411764705882 0.571590909090909 0.0811764705882353 0.03590909090909091
1 0.09705882352941177 0.4159090909090909 0.08 0.03363636363636364
1 0.7961764705882353 0.774090909090909 0.10764705882352942 0.02909090909090909
1 0.798235294117647 0.7234090909090909 0.03411764705882353 0.030454545454545453
1 0.4308823529411765 0.5690909090909091 0.2605882352941176 0.03090909090909091