1 0.3635294117647059 0.685 0.10588235294117647 0.035454545454545454
1 0.5555882352941176 0.6222727272727273 0.02411764705882353 0.03272727272727273
1 0.7567647058823529 0.8643181818181818 0.05588235294117647 0.03772727272727273
1 0.8435294117647059 0.9345454545454546 0.06 0.04181818181818182
1 0.4102941176470588 0.928409090909091 0.06529411764705882 0.038636363636363635
1 0.5 0.5293181818181818 0.17294117647058824 0.038636363636363635
1 0.8441176470588235 0.8706818181818182 0.06235294117647059 0.041363636363636366
1 0.3458823529411765 0.6156818181818182 0.09294117647058824 0.03227272727272727
1 0.40294117647058825 0.37113636363636365 0.18823529411764706 0.030454545454545453
1 0.4023529411764706 0.41545454545454547 0.19294117647058823 0.031818181818181815
1 0.0961764705882353 0.68 0.05235294117647059 0.034545454545454546
1 0.3614705882352941 0.7279545454545454 0.11 0.035
1 0.7182352941176471 0.5345454545454545 0.13294117647058823 0.03727272727272727
1 0.09794117647058824 0.365 0.07941176470588235 0.03727272727272727
1 0.09852941176470588 0.44545454545454544 0.07823529411764706 0.03727272727272727
1 0.15058823529411763 0.9259090909090909 0.052941176470588235 0.038181818181818185
1 0.3247058823529412 0.9263636363636364 0.06235294117647059 0.03909090909090909
1 0.15470588235294117 0.8593181818181819 0.05411764705882353 0.03590909090909091
1 0.10205882352941177 0.5204545454545455 0.06647058823529411 0.034545454545454546
1 0.6352941176470588 0.6175 0.10823529411764705 0.03227272727272727
1 0.6185294117647059 0.5379545454545455 0.03470588235294118 0.03409090909090909
1 0.23823529411764705 0.9270454545454545 0.058823529411764705 0.03409090909090909
1 0.35058823529411764 0.7679545454545454 0.09411764705882353 0.035
1 0.7588235294117647 0.9288636363636363 0.06588235294117648 0.038636363636363635
1 0.565 0.4159090909090909 0.09705882352941177 0.034545454545454546
1 0.4138235294117647 0.8618181818181818 0.061764705882352944 0.035454545454545454
1 0.5888235294117647 0.9293181818181818 0.0611764705882353 0.03681818181818182
1 0.3561764705882353 0.5286363636363637 0.10647058823529412 0.03727272727272727
1 0.4929411764705882 0.575 0.17058823529411765 0.03
1 0.5841176470588235 0.8636363636363636 0.058823529411764705 0.035454545454545454
1 0.1 0.4065909090909091 0.0811764705882353 0.03772727272727273
1 0.09382352941176471 0.5645454545454546 0.06529411764705882 0.035454545454545454
1 0.5658823529411765 0.03909090909090909 0.0988235294117647 0.022727272727272728
1 0.5011764705882353 0.9322727272727273 0.06470588235294118 0.04181818181818182
1 0.6685294117647059 0.8636363636363636 0.05588235294117647 0.03909090909090909
1 0.5638235294117647 0.3740909090909091 0.10647058823529412 0.03636363636363636
1 0.3835294117647059 0.45590909090909093 0.15294117647058825 0.02909090909090909
1 0.09823529411764706 0.7638636363636364 0.05411764705882353 0.03681818181818182
1 0.5135294117647059 0.45704545454545453 0.08705882352941176 0.03409090909090909
1 0.49941176470588233 0.8625 0.06 0.03590909090909091
1 0.6055882352941176 0.5752272727272727 0.026470588235294117 0.03227272727272727
1 0.46647058823529414 0.6165909090909091 0.13529411764705881 0.03318181818181818
1 0.095 0.6068181818181818 0.0711764705882353 0.03636363636363636
1 0.6726470588235294 0.9309090909090909 0.06764705882352941 0.03363636363636364
1 0.3261764705882353 0.8611363636363636 0.060588235294117644 0.03681818181818182
1 0.6970588235294117 0.5752272727272727 0.13294117647058823 0.03590909090909091
1 0.09529411764705882 0.7265909090909091 0.052941176470588235 0.03318181818181818
1 0.31529411764705884 0.035227272727272725 0.05647058823529412 0.01681818181818182
1 0.3508823529411765 0.5720454545454545 0.09941176470588235 0.030454545454545453
1 0.23941176470588235 0.8604545454545455 0.052941176470588235 0.03272727272727273