1 0.36705882352941177 0.41204545454545455 0.10352941176470588 0.03590909090909091
1 0.7508823529411764 0.8613636363636363 0.04294117647058823 0.03636363636363636
1 0.8355882352941176 0.9313636363636364 0.04764705882352941 0.03727272727272727
1 0.4026470588235294 0.9279545454545455 0.04411764705882353 0.03590909090909091
1 0.5044117647058823 0.5731818181818182 0.10882352941176471 0.03363636363636364
1 0.37058823529411766 0.6145454545454545 0.12117647058823529 0.03363636363636364
1 0.4767647058823529 0.4188636363636364 0.07352941176470588 0.02409090909090909
1 0.6052941176470589 0.77 0.06941176470588235 0.03090909090909091
1 0.37411764705882355 0.7284090909090909 0.14352941176470588 0.035
1 0.10764705882352942 0.6852272727272727 0.0611764705882353 0.03590909090909091
1 0.10647058823529412 0.45840909090909093 0.05176470588235294 0.035
1 0.48970588235294116 0.7693181818181818 0.09705882352941177 0.03409090909090909
1 0.14676470588235294 0.9295454545454546 0.04294117647058823 0.03727272727272727
1 0.3214705882352941 0.9275 0.04411764705882353 0.03681818181818182
1 0.15294117647058825 0.8602272727272727 0.042352941176470586 0.03772727272727273
1 0.6388235294117647 0.7315909090909091 0.08823529411764706 0.03318181818181818
1 0.11470588235294117 0.5322727272727272 0.05176470588235294 0.03363636363636364
1 0.5876470588235294 0.6193181818181818 0.047058823529411764 0.029545454545454545
1 0.24147058823529413 0.8597727272727272 0.04058823529411765 0.03590909090909091
1 0.23705882352941177 0.9272727272727272 0.042352941176470586 0.035454545454545454
1 0.37 0.77 0.12705882352941175 0.03363636363636364
1 0.7547058823529412 0.9288636363636363 0.05058823529411765 0.03681818181818182
1 0.1011764705882353 0.3718181818181818 0.05764705882352941 0.034545454545454546
1 0.4011764705882353 0.8620454545454546 0.042352941176470586 0.03954545454545454
1 0.5794117647058824 0.9313636363636364 0.03764705882352941 0.03727272727272727
1 0.3811764705882353 0.5709090909090909 0.13176470588235295 0.035454545454545454
1 0.571764705882353 0.5754545454545454 0.02823529411764706 0.03090909090909091
1 0.4852941176470588 0.6143181818181818 0.09411764705882353 0.03318181818181818
1 0.4302941176470588 0.4606818181818182 0.03235294117647059 0.038636363636363635
1 0.5808823529411765 0.8620454545454546 0.04294117647058823 0.03590909090909091
1 0.11294117647058824 0.5722727272727273 0.04823529411764706 0.035454545454545454
1 0.6155882352941177 0.5747727272727273 0.060588235294117644 0.02772727272727273
1 0.5670588235294117 0.03977272727272727 0.11411764705882353 0.022272727272727274
1 0.49823529411764705 0.9288636363636363 0.042352941176470586 0.03590909090909091
1 0.8352941176470589 0.8636363636363636 0.04 0.038181818181818185
1 0.6635294117647059 0.8611363636363636 0.042352941176470586 0.03681818181818182
1 0.36205882352941177 0.4561363636363636 0.09941176470588235 0.03590909090909091
1 0.10705882352941176 0.7686363636363637 0.0611764705882353 0.034545454545454546
1 0.10823529411764705 0.7297727272727272 0.06352941176470588 0.03409090909090909
1 0.47823529411764704 0.4556818181818182 0.0611764705882353 0.03227272727272727
1 0.58 0.7315909090909091 0.02588235294117647 0.031363636363636364
1 0.4970588235294118 0.8613636363636363 0.04 0.03636363636363636
1 0.5491176470588235 0.6236363636363637 0.022941176470588236 0.024545454545454544
1 0.5094117647058823 0.7306818181818182 0.1188235294117647 0.03409090909090909
1 0.11088235294117647 0.6143181818181818 0.0488235294117647 0.03590909090909091
1 0.6655882352941176 0.9279545454545455 0.05 0.03772727272727273
1 0.3264705882352941 0.8584090909090909 0.04588235294117647 0.03772727272727273
1 0.3035294117647059 0.035227272727272725 0.041176470588235294 0.02409090909090909
1 0.1 0.41295454545454546 0.05176470588235294 0.03681818181818182
1 0.4302941176470588 0.4202272727272727 0.022941176470588236 0.02409090909090909
1 0.5547058823529412 0.7729545454545454 0.03294117647058824 0.028636363636363637