1 0.3685294117647059 0.6920454545454545 0.1323529411764706 0.023181818181818182
1 0.755 0.8615909090909091 0.05352941176470588 0.038636363636363635
1 0.8379411764705882 0.9265909090909091 0.04647058823529412 0.03681818181818182
1 0.6102941176470589 0.5725 0.14882352941176472 0.03318181818181818
1 0.41147058823529414 0.9279545454545455 0.0488235294117647 0.035
1 0.5038235294117647 0.4631818181818182 0.09117647058823529 0.02727272727272727
1 0.84 0.8622727272727273 0.04352941176470588 0.03636363636363636
1 0.37411764705882355 0.6190909090909091 0.15529411764705883 0.02909090909090909
1 0.4888235294117647 0.3790909090909091 0.09529411764705882 0.022727272727272728
1 0.6664705882352941 0.8604545454545455 0.04941176470588235 0.038181818181818185
1 0.4229411764705882 0.7265909090909091 0.2529411764705882 0.04045454545454545
1 0.43058823529411766 0.41204545454545455 0.25176470588235295 0.04045454545454545
1 0.0988235294117647 0.6822727272727273 0.08352941176470588 0.035454545454545454
1 0.10088235294117646 0.44681818181818184 0.09117647058823529 0.03636363636363636
1 0.5982352941176471 0.6240909090909091 0.03764705882352941 0.02090909090909091
1 0.1476470588235294 0.9231818181818182 0.04941176470588235 0.03727272727272727
1 0.7758823529411765 0.5754545454545454 0.10352941176470588 0.035454545454545454
1 0.3197058823529412 0.9254545454545454 0.0488235294117647 0.03727272727272727
1 0.14411764705882352 0.8581818181818182 0.04588235294117647 0.038181818181818185
1 0.3735294117647059 0.5336363636363637 0.14588235294117646 0.023636363636363636
1 0.09558823529411764 0.5209090909090909 0.08294117647058824 0.035454545454545454
1 0.62 0.5354545454545454 0.05058823529411765 0.031818181818181815
1 0.23147058823529412 0.9240909090909091 0.045294117647058825 0.03727272727272727
1 0.3711764705882353 0.7784090909090909 0.15529411764705883 0.028636363636363637
1 0.7520588235294118 0.9263636363636364 0.051176470588235295 0.03727272727272727
1 0.10147058823529412 0.3618181818181818 0.09823529411764706 0.03727272727272727
1 0.6258823529411764 0.4177272727272727 0.1411764705882353 0.031818181818181815
1 0.40941176470588236 0.8593181818181819 0.04823529411764706 0.03681818181818182
1 0.5797058823529412 0.9290909090909091 0.04647058823529412 0.03636363636363636
1 0.4164705882352941 0.5679545454545455 0.23647058823529413 0.03772727272727273
1 0.58 0.8588636363636364 0.04588235294117647 0.038636363636363635
1 0.10029411764705883 0.4011363636363636 0.09588235294117647 0.03681818181818182
1 0.09411764705882353 0.5672727272727273 0.08235294117647059 0.035454545454545454
1 0.6176470588235294 0.46704545454545454 0.058823529411764705 0.020454545454545454
1 0.5570588235294117 0.03954545454545454 0.07294117647058823 0.02090909090909091
1 0.7741176470588236 0.4184090909090909 0.08705882352941176 0.03227272727272727
1 0.4935294117647059 0.9270454545454545 0.047058823529411764 0.03681818181818182
1 0.3788235294117647 0.4618181818181818 0.15529411764705883 0.02727272727272727
1 0.09529411764705882 0.7615909090909091 0.07882352941176471 0.03681818181818182
1 0.09588235294117647 0.7227272727272728 0.08 0.03636363636363636
1 0.7173529411764706 0.42 0.03 0.03363636363636364
1 0.4976470588235294 0.855909090909091 0.042352941176470586 0.03909090909090909
1 0.5738235294117647 0.5395454545454546 0.02411764705882353 0.022727272727272728
1 0.3688235294117647 0.37363636363636366 0.12117647058823529 0.02909090909090909
1 0.49529411764705883 0.6247727272727273 0.07882352941176471 0.019545454545454546
1 0.09529411764705882 0.6056818181818182 0.08352941176470588 0.03681818181818182
1 0.6688235294117647 0.9245454545454546 0.05647058823529412 0.03636363636363636
1 0.32529411764705884 0.8581818181818182 0.05411764705882353 0.03636363636363636
1 0.7070588235294117 0.5740909090909091 0.02823529411764706 0.03272727272727273
1 0.30205882352941177 0.03340909090909091 0.025294117647058825 0.020454545454545454
1 0.3388235294117647 0.034545454545454546 0.04823529411764706 0.02181818181818182
1 0.5597058823529412 0.3809090909090909 0.02176470588235294 0.025454545454545455
1 0.5770588235294117 0.4656818181818182 0.023529411764705882 0.020454545454545454
1 0.5070588235294118 0.5361363636363636 0.08235294117647059 0.02409090909090909
1 0.5573529411764706 0.6252272727272727 0.025294117647058825 0.021363636363636362