1 0.6538235294117647 0.6822727272727273 0.17 0.03636363636363636
1 0.43676470588235294 0.40636363636363637 0.2641176470588235 0.03727272727272727
1 0.7617647058823529 0.8597727272727272 0.07764705882352942 0.03681818181818182
1 0.8441176470588235 0.9279545454545455 0.07529411764705882 0.03681818181818182
1 0.4176470588235294 0.9220454545454545 0.06588235294117648 0.04045454545454545
1 0.8444117647058823 0.8602272727272727 0.06411764705882353 0.03772727272727273
1 0.3914705882352941 0.605909090909091 0.17941176470588235 0.03636363636363636
1 0.7188235294117648 0.7684090909090909 0.03529411764705882 0.035
1 0.39794117647058824 0.4486363636363636 0.19 0.03727272727272727
1 0.43 0.6763636363636364 0.24823529411764705 0.04090909090909091
1 0.41 0.7631818181818182 0.22 0.038181818181818185
1 0.3014705882352941 0.02931818181818182 0.05235294117647059 0.021363636363636362
1 0.7917647058823529 0.525 0.08470588235294117 0.03363636363636364
1 0.10235294117647059 0.6745454545454546 0.0976470588235294 0.038181818181818185
1 0.10823529411764705 0.4434090909090909 0.10823529411764705 0.03772727272727273
1 0.4252941176470588 0.7213636363636363 0.24941176470588236 0.03909090909090909
1 0.736764705882353 0.5675 0.03470588235294118 0.03681818181818182
1 0.10617647058823529 0.35659090909090907 0.09588235294117647 0.03681818181818182
1 0.5023529411764706 0.8563636363636363 0.07058823529411765 0.03636363636363636
1 0.6161764705882353 0.7656818181818181 0.16294117647058823 0.03681818181818182
1 0.15823529411764706 0.9190909090909091 0.06941176470588235 0.04090909090909091
1 0.8064705882352942 0.5679545454545455 0.09058823529411765 0.03590909090909091
1 0.3288235294117647 0.9204545454545454 0.07176470588235294 0.03909090909090909
1 0.15411764705882353 0.850909090909091 0.06235294117647059 0.04090909090909091
1 0.4161764705882353 0.5213636363636364 0.21941176470588236 0.03272727272727273
1 0.1038235294117647 0.515 0.10058823529411764 0.038181818181818185
1 0.24529411764705883 0.8518181818181818 0.06235294117647059 0.04
1 0.2447058823529412 0.9193181818181818 0.06588235294117648 0.04045454545454545
1 0.7617647058823529 0.9254545454545454 0.07411764705882352 0.04
1 0.683235294117647 0.45204545454545453 0.031176470588235295 0.03409090909090909
1 0.7467647058823529 0.36772727272727274 0.03588235294117647 0.035454545454545454
1 0.6429411764705882 0.3665909090909091 0.14941176470588236 0.03772727272727273
1 0.41852941176470587 0.8527272727272728 0.06647058823529411 0.038181818181818185
1 0.4235294117647059 0.5629545454545455 0.2411764705882353 0.038636363636363635
1 0.6232352941176471 0.5245454545454545 0.14647058823529413 0.03272727272727273
1 0.5673529411764706 0.6072727272727273 0.1323529411764706 0.034545454545454546
1 0.5888235294117647 0.8588636363636364 0.06352941176470588 0.03227272727272727
1 0.10705882352941176 0.3993181818181818 0.10352941176470588 0.03681818181818182
1 0.09823529411764706 0.5602272727272727 0.09058823529411765 0.03590909090909091
1 0.6570588235294118 0.6102272727272727 0.03411764705882353 0.03409090909090909
1 0.5620588235294117 0.031363636363636364 0.08294117647058824 0.023636363636363636
1 0.7785294117647059 0.45454545454545453 0.14647058823529413 0.035454545454545454
1 0.5044117647058823 0.9225 0.0711764705882353 0.04045454545454545
1 0.8402941176470589 0.6829545454545455 0.09235294117647058 0.03772727272727273
1 0.6779411764705883 0.8579545454545454 0.06647058823529411 0.03590909090909091
1 0.8302941176470588 0.37363636363636366 0.11235294117647059 0.035454545454545454
1 0.8276470588235294 0.7263636363636363 0.07882352941176471 0.03636363636363636
1 0.09941176470588235 0.7588636363636364 0.09647058823529411 0.03590909090909091
1 0.585 0.4515909090909091 0.16176470588235295 0.03772727272727273
1 0.6467647058823529 0.7218181818181818 0.18176470588235294 0.034545454545454546
1 0.7305882352941176 0.5288636363636363 0.03764705882352941 0.03409090909090909
1 0.8758823529411764 0.41045454545454546 0.1376470588235294 0.03727272727272727
1 0.6288235294117647 0.5631818181818182 0.16 0.038181818181818185
1 0.43058823529411766 0.36363636363636365 0.2529411764705882 0.03363636363636364
1 0.09823529411764706 0.6013636363636363 0.09294117647058824 0.03636363636363636
1 0.6761764705882353 0.9252272727272727 0.07588235294117647 0.035
1 0.6679411764705883 0.4084090909090909 0.18529411764705883 0.035
1 0.33147058823529413 0.8525 0.07 0.04045454545454545
1 0.7170588235294117 0.6113636363636363 0.06588235294117648 0.031818181818181815
1 0.7655882352941177 0.6893181818181818 0.03823529411764706 0.035
1 0.10147058823529412 0.7177272727272728 0.10176470588235294 0.03636363636363636
1 0.7876470588235294 0.4084090909090909 0.029411764705882353 0.035
1 0.7629411764705882 0.725 0.04 0.03363636363636364
1 0.7864705882352941 0.7711363636363636 0.08705882352941176 0.03227272727272727
1 0.5911764705882353 0.9243181818181818 0.06823529411764706 0.03772727272727273