1 0.3770588235294118 0.6870454545454545 0.16588235294117648 0.03954545454545454
1 0.5411764705882353 0.6909090909090909 0.1588235294117647 0.031818181818181815
1 0.7570588235294118 0.8634090909090909 0.05529411764705883 0.03590909090909091
1 0.8394117647058823 0.9290909090909091 0.05647058823529412 0.038181818181818185
1 0.5502941176470588 0.57 0.10647058823529412 0.03272727272727273
1 0.405 0.9261363636363636 0.05352941176470588 0.03954545454545454
1 0.5355882352941177 0.5284090909090909 0.08647058823529412 0.03409090909090909
1 0.38058823529411767 0.6202272727272727 0.1635294117647059 0.03409090909090909
1 0.3973529411764706 0.4134090909090909 0.19941176470588234 0.03772727272727273
1 0.38529411764705884 0.7268181818181818 0.17294117647058824 0.035454545454545454
1 0.285 0.03613636363636363 0.03823529411764706 0.023181818181818182
1 0.7455882352941177 0.37204545454545457 0.08294117647058824 0.03227272727272727
1 0.09911764705882353 0.6790909090909091 0.07823529411764706 0.034545454545454546
1 0.09911764705882353 0.36818181818181817 0.08176470588235295 0.034545454545454546
1 0.10470588235294118 0.45295454545454544 0.08588235294117647 0.03681818181818182
1 0.5176470588235295 0.7788636363636363 0.1388235294117647 0.035
1 0.5779411764705882 0.7313636363636363 0.19941176470588234 0.034545454545454546
1 0.155 0.9259090909090909 0.060588235294117644 0.038181818181818185
1 0.32176470588235295 0.9277272727272727 0.058823529411764705 0.03727272727272727
1 0.15735294117647058 0.8613636363636363 0.06764705882352941 0.03909090909090909
1 0.3914705882352941 0.5275 0.18411764705882352 0.035
1 0.0976470588235294 0.5252272727272728 0.08470588235294117 0.03409090909090909
1 0.6108823529411764 0.46045454545454545 0.054705882352941174 0.028181818181818183
1 0.24294117647058824 0.8602272727272727 0.05529411764705883 0.03772727272727273
1 0.23823529411764705 0.9256818181818182 0.052941176470588235 0.03772727272727273
1 0.36705882352941177 0.7772727272727272 0.14588235294117646 0.034545454545454546
1 0.7570588235294118 0.9281818181818182 0.06470588235294118 0.038181818181818185
1 0.6458823529411765 0.41613636363636364 0.02823529411764706 0.035
1 0.5914705882352941 0.3690909090909091 0.1323529411764706 0.03272727272727273
1 0.4102941176470588 0.8604545454545455 0.06411764705882353 0.04
1 0.5826470588235294 0.9263636363636364 0.057058823529411766 0.038181818181818185
1 0.3973529411764706 0.5697727272727273 0.1935294117647059 0.03681818181818182
1 0.5711764705882353 0.46454545454545454 0.02588235294117647 0.035454545454545454
1 0.5202941176470588 0.6204545454545455 0.08411764705882353 0.031818181818181815
1 0.10352941176470588 0.4072727272727273 0.08588235294117647 0.035454545454545454
1 0.0988235294117647 0.5654545454545454 0.08352941176470588 0.035454545454545454
1 0.5461764705882353 0.03977272727272727 0.07352941176470588 0.022272727272727274
1 0.7141176470588235 0.4127272727272727 0.0988235294117647 0.034545454545454546
1 0.4958823529411765 0.9263636363636364 0.05764705882352941 0.038181818181818185
1 0.8391176470588235 0.8634090909090909 0.05235294117647059 0.03772727272727273
1 0.6641176470588235 0.8663636363636363 0.04588235294117647 0.04090909090909091
1 0.10735294117647058 0.7677272727272727 0.08294117647058824 0.03363636363636364
1 0.10352941176470588 0.7220454545454545 0.08705882352941176 0.03409090909090909
1 0.6785294117647059 0.37318181818181817 0.03470588235294118 0.03272727272727273
1 0.4988235294117647 0.4581818181818182 0.10352941176470588 0.035454545454545454
1 0.5885294117647059 0.8618181818181818 0.06294117647058824 0.04
1 0.5008823529411764 0.8604545454545455 0.06294117647058824 0.03909090909090909
1 0.4138235294117647 0.36977272727272725 0.21352941176470588 0.03772727272727273
1 0.10176470588235294 0.6106818181818182 0.08705882352941176 0.03590909090909091
1 0.6673529411764706 0.9293181818181818 0.05823529411764706 0.038636363636363635
1 0.32382352941176473 0.8620454545454546 0.06294117647058824 0.03954545454545454
1 0.36823529411764705 0.45681818181818185 0.14 0.03090909090909091
1 0.5626470588235294 0.41545454545454547 0.13117647058823528 0.031818181818181815