1 0.3914705882352941 0.6786363636363636 0.17 0.04
1 0.5458823529411765 0.6788636363636363 0.11529411764705882 0.03590909090909091
1 0.7644117647058823 0.8593181818181819 0.06764705882352941 0.041363636363636366
1 0.8482352941176471 0.925 0.07058823529411765 0.04363636363636364
1 0.5585294117647058 0.6190909090909091 0.15 0.03636363636363636
1 0.4194117647058824 0.9259090909090909 0.058823529411764705 0.04363636363636364
1 0.5629411764705883 0.52 0.15058823529411763 0.03727272727272727
1 0.8511764705882353 0.8588636363636364 0.06705882352941177 0.042272727272727274
1 0.38441176470588234 0.6165909090909091 0.16647058823529412 0.026818181818181817
1 0.6444117647058824 0.775 0.03588235294117647 0.03909090909090909
1 0.3926470588235294 0.45295454545454544 0.1711764705882353 0.038636363636363635
1 0.7173529411764706 0.68 0.10058823529411764 0.03636363636363636
1 0.42617647058823527 0.7234090909090909 0.2511764705882353 0.03681818181818182
1 0.73 0.519090909090909 0.09411764705882353 0.034545454545454546
1 0.46176470588235297 0.4072727272727273 0.31058823529411766 0.04181818181818182
1 0.10764705882352942 0.68 0.08823529411764706 0.03636363636363636
1 0.11235294117647059 0.4509090909090909 0.10235294117647059 0.03909090909090909
1 0.65 0.7247727272727272 0.17176470588235293 0.03772727272727273
1 0.16794117647058823 0.9213636363636364 0.07941176470588235 0.042727272727272725
1 0.8929411764705882 0.5656818181818182 0.11764705882352941 0.04045454545454545
1 0.3338235294117647 0.9261363636363636 0.06647058823529411 0.041363636363636366
1 0.16294117647058823 0.855909090909091 0.06470588235294118 0.04181818181818182
1 0.7252941176470589 0.7704545454545455 0.0988235294117647 0.03272727272727273
1 0.38794117647058823 0.5213636363636364 0.16176470588235295 0.038181818181818185
1 0.11558823529411764 0.5227272727272727 0.09823529411764706 0.03909090909090909
1 0.9017647058823529 0.4052272727272727 0.0988235294117647 0.04045454545454545
1 0.2461764705882353 0.8572727272727273 0.05823529411764706 0.04181818181818182
1 0.6644117647058824 0.6195454545454545 0.028823529411764706 0.03636363636363636
1 0.2511764705882353 0.9247727272727273 0.05529411764705883 0.03954545454545454
1 0.3820588235294118 0.7704545454545455 0.15823529411764706 0.035454545454545454
1 0.7658823529411765 0.9252272727272727 0.07294117647058823 0.04045454545454545
1 0.11058823529411765 0.36613636363636365 0.08235294117647059 0.03590909090909091
1 0.5452941176470588 0.7697727272727273 0.12352941176470589 0.03409090909090909
1 0.7102941176470589 0.4561363636363636 0.08411764705882353 0.03318181818181818
1 0.6838235294117647 0.37 0.051176470588235295 0.03272727272727273
1 0.6514705882352941 0.45795454545454545 0.03470588235294118 0.03681818181818182
1 0.41705882352941176 0.8568181818181818 0.06705882352941177 0.042727272727272725
1 0.5944117647058823 0.9254545454545454 0.0711764705882353 0.03909090909090909
1 0.11352941176470588 0.5684090909090909 0.09647058823529411 0.03772727272727273
1 0.5932352941176471 0.8570454545454546 0.06764705882352941 0.04045454545454545
1 0.10794117647058823 0.40636363636363637 0.09 0.04090909090909091
1 0.6788235294117647 0.5679545454545455 0.20588235294117646 0.04045454545454545
1 0.5611764705882353 0.035454545454545454 0.10235294117647059 0.024545454545454544
1 0.6620588235294118 0.5238636363636363 0.03235294117647059 0.035
1 0.5055882352941177 0.9245454545454546 0.0711764705882353 0.04
1 0.6814705882352942 0.8602272727272727 0.07 0.03954545454545454
1 0.7714705882352941 0.36704545454545456 0.09470588235294118 0.03772727272727273
1 0.8658823529411764 0.7209090909090909 0.13647058823529412 0.04090909090909091
1 0.11294117647058824 0.7661363636363636 0.10941176470588235 0.03772727272727273
1 0.1011764705882353 0.7220454545454545 0.0976470588235294 0.03772727272727273
1 0.7147058823529412 0.4084090909090909 0.1776470588235294 0.03772727272727273
1 0.5541176470588235 0.45204545454545453 0.12941176470588237 0.03681818181818182
1 0.5035294117647059 0.8568181818181818 0.06235294117647059 0.042727272727272725
1 0.6358823529411765 0.6847727272727273 0.04 0.038636363636363635
1 0.40441176470588236 0.3654545454545455 0.19941176470588234 0.04
1 0.1111764705882353 0.6029545454545454 0.0988235294117647 0.041363636363636366
1 0.6814705882352942 0.9252272727272727 0.060588235294117644 0.03954545454545454
1 0.5888235294117647 0.3659090909090909 0.12117647058823529 0.04
1 0.3288235294117647 0.8556818181818182 0.05764705882352941 0.041363636363636366
1 0.7320588235294118 0.6122727272727273 0.0888235294117647 0.03363636363636364
1 0.7647058823529411 0.7265909090909091 0.04352941176470588 0.042272727272727274
1 0.305 0.03727272727272727 0.03705882352941176 0.022727272727272728
1 0.8308823529411765 0.41295454545454546 0.04058823529411765 0.04863636363636364
1 0.4370588235294118 0.5679545454545455 0.26235294117647057 0.04045454545454545
1 0.8170588235294117 0.5681818181818182 0.036470588235294116 0.045454545454545456