1 0.39676470588235296 0.6161363636363636 0.18058823529411766 0.029545454545454545
1 0.38323529411764706 0.40954545454545455 0.15588235294117647 0.03727272727272727
1 0.5526470588235294 0.6152272727272727 0.11470588235294117 0.03409090909090909
1 0.43588235294117644 0.5709090909090909 0.2788235294117647 0.034545454545454546
1 0.6658823529411765 0.7288636363636364 0.1588235294117647 0.03681818181818182
1 0.11970588235294118 0.7256818181818182 0.06647058823529411 0.03318181818181818
1 0.11470588235294117 0.4475 0.07529411764705882 0.035
1 0.8538235294117648 0.5736363636363636 0.13 0.035454545454545454
1 0.38029411764705884 0.7754545454545455 0.13941176470588235 0.02727272727272727
1 0.12294117647058823 0.769090909090909 0.06823529411764706 0.03727272727272727
1 0.6764705882352942 0.6190909090909091 0.07294117647058823 0.023636363636363636
1 0.4117647058823529 0.7288636363636364 0.20705882352941177 0.03318181818181818
1 0.6467647058823529 0.46204545454545454 0.08529411764705883 0.03227272727272727
1 0.5891176470588235 0.4109090909090909 0.22176470588235295 0.04
1 0.5814705882352941 0.45840909090909093 0.03705882352941176 0.03318181818181818
1 0.4914705882352941 0.4572727272727273 0.14529411764705882 0.03090909090909091
1 0.5523529411764706 0.7293181818181819 0.036470588235294116 0.03409090909090909
1 0.11441176470588235 0.4065909090909091 0.08529411764705883 0.035
1 0.7885294117647059 0.41113636363636363 0.13823529411764707 0.03772727272727273
1 0.553235294117647 0.7802272727272728 0.11941176470588236 0.021363636363636362
1 0.35823529411764704 0.45227272727272727 0.11176470588235295 0.035454545454545454
1 0.7105882352941176 0.4138636363636364 0.036470588235294116 0.035
1 0.4688235294117647 0.7788636363636363 0.02823529411764706 0.030454545454545453
1 0.11470588235294117 0.5745454545454546 0.08941176470588236 0.035454545454545454
1 0.663235294117647 0.5740909090909091 0.18176470588235294 0.03363636363636364
1 0.7752941176470588 0.5754545454545454 0.029411764705882353 0.035454545454545454
1 0.325 0.03568181818181818 0.03470588235294118 0.022272727272727274
1 0.566764705882353 0.03636363636363636 0.10882352941176471 0.023636363636363636
1 0.12205882352941176 0.6081818181818182 0.09941176470588235 0.03
1 0.6229411764705882 0.6245454545454545 0.03294117647058824 0.023636363636363636