1 0.37470588235294117 0.6806818181818182 0.12823529411764706 0.035
1 0.5747058823529412 0.6868181818181818 0.02588235294117647 0.035454545454545454
1 0.3611764705882353 0.5222727272727272 0.09058823529411765 0.03363636363636364
1 0.758235294117647 0.8629545454545454 0.04823529411764706 0.03409090909090909
1 0.8397058823529412 0.9306818181818182 0.045294117647058825 0.031363636363636364
1 0.5523529411764706 0.6122727272727273 0.04941176470588235 0.031818181818181815
1 0.41294117647058826 0.9268181818181818 0.04941176470588235 0.035454545454545454
1 0.55 0.5270454545454546 0.02588235294117647 0.03409090909090909
1 0.8414705882352941 0.8625 0.04176470588235294 0.03590909090909091
1 0.3473529411764706 0.6097727272727272 0.08176470588235295 0.03409090909090909
1 0.47 0.5206818181818181 0.11294117647058824 0.03681818181818182
1 0.5979411764705882 0.7686363636363637 0.061764705882352944 0.03090909090909091
1 0.6297058823529412 0.6811363636363637 0.07705882352941176 0.035
1 0.3897058823529412 0.365 0.15705882352941178 0.03727272727272727
1 0.37558823529411767 0.4118181818181818 0.13352941176470587 0.03909090909090909
1 0.09852941176470588 0.6763636363636364 0.06764705882352941 0.034545454545454546
1 0.10205882352941177 0.4475 0.061764705882352944 0.03409090909090909
1 0.3726470588235294 0.7313636363636363 0.13117647058823528 0.03363636363636364
1 0.4844117647058824 0.7686363636363637 0.08647058823529412 0.03636363636363636
1 0.5641176470588235 0.7288636363636364 0.03058823529411765 0.030454545454545453
1 0.15411764705882353 0.9236363636363636 0.05058823529411765 0.03727272727272727
1 0.3211764705882353 0.9261363636363636 0.04352941176470588 0.03681818181818182
1 0.15411764705882353 0.8543181818181819 0.04823529411764706 0.03772727272727273
1 0.6202941176470588 0.7256818181818182 0.07588235294117647 0.03227272727272727
1 0.5617647058823529 0.4561363636363636 0.027058823529411764 0.03409090909090909
1 0.0961764705882353 0.519090909090909 0.06294117647058824 0.034545454545454546
1 0.23647058823529413 0.8575 0.04352941176470588 0.035
1 0.5991176470588235 0.5256818181818181 0.05823529411764706 0.030454545454545453
1 0.24088235294117646 0.9243181818181818 0.04294117647058823 0.03681818181818182
1 0.3635294117647059 0.7668181818181818 0.1188235294117647 0.03636363636363636
1 0.7555882352941177 0.9293181818181818 0.045294117647058825 0.03318181818181818
1 0.1038235294117647 0.36477272727272725 0.06529411764705882 0.03409090909090909
1 0.6520588235294118 0.4118181818181818 0.07588235294117647 0.03363636363636364
1 0.6329411764705882 0.3718181818181818 0.029411764705882353 0.03363636363636364
1 0.41411764705882353 0.8581818181818182 0.04823529411764706 0.03636363636363636
1 0.5844117647058824 0.8634090909090909 0.04294117647058823 0.038636363636363635
1 0.3573529411764706 0.5640909090909091 0.09588235294117647 0.034545454545454546
1 0.4747058823529412 0.5686363636363636 0.13176470588235295 0.03
1 0.4888235294117647 0.4531818181818182 0.1011764705882353 0.035454545454545454
1 0.5567647058823529 0.7756818181818181 0.025294117647058825 0.035
1 0.10205882352941177 0.40386363636363637 0.06647058823529411 0.035
1 0.09852941176470588 0.5627272727272727 0.06411764705882353 0.03363636363636364
1 0.6197058823529412 0.5706818181818182 0.07 0.031363636363636364
1 0.5735294117647058 0.03909090909090909 0.10823529411764705 0.022727272727272728
1 0.5955882352941176 0.41045454545454546 0.02411764705882353 0.028181818181818183
1 0.49558823529411766 0.9268181818181818 0.04764705882352941 0.035454545454545454
1 0.6738235294117647 0.8590909090909091 0.051176470588235295 0.03727272727272727
1 0.55 0.36863636363636365 0.11764705882352941 0.035454545454545454
1 0.5 0.6809090909090909 0.09058823529411765 0.034545454545454546
1 0.09911764705882353 0.7611363636363636 0.0688235294117647 0.03409090909090909
1 0.09558823529411764 0.7156818181818182 0.07 0.035
1 0.6861764705882353 0.37136363636363634 0.06411764705882353 0.03090909090909091
1 0.5158823529411765 0.4134090909090909 0.11411764705882353 0.03590909090909091
1 0.5005882352941177 0.8606818181818182 0.047058823529411764 0.03590909090909091
1 0.5647058823529412 0.571590909090909 0.02588235294117647 0.03227272727272727
1 0.49441176470588233 0.7254545454545455 0.09588235294117647 0.03363636363636364
1 0.09735294117647059 0.605 0.06529411764705882 0.034545454545454546
1 0.6705882352941176 0.9286363636363636 0.05176470588235294 0.03363636363636364
1 0.325 0.8565909090909091 0.04176470588235294 0.03681818181818182
1 0.30911764705882355 0.035227272727272725 0.04411764705882353 0.02409090909090909
1 0.3711764705882353 0.45227272727272727 0.11764705882352941 0.02909090909090909
1 0.6058823529411764 0.4552272727272727 0.05764705882352941 0.02590909090909091
1 0.5897058823529412 0.9293181818181818 0.04764705882352941 0.03409090909090909
1 0.4491176470588235 0.6120454545454546 0.10529411764705883 0.03681818181818182
1 0.5152941176470588 0.6125 0.021176470588235293 0.03409090909090909