1 0.385 0.6806818181818182 0.1476470588235294 0.03409090909090909
1 0.7535294117647059 0.86 0.04823529411764706 0.03090909090909091
1 0.8414705882352941 0.9254545454545454 0.06647058823529411 0.038181818181818185
1 0.5973529411764706 0.5665909090909091 0.13352941176470587 0.03590909090909091
1 0.8388235294117647 0.8597727272727272 0.04941176470588235 0.030454545454545453
1 0.3926470588235294 0.605909090909091 0.1511764705882353 0.03636363636363636
1 0.6338235294117647 0.7661363636363636 0.0688235294117647 0.03318181818181818
1 0.4888235294117647 0.4506818181818182 0.1 0.03409090909090909
1 0.6414705882352941 0.6861363636363637 0.04411764705882353 0.02590909090909091
1 0.7294117647058823 0.5270454545454546 0.07529411764705882 0.026818181818181817
1 0.3982352941176471 0.40704545454545454 0.17058823529411765 0.03681818181818182
1 0.11705882352941177 0.673409090909091 0.07058823529411765 0.035
1 0.10676470588235294 0.44477272727272726 0.07823529411764706 0.035
1 0.39235294117647057 0.7213636363636363 0.17176470588235293 0.03636363636363636
1 0.6826470588235294 0.5684090909090909 0.033529411764705884 0.03227272727272727
1 0.11558823529411764 0.36113636363636364 0.09235294117647058 0.03681818181818182
1 0.5005882352941177 0.7665909090909091 0.10705882352941176 0.03590909090909091
1 0.14647058823529413 0.9225 0.04941176470588235 0.04045454545454545
1 0.7347058823529412 0.5681818181818182 0.06588235294117648 0.03090909090909091
1 0.3191176470588235 0.923409090909091 0.05235294117647059 0.03590909090909091
1 0.15235294117647058 0.8536363636363636 0.04823529411764706 0.038181818181818185
1 0.71 0.7236363636363636 0.10705882352941176 0.034545454545454546
1 0.4152941176470588 0.5227272727272727 0.16588235294117648 0.02727272727272727
1 0.11647058823529412 0.5175 0.08470588235294117 0.03409090909090909
1 0.6158823529411764 0.6086363636363636 0.03529411764705882 0.034545454545454546
1 0.24 0.8538636363636364 0.04823529411764706 0.03590909090909091
1 0.23705882352941177 0.9211363636363636 0.04941176470588235 0.038636363636363635
1 0.3685294117647059 0.7656818181818181 0.13823529411764707 0.03681818181818182
1 0.755 0.9238636363636363 0.060588235294117644 0.03954545454545454
1 0.3038235294117647 0.027045454545454546 0.04176470588235294 0.031363636363636364
1 0.6082352941176471 0.4511363636363636 0.07176470588235294 0.03409090909090909
1 0.6570588235294118 0.36477272727272725 0.0811764705882353 0.03409090909090909
1 0.5208823529411765 0.3663636363636364 0.10294117647058823 0.03272727272727273
1 0.4082352941176471 0.8575 0.04588235294117647 0.03772727272727273
1 0.5847058823529412 0.8584090909090909 0.047058823529411764 0.03590909090909091
1 0.415 0.5631818181818182 0.19588235294117648 0.03727272727272727
1 0.5694117647058824 0.5238636363636363 0.14 0.03318181818181818
1 0.5370588235294118 0.6070454545454546 0.11647058823529412 0.035
1 0.5761764705882353 0.7711363636363636 0.03235294117647059 0.03681818181818182
1 0.11294117647058824 0.4015909090909091 0.08588235294117647 0.035
1 0.12029411764705883 0.5615909090909091 0.08764705882352941 0.035
1 0.5832352941176471 0.03636363636363636 0.12294117647058823 0.026363636363636363
1 0.7379411764705882 0.4102272727272727 0.09235294117647058 0.030454545454545453
1 0.4923529411764706 0.9265909090909091 0.058823529411764705 0.035
1 0.6673529411764706 0.8593181818181819 0.04647058823529412 0.03318181818181818
1 0.5697058823529412 0.4077272727272727 0.1511764705882353 0.03363636363636364
1 0.5376470588235294 0.6818181818181818 0.1411764705882353 0.034545454545454546
1 0.3729411764705882 0.4470454545454545 0.11647058823529412 0.03681818181818182
1 0.115 0.7611363636363636 0.07588235294117647 0.035
1 0.11764705882352941 0.7179545454545454 0.07647058823529412 0.035
1 0.6720588235294118 0.40795454545454546 0.03470588235294118 0.03590909090909091
1 0.6355882352941177 0.7268181818181818 0.04058823529411765 0.031818181818181815
1 0.4958823529411765 0.8577272727272728 0.041176470588235294 0.03636363636363636
1 0.6676470588235294 0.5261363636363636 0.03176470588235294 0.031363636363636364
1 0.3888235294117647 0.36727272727272725 0.1423529411764706 0.031818181818181815
1 0.548235294117647 0.7220454545454545 0.13058823529411764 0.035
1 0.11441176470588235 0.6038636363636364 0.08294117647058824 0.035
1 0.6676470588235294 0.9265909090909091 0.06235294117647059 0.03227272727272727
1 0.3235294117647059 0.8563636363636363 0.04941176470588235 0.038181818181818185
1 0.6764705882352942 0.6056818181818182 0.06470588235294118 0.03409090909090909
1 0.7329411764705882 0.6834090909090909 0.12823529411764706 0.03590909090909091
1 0.5932352941176471 0.36454545454545456 0.026470588235294117 0.03272727272727273
1 0.5526470588235294 0.45454545454545453 0.017058823529411765 0.03272727272727273
1 0.40558823529411764 0.9265909090909091 0.04294117647058823 0.03227272727272727
1 0.5858823529411765 0.9281818181818182 0.05529411764705883 0.035454545454545454