1 0.7567647058823529 0.8611363636363636 0.03823529411764706 0.03772727272727273
1 0.8414705882352941 0.9272727272727272 0.05235294117647059 0.03727272727272727
1 0.5164705882352941 0.6122727272727273 0.09176470588235294 0.03363636363636364
1 0.41058823529411764 0.9275 0.04823529411764706 0.035
1 0.10205882352941177 0.40545454545454546 0.05 0.034545454545454546
1 0.4097058823529412 0.6088636363636364 0.10764705882352942 0.03409090909090909
1 0.48764705882352943 0.4093181818181818 0.10941176470588235 0.03590909090909091
1 0.42705882352941177 0.5675 0.14588235294117646 0.03318181818181818
1 0.41441176470588237 0.7247727272727272 0.14058823529411765 0.03590909090909091
1 0.11294117647058824 0.6797727272727273 0.05176470588235294 0.03409090909090909
1 0.1038235294117647 0.4486363636363636 0.054705882352941174 0.03363636363636364
1 0.6676470588235294 0.5718181818181818 0.03058823529411765 0.03
1 0.49941176470588233 0.7745454545454545 0.05647058823529412 0.023636363636363636
1 0.15176470588235294 0.9243181818181818 0.04823529411764706 0.03772727272727273
1 0.725 0.5688636363636363 0.06764705882352941 0.030454545454545453
1 0.3341176470588235 0.9259090909090909 0.04823529411764706 0.035454545454545454
1 0.15323529411764705 0.8565909090909091 0.045294117647058825 0.03409090909090909
1 0.115 0.5243181818181818 0.05235294117647059 0.030454545454545453
1 0.6255882352941177 0.6125 0.051176470588235295 0.031363636363636364
1 0.23823529411764705 0.8543181818181819 0.047058823529411764 0.03590909090909091
1 0.5891176470588235 0.5697727272727273 0.11941176470588236 0.03227272727272727
1 0.24176470588235294 0.9229545454545455 0.04823529411764706 0.03681818181818182
1 0.4073529411764706 0.7702272727272728 0.11 0.029545454545454545
1 0.76 0.9272727272727272 0.05176470588235294 0.035454545454545454
1 0.10911764705882353 0.3654545454545455 0.05823529411764706 0.034545454545454546
1 0.5864705882352941 0.45227272727272727 0.0611764705882353 0.031818181818181815
1 0.4161764705882353 0.8586363636363636 0.04647058823529412 0.035454545454545454
1 0.5876470588235294 0.9263636363636364 0.052941176470588235 0.035454545454545454
1 0.4673529411764706 0.45227272727272727 0.08764705882352941 0.034545454545454546
1 0.5808823529411765 0.8602272727272727 0.04176470588235294 0.03681818181818182
1 0.5597058823529412 0.03681818181818182 0.10176470588235294 0.02090909090909091
1 0.5617647058823529 0.4088636363636364 0.027058823529411764 0.03409090909090909
1 0.4958823529411765 0.9272727272727272 0.04941176470588235 0.03636363636363636
1 0.84 0.86 0.047058823529411764 0.035454545454545454
1 0.6673529411764706 0.8568181818181818 0.04411764705882353 0.03727272727272727
1 0.3791176470588235 0.45045454545454544 0.08294117647058824 0.035454545454545454
1 0.1126470588235294 0.7706818181818181 0.051176470588235295 0.03590909090909091
1 0.11470588235294117 0.5711363636363637 0.04823529411764706 0.02772727272727273
1 0.5338235294117647 0.4577272727272727 0.026470588235294117 0.034545454545454546
1 0.5017647058823529 0.8593181818181819 0.042352941176470586 0.03772727272727273
1 0.6141176470588235 0.4081818181818182 0.06823529411764706 0.03363636363636364
1 0.5826470588235294 0.6163636363636363 0.022941176470588236 0.03363636363636364
1 0.5235294117647059 0.7286363636363636 0.07058823529411765 0.023636363636363636
1 0.673235294117647 0.9268181818181818 0.04764705882352941 0.03636363636363636
1 0.32941176470588235 0.8556818181818182 0.047058823529411764 0.03681818181818182
1 0.3729411764705882 0.4088636363636364 0.09176470588235294 0.03590909090909091
1 0.11382352941176471 0.7238636363636364 0.051176470588235295 0.03227272727272727
1 0.2858823529411765 0.03909090909090909 0.03411764705882353 0.02
1 0.3285294117647059 0.03704545454545455 0.05 0.014090909090909091
1 0.11323529411764706 0.61 0.05 0.02727272727272727