1 0.43676470588235294 0.7297727272727272 0.2852941176470588 0.04045454545454545
1 0.7555882352941177 0.865 0.07 0.04181818181818182
1 0.8464705882352941 0.9290909090909091 0.07176470588235294 0.03909090909090909
1 0.4126470588235294 0.9295454545454546 0.06764705882352941 0.03727272727272727
1 0.4773529411764706 0.5304545454545454 0.09705882352941177 0.03727272727272727
1 0.8520588235294118 0.8675 0.07588235294117647 0.04045454545454545
1 0.35 0.6172727272727273 0.10705882352941176 0.035454545454545454
1 0.6441176470588236 0.6902272727272727 0.16588235294117648 0.03954545454545454
1 0.4485294117647059 0.6197727272727273 0.07470588235294118 0.03227272727272727
1 0.36176470588235293 0.4134090909090909 0.12941176470588237 0.03772727272727273
1 0.12294117647058823 0.68 0.11529411764705882 0.038181818181818185
1 0.4258823529411765 0.6865909090909091 0.26588235294117646 0.04318181818181818
1 0.11647058823529412 0.45340909090909093 0.09529411764705882 0.03772727272727273
1 0.6105882352941177 0.7745454545454545 0.14352941176470588 0.034545454545454546
1 0.1588235294117647 0.9270454545454545 0.0811764705882353 0.038636363636363635
1 0.7873529411764706 0.7352272727272727 0.03588235294117647 0.03227272727272727
1 0.3247058823529412 0.9302272727272727 0.06352941176470588 0.03681818181818182
1 0.16029411764705884 0.8568181818181818 0.08294117647058824 0.04181818181818182
1 0.3602941176470588 0.5713636363636364 0.13 0.03636363636363636
1 0.11147058823529411 0.5231818181818182 0.08411764705882353 0.038181818181818185
1 0.6773529411764706 0.7327272727272728 0.1723529411764706 0.035454545454545454
1 0.24323529411764705 0.8618181818181818 0.06764705882352941 0.04
1 0.2388235294117647 0.9261363636363636 0.07058823529411765 0.03772727272727273
1 0.4111764705882353 0.7745454545454545 0.23411764705882354 0.035454545454545454
1 0.7635294117647059 0.9290909090909091 0.07411764705882352 0.038181818181818185
1 0.10294117647058823 0.3665909090909091 0.07764705882352942 0.03590909090909091
1 0.6217647058823529 0.4188636363636364 0.03411764705882353 0.035
1 0.4147058823529412 0.8629545454545454 0.07411764705882352 0.04045454545454545
1 0.5879411764705882 0.9322727272727273 0.07941176470588235 0.04090909090909091
1 0.3594117647058824 0.5259090909090909 0.12823529411764706 0.04
1 0.5797058823529412 0.4661363636363636 0.027647058823529413 0.03409090909090909
1 0.48205882352941176 0.5729545454545455 0.10176470588235294 0.035
1 0.5897058823529412 0.8652272727272727 0.08058823529411764 0.042272727272727274
1 0.10558823529411765 0.40954545454545455 0.09823529411764706 0.04
1 0.11323529411764706 0.565 0.10529411764705883 0.035454545454545454
1 0.5694117647058824 0.04068181818181818 0.10352941176470588 0.02409090909090909
1 0.7232352941176471 0.4213636363636364 0.15470588235294117 0.03727272727272727
1 0.7767647058823529 0.78 0.09470588235294118 0.03272727272727273
1 0.5011764705882353 0.93 0.07058823529411765 0.038181818181818185
1 0.8402941176470589 0.6911363636363637 0.1288235294117647 0.042272727272727274
1 0.7032352941176471 0.7811363636363636 0.033529411764705884 0.030454545454545453
1 0.515 0.37318181818181817 0.18176470588235294 0.03909090909090909
1 0.865 0.735 0.11941176470588236 0.03636363636363636
1 0.3517647058823529 0.45840909090909093 0.11294117647058824 0.038636363636363635
1 0.10941176470588235 0.7668181818181818 0.11529411764705882 0.03909090909090909
1 0.11352941176470588 0.7234090909090909 0.1188235294117647 0.03954545454545454
1 0.7038235294117647 0.37727272727272726 0.13823529411764707 0.03727272727272727
1 0.48911764705882355 0.4590909090909091 0.14058823529411765 0.035454545454545454
1 0.5052941176470588 0.8622727272727273 0.07529411764705882 0.04090909090909091
1 0.3608823529411765 0.3693181818181818 0.12294117647058823 0.038636363636363635
1 0.105 0.6090909090909091 0.09705882352941177 0.03727272727272727
1 0.6735294117647059 0.9313636363636364 0.07176470588235294 0.038181818181818185
1 0.33205882352941174 0.8618181818181818 0.07941176470588235 0.04090909090909091
1 0.685 0.46386363636363637 0.15941176470588236 0.038636363636363635
1 0.7505882352941177 0.6920454545454545 0.03764705882352941 0.03227272727272727
1 0.2773529411764706 0.03568181818181818 0.03705882352941176 0.021363636363636362
1 0.3373529411764706 0.0375 0.07588235294117647 0.02409090909090909
1 0.6170588235294118 0.3825 0.03058823529411765 0.042272727272727274
1 0.5135294117647059 0.4159090909090909 0.16705882352941176 0.03727272727272727
1 0.6758823529411765 0.8652272727272727 0.08 0.04318181818181818