1 0.3658823529411765 0.6881818181818182 0.1388235294117647 0.03636363636363636
1 0.7697058823529411 0.8625 0.0711764705882353 0.03772727272727273
1 0.855 0.9313636363636364 0.08176470588235295 0.04
1 0.4188235294117647 0.9306818181818182 0.06588235294117648 0.03590909090909091
1 0.8485294117647059 0.8661363636363636 0.05941176470588235 0.04045454545454545
1 0.4223529411764706 0.6190909090909091 0.2564705882352941 0.03363636363636364
1 0.4164705882352941 0.4177272727272727 0.2411764705882353 0.03636363636363636
1 0.5088235294117647 0.6938636363636363 0.11058823529411765 0.028636363636363637
1 0.538235294117647 0.0425 0.08 0.023181818181818182
1 0.1161764705882353 0.6895454545454546 0.11470588235294117 0.03727272727272727
1 0.10058823529411764 0.45454545454545453 0.11294117647058824 0.04090909090909091
1 0.37058823529411766 0.730909090909091 0.15058823529411763 0.04
1 0.7479411764705882 0.5725 0.031176470588235295 0.03318181818181818
1 0.10470588235294118 0.37204545454545457 0.0988235294117647 0.03772727272727273
1 0.15764705882352942 0.9304545454545454 0.06470588235294118 0.03727272727272727
1 0.3341176470588235 0.9329545454545455 0.06823529411764706 0.03772727272727273
1 0.1638235294117647 0.8643181818181818 0.07235294117647059 0.038636363636363635
1 0.7747058823529411 0.6245454545454545 0.07176470588235294 0.023636363636363636
1 0.4117647058823529 0.5313636363636364 0.23176470588235293 0.03909090909090909
1 0.08911764705882352 0.5288636363636363 0.09235294117647058 0.038636363636363635
1 0.635 0.6211363636363636 0.15470588235294117 0.031363636363636364
1 0.25176470588235295 0.8652272727272727 0.06823529411764706 0.03772727272727273
1 0.6858823529411765 0.5388636363636363 0.03176470588235294 0.028636363636363637
1 0.25088235294117645 0.9325 0.07470588235294118 0.03772727272727273
1 0.34941176470588237 0.7770454545454546 0.11058823529411765 0.03590909090909091
1 0.2861764705882353 0.03931818181818182 0.04411764705882353 0.02590909090909091
1 0.5111764705882353 0.7768181818181819 0.10470588235294118 0.03727272727272727
1 0.7114705882352941 0.37727272727272726 0.03470588235294118 0.035454545454545454
1 0.6235294117647059 0.4102272727272727 0.14941176470588236 0.038636363636363635
1 0.41911764705882354 0.8629545454545454 0.06529411764705882 0.03772727272727273
1 0.5914705882352941 0.9325 0.0711764705882353 0.038636363636363635
1 0.09058823529411765 0.5711363636363637 0.09529411764705882 0.03954545454545454
1 0.43823529411764706 0.5745454545454546 0.29058823529411765 0.03727272727272727
1 0.595 0.8640909090909091 0.08058823529411764 0.04
1 0.10205882352941177 0.4138636363636364 0.10294117647058823 0.042272727272727274
1 0.6288235294117647 0.4615909090909091 0.17647058823529413 0.035
1 0.5035294117647059 0.9306818181818182 0.06941176470588235 0.03681818181818182
1 0.6823529411764706 0.8615909090909091 0.08470588235294117 0.03954545454545454
1 0.6141176470588235 0.3740909090909091 0.1411764705882353 0.03636363636363636
1 0.7811764705882352 0.37113636363636365 0.0976470588235294 0.028636363636363637
1 0.8452941176470589 0.5743181818181818 0.14823529411764705 0.03772727272727273
1 0.10970588235294118 0.7704545454545455 0.09588235294117647 0.03909090909090909
1 0.11352941176470588 0.7302272727272727 0.1223529411764706 0.03954545454545454
1 0.5076470588235295 0.8668181818181818 0.07176470588235294 0.04818181818181818
1 0.7376470588235294 0.4675 0.02823529411764706 0.03590909090909091
1 0.8291176470588235 0.4665909090909091 0.1288235294117647 0.028636363636363637
1 0.5979411764705882 0.5347727272727273 0.14058823529411765 0.029545454545454545
1 0.41852941176470587 0.3725 0.24764705882352941 0.04045454545454545
1 0.5238235294117647 0.730909090909091 0.15235294117647058 0.03727272727272727
1 0.08558823529411765 0.6138636363636364 0.08411764705882353 0.04045454545454545
1 0.6735294117647059 0.9329545454545455 0.06470588235294118 0.03954545454545454
1 0.3347058823529412 0.8647727272727272 0.06588235294117648 0.03772727272727273
1 0.6647058823529411 0.5738636363636364 0.13647058823529412 0.035
1 0.7535294117647059 0.538409090909091 0.09294117647058824 0.02590909090909091
1 0.3488235294117647 0.04 0.07882352941176471 0.022727272727272728
1 0.40705882352941175 0.4618181818181818 0.22470588235294117 0.034545454545454546
1 0.7194117647058823 0.41454545454545455 0.042352941176470586 0.04090909090909091
1 0.8088235294117647 0.4113636363636364 0.1376470588235294 0.03636363636363636
1 0.7258823529411764 0.6261363636363636 0.02823529411764706 0.02772727272727273
1 0.768235294117647 0.9302272727272727 0.08 0.03772727272727273