1 0.425 0.6859090909090909 0.23705882352941177 0.04
1 0.7670588235294118 0.8665909090909091 0.08352941176470588 0.038636363636363635
1 0.8523529411764705 0.9334090909090909 0.08705882352941176 0.042272727272727274
1 0.5958823529411764 0.6263636363636363 0.11764705882352941 0.024545454545454544
1 0.4161764705882353 0.9281818181818182 0.07588235294117647 0.03909090909090909
1 0.8785294117647059 0.7322727272727273 0.08294117647058824 0.042727272727272725
1 0.6914705882352942 0.7920454545454545 0.03 0.028636363636363637
1 0.4441176470588235 0.4593181818181818 0.24 0.04045454545454545
1 0.4329411764705882 0.7327272727272728 0.27058823529411763 0.03636363636363636
1 0.3085294117647059 0.03636363636363636 0.0488235294117647 0.025454545454545455
1 0.7688235294117647 0.5327272727272727 0.18823529411764706 0.03909090909090909
1 0.10970588235294118 0.6804545454545454 0.09470588235294118 0.035454545454545454
1 0.8914705882352941 0.5438636363636363 0.04294117647058823 0.03772727272727273
1 0.7173529411764706 0.5784090909090909 0.1535294117647059 0.035
1 0.11911764705882352 0.36727272727272725 0.0888235294117647 0.035454545454545454
1 0.11294117647058824 0.4484090909090909 0.08823529411764706 0.03681818181818182
1 0.6791176470588235 0.7345454545454545 0.18176470588235294 0.035454545454545454
1 0.16088235294117648 0.9263636363636364 0.08058823529411764 0.042727272727272725
1 0.8252941176470588 0.5790909090909091 0.03882352941176471 0.03636363636363636
1 0.33029411764705885 0.9277272727272727 0.07352941176470588 0.03909090909090909
1 0.16117647058823528 0.86 0.07529411764705882 0.04
1 0.6197058823529412 0.465 0.09470588235294118 0.03272727272727273
1 0.48764705882352943 0.5315909090909091 0.3411764705882353 0.041363636363636366
1 0.11294117647058824 0.5306818181818181 0.08823529411764706 0.03409090909090909
1 0.6829411764705883 0.6302272727272727 0.02588235294117647 0.031363636363636364
1 0.24588235294117647 0.9261363636363636 0.08 0.04045454545454545
1 0.4052941176470588 0.7788636363636363 0.19176470588235295 0.031363636363636364
1 0.765 0.9318181818181818 0.08294117647058824 0.042727272727272725
1 0.5852941176470589 0.7836363636363637 0.13529411764705881 0.028181818181818183
1 0.785 0.41704545454545455 0.17470588235294118 0.042272727272727274
1 0.6970588235294117 0.37613636363636366 0.13176470588235295 0.03681818181818182
1 0.4935294117647059 0.41613636363636364 0.3447058823529412 0.04318181818181818
1 0.4202941176470588 0.86 0.07823529411764706 0.04
1 0.5941176470588235 0.9306818181818182 0.07882352941176471 0.03772727272727273
1 0.43117647058823527 0.6259090909090909 0.19294117647058823 0.024545454545454544
1 0.5926470588235294 0.8645454545454545 0.07941176470588235 0.035454545454545454
1 0.12411764705882353 0.40704545454545454 0.08823529411764706 0.03681818181818182
1 0.5732352941176471 0.04022727272727273 0.13352941176470587 0.026818181818181817
1 0.7973529411764706 0.7340909090909091 0.04176470588235294 0.034545454545454546
1 0.5073529411764706 0.93 0.08294117647058824 0.04181818181818182
1 0.861764705882353 0.6920454545454545 0.09294117647058824 0.03681818181818182
1 0.7605882352941177 0.7829545454545455 0.07176470588235294 0.028636363636363637
1 0.6479411764705882 0.6879545454545455 0.17823529411764705 0.041363636363636366
1 0.9094117647058824 0.5809090909090909 0.11176470588235295 0.03636363636363636
1 0.48264705882352943 0.576590909090909 0.3029411764705882 0.035
1 0.11323529411764706 0.7697727272727273 0.09588235294117647 0.035
1 0.11588235294117646 0.7231818181818181 0.10352941176470588 0.03636363636363636
1 0.11235294117647059 0.5693181818181818 0.09647058823529411 0.03590909090909091
1 0.5064705882352941 0.86 0.07058823529411765 0.04090909090909091
1 0.4638235294117647 0.37022727272727274 0.2876470588235294 0.038636363636363635
1 0.12029411764705883 0.6138636363636364 0.09588235294117647 0.03681818181818182
1 0.6794117647058824 0.9311363636363637 0.08 0.03954545454545454
1 0.3332352941176471 0.8618181818181818 0.07941176470588235 0.04
1 0.7579411764705882 0.6281818181818182 0.09588235294117647 0.023636363636363636
1 0.7767647058823529 0.6975 0.05 0.03681818181818182
1 0.951764705882353 0.5372727272727272 0.07411764705882352 0.034545454545454546
1 0.35058823529411764 0.5575 0.07176470588235294 0.022272727272727274
1 0.24764705882352941 0.8620454545454546 0.08235294117647059 0.04045454545454545
1 0.6805882352941176 0.8652272727272727 0.08352941176470588 0.04045454545454545
1 0.8514705882352941 0.8663636363636363 0.08411764705882353 0.042727272727272725