1 0.42911764705882355 0.7263636363636363 0.25588235294117645 0.03909090909090909
1 0.4323529411764706 0.40863636363636363 0.2647058823529412 0.04090909090909091
1 0.7564705882352941 0.8590909090909091 0.06235294117647059 0.04181818181818182
1 0.8432352941176471 0.9290909090909091 0.057058823529411766 0.04
1 0.5911764705882353 0.6156818181818182 0.02823529411764706 0.03227272727272727
1 0.4073529411764706 0.9270454545454545 0.04647058823529412 0.03772727272727273
1 0.4335294117647059 0.5263636363636364 0.2647058823529412 0.03636363636363636
1 0.8482352941176471 0.8606818181818182 0.06823529411764706 0.04318181818181818
1 0.3770588235294118 0.6184090909090909 0.15294117647058825 0.03681818181818182
1 0.6708823529411765 0.7784090909090909 0.03705882352941176 0.03590909090909091
1 0.4011764705882353 0.45431818181818184 0.19058823529411764 0.03681818181818182
1 0.7888235294117647 0.5315909090909091 0.03764705882352941 0.03318181818181818
1 0.10852941176470589 0.68 0.08176470588235295 0.035454545454545454
1 0.10794117647058823 0.45 0.09470588235294118 0.035454545454545454
1 0.8752941176470588 0.5265909090909091 0.11647058823529412 0.038636363636363635
1 0.11382352941176471 0.3638636363636364 0.09235294117647058 0.03681818181818182
1 0.6708823529411765 0.7270454545454546 0.22411764705882353 0.03681818181818182
1 0.1561764705882353 0.928409090909091 0.05941176470588235 0.03772727272727273
1 0.755 0.5722727272727273 0.04411764705882353 0.03909090909090909
1 0.33088235294117646 0.928409090909091 0.054705882352941174 0.038636363636363635
1 0.15294117647058825 0.8538636363636364 0.05529411764705883 0.04409090909090909
1 0.7314705882352941 0.7725 0.06411764705882353 0.030454545454545453
1 0.10352941176470588 0.5197727272727273 0.08823529411764706 0.035
1 0.658235294117647 0.6140909090909091 0.10705882352941176 0.03272727272727273
1 0.8723529411764706 0.37113636363636365 0.11176470588235295 0.03681818181818182
1 0.24382352941176472 0.8570454545454546 0.05588235294117647 0.04045454545454545
1 0.23588235294117646 0.9295454545454546 0.04470588235294118 0.038181818181818185
1 0.3897058823529412 0.7706818181818181 0.17 0.03590909090909091
1 0.7555882352941177 0.93 0.051176470588235295 0.04
1 0.566764705882353 0.7706818181818181 0.13823529411764707 0.03318181818181818
1 0.6647058823529411 0.4102272727272727 0.16588235294117648 0.04045454545454545
1 0.4041176470588235 0.8581818181818182 0.04 0.04090909090909091
1 0.105 0.5638636363636363 0.09 0.03590909090909091
1 0.5144117647058823 0.6177272727272727 0.10294117647058823 0.03363636363636364
1 0.42176470588235293 0.5690909090909091 0.24352941176470588 0.03272727272727273
1 0.5823529411764706 0.8590909090909091 0.06235294117647059 0.04090909090909091
1 0.10823529411764705 0.4025 0.0988235294117647 0.03681818181818182
1 0.6664705882352941 0.4586363636363636 0.03411764705882353 0.034545454545454546
1 0.5502941176470588 0.04386363636363636 0.06647058823529411 0.02409090909090909
1 0.7320588235294118 0.4575 0.07941176470588235 0.03227272727272727
1 0.4973529411764706 0.93 0.04647058823529412 0.03727272727272727
1 0.8511764705882353 0.6886363636363636 0.09294117647058824 0.03636363636363636
1 0.673235294117647 0.86 0.05588235294117647 0.04181818181818182
1 0.4238235294117647 0.6831818181818182 0.2511764705882353 0.03636363636363636
1 0.8620588235294118 0.5731818181818182 0.15823529411764706 0.03727272727272727
1 0.12558823529411764 0.7654545454545455 0.08176470588235295 0.03636363636363636
1 0.12323529411764705 0.7222727272727273 0.0888235294117647 0.03636363636363636
1 0.7873529411764706 0.37272727272727274 0.039411764705882354 0.03272727272727273
1 0.5829411764705882 0.4565909090909091 0.12705882352941175 0.03227272727272727
1 0.49970588235294117 0.8581818181818182 0.05941176470588235 0.042727272727272725
1 0.678235294117647 0.5284090909090909 0.17647058823529413 0.03681818181818182
1 0.8629411764705882 0.4143181818181818 0.12470588235294118 0.03772727272727273
1 0.4329411764705882 0.3684090909090909 0.2611764705882353 0.03681818181818182
1 0.11294117647058824 0.6056818181818182 0.1011764705882353 0.03681818181818182
1 0.668235294117647 0.9297727272727273 0.04941176470588235 0.04045454545454545
1 0.6626470588235294 0.3715909090909091 0.1652941176470588 0.03772727272727273
1 0.3338235294117647 0.8579545454545454 0.060588235294117644 0.041363636363636366
1 0.7747058823529411 0.6963636363636364 0.03529411764705882 0.038181818181818185
1 0.8852941176470588 0.7275 0.10705882352941176 0.03772727272727273
1 0.5829411764705882 0.9313636363636364 0.05176470588235294 0.038181818181818185
1 0.6508823529411765 0.6845454545454546 0.19705882352941176 0.04090909090909091
1 0.805 0.7302272727272727 0.031176470588235295 0.038636363636363635
1 0.6435294117647059 0.5702272727272727 0.17058823529411765 0.03681818181818182
1 0.7776470588235294 0.41295454545454546 0.036470588235294116 0.03681818181818182
1 0.29823529411764704 0.03568181818181818 0.03882352941176471 0.021363636363636362