1 0.39205882352941174 0.685 0.18764705882352942 0.035454545454545454
1 0.7555882352941177 0.8618181818181818 0.061764705882352944 0.038181818181818185
1 0.8391176470588235 0.9286363636363636 0.06764705882352941 0.04
1 0.6270588235294118 0.5761363636363637 0.17411764705882352 0.028636363636363637
1 0.4047058823529412 0.9313636363636364 0.05176470588235294 0.03909090909090909
1 0.5658823529411765 0.5261363636363636 0.12823529411764706 0.03590909090909091
1 0.8429411764705882 0.8606818181818182 0.06823529411764706 0.03954545454545454
1 0.38323529411764706 0.6204545454545455 0.18294117647058825 0.03090909090909091
1 0.7111764705882353 0.6977272727272728 0.03764705882352941 0.03363636363636364
1 0.4097058823529412 0.3654545454545455 0.21 0.038181818181818185
1 0.7405882352941177 0.5275 0.07529411764705882 0.03318181818181818
1 0.4411764705882353 0.4159090909090909 0.2741176470588235 0.04090909090909091
1 0.09852941176470588 0.6797727272727273 0.08294117647058824 0.03772727272727273
1 0.425 0.7268181818181818 0.2747058823529412 0.03272727272727273
1 0.7561764705882353 0.6254545454545455 0.0711764705882353 0.03
1 0.09941176470588235 0.4511363636363636 0.0811764705882353 0.03772727272727273
1 0.14676470588235294 0.9290909090909091 0.0488235294117647 0.04090909090909091
1 0.3261764705882353 0.9277272727272727 0.05941176470588235 0.04
1 0.15676470588235294 0.8565909090909091 0.06411764705882353 0.042272727272727274
1 0.7144117647058823 0.7813636363636364 0.0711764705882353 0.03090909090909091
1 0.11029411764705882 0.5275 0.11 0.035
1 0.675 0.7247727272727272 0.18294117647058825 0.03681818181818182
1 0.2323529411764706 0.8588636363636364 0.05529411764705883 0.042272727272727274
1 0.23588235294117646 0.9272727272727272 0.05176470588235294 0.04
1 0.3785294117647059 0.7815909090909091 0.17470588235294118 0.03409090909090909
1 0.7523529411764706 0.9281818181818182 0.05764705882352941 0.04181818181818182
1 0.09647058823529411 0.3693181818181818 0.0811764705882353 0.03681818181818182
1 0.5576470588235294 0.7827272727272727 0.10941176470588235 0.031818181818181815
1 0.6676470588235294 0.41818181818181815 0.13411764705882354 0.03636363636363636
1 0.4164705882352941 0.8581818181818182 0.07176470588235294 0.04363636363636364
1 0.5788235294117647 0.9277272727272727 0.05058823529411765 0.04181818181818182
1 0.10823529411764705 0.5670454545454545 0.09294117647058824 0.03681818181818182
1 0.3973529411764706 0.5290909090909091 0.18058823529411766 0.038181818181818185
1 0.571764705882353 0.6227272727272727 0.15294117647058825 0.028181818181818183
1 0.4111764705882353 0.571590909090909 0.23411764705882354 0.035
1 0.5876470588235294 0.8595454545454545 0.07176470588235294 0.04090909090909091
1 0.10176470588235294 0.41113636363636363 0.08470588235294117 0.03772727272727273
1 0.5638235294117647 0.04 0.10411764705882352 0.02
1 0.745 0.5736363636363636 0.03235294117647059 0.031818181818181815
1 0.4988235294117647 0.9290909090909091 0.06 0.04090909090909091
1 0.7970588235294118 0.6943181818181818 0.10470588235294118 0.03409090909090909
1 0.6767647058823529 0.8625 0.07235294117647059 0.04409090909090909
1 0.5970588235294118 0.37613636363636366 0.11764705882352941 0.03590909090909091
1 0.5882352941176471 0.6904545454545454 0.15411764705882353 0.038181818181818185
1 0.8873529411764706 0.7286363636363636 0.10176470588235294 0.038181818181818185
1 0.10058823529411764 0.7652272727272728 0.08705882352941176 0.03772727272727273
1 0.0976470588235294 0.7231818181818181 0.08823529411764706 0.03909090909090909
1 0.5594117647058824 0.4652272727272727 0.1 0.02590909090909091
1 0.6464705882352941 0.7836363636363637 0.03764705882352941 0.03727272727272727
1 0.49558823529411766 0.86 0.05941176470588235 0.042727272727272725
1 0.6711764705882353 0.5318181818181819 0.036470588235294116 0.03272727272727273
1 0.8238235294117647 0.576590909090909 0.09941176470588235 0.035
1 0.10588235294117647 0.610909090909091 0.09647058823529411 0.038181818181818185
1 0.6644117647058824 0.9322727272727273 0.05588235294117647 0.04090909090909091
1 0.32235294117647056 0.8588636363636364 0.05529411764705883 0.041363636363636366
1 0.2985294117647059 0.03681818181818182 0.04647058823529412 0.025454545454545455
1 0.39029411764705885 0.46136363636363636 0.17823529411764705 0.035454545454545454
1 0.6867647058823529 0.6347727272727273 0.033529411764705884 0.022272727272727274
1 0.7994117647058824 0.7413636363636363 0.041176470588235294 0.03909090909090909