1 0.4147058823529412 0.6770454545454545 0.21294117647058824 0.038636363636363635
1 0.3938235294117647 0.4022727272727273 0.17823529411764705 0.03727272727272727
1 0.7608823529411765 0.8552272727272727 0.061764705882352944 0.041363636363636366
1 0.85 0.9247727272727273 0.07411764705882352 0.04045454545454545
1 0.5905882352941176 0.6043181818181819 0.029411764705882353 0.03318181818181818
1 0.4147058823529412 0.9206818181818182 0.06352941176470588 0.03954545454545454
1 0.558235294117647 0.5613636363636364 0.13647058823529412 0.035454545454545454
1 0.37529411764705883 0.6025 0.14 0.03590909090909091
1 0.6570588235294118 0.6834090909090909 0.2164705882352941 0.03954545454545454
1 0.3776470588235294 0.76 0.15411764705882353 0.03636363636363636
1 0.7385294117647059 0.5202272727272728 0.10647058823529412 0.03227272727272727
1 0.08647058823529412 0.6777272727272727 0.06470588235294118 0.034545454545454546
1 0.09264705882352942 0.44272727272727275 0.07 0.03363636363636364
1 0.4011764705882353 0.7177272727272728 0.18941176470588236 0.03727272727272727
1 0.0961764705882353 0.36 0.07705882352941176 0.03636363636363636
1 0.5629411764705883 0.7595454545454545 0.17529411764705882 0.03090909090909091
1 0.15411764705882353 0.918409090909091 0.0611764705882353 0.04045454545454545
1 0.7088235294117647 0.5629545454545455 0.10588235294117647 0.03318181818181818
1 0.32294117647058823 0.9206818181818182 0.058823529411764705 0.03954545454545454
1 0.4111764705882353 0.5170454545454546 0.20588235294117646 0.03772727272727273
1 0.09676470588235295 0.5161363636363636 0.07 0.03409090909090909
1 0.6561764705882352 0.6045454545454545 0.09117647058823529 0.03272727272727273
1 0.24764705882352941 0.8527272727272728 0.06235294117647059 0.038181818181818185
1 0.6352941176470588 0.5665909090909091 0.02588235294117647 0.03409090909090909
1 0.245 0.9193181818181818 0.061764705882352944 0.038636363636363635
1 0.763235294117647 0.9222727272727272 0.07352941176470588 0.04
1 0.315 0.029545454545454545 0.04764705882352941 0.028181818181818183
1 0.6441176470588236 0.44795454545454544 0.08470588235294117 0.03318181818181818
1 0.6738235294117647 0.3634090909090909 0.03470588235294118 0.03681818181818182
1 0.41 0.8538636363636364 0.06 0.03772727272727273
1 0.586764705882353 0.9215909090909091 0.06411764705882353 0.04045454545454545
1 0.4052941176470588 0.5620454545454545 0.1988235294117647 0.038636363636363635
1 0.5794117647058824 0.5159090909090909 0.11647058823529412 0.035454545454545454
1 0.5064705882352941 0.6038636363636364 0.11176470588235295 0.035
1 0.5811764705882353 0.8531818181818182 0.04470588235294118 0.03909090909090909
1 0.09470588235294118 0.3990909090909091 0.07176470588235294 0.03363636363636364
1 0.09323529411764706 0.5581818181818182 0.06529411764705882 0.03272727272727273
1 0.5732352941176471 0.3643181818181818 0.1723529411764706 0.03772727272727273
1 0.6597058823529411 0.52 0.039411764705882354 0.034545454545454546
1 0.7344117647058823 0.4043181818181818 0.09235294117647058 0.03409090909090909
1 0.5005882352941177 0.92 0.0611764705882353 0.04090909090909091
1 0.8529411764705882 0.8545454545454545 0.07647058823529412 0.042727272727272725
1 0.6752941176470588 0.850909090909091 0.06470588235294118 0.03909090909090909
1 0.5738235294117647 0.40454545454545454 0.17941176470588235 0.03727272727272727
1 0.7508823529411764 0.3640909090909091 0.11235294117647059 0.034545454545454546
1 0.3723529411764706 0.4461363636363636 0.13411764705882354 0.03772727272727273
1 0.08764705882352941 0.7586363636363637 0.06588235294117648 0.03363636363636364
1 0.6038235294117648 0.7197727272727272 0.19823529411764707 0.03772727272727273
1 0.5041176470588236 0.8547727272727272 0.06470588235294118 0.03772727272727273
1 0.39558823529411763 0.3615909090909091 0.17 0.03772727272727273
1 0.09235294117647058 0.6027272727272728 0.06705882352941177 0.03272727272727273
1 0.678235294117647 0.9209090909090909 0.06588235294117648 0.03909090909090909
1 0.32 0.8527272727272728 0.04823529411764706 0.038181818181818185
1 0.08647058823529412 0.7172727272727273 0.06235294117647059 0.03363636363636364
1 0.5647058823529412 0.034545454545454546 0.07058823529411765 0.02727272727272727
1 0.5070588235294118 0.45181818181818184 0.1223529411764706 0.031818181818181815
1 0.586764705882353 0.4575 0.025294117647058825 0.030454545454545453
1 0.6761764705882353 0.4065909090909091 0.03470588235294118 0.026818181818181817
1 0.14941176470588236 0.8534090909090909 0.04588235294117647 0.03954545454545454