1 0.37588235294117645 0.6806818181818182 0.12 0.03681818181818182
1 0.5391176470588235 0.6806818181818182 0.17352941176470588 0.03681818181818182
1 0.7661764705882353 0.8565909090909091 0.06294117647058824 0.03772727272727273
1 0.8464705882352941 0.9238636363636363 0.05647058823529412 0.03954545454545454
1 0.5455882352941176 0.6106818181818182 0.09941176470588235 0.03318181818181818
1 0.41794117647058826 0.9270454545454545 0.05941176470588235 0.03681818181818182
1 0.41205882352941176 0.5643181818181818 0.22647058823529412 0.03681818181818182
1 0.39029411764705885 0.6122727272727273 0.17705882352941177 0.03636363636363636
1 0.43676470588235294 0.3668181818181818 0.2570588235294118 0.038181818181818185
1 0.4202941176470588 0.40545454545454546 0.2464705882352941 0.038181818181818185
1 0.11823529411764706 0.6797727272727273 0.06705882352941177 0.03590909090909091
1 0.10088235294117646 0.4572727272727273 0.07235294117647059 0.034545454545454546
1 0.3644117647058824 0.7268181818181818 0.12294117647058823 0.034545454545454546
1 0.6941176470588235 0.5238636363636363 0.036470588235294116 0.03409090909090909
1 0.09647058823529411 0.3715909090909091 0.06941176470588235 0.03409090909090909
1 0.48264705882352943 0.7686363636363637 0.15235294117647058 0.034545454545454546
1 0.15529411764705883 0.9275 0.05176470588235294 0.03954545454545454
1 0.7741176470588236 0.5236363636363637 0.11176470588235295 0.03272727272727273
1 0.3285294117647059 0.9247727272727273 0.05823529411764706 0.03772727272727273
1 0.15735294117647058 0.860909090909091 0.05235294117647059 0.03727272727272727
1 0.09558823529411764 0.5286363636363637 0.07352941176470588 0.034545454545454546
1 0.616764705882353 0.6125 0.02411764705882353 0.035
1 0.24705882352941178 0.8602272727272727 0.05647058823529412 0.038636363636363635
1 0.24676470588235294 0.9277272727272727 0.054705882352941174 0.03727272727272727
1 0.35411764705882354 0.7720454545454546 0.10470588235294118 0.028636363636363637
1 0.7661764705882353 0.9259090909090909 0.060588235294117644 0.03727272727272727
1 0.27 0.04113636363636364 0.03882352941176471 0.02409090909090909
1 0.5405882352941176 0.7263636363636363 0.20588235294117646 0.035454545454545454
1 0.6594117647058824 0.45681818181818185 0.04941176470588235 0.03090909090909091
1 0.6526470588235294 0.3668181818181818 0.13470588235294118 0.035454545454545454
1 0.42411764705882354 0.8565909090909091 0.06 0.038636363636363635
1 0.5923529411764706 0.9252272727272727 0.05411764705882353 0.03681818181818182
1 0.41058823529411764 0.525 0.20470588235294118 0.038181818181818185
1 0.5926470588235294 0.5204545454545455 0.13941176470588235 0.03636363636363636
1 0.5908823529411765 0.8561363636363636 0.05588235294117647 0.038636363636363635
1 0.09970588235294117 0.5661363636363637 0.07235294117647059 0.035
1 0.6158823529411764 0.4565909090909091 0.02588235294117647 0.035
1 0.5591176470588235 0.03704545454545455 0.10294117647058823 0.022272727272727274
1 0.6317647058823529 0.40613636363636363 0.15411764705882353 0.038636363636363635
1 0.7985294117647059 0.4052272727272727 0.06411764705882353 0.035
1 0.5041176470588236 0.9265909090909091 0.0611764705882353 0.038636363636363635
1 0.8482352941176471 0.8563636363636363 0.05058823529411765 0.038181818181818185
1 0.675 0.8565909090909091 0.05588235294117647 0.03772727272727273
1 0.39029411764705885 0.4536363636363636 0.18176470588235294 0.04090909090909091
1 0.12794117647058822 0.7265909090909091 0.06764705882352941 0.03409090909090909
1 0.7502941176470588 0.3659090909090909 0.03588235294117647 0.034545454545454546
1 0.543235294117647 0.4536363636363636 0.10882352941176471 0.03727272727272727
1 0.5047058823529412 0.8575 0.05647058823529412 0.03954545454545454
1 0.8179411764705883 0.3675 0.08529411764705883 0.03227272727272727
1 0.5976470588235294 0.5636363636363636 0.1388235294117647 0.035454545454545454
1 0.10058823529411764 0.6093181818181819 0.07882352941176471 0.035
1 0.675 0.9263636363636364 0.05588235294117647 0.03636363636363636
1 0.34058823529411764 0.8593181818181819 0.06588235294117648 0.03772727272727273
1 0.6720588235294118 0.6095454545454545 0.07235294117647059 0.031818181818181815
1 0.7558823529411764 0.5613636363636364 0.09647058823529411 0.031818181818181815
1 0.1011764705882353 0.4147727272727273 0.06941176470588235 0.030454545454545453
1 0.7402941176470588 0.40295454545454545 0.039411764705882354 0.028636363636363637
1 0.6923529411764706 0.5625 0.03058823529411765 0.026818181818181817
1 0.13294117647058823 0.7702272727272728 0.06352941176470588 0.035