1 0.7638235294117647 0.8561363636363636 0.06647058823529411 0.04045454545454545
1 0.8464705882352941 0.9263636363636364 0.06352941176470588 0.04181818181818182
1 0.8729411764705882 0.5327272727272727 0.12117647058823529 0.03363636363636364
1 0.4188235294117647 0.9245454545454546 0.06823529411764706 0.04
1 0.8511764705882353 0.8577272727272728 0.06470588235294118 0.04090909090909091
1 0.36823529411764705 0.6156818181818182 0.13647058823529412 0.03590909090909091
1 0.3711764705882353 0.4511363636363636 0.1376470588235294 0.03772727272727273
1 0.4173529411764706 0.685 0.24176470588235294 0.03636363636363636
1 0.4173529411764706 0.7245454545454545 0.23470588235294118 0.038181818181818185
1 0.783235294117647 0.5390909090909091 0.039411764705882354 0.03090909090909091
1 0.4252941176470588 0.4115909090909091 0.23176470588235293 0.03318181818181818
1 0.08588235294117647 0.6788636363636363 0.06470588235294118 0.035
1 0.09176470588235294 0.44681818181818184 0.07529411764705882 0.035454545454545454
1 0.10088235294117646 0.3654545454545455 0.08294117647058824 0.035454545454545454
1 0.6270588235294118 0.7254545454545455 0.10588235294117647 0.035454545454545454
1 0.15470588235294117 0.9231818181818182 0.06235294117647059 0.04
1 0.8355882352941176 0.5752272727272727 0.11235294117647059 0.03590909090909091
1 0.33294117647058824 0.9240909090909091 0.07294117647058823 0.04090909090909091
1 0.16441176470588234 0.8531818181818182 0.07235294117647059 0.04454545454545455
1 0.69 0.6186363636363637 0.08823529411764706 0.03090909090909091
1 0.09911764705882353 0.5220454545454546 0.08294117647058824 0.03409090909090909
1 0.24235294117647058 0.9222727272727272 0.06588235294117648 0.04
1 0.38176470588235295 0.7731818181818182 0.16470588235294117 0.034545454545454546
1 0.7664705882352941 0.9263636363636364 0.07294117647058823 0.03909090909090909
1 0.5229411764705882 0.7715909090909091 0.08470588235294117 0.03227272727272727
1 0.6138235294117647 0.4113636363636364 0.10647058823529412 0.034545454545454546
1 0.5911764705882353 0.37522727272727274 0.09294117647058824 0.03409090909090909
1 0.41411764705882353 0.8570454545454546 0.05411764705882353 0.03954545454545454
1 0.5885294117647059 0.9238636363636363 0.060588235294117644 0.03954545454545454
1 0.42176470588235293 0.5279545454545455 0.23294117647058823 0.03318181818181818
1 0.6508823529411765 0.5331818181818182 0.18529411764705883 0.03636363636363636
1 0.5241176470588236 0.6163636363636363 0.12941176470588237 0.03363636363636364
1 0.41852941176470587 0.5659090909090909 0.24529411764705883 0.03363636363636364
1 0.5879411764705882 0.8561363636363636 0.05941176470588235 0.03954545454545454
1 0.09205882352941176 0.4031818181818182 0.07941176470588235 0.03636363636363636
1 0.09382352941176471 0.5604545454545454 0.07588235294117647 0.035454545454545454
1 0.6326470588235295 0.5722727272727273 0.15235294117647058 0.03636363636363636
1 0.7485294117647059 0.5734090909090909 0.028823529411764706 0.030454545454545453
1 0.5 0.9281818181818182 0.06941176470588235 0.03909090909090909
1 0.6694117647058824 0.855 0.05764705882352941 0.03909090909090909
1 0.07970588235294118 0.7672727272727272 0.05588235294117647 0.03636363636363636
1 0.49911764705882355 0.45227272727272727 0.06764705882352941 0.03363636363636364
1 0.6252941176470588 0.6822727272727273 0.0988235294117647 0.035454545454545454
1 0.07617647058823529 0.7245454545454545 0.06411764705882353 0.03363636363636364
1 0.5032352941176471 0.8570454545454546 0.057058823529411766 0.038636363636363635
1 0.6176470588235294 0.6206818181818182 0.027058823529411764 0.03227272727272727
1 0.4164705882352941 0.36772727272727274 0.2023529411764706 0.03727272727272727
1 0.09117647058823529 0.6038636363636364 0.07647058823529412 0.03590909090909091
1 0.6714705882352942 0.9238636363636363 0.0688235294117647 0.04045454545454545
1 0.32735294117647057 0.855 0.05941176470588235 0.04090909090909091
1 0.2447058823529412 0.8538636363636364 0.07882352941176471 0.049545454545454545
1 0.29676470588235293 0.035 0.04411764705882353 0.025454545454545455
1 0.5447058823529412 0.03977272727272727 0.08823529411764706 0.026818181818181817