1 0.7661764705882353 0.8556818181818182 0.07235294117647059 0.045
1 0.8558823529411764 0.9220454545454545 0.07647058823529412 0.04772727272727273
1 0.42058823529411765 0.9209090909090909 0.06235294117647059 0.038181818181818185
1 0.5420588235294118 0.5670454545454545 0.1288235294117647 0.035
1 0.3635294117647059 0.6054545454545455 0.11294117647058824 0.035454545454545454
1 0.6814705882352942 0.8538636363636364 0.061764705882352944 0.04409090909090909
1 0.4485294117647059 0.6790909090909091 0.28647058823529414 0.03363636363636364
1 0.4235294117647059 0.4097727272727273 0.2376470588235294 0.028636363636363637
1 0.10970588235294118 0.6752272727272727 0.0711764705882353 0.03590909090909091
1 0.38029411764705884 0.7211363636363637 0.15235294117647058 0.03681818181818182
1 0.7314705882352941 0.5338636363636363 0.028823529411764706 0.04318181818181818
1 0.11323529411764706 0.36477272727272725 0.07 0.03409090909090909
1 0.10529411764705883 0.44386363636363635 0.07058823529411765 0.03409090909090909
1 0.545 0.7245454545454545 0.15235294117647058 0.034545454545454546
1 0.16323529411764706 0.9188636363636363 0.06294117647058824 0.041363636363636366
1 0.8176470588235294 0.5284090909090909 0.11294117647058824 0.02772727272727273
1 0.3411764705882353 0.9197727272727273 0.06705882352941177 0.03954545454545454
1 0.1661764705882353 0.8513636363636363 0.06764705882352941 0.04090909090909091
1 0.7141176470588235 0.6818181818181818 0.2164705882352941 0.03636363636363636
1 0.41411764705882353 0.5213636363636364 0.20941176470588235 0.03272727272727273
1 0.11147058823529411 0.5188636363636364 0.07941176470588235 0.03409090909090909
1 0.25323529411764706 0.8547727272727272 0.0688235294117647 0.042272727272727274
1 0.6105882352941177 0.5236363636363637 0.16 0.03090909090909091
1 0.25029411764705883 0.9211363636363636 0.07 0.041363636363636366
1 0.3761764705882353 0.7677272727272727 0.14294117647058824 0.03090909090909091
1 0.7688235294117647 0.9263636363636364 0.0611764705882353 0.04909090909090909
1 0.5211764705882352 0.7638636363636364 0.13411764705882354 0.03590909090909091
1 0.6755882352941176 0.46386363636363637 0.026470588235294117 0.03409090909090909
1 0.6511764705882352 0.36704545454545456 0.16470588235294117 0.03681818181818182
1 0.595 0.45590909090909093 0.10882352941176471 0.028181818181818183
1 0.42264705882352943 0.8554545454545455 0.06764705882352941 0.042727272727272725
1 0.5952941176470589 0.9268181818181818 0.0611764705882353 0.045454545454545456
1 0.38323529411764706 0.5681818181818182 0.15705882352941178 0.03636363636363636
1 0.4688235294117647 0.6079545454545454 0.10352941176470588 0.03318181818181818
1 0.41411764705882353 0.45386363636363636 0.21176470588235294 0.026818181818181817
1 0.5973529411764706 0.8540909090909091 0.07235294117647059 0.04454545454545455
1 0.10676470588235294 0.4040909090909091 0.0711764705882353 0.03363636363636364
1 0.11058823529411765 0.5681818181818182 0.06705882352941177 0.034545454545454546
1 0.6061764705882353 0.41295454545454546 0.12529411764705883 0.029545454545454545
1 0.7411764705882353 0.4506818181818182 0.07411764705882352 0.031363636363636364
1 0.5085294117647059 0.9222727272727272 0.0711764705882353 0.04090909090909091
1 0.8514705882352941 0.8547727272727272 0.0711764705882353 0.041363636363636366
1 0.7670588235294118 0.37 0.041176470588235294 0.03272727272727273
1 0.10147058823529412 0.7622727272727273 0.061764705882352944 0.03363636363636364
1 0.10470588235294118 0.7209090909090909 0.06823529411764706 0.035454545454545454
1 0.5135294117647059 0.8536363636363636 0.07882352941176471 0.042727272727272725
1 0.8564705882352941 0.37068181818181817 0.11647058823529412 0.03590909090909091
1 0.5797058823529412 0.6081818181818182 0.054705882352941174 0.02909090909090909
1 0.4364705882352941 0.36477272727272725 0.25176470588235295 0.03772727272727273
1 0.10588235294117647 0.6056818181818182 0.0811764705882353 0.03590909090909091
1 0.6835294117647058 0.9220454545454545 0.08235294117647059 0.041363636363636366
1 0.3373529411764706 0.8545454545454545 0.06647058823529411 0.04
1 0.6747058823529412 0.57 0.07411764705882352 0.03090909090909091
1 0.5558823529411765 0.03568181818181818 0.09647058823529411 0.019545454545454546
1 0.2832352941176471 0.030227272727272728 0.033529411764705884 0.021363636363636362
1 0.3391176470588235 0.031136363636363636 0.07470588235294118 0.02590909090909091
1 0.6820588235294117 0.4134090909090909 0.022941176470588236 0.023181818181818182
1 0.7438235294117647 0.4147727272727273 0.09235294117647058 0.02409090909090909
1 0.6229411764705882 0.5740909090909091 0.021176470588235293 0.028181818181818183
1 0.5385294117647059 0.6168181818181818 0.025294117647058825 0.03090909090909091