1 0.3785294117647059 0.6890909090909091 0.1711764705882353 0.035454545454545454
1 0.7579411764705882 0.8620454545454546 0.0688235294117647 0.038636363636363635
1 0.8497058823529412 0.93 0.07235294117647059 0.03909090909090909
1 0.40647058823529414 0.9279545454545455 0.05529411764705883 0.03681818181818182
1 0.5647058823529412 0.5365909090909091 0.11647058823529412 0.03681818181818182
1 0.8402941176470589 0.8693181818181818 0.054705882352941174 0.03954545454545454
1 0.37323529411764705 0.6188636363636364 0.15588235294117647 0.035
1 0.40441176470588236 0.37272727272727274 0.20647058823529413 0.038181818181818185
1 0.6935294117647058 0.78 0.07176470588235294 0.03
1 0.4229411764705882 0.4127272727272727 0.25058823529411767 0.03909090909090909
1 0.41352941176470587 0.7322727272727273 0.22941176470588234 0.035454545454545454
1 0.74 0.5359090909090909 0.10823529411764705 0.031818181818181815
1 0.09058823529411765 0.6886363636363636 0.07058823529411765 0.035454545454545454
1 0.09441176470588235 0.3684090909090909 0.07941176470588235 0.03681818181818182
1 0.08911764705882352 0.455 0.06529411764705882 0.03727272727272727
1 0.538235294117647 0.7777272727272727 0.14823529411764705 0.03090909090909091
1 0.6285294117647059 0.7363636363636363 0.1864705882352941 0.031818181818181815
1 0.14735294117647058 0.9268181818181818 0.05588235294117647 0.038181818181818185
1 0.3247058823529412 0.9297727272727273 0.06235294117647059 0.03681818181818182
1 0.14470588235294118 0.8636363636363636 0.04823529411764706 0.04090909090909091
1 0.09382352941176471 0.5245454545454545 0.07588235294117647 0.034545454545454546
1 0.6514705882352941 0.6202272727272727 0.08058823529411764 0.029545454545454545
1 0.23205882352941176 0.8590909090909091 0.051176470588235295 0.03727272727272727
1 0.6594117647058824 0.5411363636363636 0.04352941176470588 0.03227272727272727
1 0.23058823529411765 0.9268181818181818 0.04941176470588235 0.038181818181818185
1 0.3761764705882353 0.7731818181818182 0.1535294117647059 0.034545454545454546
1 0.7623529411764706 0.9279545454545455 0.07294117647058823 0.038636363636363635
1 0.29411764705882354 0.03409090909090909 0.042352941176470586 0.022727272727272728
1 0.6494117647058824 0.41818181818181815 0.18352941176470589 0.03909090909090909
1 0.4097058823529412 0.86 0.05352941176470588 0.038181818181818185
1 0.5820588235294117 0.9313636363636364 0.05352941176470588 0.04
1 0.0888235294117647 0.5663636363636364 0.07294117647058823 0.035454545454545454
1 0.3891176470588235 0.5306818181818181 0.1888235294117647 0.04045454545454545
1 0.42323529411764704 0.5743181818181818 0.2570588235294118 0.03590909090909091
1 0.5873529411764706 0.8611363636363636 0.06411764705882353 0.04045454545454545
1 0.08794117647058823 0.4081818181818182 0.06647058823529411 0.03727272727272727
1 0.6547058823529411 0.5756818181818182 0.19176470588235295 0.035
1 0.5485294117647059 0.041363636363636366 0.07705882352941176 0.02181818181818182
1 0.7661764705882353 0.5763636363636364 0.026470588235294117 0.035454545454545454
1 0.7473529411764706 0.7363636363636363 0.031176470588235295 0.034545454545454546
1 0.4964705882352941 0.9272727272727272 0.05764705882352941 0.03909090909090909
1 0.8147058823529412 0.7390909090909091 0.0988235294117647 0.035454545454545454
1 0.6673529411764706 0.8704545454545455 0.05352941176470588 0.04727272727272727
1 0.596764705882353 0.3775 0.1323529411764706 0.030454545454545453
1 0.5385294117647059 0.6890909090909091 0.13 0.035454545454545454
1 0.3688235294117647 0.4643181818181818 0.1376470588235294 0.026818181818181817
1 0.08911764705882352 0.769090909090909 0.07352941176470588 0.035454545454545454
1 0.08911764705882352 0.7270454545454546 0.07235294117647059 0.03590909090909091
1 0.5044117647058823 0.4586363636363636 0.10529411764705883 0.03272727272727273
1 0.6352941176470588 0.7786363636363637 0.03411764705882353 0.03090909090909091
1 0.49970588235294117 0.8602272727272727 0.06294117647058824 0.03772727272727273
1 0.8708823529411764 0.5793181818181818 0.16176470588235295 0.03681818181818182
1 0.5823529411764706 0.6238636363636364 0.024705882352941175 0.031363636363636364
1 0.5094117647058823 0.6204545454545455 0.10352941176470588 0.03272727272727273
1 0.08470588235294117 0.6125 0.07294117647058823 0.03681818181818182
1 0.6647058823529411 0.9381818181818182 0.06 0.04909090909090909
1 0.3214705882352941 0.8593181818181819 0.04764705882352941 0.038636363636363635
1 0.7276470588235294 0.6952272727272727 0.08588235294117647 0.03318181818181818
1 0.6441176470588236 0.701590909090909 0.04941176470588235 0.03227272727272727