1 0.38794117647058823 0.6806818181818182 0.1923529411764706 0.029545454545454545
1 0.5458823529411765 0.6781818181818182 0.10823529411764705 0.035454545454545454
1 0.7605882352941177 0.8570454545454546 0.06941176470588235 0.038636363636363635
1 0.846764705882353 0.9252272727272727 0.0688235294117647 0.03954545454545454
1 0.5179411764705882 0.6106818181818182 0.06294117647058824 0.028636363636363637
1 0.4111764705882353 0.9213636363636364 0.058823529411764705 0.038181818181818185
1 0.4961764705882353 0.519090909090909 0.03470588235294118 0.03727272727272727
1 0.3738235294117647 0.6052272727272727 0.14058823529411765 0.035
1 0.6747058823529412 0.7647727272727273 0.06705882352941177 0.03318181818181818
1 0.39294117647058824 0.44681818181818184 0.1776470588235294 0.03636363636363636
1 0.41970588235294115 0.40545454545454546 0.23 0.02909090909090909
1 0.10529411764705883 0.6754545454545454 0.07764705882352942 0.03636363636363636
1 0.09117647058823529 0.44431818181818183 0.07411764705882352 0.03409090909090909
1 0.425 0.7229545454545454 0.24411764705882352 0.03227272727272727
1 0.6835294117647058 0.6790909090909091 0.07058823529411765 0.03272727272727273
1 0.09323529411764706 0.3609090909090909 0.08176470588235295 0.03727272727272727
1 0.6214705882352941 0.7647727272727273 0.03823529411764706 0.038636363636363635
1 0.15794117647058822 0.9195454545454546 0.061764705882352944 0.038181818181818185
1 0.7702941176470588 0.7268181818181818 0.0711764705882353 0.031818181818181815
1 0.32735294117647057 0.92 0.060588235294117644 0.038181818181818185
1 0.155 0.850909090909091 0.06411764705882353 0.03727272727272727
1 0.39705882352941174 0.5206818181818181 0.16 0.029545454545454545
1 0.0976470588235294 0.5154545454545455 0.07058823529411765 0.034545454545454546
1 0.6229411764705882 0.7290909090909091 0.14823529411764705 0.03090909090909091
1 0.24058823529411766 0.8527272727272728 0.058823529411764705 0.03727272727272727
1 0.6223529411764706 0.6811363636363637 0.02823529411764706 0.035
1 0.24294117647058824 0.9197727272727273 0.05529411764705883 0.03772727272727273
1 0.39029411764705885 0.7647727272727273 0.19 0.030454545454545453
1 0.758235294117647 0.923409090909091 0.06235294117647059 0.03772727272727273
1 0.2752941176470588 0.029772727272727274 0.03529411764705882 0.022272727272727274
1 0.6035294117647059 0.40386363636363637 0.13294117647058823 0.035
1 0.5547058823529412 0.36272727272727273 0.1011764705882353 0.035454545454545454
1 0.415 0.8529545454545454 0.0711764705882353 0.038636363636363635
1 0.5894117647058823 0.92 0.06941176470588235 0.038181818181818185
1 0.09441176470588235 0.5602272727272727 0.06764705882352941 0.03318181818181818
1 0.4164705882352941 0.5656818181818182 0.21294117647058824 0.030454545454545453
1 0.4652941176470588 0.6068181818181818 0.03294117647058824 0.035454545454545454
1 0.5844117647058824 0.8568181818181818 0.05823529411764706 0.04
1 0.09382352941176471 0.40045454545454545 0.07823529411764706 0.034545454545454546
1 0.5958823529411764 0.5620454545454545 0.08352941176470588 0.03318181818181818
1 0.5685294117647058 0.5188636363636364 0.08529411764705883 0.035
1 0.7188235294117648 0.7277272727272728 0.03529411764705882 0.03090909090909091
1 0.4961764705882353 0.9211363636363636 0.05823529411764706 0.03954545454545454
1 0.8438235294117648 0.8554545454545455 0.057058823529411766 0.03727272727272727
1 0.6755882352941176 0.8547727272727272 0.05823529411764706 0.03681818181818182
1 0.09911764705882353 0.7586363636363637 0.08176470588235295 0.034545454545454546
1 0.10676470588235294 0.7184090909090909 0.09117647058823529 0.03590909090909091
1 0.5261764705882352 0.4475 0.08294117647058824 0.03318181818181818
1 0.5005882352941177 0.8538636363636364 0.0611764705882353 0.038636363636363635
1 0.5438235294117647 0.5629545454545455 0.02411764705882353 0.035
1 0.41294117647058826 0.36272727272727273 0.20352941176470588 0.03272727272727273
1 0.09441176470588235 0.6031818181818182 0.0688235294117647 0.03363636363636364
1 0.6717647058823529 0.9206818181818182 0.06235294117647059 0.038636363636363635
1 0.3247058823529412 0.8522727272727273 0.06235294117647059 0.038181818181818185
1 0.32941176470588235 0.031136363636363636 0.07882352941176471 0.020454545454545454
1 0.5520588235294117 0.03409090909090909 0.09235294117647058 0.03090909090909091
1 0.5467647058823529 0.7697727272727273 0.11705882352941177 0.02772727272727273