1 0.45235294117647057 0.6802272727272727 0.24352941176470588 0.038636363636363635
1 0.7670588235294118 0.8588636363636364 0.06 0.03954545454545454
1 0.8514705882352941 0.9286363636363636 0.061764705882352944 0.038181818181818185
1 0.415 0.9252272727272727 0.04411764705882353 0.03590909090909091
1 0.8570588235294118 0.8588636363636364 0.07294117647058823 0.042272727272727274
1 0.36411764705882355 0.6111363636363636 0.10705882352941176 0.03409090909090909
1 0.6961764705882353 0.7686363636363637 0.033529411764705884 0.034545454545454546
1 0.3861764705882353 0.4465909090909091 0.1476470588235294 0.03772727272727273
1 0.6617647058823529 0.6793181818181818 0.1588235294117647 0.03772727272727273
1 0.44676470588235295 0.7306818181818182 0.2723529411764706 0.038636363636363635
1 0.4167647058823529 0.40704545454545454 0.20176470588235293 0.03681818181818182
1 0.11029411764705882 0.6765909090909091 0.07941176470588235 0.03409090909090909
1 0.1126470588235294 0.36522727272727273 0.09705882352941177 0.03590909090909091
1 0.11029411764705882 0.44636363636363635 0.09117647058823529 0.03727272727272727
1 0.15705882352941178 0.9222727272727272 0.05411764705882353 0.038181818181818185
1 0.33441176470588235 0.9238636363636363 0.054705882352941174 0.03590909090909091
1 0.16058823529411764 0.8511363636363637 0.05764705882352941 0.04045454545454545
1 0.5947058823529412 0.44727272727272727 0.03058823529411765 0.034545454545454546
1 0.4088235294117647 0.5202272727272728 0.15058823529411763 0.03772727272727273
1 0.11176470588235295 0.5261363636363636 0.07647058823529412 0.03590909090909091
1 0.6911764705882353 0.7263636363636363 0.19647058823529412 0.035454545454545454
1 0.24911764705882353 0.8563636363636363 0.054705882352941174 0.04
1 0.23970588235294119 0.9227272727272727 0.04176470588235294 0.03090909090909091
1 0.4002941176470588 0.7668181818181818 0.17823529411764705 0.035454545454545454
1 0.7576470588235295 0.9270454545454545 0.05764705882352941 0.03772727272727273
1 0.3073529411764706 0.035 0.04411764705882353 0.026363636363636363
1 0.595 0.7663636363636364 0.17588235294117646 0.035454545454545454
1 0.663235294117647 0.4490909090909091 0.09117647058823529 0.03363636363636364
1 0.6508823529411765 0.3729545454545454 0.03588235294117647 0.031363636363636364
1 0.4288235294117647 0.8568181818181818 0.06705882352941177 0.03909090909090909
1 0.10617647058823529 0.5686363636363636 0.07470588235294118 0.03636363636363636
1 0.37823529411764706 0.5654545454545454 0.11058823529411765 0.03636363636363636
1 0.5188235294117647 0.6136363636363636 0.17058823529411765 0.035454545454545454
1 0.5961764705882353 0.8575 0.0711764705882353 0.04045454545454545
1 0.11058823529411765 0.4072727272727273 0.09411764705882353 0.03727272727272727
1 0.6223529411764706 0.5186363636363637 0.24352941176470588 0.038181818181818185
1 0.5794117647058824 0.03931818181818182 0.12117647058823529 0.022272727272727274
1 0.6097058823529412 0.4097727272727273 0.16176470588235295 0.03681818181818182
1 0.7720588235294118 0.4088636363636364 0.10294117647058823 0.035
1 0.7655882352941177 0.7661363636363636 0.08647058823529412 0.03227272727272727
1 0.5032352941176471 0.9240909090909091 0.05352941176470588 0.038181818181818185
1 0.8285294117647058 0.6859090909090909 0.07705882352941176 0.03363636363636364
1 0.6841176470588235 0.8577272727272728 0.06588235294117648 0.038181818181818185
1 0.5720588235294117 0.36863636363636365 0.1111764705882353 0.035454545454545454
1 0.8711764705882353 0.7254545454545455 0.10823529411764705 0.03727272727272727
1 0.11441176470588235 0.7631818181818182 0.07352941176470588 0.03363636363636364
1 0.12058823529411765 0.7195454545454546 0.0811764705882353 0.034545454545454546
1 0.7182352941176471 0.37136363636363634 0.08941176470588236 0.031818181818181815
1 0.5205882352941177 0.44795454545454544 0.10823529411764705 0.03590909090909091
1 0.5088235294117647 0.8561363636363636 0.06705882352941177 0.04045454545454545
1 0.7044117647058824 0.41045454545454546 0.025294117647058825 0.03636363636363636
1 0.4152941176470588 0.3663636363636364 0.1952941176470588 0.03727272727272727
1 0.10970588235294118 0.6075 0.07 0.03681818181818182
1 0.6779411764705883 0.9256818181818182 0.060588235294117644 0.03772727272727273
1 0.3402941176470588 0.8568181818181818 0.05941176470588235 0.03909090909090909
1 0.7638235294117647 0.6845454545454546 0.03705882352941176 0.034545454545454546
1 0.5258823529411765 0.5663636363636364 0.17647058823529413 0.031818181818181815
1 0.8085294117647058 0.7247727272727272 0.03235294117647059 0.03590909090909091
1 0.5926470588235294 0.9263636363636364 0.05352941176470588 0.028181818181818183