1 0.5738235294117647 0.6181818181818182 0.14294117647058824 0.022727272727272728
1 0.8205882352941176 0.7302272727272727 0.11411764705882353 0.03409090909090909
1 0.4788235294117647 0.40454545454545454 0.3352941176470588 0.038181818181818185
1 0.3947058823529412 0.44931818181818184 0.16823529411764707 0.030454545454545453
1 0.4 0.6143181818181818 0.20470588235294118 0.02590909090909091
1 0.3179411764705882 0.027954545454545454 0.04647058823529412 0.02772727272727273
1 0.7838235294117647 0.5768181818181818 0.03235294117647059 0.026363636363636363
1 0.09117647058823529 0.7152272727272727 0.07764705882352942 0.035
1 0.09558823529411764 0.3588636363636364 0.07941176470588235 0.035
1 0.6502941176470588 0.7261363636363637 0.1688235294117647 0.035
1 0.851764705882353 0.5759090909090909 0.0976470588235294 0.03
1 0.09323529411764706 0.4022727272727273 0.07588235294117647 0.035454545454545454
1 0.40088235294117647 0.7736363636363637 0.2088235294117647 0.031818181818181815
1 0.6867647058823529 0.5761363636363637 0.1676470588235294 0.02590909090909091
1 0.7567647058823529 0.7779545454545455 0.11 0.03318181818181818
1 0.08588235294117647 0.6061363636363636 0.06823529411764706 0.03318181818181818
1 0.4461764705882353 0.5720454545454545 0.29352941176470587 0.031363636363636364
1 0.5835294117647059 0.7777272727272727 0.1376470588235294 0.034545454545454546
1 0.09470588235294118 0.5622727272727273 0.0811764705882353 0.03363636363636364
1 0.6605882352941177 0.44977272727272727 0.06 0.029545454545454545
1 0.7535294117647059 0.7297727272727272 0.03411764705882353 0.03318181818181818
1 0.09352941176470589 0.7659090909090909 0.07764705882352942 0.035454545454545454
1 0.7332352941176471 0.41363636363636364 0.1652941176470588 0.022727272727272728
1 0.5379411764705883 0.4475 0.10176470588235294 0.03318181818181818
1 0.8823529411764706 0.4152272727272727 0.08235294117647059 0.02590909090909091
1 0.6591176470588235 0.6243181818181818 0.027647058823529413 0.02772727272727273
1 0.09147058823529412 0.4456818181818182 0.07470588235294118 0.035
1 0.4320588235294118 0.7270454545454546 0.27 0.02409090909090909
1 0.7164705882352941 0.6134090909090909 0.08470588235294117 0.03318181818181818
1 0.5726470588235294 0.035 0.12529411764705883 0.02
1 0.6132352941176471 0.45340909090909093 0.028823529411764706 0.03227272727272727
1 0.83 0.4115909090909091 0.02588235294117647 0.029545454545454545
1 0.6761764705882353 0.7861363636363636 0.03823529411764706 0.028636363636363637