1 0.3982352941176471 0.4036363636363636 0.20705882352941177 0.03636363636363636
1 0.7647058823529411 0.855909090909091 0.06470588235294118 0.035454545454545454
1 0.846764705882353 0.9261363636363636 0.060588235294117644 0.03681818181818182
1 0.40852941176470586 0.9270454545454545 0.05941176470588235 0.03681818181818182
1 0.09147058823529412 0.5238636363636363 0.06529411764705882 0.03227272727272727
1 0.8473529411764706 0.8575 0.06294117647058824 0.03681818181818182
1 0.6679411764705883 0.8552272727272727 0.057058823529411766 0.038636363636363635
1 0.3841176470588235 0.7181818181818181 0.18235294117647058 0.035454545454545454
1 0.08470588235294117 0.6834090909090909 0.06235294117647059 0.03409090909090909
1 0.7091176470588235 0.5588636363636363 0.07588235294117647 0.031363636363636364
1 0.10235294117647059 0.4495454545454545 0.06705882352941177 0.035454545454545454
1 0.5688235294117647 0.6786363636363636 0.15176470588235294 0.031818181818181815
1 0.14911764705882352 0.9222727272727272 0.05235294117647059 0.03909090909090909
1 0.3211764705882353 0.9272727272727272 0.06 0.03636363636363636
1 0.15058823529411763 0.8570454545454546 0.05529411764705883 0.03590909090909091
1 0.3938235294117647 0.5606818181818182 0.1864705882352941 0.03681818181818182
1 0.23705882352941177 0.8581818181818182 0.05411764705882353 0.03727272727272727
1 0.23705882352941177 0.9243181818181818 0.05058823529411765 0.035
1 0.7552941176470588 0.928409090909091 0.05411764705882353 0.03681818181818182
1 0.10088235294117646 0.36727272727272725 0.06764705882352941 0.035454545454545454
1 0.5688235294117647 0.7127272727272728 0.1623529411764706 0.02909090909090909
1 0.5961764705882353 0.3709090909090909 0.12176470588235294 0.03272727272727273
1 0.4026470588235294 0.3665909090909091 0.21588235294117647 0.03409090909090909
1 0.4097058823529412 0.8579545454545454 0.05823529411764706 0.03681818181818182
1 0.5779411764705882 0.9275 0.05235294117647059 0.03681818181818182
1 0.3897058823529412 0.6763636363636364 0.17823529411764705 0.03363636363636364
1 0.5876470588235294 0.8565909090909091 0.052941176470588235 0.03681818181818182
1 0.10558823529411765 0.4047727272727273 0.07352941176470588 0.03590909090909091
1 0.09264705882352942 0.5693181818181818 0.06294117647058824 0.03318181818181818
1 0.5708823529411765 0.5604545454545454 0.1676470588235294 0.031818181818181815
1 0.5494117647058824 0.03931818181818182 0.08235294117647059 0.02409090909090909
1 0.5776470588235294 0.3993181818181818 0.12705882352941175 0.03409090909090909
1 0.4979411764705882 0.9263636363636364 0.05941176470588235 0.03727272727272727
1 0.37558823529411767 0.4459090909090909 0.16411764705882353 0.03272727272727273
1 0.09676470588235295 0.7654545454545455 0.06411764705882353 0.03363636363636364
1 0.09470588235294118 0.7227272727272728 0.06470588235294118 0.034545454545454546
1 0.505 0.8575 0.05588235294117647 0.03590909090909091
1 0.6520588235294118 0.5193181818181818 0.07941176470588235 0.02590909090909091
1 0.3588235294117647 0.7622727272727273 0.13411764705882354 0.03090909090909091
1 0.09352941176470589 0.6084090909090909 0.06470588235294118 0.035
1 0.6691176470588235 0.9272727272727272 0.05823529411764706 0.03636363636363636
1 0.3241176470588235 0.8577272727272728 0.052941176470588235 0.035454545454545454
1 0.5044117647058823 0.7627272727272727 0.13 0.03363636363636364
1 0.365 0.6013636363636363 0.14411764705882352 0.026363636363636363
1 0.5108823529411765 0.6004545454545455 0.11588235294117646 0.026363636363636363
1 0.6038235294117648 0.5997727272727272 0.06411764705882353 0.030454545454545453
1 0.3870588235294118 0.52 0.18823529411764706 0.026363636363636363
1 0.5426470588235294 0.5175 0.12529411764705883 0.02590909090909091
1 0.27176470588235296 0.03409090909090909 0.036470588235294116 0.028181818181818183
1 0.5279411764705882 0.44295454545454543 0.09588235294117647 0.03227272727272727
1 0.6038235294117648 0.44136363636363635 0.04411764705882353 0.03090909090909091
1 0.6758823529411765 0.39886363636363636 0.047058823529411764 0.026818181818181817
1 0.6988235294117647 0.36727272727272725 0.07411764705882352 0.03090909090909091