1 0.4138235294117647 0.5638636363636363 0.21823529411764706 0.03590909090909091
1 0.586764705882353 0.6052272727272727 0.13823529411764707 0.03409090909090909
1 0.7332352941176471 0.7686363636363637 0.11470588235294117 0.035454545454545454
1 0.7276470588235294 0.7188636363636364 0.03058823529411765 0.03590909090909091
1 0.3997058823529412 0.6056818181818182 0.20176470588235293 0.03590909090909091
1 0.7964705882352942 0.5625 0.13294117647058823 0.03681818181818182
1 0.3664705882352941 0.40295454545454545 0.12588235294117647 0.03681818181818182
1 0.09735294117647059 0.7161363636363637 0.09235294117647058 0.03681818181818182
1 0.08676470588235294 0.44295454545454543 0.06764705882352941 0.035
1 0.10176470588235294 0.5634090909090909 0.0811764705882353 0.03409090909090909
1 0.6820588235294117 0.6095454545454545 0.027647058823529413 0.034545454545454546
1 0.38676470588235295 0.7647727272727273 0.18411764705882352 0.03681818181818182
1 0.3029411764705882 0.026590909090909092 0.03882352941176471 0.026818181818181817
1 0.5535294117647059 0.7663636363636364 0.12588235294117647 0.03636363636363636
1 0.4088235294117647 0.7172727272727273 0.22470588235294117 0.03727272727272727
1 0.45676470588235296 0.4486363636363636 0.09705882352941177 0.034545454545454546
1 0.09058823529411765 0.4009090909090909 0.06705882352941177 0.035454545454545454
1 0.76 0.6072727272727273 0.10823529411764705 0.03272727272727273
1 0.8379411764705882 0.7225 0.16647058823529412 0.03681818181818182
1 0.35058823529411764 0.4475 0.10588235294117647 0.03590909090909091
1 0.10029411764705883 0.7638636363636364 0.09352941176470589 0.03681818181818182
1 0.49529411764705883 0.4036363636363636 0.10941176470588235 0.035454545454545454
1 0.6173529411764705 0.7215909090909091 0.17823529411764705 0.029545454545454545
1 0.7176470588235294 0.5613636363636364 0.03294117647058824 0.03636363636363636
1 0.616764705882353 0.5613636363636364 0.16058823529411764 0.03727272727272727
1 0.09323529411764706 0.6034090909090909 0.07823529411764706 0.03409090909090909
1 0.6488235294117647 0.7688636363636364 0.03176470588235294 0.03681818181818182
1 0.5476470588235294 0.03159090909090909 0.1011764705882353 0.03227272727272727